0.0    0.323678208228
0.125    0.32438990928
0.25    0.324244139185
0.375    0.32709094339
0.5    0.317495841265
0.625    0.317607312514
0.75    0.318730599715
0.875    0.31875632385
1.0    0.323832553035
1.125    0.323832553035
1.25    0.323446691019
1.375    0.323446691019
1.5    0.326910874449
1.625    0.326910874449
1.75    0.326910874449
1.875    0.326910874449
2.0    0.328239954726
2.125    0.328239954726
2.25    0.328188506457
2.375    0.328188506457
2.5    0.326576460702
2.625    0.326576460702
2.75    0.326576460702
2.875    0.326576460702
3.0    0.326525012433
3.125    0.326525012433
3.25    0.326525012433
3.375    0.326525012433
3.5    0.324552828797
3.625    0.324552828797
3.75    0.324552828797
3.875    0.324552828797
4.0    0.323823978323
4.125    0.323823978323
4.25    0.323823978323
4.375    0.323823978323
4.5    0.328497196069
4.625    0.328497196069
4.75    0.328497196069
4.875    0.328497196069
5.0    0.325573219461
5.125    0.325573219461
5.25    0.32362675996
5.375    0.323661058805
5.5    0.326782253777
5.625    0.326782253777
5.75    0.326782253777
5.875    0.326782253777
6.0    0.327228138773
6.125    0.327228138773
6.25    0.327228138773
6.375    0.327228138773
6.5    0.324527104663
6.625    0.326027679169
6.75    0.326027679169
6.875    0.326027679169
7.0    0.32650786301
7.125    0.326156299841
7.25    0.326156299841
7.375    0.324741472449
7.5    0.324381334568
7.625    0.324381334568
7.75    0.324381334568
7.875    0.324329886299
8.0    0.325427449366
8.125    0.325427449366
8.25    0.325427449366
8.375    0.325427449366
8.5    0.325521771192
8.625    0.325521771192
8.75    0.325521771192
8.875    0.325521771192
9.0    0.325453173501
9.125    0.325453173501
9.25    0.325453173501
9.375    0.325453173501
9.5    0.326825127334
9.625    0.326825127334
9.75    0.325813311382
9.875    0.325813311382
10.0    0.326242046955
10.125    0.326242046955
10.25    0.326242046955
10.375    0.326242046955
10.5    0.326122000995
10.625    0.326224897532
10.75    0.326224897532
10.875    0.326224897532
11.0    0.334799608993
11.125    0.3319613795
11.25    0.3319613795
11.375    0.329045977603
11.5    0.320111128261
11.625    0.321174392482
11.75    0.321174392482
11.875    0.320668484506
12.0    0.325881909074
12.125    0.325881909074
12.25    0.325881909074
12.375    0.325881909074
12.5    0.325830460805
12.625    0.325941932054
12.75    0.325941932054
12.875    0.325941932054
13.0    0.320659909794
13.125    0.320625610948
13.25    0.320625610948
13.375    0.320625610948
13.5    0.326044828592
13.625    0.326044828592
13.75    0.326044828592
13.875    0.326190598686
14.0    0.321174392482
14.125    0.321174392482
14.25    0.321174392482
14.375    0.321174392482
14.5    0.327725472038
14.625    0.327725472038
14.75    0.327725472038
14.875    0.327725472038
15.0    0.327536828386
15.125    0.327005196275
15.25    0.327005196275
15.375    0.327005196275
15.5    0.327159541081
15.625    0.327159541081
15.75    0.327159541081
15.875    0.327159541081
16.0    0.321543105075
16.125    0.321543105075
16.25    0.321543105075
16.375    0.321543105075
16.5    0.320822829312
16.625    0.320822829312
16.75    0.320822829312
16.875    0.320822829312
17.0    0.320316921336
17.125    0.320316921336
17.25    0.320316921336
17.375    0.320316921336
17.5    0.320891427003
17.625    0.320891427003
17.75    0.320891427003
17.875    0.320891427003
18.0    0.328394299532
18.125    0.327605426077
18.25    0.326713656085
18.375    0.326713656085
18.5    0.328222805303
18.625    0.328214230591
18.75    0.328214230591
18.875    0.328214230591
19.0    0.327193839927
19.125    0.327193839927
19.25    0.327193839927
19.375    0.327202414639
19.5    0.327553977809
19.625    0.326945173295
19.75    0.326945173295
19.875    0.326945173295
20.0    0.321628852189
20.125    0.321628852189
20.25    0.321628852189
20.375    0.321628852189
20.5    0.321320162577
20.625    0.321320162577
20.75    0.321320162577
20.875    0.321320162577
21.0    0.322246231414
21.125    0.322246231414
21.25    0.322246231414
21.375    0.322246231414
21.5    0.322143334877
21.625    0.322143334877
21.75    0.323386668039
21.875    0.323258047367
22.0    0.321860369399
22.125    0.321860369399
22.25    0.321860369399
22.375    0.321903242956
22.5    0.320042530569
22.625    0.320042530569
22.75    0.320042530569
22.875    0.320042530569
23.0    0.328342851263
23.125    0.328342851263
23.25    0.328342851263
23.375    0.328342851263
23.5    0.327485380117
23.625    0.327485380117
23.75    0.327485380117
23.875    0.327485380117
24.0    0.320591312102
24.125    0.320591312102
24.25    0.320591312102
24.375    0.320591312102
24.5    0.323283771501
24.625    0.323309495635
24.75    0.323309495635
24.875    0.323309495635
25.0    0.328745862702
25.125    0.328745862702
25.25    0.328745862702
25.375    0.328745862702
25.5    0.323926874861
25.625    0.323926874861
25.75    0.323515288711
25.875    0.323515288711
26.0    0.322237656703
26.125    0.322237656703
26.25    0.322237656703
26.375    0.322237656703
26.5    0.323755380631
26.625    0.323163725541
26.75    0.323163725541
26.875    0.323163725541
27.0    0.323120851983
27.125    0.323215173809
27.25    0.322503472758
27.375    0.322503472758
27.5    0.322554921027
27.625    0.322554921027
27.75    0.322554921027
27.875    0.322554921027
28.0    0.320539863834
28.125    0.320505564988
28.25    0.320505564988
28.375    0.320505564988
28.5    0.322460599201
28.625    0.322460599201
28.75    0.322460599201
28.875    0.322460599201
29.0    0.323446691019
29.125    0.323446691019
29.25    0.323446691019
29.375    0.323446691019
29.5    0.323412392173
29.625    0.323412392173
29.75    0.323386668039
29.875    0.323386668039
30.0    0.319733840956
30.125    0.319733840956
30.25    0.319733840956
30.375    0.320093978838
30.5    0.320248323644
30.625    0.320248323644
30.75    0.320334070759
30.875    0.320334070759
31.0    0.320857128158
31.125    0.320857128158
31.25    0.320917151138
31.375    0.320874277581
31.5    0.320539863834
31.625    0.320539863834
31.75    0.320539863834
31.875    0.320539863834
32.0    0.320737082197
32.125    0.320737082197
32.25    0.320737082197
32.375    0.320737082197
32.5    0.323858277169
32.625    0.323858277169
32.75    0.323798254189
32.875    0.323798254189
33.0    0.324347035722
33.125    0.324201265627
33.25    0.324201265627
33.375    0.324124093224
33.5    0.324621426489
33.625    0.324621426489
33.75    0.324621426489
33.875    0.324758621872
34.0    0.322057587762
34.125    0.322057587762
34.25    0.322057587762
34.375    0.322057587762
34.5    0.323918300149
34.625    0.323918300149
34.75    0.323918300149
34.875    0.323918300149
35.0    0.321646001612
35.125    0.321646001612
35.25    0.321646001612
35.375    0.31887636981
35.5    0.324535679374
35.625    0.324535679374
35.75    0.324535679374
35.875    0.325058736774
36.0    0.318301864142
36.125    0.318842070964
36.25    0.318842070964
36.375    0.318902093945
36.5    0.321037197098
36.625    0.321037197098
36.75    0.321740323438
36.875    0.321740323438
37.0    0.321551679786
37.125    0.321551679786
37.25    0.321551679786
37.375    0.321551679786
37.5    0.319082162885
37.625    0.319082162885
37.75    0.319082162885
37.875    0.319082162885
38.0    0.319750990379
38.125    0.319716691533
38.25    0.319716691533
38.375    0.319716691533
38.5    0.322306254395
38.625    0.322306254395
38.75    0.322109036031
38.875    0.322109036031
39.0    0.319819588071
39.125    0.319845312205
39.25    0.319845312205
39.375    0.319836737494
39.5    0.31916791
39.625    0.31916791
39.75    0.31916791
39.875    0.320274047778
40.0    0.322460599201
40.125    0.322460599201
40.25    0.322460599201
40.375    0.321920392379
40.5    0.320008231723
40.625    0.320042530569
40.75    0.320042530569
40.875    0.320042530569
41.0    0.323412392173
41.125    0.323429541596
41.25    0.323523863422
41.375    0.323523863422
41.5    0.32421841505
41.625    0.315738025415
41.75    0.315738025415
41.875    0.315738025415
42.0    0.320625610948
42.125    0.32075423162
42.25    0.3208142546
42.375    0.3208142546
42.5    0.320488415565
42.625    0.320488415565
42.75    0.320488415565
42.875    0.320488415565
43.0    0.32362675996
43.125    0.32362675996
43.25    0.32362675996
43.375    0.32362675996
43.5    0.318996415771
43.625    0.318996415771
43.75    0.318996415771
43.875    0.318996415771
44.0    0.322469173912
44.125    0.32234055324
44.25    0.322143334877
44.375    0.320248323644
44.5    0.321628852189
44.625    0.321551679786
44.75    0.324089794378
44.875    0.32556464475
45.0    0.317624461937
45.125    0.317624461937
45.25    0.317624461937
45.375    0.317624461937
45.5    0.320522714411
45.625    0.320522714411
45.75    0.320599886814
45.875    0.320599886814
46.0    0.323300920924
46.125    0.322469173912
46.25    0.322494898047
46.375    0.322717840545
46.5    0.321148668347
46.625    0.321148668347
46.75    0.321088645367
46.875    0.321208691328
47.0    0.32180892113
47.125    0.32174889815
47.25    0.3208142546
47.375    0.321088645367
47.5    0.316106738008
47.625    0.316106738008
47.75    0.316201059834
47.875    0.316201059834
48.0    0.321551679786
48.125    0.322614944007
48.25    0.32157740392
48.375    0.321611702766
48.5    0.326362092916
48.625    0.326199173398
48.75    0.326353518204
48.875    0.326319219358
49.0    0.322083311897
49.125    0.322083311897
49.25    0.328548644338
49.375    0.319185059423
49.5    0.324612851778
49.625    0.324612851778
49.75    0.324707173604
49.875    0.323138001406
50.0    0.324184116205
50.125    0.322777863525
50.25    0.322777863525
50.375    0.323009380734
50.5    0.323369518616
50.625    0.323823978323
50.75    0.323952598995
50.875    0.323832553035
51.0    0.325110185042
51.125    0.325110185042
51.25    0.324578552932
51.375    0.325230231003
51.5    0.325513196481
51.625    0.325281679271
51.75    0.32228053026
51.875    0.322606369296
52.0    0.324904391967
52.125    0.324132667936
52.25    0.326945173295
52.375    0.325727564267
52.5    0.326147725129
52.625    0.326147725129
52.75    0.325307403406
52.875    0.325530345904
53.0    0.325530345904
53.125    0.326010529746
53.25    0.325530345904
53.375    0.325530345904
53.5    0.322957932466
53.625    0.322529196893
53.75    0.323309495635
53.875    0.323300920924
54.0    0.324115518513
54.125    0.324175541493
54.25    0.324681449469
54.375    0.324741472449
54.5    0.321234415462
54.625    0.321354461422
54.75    0.321405909691
54.875    0.321337311999
55.0    0.32110579479
55.125    0.321097220079
55.25    0.321191541905
55.375    0.32304367958
55.5    0.330040644132
55.625    0.32791411569
55.75    0.329809126923
55.875    0.330537977397
56.0    0.329286069524
56.125    0.32339524275
56.25    0.317795956166
56.375    0.317967450395
56.5    0.329689080962
56.625    0.32908885116
56.75    0.329080276449
56.875    0.329080276449
57.0    0.326713656086
57.125    0.329474713176
57.25    0.329534736156
57.375    0.329834851057
57.5    0.327536828386
57.625    0.327545403097
57.75    0.327545403097
57.875    0.327545403097
58.0    0.323935449572
58.125    0.323935449572
58.25    0.323892576015
58.375    0.324252713896
58.5    0.329277494812
58.625    0.329337517793
58.75    0.329208897121
58.875    0.329071701737
59.0    0.330838092298
59.125    0.330640873935
59.25    0.325238805714
59.375    0.324887242544
59.5    0.320514139699
59.625    0.320831404023
59.75    0.321251564885
59.875    0.321766047572
60.0    0.316166760988
60.125    0.316398278198
60.25    0.316612645984
60.375    0.317109979249
60.5    0.326370667627
60.625    0.326645058394
60.75    0.327305311176
60.875    0.32703092041
61.0    0.313731542934
61.125    0.313731542934
61.25    0.313731542934
61.375    0.325616093018
61.5    0.330194988939
61.625    0.329243195966
61.75    0.330640873935
61.875    0.329860575192
62.0    0.32562466773
62.125    0.319622369707
62.25    0.31969954211
62.375    0.319459450189
62.5    0.320265473067
62.625    0.320171151241
62.75    0.320479840853
62.875    0.320102553549
63.0    0.321465932671
63.125    0.321791771707
63.25    0.32192896709
63.375    0.321774622284
63.5    0.319776714514
63.625    0.319776714514
63.75    0.31693848502
63.875    0.325573219461
64.0    0.320608461525
64.125    0.320479840853
64.25    0.320659909794
64.375    0.321328737288
64.5    0.324527104663
64.625    0.324527104663
64.75    0.315746600127
64.875    0.316732691945
65.0    0.319708116822
65.125    0.319553772016
65.25    0.319347978941
65.375    0.319202208846
65.5    0.318361887123
65.625    0.318499082506
65.75    0.320591312102
65.875    0.321294438442
66.0    0.317067105692
66.125    0.317067105692
66.25    0.319785289225
66.375    0.319133611154
66.5    0.319742415668
66.625    0.317238599921
66.75    0.314348922159
66.875    0.314666186483
67.0    0.316501174735
67.125    0.314083106103
67.25    0.310233060658
67.375    0.313148462554
67.5    0.320960024695
67.625    0.320488415565
67.75    0.320788530466
67.875    0.327768345595
68.0    0.332475862187
68.125    0.326687931951
68.25    0.326816552623
68.375    0.320488415565
68.5    0.32703092041
68.625    0.324895817256
68.75    0.324827219564
68.875    0.324750047161
69.0    0.310490302001
69.125    0.313191336112
69.25    0.313191336112
69.375    0.324887242544
69.5    0.315660853012
69.625    0.316141036854
69.75    0.316226783969
69.875    0.316089588585
70.0    0.313311382072
70.125    0.312522508618
70.25    0.312573956886
70.375    0.312668278712
70.5    0.314348922159
70.625    0.320316921336
70.75    0.320316921336
70.875    0.321148668347
71.0    0.315395036957
71.125    0.315343588688
71.25    0.315283565708
71.375    0.313568623416
71.5    0.316509749447
71.625    0.315918094356
71.75    0.313517175147
71.875    0.313782991202
72.0    0.318739174427
72.125    0.318782047984
72.25    0.315772324261
72.375    0.315892370222
72.5    0.318687726158
72.625    0.318979266348
72.75    0.318944967502
72.875    0.31910788702
73.0    0.315780898973
73.125    0.315617979455
73.25    0.315617979455
73.375    0.312882646499
73.5    0.31083329046
73.625    0.31083329046
73.75    0.311107681227
73.875    0.311150554784
74.0    0.317084255115
74.125    0.316947059731
74.25    0.316929910309
74.375    0.316389703486
74.5    0.314160278507
74.625    0.313688669376
74.75    0.314597588791
74.875    0.314408945139
75.0    0.316338255218
75.125    0.316338255218
75.25    0.318156094047
75.375    0.315832347241
75.5    0.324818644853
75.625    0.324870093121
75.75    0.325607518307
75.875    0.318662002024
76.0    0.314992025518
76.125    0.317024232135
76.25    0.317170002229
76.375    0.31741009415
76.5    0.31025021008
76.625    0.31025021008
76.75    0.310661796231
76.875    0.311176278918
77.0    0.319562346727
77.125    0.319562346727
77.25    0.310790416902
77.375    0.319588070861
77.5    0.31652689887
77.625    0.31652689887
77.75    0.317178576941
77.875    0.316604071273
78.0    0.314014508412
78.125    0.314014508412
78.25    0.313817290048
78.375    0.313577198127
78.5    0.313782991202
78.625    0.31353432457
78.75    0.313671519953
78.875    0.313680094665
79.0    0.314314623313
79.125    0.314314623313
79.25    0.314117404949
79.375    0.314117404949
79.5    0.313714393511
79.625    0.313714393511
79.75    0.313714393511
79.875    0.313714393511
80.0    0.316424002332
80.125    0.316029565605
80.25    0.313628646396
80.375    0.305885681947
80.5    0.306794601362
80.625    0.306588808287
80.75    0.306477337038
80.875    0.30672600367
81.0    0.314683335906
81.125    0.308389497693
81.25    0.314220301487
81.375    0.314348922159
81.5    0.318319013565
81.625    0.317890277992
81.75    0.317890277992
81.875    0.317933151549
82.0    0.312565382175
82.125    0.312333864965
82.25    0.311862255835
82.375    0.311047658246
82.5    0.316672668965
82.625    0.30790073914
82.75    0.314932002538
82.875    0.314932002538
83.0    0.307026118571
83.125    0.306880348476
83.25    0.306914647322
83.375    0.307103290974
83.5    0.312608255732
83.625    0.312608255732
83.75    0.313662945242
83.875    0.313662945242
84.0    0.318070346933
84.125    0.317976025107
84.25    0.317855979146
84.375    0.317855979146
84.5    0.311879405258
84.625    0.311879405258
84.75    0.311870830547
84.875    0.311879405258
85.0    0.311990876507
85.125    0.312085198333
85.25    0.315223542728
85.375    0.314683335906
85.5    0.313525749859
85.625    0.313585772839
85.75    0.313585772839
85.875    0.310781842191
86.0    0.317461542419
86.125    0.30596285435
86.25    0.312865497076
86.375    0.304093567251
86.5    0.308646739037
86.625    0.308440945962
86.75    0.308526693077
86.875    0.305731337141
87.0    0.308037934523
87.125    0.306057176176
87.25    0.306057176176
87.375    0.311707911029
87.5    0.319090737597
87.625    0.31916791
87.75    0.319408001921
87.875    0.319408001921
88.0    0.317667335494
88.125    0.317667335494
88.25    0.317778806743
88.375    0.316449726467
88.5    0.306177222136
88.625    0.306177222136
88.75    0.306177222136
88.875    0.306177222136
89.0    0.316132462143
89.125    0.316123887431
89.25    0.307574900105
89.375    0.307506302413
89.5    0.307797842603
89.625    0.313645795819
89.75    0.307797842603
89.875    0.310507451424
90.0    0.315034899076
90.125    0.312248117851
90.25    0.312248117851
90.375    0.312248117851
90.5    0.315866646087
90.625    0.315163519748
90.75    0.315317864554
90.875    0.315317864554
91.0    0.312702577558
91.125    0.311056232958
91.25    0.311424945551
91.375    0.311605014491
91.5    0.314211726775
91.625    0.311330623725
91.75    0.312085198333
91.875    0.313148462554
92.0    0.312925520056
92.125    0.31306271544
92.25    0.312642554578
92.375    0.312573956886
92.5    0.311699336317
92.625    0.308998302207
92.75    0.310052991717
92.875    0.309864348065
93.0    0.315943818491
93.125    0.31588379551
93.25    0.314837680712
93.375    0.312256692562
93.5    0.315232117439
93.625    0.315232117439
93.75    0.30942703778
93.875    0.309684279124
94.0    0.308749635575
94.125    0.308826807978
94.25    0.308843957401
94.375    0.309144072302
94.5    0.30684604963
94.625    0.306734578381
94.75    0.306777451939
94.875    0.306777451939
95.0    0.30660595771
95.125    0.307660647219
95.25    0.307626348373
95.375    0.308166555195
95.5    0.309975819314
95.625    0.309830049219
95.75    0.309830049219
95.875    0.310173037677
96.0    0.301298211315
96.125    0.29991768277
96.25    0.29991768277
96.375    0.299951981616
96.5    0.313105588997
96.625    0.313019841882
96.75    0.313800140625
96.875    0.314143129084
97.0    0.318301864142
97.125    0.318301864142
97.25    0.318370461834
97.375    0.319150760577
97.5    0.310198761812
97.625    0.310061566428
97.75    0.310267359503
97.875    0.310284508926
98.0    0.30942703778
98.125    0.31083329046
98.25    0.319202208846
98.375    0.318284714719
98.5    0.306897497899
98.625    0.306837474919
98.75    0.306837474919
98.875    0.307240486358
99.0    0.307892164429
99.125    0.307814992026
99.25    0.30760919895
99.375    0.307643497796
99.5    0.31089331344
99.625    0.310884738729
99.75    0.310884738729
99.875    0.310618922673
100.0    0.316638370119
100.125    0.317049956269
100.25    0.317298622901
100.375    0.317504415976
100.5    0.315780898973
100.625    0.315780898973
100.75    0.315154945036
100.875    0.315480784072
101.0    0.311159129495
101.125    0.308235152887
101.25    0.308046509235
101.375    0.308389497693
101.5    0.311296324879
101.625    0.311296324879
101.75    0.311296324879
101.875    0.311167704207
102.0    0.320025381146
102.125    0.320291197201
102.25    0.320822829312
102.375    0.314966301384
102.5    0.307892164429
102.625    0.307729244911
102.75    0.310910462863
102.875    0.31124487661
103.0    0.312170945448
103.125    0.31512064619
103.25    0.315206393305
103.375    0.315206393305
103.5    0.312788324673
103.625    0.312685428135
103.75    0.312599681021
103.875    0.312136646602
104.0    0.311073382381
104.125    0.310927612286
104.25    0.31171648574
104.375    0.310927612286
104.5    0.311750784586
104.625    0.311853681124
104.75    0.31265112929
104.875    0.312488209772
105.0    0.317787381455
105.125    0.317787381455
105.25    0.317667335494
105.375    0.317624461937
105.5    0.312951244191
105.625    0.312865497076
105.75    0.31289122121
105.875    0.31289122121
106.0    0.30889540567
106.125    0.308989727496
106.25    0.309195520571
106.375    0.308749635575
106.5    0.310618922673
106.625    0.309221244705
106.75    0.309221244705
106.875    0.309186945859
107.0    0.312050899487
107.125    0.312239543139
107.25    0.312256692562
107.375    0.312256692562
107.5    0.300020579307
107.625    0.300020579307
107.75    0.302884532935
107.875    0.302292877845
108.0    0.313148462554
108.125    0.313268508515
108.25    0.313259933803
108.375    0.313002692459
108.5    0.313208485534
108.625    0.313388554475
108.75    0.313397129187
108.875    0.313362830341
109.0    0.310035842294
109.125    0.309932945756
109.25    0.310018692871
109.375    0.310018692871
109.5    0.304710946477
109.625    0.304650923496
109.75    0.304633774074
109.875    0.310215911235
110.0    0.312985543036
110.125    0.313379979764
110.25    0.313345680918
110.375    0.312908370633
110.5    0.309324141243
110.625    0.309667129701
110.75    0.310138738831
110.875    0.309984394025
111.0    0.310730393922
111.125    0.310730393922
111.25    0.310747543345
111.375    0.310884738729
111.5    0.305439796951
111.625    0.31130489959
111.75    0.311699336317
111.875    0.31441751985
112.0    0.316321105795
112.125    0.316518324158
112.25    0.316561197716
112.375    0.315900944933
112.5    0.30179554458
112.625    0.30179554458
112.75    0.301598326216
112.875    0.304719521188
113.0    0.310293083638
113.125    0.313165611977
113.25    0.313379979764
113.375    0.313440002744
113.5    0.310970485843
113.625    0.31077326748
113.75    0.31089331344
113.875    0.31089331344
114.0    0.304539452247
114.125    0.301538303236
114.25    0.304753820034
114.375    0.304753820034
114.5    0.308046509235
114.625    0.308046509235
114.75    0.308149405772
114.875    0.30813225635
115.0    0.310104439986
115.125    0.311579290357
115.25    0.318421910103
115.375    0.316081013874
115.5    0.317255749344
115.625    0.317255749344
115.75    0.317247174633
115.875    0.317024232135
116.0    0.305439796951
116.125    0.305637015314
116.25    0.305894256658
116.375    0.305894256658
116.5    0.305911406081
116.625    0.305765635986
116.75    0.305774210698
116.875    0.305774210698
117.0    0.310841865171
117.125    0.310841865171
117.25    0.311219152476
117.375    0.31159643978
117.5    0.308818233266
117.625    0.307712095488
117.75    0.307797842603
117.875    0.300174924114
118.0    0.305234003876
118.125    0.30567131416
118.25    0.306297268097
118.375    0.306520210595
118.5    0.299377475948
118.625    0.3110133594
118.75    0.309649980278
118.875    0.310859014594
119.0    0.30326182024
119.125    0.303639107544
119.25    0.303690555813
119.375    0.303716279947
120.0    0.300157774691
120.125    0.300346418343
120.25    0.300483613726
120.375    0.301881291695
120.5    0.303038877742
120.625    0.303330417931
120.75    0.303519061584
120.875    0.302884532935
121.0    0.301786969868
121.125    0.302747337552
121.25    0.299394625371
121.375    0.300783728628
121.5    0.303218946682
121.625    0.302730188129
121.75    0.304170739655
121.875    0.302824509955
122.0    0.307034693283
122.125    0.307034693283
122.25    0.304170739655
122.375    0.304247912058
122.5    0.306631681844
122.625    0.306545934729
122.75    0.306571658864
122.875    0.306631681844
123.0    0.303459038603
123.125    0.305525544065
123.25    0.303579084564
123.375    0.303579084564
123.5    0.312865497076
123.625    0.313079864863
123.75    0.298211315189
123.875    0.304076417829
124.0    0.297602510676
124.125    0.297988372691
124.25    0.30971857797
124.375    0.309632830855
124.5    0.304393682153
124.625    0.307240486358
124.75    0.307026118571
124.875    0.307026118571
125.0    0.312393887946
125.125    0.312985543036
125.25    0.312985543036
125.375    0.312453910926
125.5    0.304170739655
125.625    0.304505153402
125.75    0.304770969457
125.875    0.304891015417
126.0    0.295784671846
126.125    0.295784671846
126.25    0.298880142683
126.375    0.298991613932
126.5    0.301606900928
126.625    0.302327176691
126.75    0.301924165252
126.875    0.300766579205
127.0    0.301401107853
127.125    0.310121589409
127.25    0.310027267582
127.375    0.310027267582
127.5    0.298468556533
127.625    0.298425682976
127.75    0.298657200185
127.875    0.298657200185
128.0    0.297456740581
128.125    0.297713981925
128.25    0.297259522217
128.375    0.297722556636
128.5    0.312368163811
128.625    0.312368163811
128.75    0.312565382175
128.875    0.31289122121
129.0    0.305019636089
129.125    0.305173980896
129.25    0.293503798597
129.375    0.299317452968
129.5    0.304608049939
129.625    0.304608049939
129.75    0.304650923496
129.875    0.304899590129
130.0    0.314048807258
130.125    0.314048807258
130.25    0.314057381969
130.375    0.314134554372
130.5    0.30214710775
130.625    0.301992762944
130.75    0.30226715371
130.875    0.302189981307
131.0    0.302875958224
131.125    0.303776302927
131.25    0.303596233987
131.375    0.302798785821
131.5    0.299643292003
131.625    0.300020579307
131.75    0.305945704927
131.875    0.305585567046
132.0    0.306057176176
132.125    0.30396494658
132.25    0.304050693694
132.375    0.304342233884
132.5    0.298734372588
132.625    0.298965889798
132.75    0.298785820857
132.875    0.29921455643
133.0    0.302250004287
133.125    0.303647682256
133.25    0.303347567354
133.375    0.303390440912
133.5    0.310035842294
133.625    0.310018692871
133.75    0.301246763046
133.875    0.300946648145
134.0    0.309392738934
134.125    0.309547083741
134.25    0.309246968839
134.375    0.309066899899
134.5    0.307120440397
134.625    0.305379773971
134.75    0.307051842705
134.875    0.307034693283
135.0    0.304882440706
135.125    0.303656256967
135.25    0.303819176485
135.375    0.306743153093
135.5    0.30813225635
135.625    0.319828162782
135.75    0.316732691945
135.875    0.316732691945
136.0    0.302052785924
136.125    0.301461130833
136.25    0.302052785924
136.375    0.30214710775
136.5    0.304796693591
136.625    0.307703520777
136.75    0.307703520777
136.875    0.307652072508
137.0    0.306460187615
137.125    0.306717428959
137.25    0.306880348476
137.375    0.304462279844
137.5    0.310095865274
137.625    0.310095865274
137.75    0.310044417005
137.875    0.310224485946
138.0    0.305002486666
138.125    0.302318601979
138.25    0.302670165149
138.375    0.301555452659
138.5    0.300415016035
138.625    0.300552211418
138.75    0.299463223063
138.875    0.299463223063
139.0    0.304410831576
139.125    0.304685222342
139.25    0.304762394745
139.375    0.306160072714
139.5    0.304668072919
139.625    0.305053934935
139.75    0.304873865994
139.875    0.305113957915
140.0    0.305542693488
140.125    0.304779544168
140.25    0.30631441752
140.375    0.30631441752
140.5    0.317573013668
140.625    0.31741009415
140.75    0.302790211109
140.875    0.296890809624
141.0    0.304676647631
141.125    0.301572602082
141.25    0.298665774897
141.375    0.2987429473
141.5    0.303133199568
141.625    0.303227521394
141.75    0.303227521394
141.875    0.303664831678
142.0    0.303604808698
142.125    0.304179314366
142.25    0.304179314366
142.375    0.298399958841
142.5    0.304668072919
142.625    0.305096808492
142.75    0.30525972801
142.875    0.30784071616
143.0    0.303844900619
143.125    0.304127866097
143.25    0.304299360327
143.375    0.304307935038
143.5    0.303767728216
143.625    0.304093567251
143.75    0.303853475331
143.875    0.303510486872
144.0    0.289250741713
144.125    0.290048189878
144.25    0.289876695649
144.375    0.302027061789
144.5    0.300372142477
144.625    0.300303544786
144.75    0.30056078613
144.875    0.3025586939
145.0    0.301641199774
145.125    0.301555452659
145.25    0.301589751505
145.375    0.301898441117
145.5    0.292834971103
145.625    0.29234621255
145.75    0.293066488313
145.875    0.292414810242
146.0    0.293332304368
146.125    0.292740649277
146.25    0.287081339713
146.375    0.30760919895
146.5    0.302344326113
146.625    0.302721613418
146.75    0.302721613418
146.875    0.302841659378
147.0    0.29052837372
147.125    0.29052837372
147.25    0.290416902471
147.375    0.290811339198
147.5    0.302318601979
147.625    0.302370050248
147.75    0.300012004596
147.875    0.299188832296
148.0    0.305868532524
148.125    0.305868532524
148.25    0.305825658967
148.375    0.306005727907
148.5    0.311424945551
148.625    0.312222393716
148.75    0.306923222034
148.875    0.307283359915
149.0    0.303356142066
149.125    0.303056027165
149.25    0.303073176588
149.375    0.303416165046
149.5    0.3003892919
149.625    0.300354993054
149.75    0.300466464303
149.875    0.300483613726
150.0    0.300843751608
150.125    0.300843751608
150.25    0.301135291797
150.375    0.295390235119
150.5    0.305448371662
150.625    0.307043267994
150.75    0.301349659584
150.875    0.30185556756
151.0    0.292714925143
151.125    0.292732074566
151.25    0.292732074566
151.375    0.292594879182
151.5    0.301229613624
151.625    0.30144398141
151.75    0.301401107853
151.875    0.301512579102
152.0    0.302815935244
152.125    0.302670165149
152.25    0.303150348991
152.375    0.303176073125
152.5    0.283608581571
152.625    0.295364510984
152.75    0.295450258099
152.875    0.295741798289
153.0    0.295175867332
153.125    0.295304488004
153.25    0.295587453482
153.375    0.295861844249
153.5    0.301135291797
153.625    0.295330212138
153.75    0.295647476462
153.875    0.304273636192
154.0    0.302001337655
154.125    0.300697981513
154.25    0.300603659687
154.375    0.301924165252
154.5    0.295450258099
154.625    0.295561729348
154.75    0.295561729348
154.875    0.29545883281
155.0    0.301272487181
155.125    0.301581176793
155.25    0.301658349197
155.375    0.301718372177
155.5    0.292397660819
155.625    0.292329063127
155.75    0.294001131862
155.875    0.294095453688
156.0    0.30191559054
156.125    0.301975613521
156.25    0.30249867092
156.375    0.302250004287
156.5    0.307206187512
156.625    0.304419406287
156.75    0.304590900516
156.875    0.304427980998
157.0    0.307926463275
157.125    0.305105383204
157.25    0.304762394745
157.375    0.304882440706
157.5    0.30608290031
157.625    0.305885681947
157.75    0.305954279638
157.875    0.303124624856
158.0    0.291120028811
158.125    0.290022465744
158.25    0.29129152304
158.375    0.292123270052
158.5    0.296710740684
158.625    0.296762188952
158.75    0.2965735453
158.875    0.291368695443
159.0    0.29322940783
159.125    0.29322940783
159.25    0.293675292826
159.375    0.293117936581
159.5    0.292963591775
159.625    0.293177959562
159.75    0.293495223886
159.875    0.293289430811
160.0    0.294455591569
160.125    0.294644235222
160.25    0.294644235222
160.375    0.294369844455
160.5    0.302507245631
160.625    0.303056027165
160.75    0.303038877742
160.875    0.303519061584
161.0    0.303176073125
161.125    0.303167498414
161.25    0.303167498414
161.375    0.303767728216
161.5    0.302172831884
161.625    0.302172831884
161.75    0.302181406596
161.875    0.302344326113
162.0    0.303759153504
162.125    0.306691704824
162.25    0.306494486461
162.375    0.303656256967
162.5    0.302627291592
162.625    0.302738762841
162.75    0.302738762841
162.875    0.303013153607
163.0    0.307814992026
163.125    0.307309084049
163.25    0.298974464509
163.375    0.298580027782
163.5    0.297842602596
163.625    0.297902625577
163.75    0.297816878462
163.875    0.297816878462
164.0    0.29205467236
164.125    0.292028948226
164.25    0.292123270052
164.375    0.295201591466
164.5    0.296642142992
164.625    0.296685016549
164.75    0.297233798083
164.875    0.297053729142
165.0    0.303570509852
165.125    0.303347567354
165.25    0.303424739758
165.375    0.30373342937
165.5    0.3042050385
165.625    0.303827751196
165.75    0.304530877536
165.875    0.304290785615
166.0    0.302704463995
166.125    0.302824509955
166.25    0.302824509955
166.375    0.302867383513
166.5    0.298168441632
166.625    0.29774828077
166.75    0.295167292621
166.875    0.295484556945
167.0    0.297619660098
167.125    0.297619660098
167.25    0.297362418755
167.375    0.297362418755
167.5    0.297053729142
167.625    0.297268096929
167.75    0.297268096929
167.875    0.29727667164
168.0    0.294704258202
168.125    0.294850028297
168.25    0.294850028297
168.375    0.294952924834
168.5    0.307643497796
168.625    0.308209428753
168.75    0.293649568692
168.875    0.293709591672
169.0    0.295930441941
169.125    0.29569035002
169.25    0.295758947711
169.375    0.295758947711
169.5    0.292680626297
169.625    0.307720670199
169.75    0.293006465332
169.875    0.292680626297
170.0    0.29797979798
170.125    0.298168441632
170.25    0.298048395671
170.375    0.297894050865
170.5    0.304719521188
170.625    0.293023614755
170.75    0.293023614755
170.875    0.293023614755
171.0    0.292320488416
171.125    0.292329063127
171.25    0.292329063127
171.375    0.306948946168
171.5    0.307789267891
171.625    0.307832141448
171.75    0.299060211624
171.875    0.298905866818
172.0    0.292483407933
172.125    0.292509132068
172.25    0.292672051585
172.375    0.292646327451
172.5    0.29158306323
172.625    0.29158306323
172.75    0.29158306323
172.875    0.290802764487
173.0    0.298648625474
173.125    0.298648625474
173.25    0.299008763355
173.375    0.299025912778
173.5    0.292612028605
173.625    0.292414810242
173.75    0.292792097546
173.875    0.292749223989
174.0    0.30701754386
174.125    0.307008969148
174.25    0.307300509338
174.375    0.304590900516
174.5    0.307189038089
174.625    0.307189038089
174.75    0.307206187512
174.875    0.306966095591
175.0    0.298605751916
175.125    0.299051636912
175.25    0.299017338067
175.375    0.298056970383
175.5    0.296856510778
175.625    0.297002280873
175.75    0.296590694723
175.875    0.296787913087
176.0    0.295827545403
176.125    0.295776097134
176.25    0.297808303751
176.375    0.296007614344
176.5    0.291788856305
176.625    0.289696626709
176.75    0.289696626709
176.875    0.289568006037
177.0    0.296530671743
177.125    0.296530671743
177.25    0.296530671743
177.375    0.296530671743
177.5    0.298588602494
177.625    0.29733669462
177.75    0.294524189261
177.875    0.295347361561
178.0    0.299660441426
178.125    0.299789062098
178.25    0.299720464406
178.375    0.299720464406
178.5    0.29539880983
178.625    0.295407384542
178.75    0.295407384542
178.875    0.295407384542
179.0    0.29504724666
179.125    0.294892901854
179.25    0.295193016755
179.375    0.295244465024
180.0    0.296290579822
180.125    0.296436349917
180.25    0.284740443484
180.375    0.29680506251
180.5    0.299677590849
180.625    0.29985765979
180.75    0.299686165561
180.875    0.299883383924
181.0    0.292037522937
181.125    0.292037522937
181.25    0.289122121041
181.375    0.289122121041
181.5    0.290391178337
181.625    0.290391178337
181.75    0.290159661127
181.875    0.290245408242
182.0    0.296213407419
182.125    0.294721407625
182.25    0.295132993775
182.375    0.297070878565
182.5    0.298562878359
182.625    0.29803982096
182.75    0.296462074051
182.875    0.29774828077
183.0    0.293941108882
183.125    0.294069729554
183.25    0.294112603111
183.375    0.294112603111
183.5    0.296444924628
183.625    0.296444924628
183.75    0.294601361664
183.875    0.295664625885
184.0    0.293795338787
184.125    0.293666718115
184.25    0.293023614755
184.375    0.29281782168
184.5    0.295673200597
184.625    0.295673200597
184.75    0.295758947711
184.875    0.29604191319
185.0    0.29950609662
185.125    0.299711889695
185.25    0.299660441426
185.375    0.300054878153
185.5    0.291308672463
185.625    0.291788856305
185.75    0.29416405138
185.875    0.294266947917
186.0    0.290494074874
186.125    0.290562672566
186.25    0.291197201214
186.375    0.291162902368
186.5    0.29886299326
186.625    0.299008763355
186.75    0.299231705853
186.875    0.299523246043
187.0    0.308629589614
187.125    0.308483819519
187.25    0.30860386548
187.375    0.308672463172
187.5    0.304676647631
187.625    0.29868292432
187.75    0.295784671846
187.875    0.295973315498
188.0    0.314683335906
188.125    0.314683335906
188.25    0.314674761194
188.375    0.314957726673
188.5    0.291428718424
188.625    0.291720258613
188.75    0.291814580439
188.875    0.291814580439
189.0    0.296127660304
189.125    0.296462074051
189.25    0.296462074051
189.375    0.296530671743
189.5    0.29310936187
189.625    0.29310936187
189.75    0.29310936187
189.875    0.293426626194
190.0    0.295836120115
190.125    0.295836120115
190.25    0.295587453482
190.375    0.295587453482
190.5    0.300826602185
190.625    0.300955222857
190.75    0.301100992952
190.875    0.301238188335
191.0    0.280058651026
191.125    0.280161547564
191.25    0.280161547564
191.375    0.288890603831
191.5    0.292509132068
191.625    0.292260465435
191.75    0.292191867744
191.875    0.292191867744
192.0    0.291265798906
192.125    0.291308672463
192.25    0.291557339096
192.375    0.291420143712
192.5    0.29304933889
192.625    0.292963591775
192.75    0.290391178337
192.875    0.293349453791
193.0    0.291908902265
193.125    0.28859048893
193.25    0.288281799317
193.375    0.289739500266
193.5    0.306383015212
193.625    0.306383015212
193.75    0.306288693385
193.875    0.30103239526
194.0    0.293392327348
194.125    0.296350602802
194.25    0.296350602802
194.375    0.291308672463
194.5    0.292063247072
194.625    0.292063247072
194.75    0.292063247072
194.875    0.292063247072
195.0    0.297834027885
195.125    0.294652809933
195.25    0.294652809933
195.375    0.294747131759
195.5    0.292629178028
195.625    0.292526281491
195.75    0.292552005625
195.875    0.295553154636
196.0    0.297825453173
196.125    0.289036373926
196.25    0.295090120217
196.375    0.2919346264
196.5    0.277451938742
196.625    0.277571984703
196.75    0.277923547873
196.875    0.277923547873
197.0    0.292509132068
197.125    0.292586304471
197.25    0.292586304471
197.375    0.291180051791
197.5    0.302721613418
197.625    0.295381660407
197.75    0.297130901545
197.875    0.297130901545
198.0    0.295355936273
198.125    0.295364510984
198.25    0.295364510984
198.375    0.292431959665
198.5    0.293443775617
198.625    0.293529522732
198.75    0.293735315807
198.875    0.293863936479
199.0    0.300860901031
199.125    0.297971223268
199.25    0.300063452865
199.375    0.300063452865
199.5    0.29569035002
199.625    0.296247706265
199.75    0.295518855791
199.875    0.296204832707
200.0    0.31083329046
200.125    0.310790416902
200.25    0.302061360635
200.375    0.302061360635
200.5    0.29610193617
200.625    0.296204832707
200.75    0.296204832707
200.875    0.296290579822
201.0    0.295055821372
201.125    0.295793246557
201.25    0.295201591466
201.375    0.295827545403
201.5    0.301641199774
201.625    0.301641199774
201.75    0.301666923908
201.875    0.301666923908
202.0    0.296942257893
202.125    0.296942257893
202.25    0.296822211933
202.375    0.296796487798
202.5    0.307832141448
202.625    0.290331155357
202.75    0.290331155357
202.875    0.296256280976
203.0    0.291720258613
203.125    0.294678534067
203.25    0.294781430605
203.375    0.294815729451
203.5    0.296264855688
203.625    0.296264855688
203.75    0.296256280976
203.875    0.296256280976
204.0    0.292577729759
204.125    0.292740649277
204.25    0.292929292929
204.375    0.292929292929
204.5    0.30831232529
204.625    0.308003635678
204.75    0.302318601979
204.875    0.302815935244
205.0    0.299283154122
205.125    0.299257429987
205.25    0.298605751916
205.375    0.292852120526
205.5    0.297662533656
205.625    0.29762823481
205.75    0.29762823481
205.875    0.297868326731
206.0    0.303270394951
206.125    0.303270394951
206.25    0.303338992643
206.375    0.29762823481
206.5    0.295270189158
206.625    0.294952924834
206.75    0.295004373103
206.875    0.289276465847
207.0    0.296402051071
207.125    0.297593935964
207.25    0.297225223371
207.375    0.297225223371
207.5    0.297130901545
207.625    0.297130901545
207.75    0.297465315292
207.875    0.297465315292
208.0    0.292894994083
208.125    0.292894994083
208.25    0.295758947711
208.375    0.295758947711
208.5    0.3025586939
208.625    0.302884532935
208.75    0.299909108059
208.875    0.300217797671
209.0    0.296650717703
209.125    0.29692510847
209.25    0.29692510847
209.375    0.29692510847
209.5    0.296110510881
209.625    0.295921867229
209.75    0.295964740786
209.875    0.295964740786
210.0    0.297816878462
210.125    0.29797979798
210.25    0.297842602596
210.375    0.298108418652
210.5    0.297285246351
210.625    0.297285246351
210.75    0.297285246351
210.875    0.297010855585
211.0    0.296444924628
211.125    0.296685016549
211.25    0.296685016549
211.375    0.296676441838
211.5    0.298168441632
211.625    0.297911200288
211.75    0.297911200288
211.875    0.298091269229
212.0    0.297936924423
212.125    0.297936924423
212.25    0.297988372691
212.375    0.297988372691
212.5    0.297242372794
212.625    0.297242372794
212.75    0.297671108367
212.875    0.297611085387
213.0    0.29434412032
213.125    0.295544579925
213.25    0.295518855791
213.375    0.295724648866
213.5    0.28923359229
213.625    0.28923359229
213.75    0.28923359229
213.875    0.289285040558
214.0    0.297456740581
214.125    0.29715662568
214.25    0.298116993363
214.375    0.298116993363
214.5    0.296436349917
214.625    0.296436349917
214.75    0.296770763664
214.875    0.297062303853
215.0    0.297962648557
215.125    0.297971223268
215.25    0.298202740478
215.375    0.298125568075
215.5    0.294832878874
215.625    0.294832878874
215.75    0.294858603008
215.875    0.294790005316
216.0    0.292843545815
216.125    0.292834971103
216.25    0.289962442764
216.375    0.290022465744
216.5    0.293298005522
216.625    0.293298005522
216.75    0.293486649174
216.875    0.293486649174
217.0    0.29269777572
217.125    0.292732074566
217.25    0.292732074566
217.375    0.292860695238
217.5    0.298339935861
217.625    0.298339935861
217.75    0.289525132479
217.875    0.289490833633
218.0    0.293306580234
218.125    0.293315154945
218.25    0.293315154945
218.375    0.293666718115
218.5    0.290871362179
218.625    0.290802764487
218.75    0.290802764487
218.875    0.290802764487
219.0    0.295313062715
219.125    0.295313062715
219.25    0.295313062715
219.375    0.292491982645
219.5    0.284997684828
219.625    0.284997684828
219.75    0.284997684828
219.875    0.284997684828
220.0    0.295167292621
220.125    0.295167292621
220.25    0.295158717909
220.375    0.295261614447
220.5    0.296076212035
220.625    0.296204832707
220.75    0.295801821269
220.875    0.295801821269
221.0    0.295021522526
221.125    0.295021522526
221.25    0.292157568898
221.375    0.292166143609
221.5    0.29504724666
221.625    0.29504724666
221.75    0.29504724666
221.875    0.295064396083
222.0    0.27837800758
222.125    0.284183087239
222.25    0.294378419166
222.375    0.285606489342
222.5    0.298923016241
222.625    0.298768671434
222.75    0.298777246146
222.875    0.29017681055
223.0    0.290073914013
223.125    0.290065339301
223.25    0.290151086416
223.375    0.290151086416
223.5    0.29639347636
223.625    0.29639347636
223.75    0.29639347636
223.875    0.296436349917
224.0    0.293718166384
224.125    0.293718166384
224.25    0.293718166384
224.375    0.281987961105
224.5    0.295390235119
224.625    0.295707499443
224.75    0.295896143095
224.875    0.295964740786
225.0    0.294438442146
225.125    0.293640993981
225.25    0.293640993981
225.375    0.294438442146
225.5    0.296324878668
225.625    0.296247706265
225.75    0.296616418857
225.875    0.296599269435
226.0    0.291042856408
226.125    0.291042856408
226.25    0.291042856408
226.375    0.291042856408
226.5    0.297859752019
226.625    0.298014096826
226.75    0.298014096826
226.875    0.298014096826
227.0    0.290854212756
227.125    0.290854212756
227.25    0.290854212756
227.375    0.290777040353
227.5    0.29387251119
227.625    0.294078304265
227.75    0.293726741095
227.875    0.293726741095
228.0    0.291197201214
228.125    0.291197201214
228.25    0.291222925349
228.375    0.291282948329
228.5    0.28929361527
228.625    0.28929361527
228.75    0.289164994598
228.875    0.289164994598
229.0    0.294781430605
229.125    0.294781430605
229.25    0.295141568486
229.375    0.292080396495
229.5    0.284577523966
229.625    0.284731868773
229.75    0.284731868773
229.875    0.284731868773
230.0    0.291102879388
230.125    0.291248649483
230.25    0.291077155254
230.375    0.291077155254
230.5    0.297053729142
230.625    0.297148050968
230.75    0.297911200288
230.875    0.297919775
231.0    0.294832878874
231.125    0.2949272007
231.25    0.295098694929
231.375    0.295321637427
231.5    0.284448903294
231.625    0.284448903294
231.75    0.28448320214
231.875    0.284491776852
232.0    0.286086673183
232.125    0.286086673183
232.25    0.285872305397
232.375    0.286095247895
232.5    0.284097340125
232.625    0.284414604449
232.75    0.284414604449
232.875    0.284414604449
233.0    0.303047452453
233.125    0.303047452453
233.25    0.303553360429
233.375    0.303073176588
233.5    0.285529316938
233.625    0.285529316938
233.75    0.285589339919
233.875    0.286232443278
234.0    0.284114489547
234.125    0.281241961208
234.25    0.281241961208
234.375    0.281061892267
234.5    0.284225960796
234.625    0.284063041279
234.75    0.284063041279
234.875    0.284063041279
235.0    0.29269777572
235.125    0.291428718424
235.25    0.291908902265
235.375    0.291968925246
235.5    0.284251684931
235.625    0.284251684931
235.75    0.284200236662
235.875    0.284200236662
236.0    0.298588602494
236.125    0.292714925143
236.25    0.29269777572
236.375    0.29298931591
236.5    0.285512167516
236.625    0.285512167516
236.75    0.285512167516
236.875    0.285503592804
237.0    0.280710329097
237.125    0.280710329097
237.25    0.280736053232
237.375    0.280736053232
237.5    0.286584006448
237.625    0.28659258116
237.75    0.28659258116
237.875    0.286746925966
238.0    0.295861844249
238.125    0.295861844249
238.25    0.295681775308
238.375    0.295561729348
238.5    0.292354787261
238.625    0.292517706779
238.75    0.292474833222
238.875    0.293761039941
239.0    0.296779338375
239.125    0.296882234913
239.25    0.297062303853
239.375    0.297019430296
240.0    0.2905883967
240.125    0.2905883967
240.25    0.2905883967
240.375    0.290596971412
240.5    0.290425477183
240.625    0.290425477183
240.75    0.290502649586
240.875    0.290545523143
241.0    0.282502443793
241.125    0.282502443793
241.25    0.282673938022
241.375    0.282339524275
241.5    0.290279707088
241.625    0.284577523966
241.75    0.281747869184
241.875    0.281936512836
242.0    0.29263775274
242.125    0.29263775274
242.25    0.292766373412
242.375    0.292766373412
242.5    0.282965478212
242.625    0.282965478212
242.75    0.28283685754
242.875    0.282219478315
243.0    0.293743890518
243.125    0.293589545712
243.25    0.293701016961
243.375    0.294429867435
243.5    0.288641937199
243.625    0.288641937199
243.75    0.288641937199
243.875    0.288641937199
244.0    0.29240623553
244.125    0.286746925966
244.25    0.28636106395
244.375    0.286326765104
244.5    0.288213201626
244.625    0.285392121555
244.75    0.285443569824
244.875    0.285863730685
245.0    0.291831729862
245.125    0.291831729862
245.25    0.291891752843
245.375    0.291891752843
245.5    0.286052374338
245.625    0.286052374338
245.75    0.286052374338
245.875    0.286601155871
246.0    0.292809246969
246.125    0.292809246969
246.25    0.292809246969
246.375    0.292809246969
246.5    0.2919346264
246.625    0.292483407933
246.75    0.292483407933
246.875    0.292706350431
247.0    0.289310764693
247.125    0.289439385365
247.25    0.289439385365
247.375    0.289439385365
247.5    0.283582857437
247.625    0.283445662053
247.75    0.283445662053
247.875    0.280521685445
248.0    0.28929361527
248.125    0.28929361527
248.25    0.290125362282
248.375    0.290125362282
248.5    0.281130489959
248.625    0.281130489959
248.75    0.281130489959
248.875    0.281130489959
249.0    0.292852120526
249.125    0.293023614755
249.25    0.293023614755
249.375    0.29304933889
249.5    0.285983776646
249.625    0.286198144432
249.75    0.286309615681
249.875    0.286309615681
250.0    0.28442317916
250.125    0.284440328583
250.25    0.285212052614
250.375    0.285169179057
250.5    0.287089914424
250.625    0.287089914424
250.75    0.287089914424
250.875    0.287141362693
251.0    0.278643823635
251.125    0.278695271904
251.25    0.281679271493
251.375    0.281679271493
251.5    0.294018281285
251.625    0.294018281285
251.75    0.294335545609
251.875    0.294335545609
252.0    0.288144603934
252.125    0.288144603934
252.25    0.288144603934
252.375    0.288144603934
252.5    0.282468144947
252.625    0.28248529437
252.75    0.282305225429
252.875    0.282562466773
253.0    0.279364099398
253.125    0.2791411569
253.25    0.285134880211
253.375    0.284766167618
253.5    0.287304282211
253.625    0.287304282211
253.75    0.287973109705
253.875    0.287304282211
254.0    0.279072559208
254.125    0.279072559208
254.25    0.279072559208
254.375    0.279089708631
254.5    0.290665569104
254.625    0.290665569104
254.75    0.290665569104
254.875    0.290665569104
255.0    0.284097340125
255.125    0.285049133097
255.25    0.285280650306
255.375    0.283411363208
255.5    0.281979386394
255.625    0.281979386394
255.75    0.281473478417
255.875    0.282185179469
256.0    0.285434995112
256.125    0.285357822709
256.25    0.285520742227
256.375    0.285520742227
256.5    0.288376121144
256.625    0.288744833736
256.75    0.288744833736
256.875    0.288744833736
257.0    0.286644029428
257.125    0.286644029428
257.25    0.286644029428
257.375    0.286541132891
257.5    0.293958258305
257.625    0.293795338787
257.75    0.294489890415
257.875    0.294249798494
258.0    0.296787913087
258.125    0.285117730788
258.25    0.284826190599
258.375    0.284826190599
258.5    0.288839155562
258.625    0.288350397009
258.75    0.288873454408
258.875    0.286069523761
259.0    0.280976145153
259.125    0.280976145153
259.25    0.280821800346
259.375    0.280538834868
259.5    0.280170122275
259.625    0.280333041793
259.75    0.280333041793
259.875    0.29451561455
260.0    0.286172420298
260.125    0.286215293855
260.25    0.286438236353
260.375    0.286438236353
260.5    0.288427569412
260.625    0.28559791463
260.75    0.285640788187
260.875    0.285966627223
261.0    0.287218535096
261.125    0.287321431634
261.25    0.287321431634
261.375    0.287321431634
261.5    0.285812282417
261.625    0.285812282417
261.75    0.285812282417
261.875    0.285812282417
262.0    0.287870213167
262.125    0.287870213167
262.25    0.287810190187
262.375    0.287810190187
262.5    0.283317041382
262.625    0.283317041382
262.75    0.283317041382
262.875    0.283317041382
263.0    0.279689938434
263.125    0.279852857951
263.25    0.279732811991
263.375    0.279732811991
263.5    0.292680626297
263.625    0.283908696472
263.75    0.283908696472
263.875    0.283908696472
264.0    0.29991768277
264.125    0.285374972132
264.25    0.285623638765
264.375    0.285623638765
264.5    0.286987017887
264.625    0.286987017887
264.75    0.286969868464
264.875    0.286969868464
265.0    0.284603248101
265.125    0.284594673389
265.25    0.284594673389
265.375    0.284594673389
265.5    0.287347155768
265.625    0.284671845792
265.75    0.284723294061
265.875    0.28489478829
266.0    0.288093155665
266.125    0.288127454511
266.25    0.288127454511
266.375    0.28853046595
266.5    0.291531614961
266.625    0.291531614961
266.75    0.285932328377
266.875    0.285838006551
267.0    0.283711478109
267.125    0.283754351666
267.25    0.283994443587
267.375    0.283960144741
267.5    0.287647270669
267.625    0.287647270669
267.75    0.287647270669
267.875    0.287647270669
268.0    0.290614120835
268.125    0.290485500163
268.25    0.287964534993
268.375    0.287964534993
268.5    0.29123150006
268.625    0.291145752945
268.75    0.291042856408
268.875    0.29117147708
269.0    0.286764075389
269.125    0.286764075389
269.25    0.286764075389
269.375    0.286764075389
269.5    0.280290168236
269.625    0.277331892782
269.75    0.276345800964
269.875    0.276663065288
270.0    0.285254926172
270.125    0.285254926172
270.25    0.285254926172
270.375    0.285254926172
270.5    0.289482258922
270.625    0.289482258922
270.75    0.290013891033
270.875    0.290039615167
271.0    0.288513316527
271.125    0.288513316527
271.25    0.285735110014
271.375    0.286095247895
271.5    0.289550856614
271.625    0.289550856614
271.75    0.290211109396
271.875    0.290211109396
272.0    0.289096396906
272.125    0.289096396906
272.25    0.289096396906
272.375    0.28630104097
272.5    0.286584006448
272.625    0.285975201934
272.75    0.285975201934
272.875    0.285975201934
273.0    0.288976350946
273.125    0.288976350946
273.25    0.288856304985
273.375    0.289113546329
273.5    0.296933683182
273.625    0.296907959047
273.75    0.296873660201
273.875    0.297045154431
274.0    0.293606695135
274.125    0.293606695135
274.25    0.293675292826
274.375    0.290862787467
274.5    0.297190924525
274.625    0.297165200391
274.75    0.297165200391
274.875    0.297165200391
275.0    0.275814168853
275.125    0.275814168853
275.25    0.275814168853
275.375    0.275951364237
275.5    0.294378419166
275.625    0.28859048893
275.75    0.289164994598
275.875    0.289173569309
276.0    0.285031983674
276.125    0.286541132891
276.25    0.285254926172
276.375    0.285512167516
276.5    0.288710534891
276.625    0.282845432251
276.75    0.283154121864
276.875    0.282356673698
277.0    0.288273224606
277.125    0.288616213064
277.25    0.288822006139
277.375    0.288830580851
277.5    0.29451561455
277.625    0.29451561455
277.75    0.29451561455
277.875    0.295321637427
278.0    0.287681569515
278.125    0.287844489033
278.25    0.288136029223
278.375    0.288136029223
278.5    0.287321431634
278.625    0.287021316733
278.75    0.287021316733
278.875    0.287209960385
279.0    0.292337637838
279.125    0.292337637838
279.25    0.287115638559
279.375    0.286472535199
279.5    0.289799523246
279.625    0.289799523246
279.75    0.289799523246
279.875    0.286601155871
280.0    0.271784054467
280.125    0.271784054467
280.25    0.271784054467
280.375    0.271784054467
280.5    0.284466052717
280.625    0.284466052717
280.75    0.284466052717
280.875    0.284466052717
281.0    0.285803707705
281.125    0.285863730685
281.25    0.286043799626
281.375    0.286155270875
281.5    0.290802764487
281.625    0.290999982851
281.75    0.291068580542
281.875    0.291060005831
282.0    0.28454322512
282.125    0.284457478006
282.25    0.284457478006
282.375    0.285006259539
282.5    0.284380305603
282.625    0.284380305603
282.75    0.284380305603
282.875    0.284380305603
283.0    0.287441477594
283.125    0.287441477594
283.25    0.287432902883
283.375    0.288101730377
283.5    0.29698513145
283.625    0.296976556739
283.75    0.293983982439
283.875    0.294146901957
284.0    0.284388880314
284.125    0.284783317041
284.25    0.285160604346
284.375    0.284903363002
284.5    0.288513316527
284.625    0.288907753254
284.75    0.288907753254
284.875    0.288899178543
285.0    0.277469088165
285.125    0.277469088165
285.25    0.277469088165
285.375    0.277469088165
285.5    0.289164994598
285.625    0.289147845175
285.75    0.288779132582
285.875    0.280161547564
286.0    0.280650306117
286.125    0.280650306117
286.25    0.280521685445
286.375    0.280890398038
286.5    0.286901270772
286.625    0.286781224812
286.75    0.286781224812
286.875    0.287115638559
287.0    0.289722350843
287.125    0.289327914116
287.25    0.289370787673
287.375    0.289070672772
287.5    0.296479223474
287.625    0.296479223474
287.75    0.296479223474
287.875    0.296582120012
288.0    0.274339318482
288.125    0.274339318482
288.25    0.275308260877
288.375    0.274759479344
288.5    0.27767488124
288.625    0.27767488124
288.75    0.27767488124
288.875    0.27767488124
289.0    0.291060005831
289.125    0.291060005831
289.25    0.291060005831
289.375    0.291060005831
289.5    0.275539778086
289.625    0.275539778086
289.75    0.275539778086
289.875    0.275539778086
290.0    0.280427363619
290.125    0.280427363619
290.25    0.279998628046
290.375    0.28066745554
290.5    0.274733755209
290.625    0.274579410403
290.75    0.274759479344
290.875    0.274965272419
291.0    0.275068168956
291.125    0.275188214917
291.25    0.275025295399
291.375    0.275016720687
291.5    0.282116581777
291.625    0.279441271801
291.75    0.279449846513
291.875    0.280350191216
292.0    0.283797225223
292.125    0.283797225223
292.25    0.283891547049
292.375    0.283985868876
292.5    0.275025295399
292.625    0.275025295399
292.75    0.275025295399
292.875    0.275025295399
293.0    0.288350397009
293.125    0.288350397009
293.25    0.288350397009
293.375    0.288196052203
293.5    0.277571984703
293.625    0.277374766339
293.75    0.27767488124
293.875    0.27773490422
294.0    0.288410419989
294.125    0.288410419989
