0.0    0.111180057195
0.125    0.112005611612
0.25    0.119257540603
0.375    0.107419198187
0.5    0.101775211784
0.625    0.110899476609
0.75    0.105023471645
0.875    0.109091890142
1.0    0.111757405709
1.125    0.113581179518
1.25    0.111255598122
1.375    0.109199805752
1.5    0.105390384719
1.625    0.107160200723
1.75    0.105838234501
1.875    0.103577402471
2.0    0.102071979712
2.125    0.108153024335
2.25    0.10432202018
2.375    0.108805913775
2.5    0.111962445368
2.625    0.112475044515
2.75    0.113300598932
2.875    0.10432202018
3.0    0.106172772892
3.125    0.110926455512
3.25    0.110165650461
3.375    0.110068526412
3.5    0.107381427724
3.625    0.103474882642
3.75    0.0991582582421
3.875    0.108174607457
4.0    0.104025252253
4.125    0.120644256192
4.25    0.111859925538
4.375    0.111681864782
4.5    0.102741056494
4.625    0.102314789834
4.75    0.10561161172
4.875    0.107440781309
5.0    0.11112070361
5.125    0.107284303675
5.25    0.108412021799
5.375    0.108908433605
5.5    0.111207036098
5.625    0.109685425997
5.75    0.108735768629
5.875    0.109690821777
6.0    0.109372470728
6.125    0.1101548589
6.25    0.109523552582
6.375    0.108304106189
6.5    0.113845572762
6.625    0.108131441213
6.75    0.112350941564
6.875    0.107829277505
7.0    0.0999406464145
7.125    0.0988668860951
7.25    0.0982193924351
7.375    0.106933577942
7.5    0.111298764366
7.625    0.113856364323
7.75    0.106561269088
7.875    0.106631414234
8.0    0.108719581287
8.125    0.105093616792
8.25    0.107964172017
8.375    0.109054119678
8.5    0.109329304484
8.625    0.113219662224
8.75    0.1088544758
8.875    0.111093724707
9.0    0.108039712944
9.125    0.108309501969
9.25    0.108681810824
9.375    0.104063022716
9.5    0.109048723898
9.625    0.106998327308
9.75    0.107370636163
9.875    0.106334646307
10.0    0.114552420008
10.125    0.1075540927
10.25    0.106091836184
10.375    0.104602600766
10.5    0.109458803216
10.625    0.109879674095
10.75    0.107942588895
10.875    0.105390384719
11.0    0.0982086008741
11.125    0.101181675929
11.25    0.0958668321373
11.375    0.107602654724
11.5    0.105314843792
11.625    0.108147628554
11.75    0.107305886797
11.875    0.109329304484
12.0    0.107732153456
12.125    0.107354448821
12.25    0.108439000701
12.375    0.106852641235
12.5    0.0987805536071
12.625    0.0963200776992
12.75    0.0953002751848
12.875    0.105816651379
13.0    0.105606215939
13.125    0.110192629364
13.25    0.105600820159
13.375    0.10615658555
13.5    0.107284303675
13.625    0.10075540927
13.75    0.0942858684509
13.875    0.105028867426
14.0    0.113867155884
14.125    0.111546970269
14.25    0.114379755032
14.375    0.112777208223
14.5    0.110030755949
14.625    0.111309555927
14.75    0.10475368262
14.875    0.111460637781
15.0    0.106113419306
15.125    0.106717746722
15.25    0.107025306211
15.375    0.106140398209
15.5    0.106928182162
15.625    0.114212485836
15.75    0.114288026763
15.875    0.0981114768251
16.0    0.106037878379
16.125    0.0990611341931
16.25    0.106161981331
16.375    0.106210543355
16.5    0.105956941672
16.625    0.0982301839961
16.75    0.0985809097286
16.875    0.101343549344
17.0    0.105536070793
17.125    0.105563049695
17.25    0.105206928182
17.375    0.107742945017
17.5    0.107581071602
17.625    0.106350833648
17.75    0.0972265688232
17.875    0.108158420115
18.0    0.119262936384
18.125    0.108919225166
18.25    0.109739383802
18.375    0.108465979604
18.5    0.0954891275023
18.625    0.10767279987
18.75    0.106982139967
18.875    0.105778880915
19.0    0.116554254573
19.125    0.114379755032
19.25    0.11242108671
19.375    0.112221442832
19.5    0.103156531592
19.625    0.112696271516
19.75    0.114967895106
19.875    0.107090055577
20.0    0.101219446393
20.125    0.111638698538
20.25    0.109798737387
20.375    0.109145847947
20.5    0.10000539578
20.625    0.102476663249
20.75    0.101904710516
20.875    0.101548589003
21.0    0.10961528085
21.125    0.110716020072
21.25    0.110392273242
21.375    0.108115253871
21.5    0.108465979604
21.625    0.108789726434
21.75    0.108385042896
21.875    0.107424593968
22.0    0.108778934873
22.125    0.108989370312
22.25    0.109388658069
22.375    0.109059515459
22.5    0.100852533319
22.625    0.117989532186
22.75    0.110656666487
22.875    0.108595478336
23.0    0.100571952733
23.125    0.101532401662
23.25    0.102422705444
23.375    0.116252090865
23.5    0.110057734851
23.625    0.109863486753
23.75    0.110510980413
23.875    0.110527167755
24.0    0.0988668860951
24.125    0.0990449468516
24.25    0.111816759294
24.375    0.104667350132
24.5    0.105816651379
24.625    0.114622565154
24.75    0.103868774618
24.875    0.113964279933
25.0    0.102870555226
25.125    0.0917660389575
25.25    0.0985377434846
25.375    0.0958614363568
25.5    0.11295526898
25.625    0.113198079102
25.75    0.112054173636
25.875    0.115043436033
26.0    0.111277181244
26.125    0.116262882426
26.25    0.105250094426
26.375    0.114886958399
26.5    0.112102735661
26.625    0.112798791345
26.75    0.106831058113
26.875    0.107025306211
27.0    0.0969567797982
27.125    0.099708627853
27.25    0.0976474397022
27.375    0.0974262127017
27.5    0.1066961636
27.625    0.106658393137
27.75    0.106831058113
27.875    0.114385150812
28.0    0.113187287541
28.125    0.11284735337
28.25    0.100679868343
28.375    0.104947930718
28.5    0.100016187341
28.625    0.108789726434
28.75    0.106566664868
28.875    0.105595424378
29.0    0.108676415043
29.125    0.118318674796
29.25    0.114120757568
29.375    0.109167431069
29.5    0.103205093617
29.625    0.102730264933
29.75    0.0985377434846
29.875    0.0886149031457
30.0    0.106135002428
30.125    0.115599201424
30.25    0.108584686775
30.375    0.118324070577
30.5    0.107392219285
30.625    0.100199643878
30.75    0.102498246371
30.875    0.106755517186
31.0    0.105816651379
31.125    0.105929962769
31.25    0.105660173744
31.375    0.10583283872
31.5    0.106998327308
31.625    0.106237522258
31.75    0.107176388065
31.875    0.102411913883
32.0    0.102670911347
32.125    0.104613392327
32.25    0.100480224464
32.375    0.105751902013
32.5    0.104807640425
32.625    0.10744617709
32.75    0.102838180543
32.875    0.107640425188
33.0    0.0979873738736
33.125    0.100118707171
33.25    0.100852533319
33.375    0.100917282685
33.5    0.106555873307
33.625    0.107894026871
33.75    0.108061296066
33.875    0.105525279232
34.0    0.103037824421
34.125    0.0938973722549
34.25    0.0932067123509
34.375    0.0984999730211
34.5    0.102255436249
34.625    0.108433604921
34.75    0.106771704527
34.875    0.100221227
35.0    0.101759024443
35.125    0.100507203367
35.25    0.100620514757
35.375    0.100982032051
35.5    0.0971348405547
35.625    0.0974963578482
35.75    0.0970107376032
35.875    0.103550423569
36.0    0.099881292829
36.125    0.108778934873
36.25    0.116241299304
36.375    0.1053957805
36.5    0.103836399935
36.625    0.104953326499
36.75    0.100356121513
36.875    0.10032374683
37.0    0.106377812551
37.125    0.110198025144
37.25    0.106572060649
37.375    0.0953488372093
37.5    0.100793179733
37.625    0.100798575514
37.75    0.0965898667242
37.875    0.101062968758
38.0    0.10648033238
38.125    0.104602600766
38.25    0.105600820159
38.375    0.10420870879
38.5    0.113095559273
38.625    0.111719635245
38.75    0.108476771165
38.875    0.108800517995
39.0    0.112458857174
39.125    0.110840123024
39.25    0.103356175471
39.375    0.104122376302
39.5    0.0892731883667
39.625    0.10410618896
39.75    0.0992176118276
39.875    0.108417417579
40.0    0.112064965197
40.125    0.107564884261
40.25    0.108028921383
40.375    0.111903091782
40.5    0.100911886904
40.625    0.0987751578266
40.75    0.106167377111
40.875    0.104947930718
41.0    0.105929962769
41.125    0.108822101117
41.25    0.108460583823
41.375    0.0955538768683
41.5    0.107985755139
41.625    0.0954567528193
41.75    0.0947606971348
41.875    0.1034586953
42.0    0.106496519722
42.125    0.103831004155
42.25    0.0984891814601
42.375    0.103852587277
42.5    0.0969999460422
42.625    0.0974585873847
42.75    0.0930286515945
42.875    0.0978093131172
43.0    0.102492850591
43.125    0.101974855663
43.25    0.102708681811
43.375    0.104683537474
43.5    0.116025468084
43.625    0.106841849674
43.75    0.112841957589
43.875    0.107856256407
44.0    0.10302703286
44.125    0.115604597205
44.25    0.111762801489
44.375    0.112167485027
44.5    0.11933308153
44.625    0.119662224141
44.75    0.118496735553
44.875    0.116127987913
45.0    0.109496573679
45.125    0.10151081854
45.25    0.105897588086
45.375    0.105223115524
45.5    0.106534290185
45.625    0.106652997356
45.75    0.102870555226
45.875    0.102746452274
46.0    0.0995737333405
46.125    0.100987427831
46.25    0.0977445637511
46.375    0.0983219122646
46.5    0.10097124049
46.625    0.100874116441
46.75    0.0940484541089
46.875    0.0948092591593
47.0    0.10356661091
47.125    0.106178168672
47.25    0.100372308854
47.375    0.101953272541
47.5    0.117083041062
47.625    0.105757297793
47.75    0.107381427724
47.875    0.114352776129
48.0    0.111816759294
48.125    0.112933685858
48.25    0.104764474181
48.375    0.105778880915
48.5    0.106108023526
48.625    0.106545081746
48.75    0.106820266552
48.875    0.106717746722
49.0    0.124534613932
49.125    0.124097555711
49.25    0.108509145848
49.375    0.115399557546
49.5    0.108805913775
49.625    0.108773539092
49.75    0.114886958399
49.875    0.115944531376
50.0    0.10086872066
50.125    0.112291587978
50.25    0.112140506124
50.375    0.113403118761
50.5    0.112394107808
50.625    0.10896778719
50.75    0.104554038742
50.875    0.120941024119
51.0    0.126169535423
51.125    0.126174931204
51.25    0.118410403065
51.375    0.121442831706
51.5    0.11242108671
51.625    0.112701667296
51.75    0.11522689257
51.875    0.131549128581
52.0    0.116133383694
52.125    0.118593859602
52.25    0.114509253764
52.375    0.115788053742
52.5    0.115955322937
52.625    0.116084821669
52.75    0.116570441914
52.875    0.10744617709
53.0    0.112712458857
53.125    0.112814978687
53.25    0.115388765985
53.375    0.122160470512
53.5    0.120503965899
53.625    0.121415852803
53.75    0.120919440997
53.875    0.107149409162
54.0    0.106523498624
54.125    0.105573841256
54.25    0.103717692764
54.375    0.105417363622
54.5    0.104500080937
54.625    0.100199643878
54.75    0.0988453029731
54.875    0.101829169589
55.0    0.116268278206
55.125    0.111627906977
55.25    0.106652997356
55.375    0.115604597205
55.5    0.117304268062
55.625    0.118340257918
55.75    0.125403334592
55.875    0.119861868019
56.0    0.101899314736
56.125    0.103949711326
56.25    0.103965898667
56.375    0.104143959424
56.5    0.116230507743
56.625    0.103361571251
56.75    0.104241083473
56.875    0.103485674203
57.0    0.111428263098
57.125    0.111940862246
57.25    0.111789780392
57.375    0.108223169481
57.5    0.109895861436
57.625    0.105433550963
57.75    0.105622403281
57.875    0.10658285221
58.0    0.118183780284
58.125    0.115324016619
58.25    0.112048777856
58.375    0.111692656343
58.5    0.111913883343
58.625    0.112043382075
58.75    0.112442669832
58.875    0.112124318783
59.0    0.116327631792
59.125    0.114007446177
59.25    0.108800517995
59.375    0.109054119678
59.5    0.109372470728
59.625    0.110915663951
59.75    0.127076026547
59.875    0.120185614849
60.0    0.116349214914
60.125    0.117892408137
60.25    0.108627853019
60.375    0.11252360654
60.5    0.104953326499
60.625    0.112469648735
60.75    0.108066691847
60.875    0.109081098581
61.0    0.0977877299951
61.125    0.104597204986
61.25    0.104338207522
61.375    0.10464037123
61.5    0.115410349107
61.625    0.11782226299
61.75    0.126299034155
61.875    0.117223331355
62.0    0.111158474073
62.125    0.112210651271
62.25    0.102660119786
62.375    0.102438892786
62.5    0.118701775212
62.625    0.118798899261
62.75    0.115955322937
62.875    0.117136998867
63.0    0.107899422651
63.125    0.11058112556
63.25    0.111045162683
63.375    0.107500134895
63.5    0.115744887498
63.625    0.115140560082
63.75    0.114536232666
63.875    0.115421140668
64.0    0.0889710246587
64.125    0.09935250634
64.25    0.0995953164625
64.375    0.101974855663
64.5    0.118324070577
64.625    0.109912048778
64.75    0.109707009119
64.875    0.109868882534
65.0    0.106825662332
65.125    0.107392219285
65.25    0.107311282577
65.375    0.109858090973
65.5    0.116009280742
65.625    0.104235687692
65.75    0.116613608158
65.875    0.115901365132
66.0    0.103253655641
66.125    0.103420924837
66.25    0.103264447202
66.375    0.0972265688232
66.5    0.107203366967
66.625    0.106750121405
66.75    0.102185291102
66.875    0.103334592349
67.0    0.112453461393
67.125    0.107154804943
67.25    0.116996708574
67.375    0.117045270598
67.5    0.0907840069066
67.625    0.105989316355
67.75    0.0975341283117
67.875    0.0999298548535
68.0    0.107921005773
68.125    0.108039712944
68.25    0.111930070685
68.375    0.120212593752
68.5    0.110958830195
68.625    0.110840123024
68.75    0.118297091674
68.875    0.112248421734
69.0    0.106960556845
69.125    0.107300491016
69.25    0.117325851184
69.375    0.116775481573
69.5    0.111401284196
69.625    0.112243025954
69.75    0.111832946636
69.875    0.111217827659
70.0    0.099730210975
70.125    0.0988129282901
70.25    0.0988345114121
70.375    0.0970377165057
70.5    0.10258997464
70.625    0.111822155075
70.75    0.110057734851
70.875    0.109663842875
71.0    0.110931851292
71.125    0.110597312901
71.25    0.10366913074
71.375    0.0976366481411
71.5    0.105843630281
71.625    0.104845410889
71.75    0.110699832731
71.875    0.103787837911
72.0    0.101980251443
72.125    0.102039605029
72.25    0.099406464145
72.375    0.0999946042195
72.5    0.113300598932
72.625    0.111412075757
72.75    0.111908487563
72.875    0.109663842875
73.0    0.10367452652
73.125    0.10410079318
73.25    0.108201586359
73.375    0.100048562024
73.5    0.108983974532
73.625    0.099751794097
73.75    0.104483893595
73.875    0.101521610101
74.0    0.0965682836022
74.125    0.0967733232612
74.25    0.0977715426536
74.375    0.100334538391
74.5    0.100453245562
74.625    0.0980683105811
74.75    0.0974477958237
74.875    0.0977931257757
75.0    0.101230237954
75.125    0.0981438515081
75.25    0.0988506987536
75.375    0.107386823504
75.5    0.102741056494
75.625    0.102514433713
75.75    0.102908325689
75.875    0.099956833756
76.0    0.0988183240706
76.125    0.0941347865969
76.25    0.100571952733
76.375    0.0964279933092
76.5    0.0983327038256
76.625    0.0982679544596
76.75    0.0983380996061
76.875    0.0974909620677
77.0    0.104699724815
77.125    0.105131387255
77.25    0.0916149571035
77.375    0.092364970593
77.5    0.099492796633
77.625    0.108827496897
77.75    0.101559380564
77.875    0.100706847245
78.0    0.100480224464
78.125    0.0992284033886
78.25    0.10983111207
78.375    0.109000161873
78.5    0.101381319808
78.625    0.101165488588
78.75    0.101149301246
78.875    0.0962229536502
79.0    0.09168510225
79.125    0.0987050126801
79.25    0.0994658177305
79.375    0.108600874116
79.5    0.101489235418
79.625    0.101753628662
79.75    0.100453245562
79.875    0.0982193924351
80.0    0.0887012356337
80.125    0.0971887983597
80.25    0.102670911347
80.375    0.102795014299
80.5    0.0891814600982
80.625    0.0892138347812
80.75    0.0894566449037
80.875    0.091663519128
81.0    0.100064749366
81.125    0.0955592726488
81.25    0.0910376085901
81.375    0.0912048777856
81.5    0.0983057249231
81.625    0.0983003291426
81.75    0.0986024928506
81.875    0.0986186801921
82.0    0.100577348513
82.125    0.100625910538
82.25    0.100334538391
82.375    0.100636702099
82.5    0.108077483408
82.625    0.108255544164
82.75    0.108266335725
82.875    0.108266335725
83.0    0.104122376302
83.125    0.104176334107
83.25    0.104068418497
83.375    0.103302217666
83.5    0.0963308692602
83.625    0.0966330329682
83.75    0.0970269249447
83.875    0.0970269249447
84.0    0.0948632169643
84.125    0.0872875411428
84.25    0.0873846651918
84.375    0.103107969568
84.5    0.101775211784
84.625    0.101775211784
84.75    0.108811309556
84.875    0.110084713754
85.0    0.0980467274591
85.125    0.0936167916689
85.25    0.0942912642314
85.375    0.092192305617
85.5    0.10485620245
85.625    0.100167269195
85.75    0.100528786489
85.875    0.10053957805
86.0    0.106831058113
86.125    0.104667350132
86.25    0.104667350132
86.375    0.104904764474
86.5    0.0953164625263
86.625    0.0986618464361
86.75    0.0957858954298
86.875    0.0959963308693
87.0    0.100264393244
87.125    0.100604327416
87.25    0.109755571143
87.375    0.106431770356
87.5    0.0977229806291
87.625    0.102449684347
87.75    0.102854367884
87.875    0.102649328225
88.0    0.0913991258836
88.125    0.0913667512006
88.25    0.0915502077375
88.375    0.0906760912966
88.5    0.102967679275
88.625    0.103259051422
88.75    0.102832784762
88.875    0.10280580586
89.0    0.104494685156
89.125    0.102169103761
89.25    0.0957858954298
89.375    0.0981762261911
89.5    0.104802244645
89.625    0.105552258134
89.75    0.104408352668
89.875    0.101543193223
90.0    0.0993417147791
90.125    0.0915717908595
90.25    0.0922732423245
90.375    0.0923487832515
90.5    0.105384988939
90.625    0.0939567258404
90.75    0.0940700372309
90.875    0.105886796525
91.0    0.0963956186262
91.125    0.0965574920412
91.25    0.0968866346517
91.375    0.0947121351103
91.5    0.0946797604274
91.625    0.0942696811094
91.75    0.0944639292074
91.875    0.0945664490369
92.0    0.0996492742675
92.125    0.0997571898775
92.25    0.0972967139697
92.375    0.0908973182971
92.5    0.0968812388712
92.625    0.0965574920412
92.75    0.0939783089624
92.875    0.0939783089624
93.0    0.0977769384342
93.125    0.0977985215561
93.25    0.0978416878001
93.375    0.0979496034101
93.5    0.0944315545244
93.625    0.0946365941834
93.75    0.0994010683645
93.875    0.0974046295797
94.0    0.0976258565802
94.125    0.0984891814601
94.25    0.0979010413856
94.375    0.107181783845
94.5    0.0986726379971
94.625    0.0992068202666
94.75    0.0982517671181
94.875    0.0991636540226
95.0    0.0965952625047
95.125    0.0968542599687
95.25    0.0976960017266
95.375    0.0973506717747
95.5    0.0991690498031
95.625    0.108568499433
95.75    0.107467760212
95.875    0.105271677548
96.0    0.108557707872
96.125    0.107527113797
96.25    0.0962067663087
96.375    0.0963254734797
96.5    0.0977337721902
96.625    0.0957481249663
96.75    0.0957858954298
96.875    0.0951977553553
97.0    0.0945340743539
97.125    0.10367452652
97.25    0.0965143257972
97.375    0.0954783359413
97.5    0.0986726379971
97.625    0.0986564506556
97.75    0.0987859493876
97.875    0.0986672422166
98.0    0.0980629148006
98.125    0.0935412507419
98.25    0.0936707494739
98.375    0.105260885987
98.5    0.0972805266282
98.625    0.0951491933308
98.75    0.0833863918416
98.875    0.0902606161981
99.0    0.0956294177953
99.125    0.0933793773269
99.25    0.0933793773269
99.375    0.0933308153024
99.5    0.0998866886095
99.625    0.109048723898
99.75    0.105336426914
99.875    0.0996708573895
100.0    0.0969028219932
100.125    0.0976906059462
100.25    0.107003723089
100.375    0.104397561107
100.5    0.0881508660228
100.625    0.0881508660228
100.75    0.0882425942913
100.875    0.0885555495603
101.0    0.0889278584147
101.125    0.0878433065343
101.25    0.0960556844548
101.375    0.0895267900502
101.5    0.0975665029947
101.625    0.0995089839745
101.75    0.101861544272
101.875    0.0954999190633
102.0    0.102886742567
102.125    0.10248205903
102.25    0.10248205903
102.375    0.0932121081315
102.5    0.102552204176
102.625    0.102600766201
102.75    0.10258997464
102.875    0.103323800788
103.0    0.104133167863
103.125    0.0971024658717
103.25    0.0940430583284
103.375    0.0941132034749
103.5    0.100426266659
103.625    0.100339934171
103.75    0.10064749366
103.875    0.0984891814601
104.0    0.0830302703286
104.125    0.0832838720121
104.25    0.0858468677494
104.375    0.093034047375
104.5    0.09967625317
104.625    0.0977553553121
104.75    0.0970916743107
104.875    0.0972751308477
105.0    0.0942750768899
105.125    0.0967139696757
105.25    0.0962391409917
105.375    0.0969136135542
105.5    0.0966114498462
105.625    0.0967517401392
105.75    0.103404737495
105.875    0.103393945934
106.0    0.0966384287487
106.125    0.0958128743323
106.25    0.0956941671613
106.375    0.0955970431123
106.5    0.0960394971133
106.625    0.0962499325527
106.75    0.0972481519452
106.875    0.0972967139697
107.0    0.099708627853
107.125    0.0992122160471
107.25    0.0992122160471
107.375    0.099374089462
107.5    0.100016187341
107.625    0.100955053148
107.75    0.101284195759
107.875    0.112555981223
108.0    0.0940862245724
108.125    0.0941941401824
108.25    0.0967139696757
108.375    0.0945178870124
108.5    0.101375924027
108.625    0.101375924027
108.75    0.0991258835591
108.875    0.099471213511
109.0    0.0971240489937
109.125    0.0948578211838
109.25    0.0879134516808
109.375    0.0928667781795
109.5    0.0982949333621
109.625    0.0987697620461
109.75    0.0989586143636
109.875    0.0987859493876
110.0    0.100642097879
110.125    0.0939189553769
110.25    0.0944747207684
110.375    0.0945610532564
110.5    0.0790373927589
110.625    0.0860303242864
110.75    0.0864296120434
110.875    0.0857875141639
111.0    0.0929315275455
111.125    0.0929315275455
111.25    0.092936923326
111.375    0.0930070684724
111.5    0.0964657637727
111.625    0.0966600118707
111.75    0.0954297739168
111.875    0.0954297739168
112.0    0.0950035072573
112.125    0.0948308422813
112.25    0.0952355258188
112.375    0.102152916419
112.5    0.102509037932
112.625    0.102724869152
112.75    0.102951491933
112.875    0.103075594885
113.0    0.0885555495603
113.125    0.0876976204608
113.25    0.0878217234123
113.375    0.0819025522042
113.5    0.0975611072142
113.625    0.0969405924567
113.75    0.0962553283332
113.875    0.0979603949711
114.0    0.0999514379755
114.125    0.0885609453407
114.25    0.0885879242433
114.375    0.0887282145362
114.5    0.0972643392867
114.625    0.0994981924135
114.75    0.0988776776561
114.875    0.0988830734366
115.0    0.108811309556
115.125    0.104494685156
115.25    0.0953866076728
115.375    0.104872389791
115.5    0.0884098634868
115.625    0.0885069875358
115.75    0.0887821723412
115.875    0.0889008795122
116.0    0.0937301030594
116.125    0.0937301030594
116.25    0.0937301030594
116.375    0.0948955916473
116.5    0.0991744455836
116.625    0.105136783036
116.75    0.09308800518
116.875    0.0941078076944
117.0    0.11198402849
117.125    0.0982301839961
117.25    0.100593535855
117.375    0.0981060810446
117.5    0.0941995359629
117.625    0.0936329790104
117.75    0.100744617709
117.875    0.0958074785518
118.0    0.0913829385421
118.125    0.0845734635515
118.25    0.084708358064
118.375    0.0977013975072
118.5    0.0955215021853
118.625    0.0955592726488
118.75    0.0933577942049
118.875    0.0888792963902
119.0    0.0987212000216
119.125    0.0940538498894
119.25    0.0942750768899
119.375    0.0941941401824
120.0    0.0984622025576
120.125    0.0984406194356
120.25    0.0984352236551
120.375    0.105654777964
120.5    0.0867695462149
120.625    0.0985053688016
120.75    0.102665515567
120.875    0.103523444666
121.0    0.0945502616954
121.125    0.0947930718178
121.25    0.0946204068419
121.375    0.0900124102952
121.5    0.0944801165489
121.625    0.0944801165489
121.75    0.0941887444019
121.875    0.0896832676847
122.0    0.0979819780931
122.125    0.0945394701344
122.25    0.0866724221659
122.375    0.10065288944
122.5    0.0950844439648
122.625    0.0997463983165
122.75    0.099730210975
122.875    0.0975988776777
123.0    0.0998651054875
123.125    0.100075540927
123.25    0.100016187341
123.375    0.10010791561
123.5    0.0836345977446
123.625    0.0836345977446
123.75    0.0883936761453
123.875    0.0880429504128
124.0    0.0933793773269
124.125    0.0923595748125
124.25    0.0956294177953
124.375    0.0956348135758
124.5    0.0894890195867
124.625    0.0895537689527
124.75    0.0895213942697
124.875    0.0893595208547
125.0    0.0953272540873
125.125    0.0953272540873
125.25    0.0955538768683
125.375    0.0954891275023
125.5    0.0963632439432
125.625    0.0963632439432
125.75    0.0871904170938
125.875    0.0875519343873
126.0    0.100302163708
126.125    0.100302163708
126.25    0.100296767927
126.375    0.100307559488
126.5    0.0973236928722
126.625    0.0972805266282
126.75    0.0973776506772
126.875    0.0975341283117
127.0    0.100771596611
127.125    0.100593535855
127.25    0.0983542869476
127.375    0.0960394971133
127.5    0.100232018561
127.625    0.0979819780931
127.75    0.0978093131172
127.875    0.0962013705282
128.0    0.0967679274807
128.125    0.0984190363136
128.25    0.0951006313063
128.375    0.0949387578913
128.5    0.0969459882372
128.625    0.0969459882372
128.75    0.0969459882372
128.875    0.0923703663735
129.0    0.0930286515945
129.125    0.0943182431339
129.25    0.092354179032
129.375    0.0925538229105
129.5    0.0963470566017
129.625    0.0963686397237
129.75    0.0963038903577
129.875    0.0887605892192
130.0    0.0906976744186
130.125    0.0908109858091
130.25    0.0822856526196
130.375    0.0874871850213
130.5    0.0971887983597
130.625    0.0995089839745
130.75    0.0983219122646
130.875    0.0994981924135
131.0    0.0981006852641
131.125    0.0963902228457
131.25    0.092289429666
131.375    0.0934279393514
131.5    0.0874008525333
131.625    0.093012464253
131.75    0.0899476609292
131.875    0.0899746398317
132.0    0.100156477634
132.125    0.100280580586
132.25    0.107160200723
132.375    0.104661954352
132.5    0.0883019478768
132.625    0.0977445637511
132.75    0.0970107376032
132.875    0.09244051152
133.0    0.084438569039
133.125    0.0984190363136
133.25    0.0910807748341
133.375    0.0981168726056
133.5    0.0935196676199
133.625    0.092645551179
133.75    0.103005449738
133.875    0.100857929099
134.0    0.091890141909
134.125    0.0930556304969
134.25    0.0907462364431
134.375    0.0896401014407
134.5    0.0877407867048
134.625    0.092505260886
134.75    0.0926185722765
134.875    0.101899314736
135.0    0.104807640425
135.125    0.104893972913
135.25    0.104834619328
135.375    0.0958884152593
135.5    0.0958776236983
135.625    0.0960233097718
135.75    0.0948740085253
135.875    0.0958776236983
136.0    0.0882857605353
136.125    0.10281120164
136.25    0.0959855393083
136.375    0.0892462094642
136.5    0.104397561107
136.625    0.0873522905088
136.75    0.0958020827713
136.875    0.0890843360492
137.0    0.0948470296228
137.125    0.0949657367938
137.25    0.09265634274
137.375    0.0925969891545
137.5    0.0933254195219
137.625    0.0911563157611
137.75    0.0913073976151
137.875    0.0913127933956
138.0    0.0936060001079
138.125    0.0892677925862
138.25    0.0892462094642
138.375    0.0892677925862
138.5    0.101705066638
138.625    0.0890573571467
138.75    0.0892893757082
138.875    0.0904494685156
139.0    0.0874871850213
139.125    0.085107645821
139.25    0.092321804349
139.375    0.092354179032
139.5    0.0940376625479
139.625    0.0944639292074
139.75    0.0951653806723
139.875    0.0929639022284
140.0    0.092278638105
140.125    0.101451464954
140.25    0.0925969891545
140.375    0.0949549452328
140.5    0.103944315545
140.625    0.101764420223
140.75    0.101931689419
140.875    0.102028813468
141.0    0.0858468677494
141.125    0.0813737657152
141.25    0.0819187395457
141.375    0.0819834889117
141.5    0.106701559381
141.625    0.0976420439217
141.75    0.0953704203313
141.875    0.0976690228241
142.0    0.0913613554201
142.125    0.0909998381266
142.25    0.0910537959316
142.375    0.0912588355906
142.5    0.0797442400043
142.625    0.0798467598338
142.75    0.0822370905952
142.875    0.0870015647763
143.0    0.0893487292937
143.125    0.0782118383424
143.25    0.0866670263854
143.375    0.0870285436788
143.5    0.0889278584147
143.625    0.0889008795122
143.75    0.0888954837317
143.875    0.103501861544
144.0    0.099579129121
144.125    0.0950035072573
144.25    0.0949927156963
144.375    0.0948038633788
144.5    0.0944045756219
144.625    0.0990449468516
144.75    0.0950466735013
144.875    0.0941563697189
145.0    0.0874656018993
145.125    0.0873954567528
145.25    0.0874763934603
145.375    0.0876274753143
145.5    0.092170722495
145.625    0.0921761182755
145.75    0.0922408676415
145.875    0.09200884908
146.0    0.0867911293369
146.125    0.0868558787028
146.25    0.0867857335564
146.375    0.0872066044353
146.5    0.0971078616522
146.625    0.0972427561647
146.75    0.0970107376032
146.875    0.0974963578482
147.0    0.0906059461501
147.125    0.0977337721902
147.25    0.0955808557708
147.375    0.0922732423245
147.5    0.100474828684
147.625    0.0958884152593
147.75    0.0958074785518
147.875    0.0982787460206
148.0    0.099816543463
148.125    0.0967463443587
148.25    0.0976096692387
148.375    0.0978255004587
148.5    0.0943991798414
148.625    0.0945772405979
148.75    0.0983488911671
148.875    0.100318351049
149.0    0.100264393244
149.125    0.100388496196
149.25    0.0980251443371
149.375    0.0980629148006
149.5    0.0999406464145
149.625    0.0976636270436
149.75    0.0977013975072
149.875    0.0978470835806
150.0    0.099406464145
150.125    0.099363297901
150.25    0.099363297901
150.375    0.0947445097933
150.5    0.0958668321373
150.625    0.0962930987967
150.75    0.0960934549183
150.875    0.0918415798845
151.0    0.0982517671181
151.125    0.0959909350888
151.25    0.0956671882588
151.375    0.0958830194788
151.5    0.0884152592673
151.625    0.0839367614525
151.75    0.0839367614525
151.875    0.084050072843
152.0    0.0988129282901
152.125    0.0909189014191
152.25    0.0795607834673
152.375    0.0910915663951
152.5    0.0900825554416
152.625    0.0891275022932
152.75    0.0893271461717
152.875    0.0850267091135
153.0    0.0949171747693
153.125    0.0937085199374
153.25    0.0892893757082
153.375    0.092850590838
153.5    0.0950682566233
153.625    0.0949981114768
153.75    0.0975449198727
153.875    0.0975233367507
154.0    0.0855123293584
154.125    0.0848108778935
154.25    0.0849295850645
154.375    0.0813737657152
154.5    0.0858576593104
154.625    0.0910969621756
154.75    0.0910969621756
154.875    0.0833432255976
155.0    0.0956779798198
155.125    0.0937247072789
155.25    0.0917552473965
155.375    0.0919063292505
155.5    0.0989640101441
155.625    0.0968542599687
155.75    0.0968650515297
155.875    0.0964549722117
156.0    0.101456860735
156.125    0.100679868343
156.25    0.100820158636
156.375    0.100874116441
156.5    0.0823719851077
156.625    0.0823719851077
156.75    0.0823827766687
156.875    0.09179301786
157.0    0.0896994550262
157.125    0.0897965790752
157.25    0.0892300221227
157.375    0.0832622888901
157.5    0.0970485080667
157.625    0.0992499865106
157.75    0.0946096152809
157.875    0.0941941401824
158.0    0.0920789942265
158.125    0.0911131495171
158.25    0.0888469217072
158.375    0.0903415529056
158.5    0.0970808827497
158.625    0.0901473048076
158.75    0.0949171747693
158.875    0.0952193384773
159.0    0.0861274483354
159.125    0.0862299681649
159.25    0.0862083850429
159.375    0.0863972373604
159.5    0.0862407597259
159.625    0.0914800625911
159.75    0.0913127933956
159.875    0.0868073166784
160.0    0.0956294177953
160.125    0.0933362110829
160.25    0.0934765013759
160.375    0.0934926887174
160.5    0.0925322397885
160.625    0.0926185722765
160.75    0.092710300545
160.875    0.092591593374
161.0    0.0821453623267
161.125    0.0913559596396
161.25    0.0819996762532
161.375    0.0799600712243
161.5    0.0916797064695
161.625    0.0942265148654
161.75    0.0878540980953
161.875    0.0878540980953
162.0    0.0803971294448
162.125    0.0845626719905
162.25    0.085215561431
162.375    0.0829061673771
162.5    0.0960772675768
162.625    0.103313009227
162.75    0.101100739222
162.875    0.101440673393
163.0    0.0895483731722
163.125    0.0895321858307
163.25    0.0893757081962
163.375    0.0897534128312
163.5    0.0890843360492
163.625    0.0822209032537
163.75    0.084524901527
163.875    0.085129228943
164.0    0.0874925808018
164.125    0.0877030162413
164.25    0.0856310365294
164.375    0.0925322397885
164.5    0.0852533318945
164.625    0.0856742027734
164.75    0.0863486753359
164.875    0.0828036475476
165.0    0.0835590568176
165.125    0.0831166028166
165.25    0.0966761992122
165.375    0.092375762154
165.5    0.0950898397453
165.625    0.0953704203313
165.75    0.0942049317434
165.875    0.0953380456483
166.0    0.0869314196298
166.125    0.0871526466303
166.25    0.0872605622403
166.375    0.0966114498462
166.5    0.0835590568176
166.625    0.0836453893056
166.75    0.0837748880376
166.875    0.08401769816
167.0    0.0940646414504
167.125    0.0942157233044
167.25    0.0919710786165
167.375    0.09190093347
167.5    0.0933739815464
167.625    0.0863756542384
167.75    0.0861652187989
167.875    0.0893163546107
168.0    0.084859439918
168.125    0.08531268548
168.25    0.0854637673339
168.375    0.0855069335779
168.5    0.0859385960179
168.625    0.0841310095505
168.75    0.0845410888685
168.875    0.100836345977
169.0    0.0966600118707
169.125    0.0977661468732
169.25    0.0876058921923
169.375    0.0879350348028
169.5    0.0868558787028
169.625    0.0903631360276
169.75    0.0897318297092
169.875    0.0842497167215
170.0    0.0902498246371
170.125    0.0857551394809
170.25    0.0851346247235
170.375    0.100037770464
170.5    0.0820266551557
170.625    0.0865645065559
170.75    0.0941941401824
170.875    0.0943236389144
171.0    0.0998758970485
171.125    0.0860734905304
171.25    0.0871256677278
171.375    0.0965035342362
171.5    0.0940916203529
171.625    0.0941455781579
171.75    0.0875573301678
171.875    0.0871850213133
172.0    0.0871742297523
172.125    0.0873954567528
172.25    0.0874925808018
172.375    0.0874979765823
172.5    0.0804996492743
172.625    0.0806345437868
172.75    0.0830356661091
172.875    0.0737171531862
173.0    0.103501861544
173.125    0.101807586467
173.25    0.100302163708
173.375    0.10043705822
173.5    0.0861004694329
173.625    0.0909242971996
173.75    0.0885933200237
173.875    0.0888577132682
174.0    0.0905411967841
174.125    0.0902336372956
174.25    0.0904009064911
174.375    0.0896886634652
174.5    0.0879134516808
174.625    0.0805536070793
174.75    0.0803863378838
174.875    0.0828737926941
175.0    0.0914422921276
175.125    0.0887767765607
175.25    0.0892839799277
175.375    0.0892462094642
175.5    0.0867911293369
175.625    0.0936653536934
175.75    0.0836507850861
175.875    0.084481735283
176.0    0.0863594668969
176.125    0.0864565909459
176.25    0.0856957858954
176.375    0.0856310365294
176.5    0.0910052339071
176.625    0.0908865267361
176.75    0.0867533588734
176.875    0.0823234230832
177.0    0.0858198888469
177.125    0.0814007446177
177.25    0.0820050720337
177.375    0.0818378028382
177.5    0.092408136837
177.625    0.092073598446
177.75    0.0910430043706
177.875    0.084913397723
178.0    0.0809205201532
178.125    0.0800086332488
178.25    0.0869422111908
178.375    0.0859278044569
178.5    0.0955107106243
178.625    0.0958452490153
178.75    0.084427777478
178.875    0.0837694922571
179.0    0.0964333890897
179.125    0.0921113689095
179.25    0.0901904710516
179.375    0.099665461609
180.0    0.0892192305617
180.125    0.0891382938542
180.25    0.0899314735877
180.375    0.0888739006097
180.5    0.0879242432418
180.625    0.084708358064
180.75    0.0884476339503
180.875    0.0959855393083
181.0    0.101111530783
181.125    0.0942049317434
181.25    0.0851993740895
181.375    0.0945610532564
181.5    0.0963902228457
181.625    0.0964225975287
181.75    0.0965520962607
181.875    0.0944909081099
182.0    0.0795823665893
182.125    0.0825284627421
182.25    0.0824745049372
182.375    0.0824960880591
182.5    0.0870555225814
182.625    0.0849619597475
182.75    0.0826741488156
182.875    0.0830680407921
183.0    0.0819133437652
183.125    0.0806938973723
183.25    0.0823665893272
183.375    0.0800356121513
183.5    0.0959909350888
183.625    0.0948955916473
183.75    0.0885015917552
183.875    0.0910807748341
184.0    0.0800410079318
184.125    0.0803809421033
184.25    0.0878972643393
184.375    0.0970754869692
184.5    0.0908433604921
184.625    0.0908487562726
184.75    0.0907624237846
184.875    0.0909296929801
185.0    0.0862947175309
185.125    0.0862407597259
185.25    0.0964765553337
185.375    0.0874116440943
185.5    0.0904872389791
185.625    0.099827335024
185.75    0.0919602870555
185.875    0.092203097178
186.0    0.0894782280257
186.125    0.0882371985108
186.25    0.0879782010468
186.375    0.0871850213133
186.5    0.101759024443
186.625    0.101170884368
186.75    0.100517994928
186.875    0.0914854583716
187.0    0.0913451680786
187.125    0.0841849673555
187.25    0.0822424863756
187.375    0.084276695624
187.5    0.0841525926725
187.625    0.0914422921276
187.75    0.0913343765176
187.875    0.0865591107754
188.0    0.0911023579561
188.125    0.0909674634436
188.25    0.0915502077375
188.375    0.0893541250742
188.5    0.0829763125236
188.625    0.0838881994281
188.75    0.0910214212486
188.875    0.0911185452976
189.0    0.0867911293369
189.125    0.0869260238493
189.25    0.0867857335564
189.375    0.0894242702207
189.5    0.0978740624831
189.625    0.0970754869692
189.75    0.0972103814817
189.875    0.0972859224087
190.0    0.0975557114337
190.125    0.093163546107
190.25    0.0934387309124
190.375    0.0915771866401
190.5    0.0845626719905
190.625    0.0832946635731
190.75    0.0833917876221
190.875    0.084006906599
191.0    0.0883936761453
191.125    0.0885771326822
191.25    0.0826417741326
191.375    0.0886149031457
191.5    0.0980737063616
191.625    0.0903847191496
191.75    0.0903685318081
191.875    0.0892462094642
192.0    0.100205039659
192.125    0.0984514109966
192.25    0.0987697620461
192.375    0.0893541250742
192.5    0.100625910538
192.625    0.0988453029731
192.75    0.0944639292074
192.875    0.10312955269
193.0    0.0988614903146
193.125    0.0975557114337
193.25    0.0932498785949
193.375    0.0933308153024
193.5    0.0913937301031
193.625    0.0882965520963
193.75    0.0865860896779
193.875    0.0877947445098
194.0    0.0864134247019
194.125    0.0981492472886
194.25    0.0911671073221
194.375    0.0866400474829
194.5    0.0827227108401
194.625    0.0827820644256
194.75    0.0837101386716
194.875    0.083963740355
195.0    0.0964172017482
195.125    0.0967301570172
195.25    0.0899422651487
195.375    0.0903739275886
195.5    0.0997248151945
195.625    0.09946042195
195.75    0.0977985215561
195.875    0.0979334160686
196.0    0.092300221227
196.125    0.0930718178384
196.25    0.0931743376679
196.375    0.0914099174446
196.5    0.0831166028166
196.625    0.0885231748773
196.75    0.0907246533211
196.875    0.0907300491016
197.0    0.100350725732
197.125    0.106296875843
197.25    0.0927696541305
197.375    0.0928451950575
197.5    0.0983542869476
197.625    0.0995305670965
197.75    0.0917984136405
197.875    0.092030432202
198.0    0.0861220525549
198.125    0.0857713268224
198.25    0.0892731883667
198.375    0.0817352830087
198.5    0.0877192035828
198.625    0.0881778449253
198.75    0.09287217396
198.875    0.093152754546
199.0    0.0998219392435
199.125    0.0998758970485
199.25    0.0908487562726
199.375    0.0916149571035
199.5    0.103442507959
199.625    0.0942858684509
199.75    0.0943020557924
199.875    0.0924459073005
200.0    0.0906652997356
200.125    0.0902228457346
200.25    0.0903037824421
200.375    0.0883774888038
200.5    0.0881346786813
200.625    0.0949711325743
200.75    0.0950196945988
200.875    0.0949981114768
201.0    0.0899422651487
201.125    0.0901095343441
201.25    0.0923919494955
201.375    0.092559218691
201.5    0.0908973182971
201.625    0.0863109048724
201.75    0.0862461555064
201.875    0.0886418820482
202.0    0.0908919225166
202.125    0.0909081098581
202.25    0.0886958398532
202.375    0.0799978416878
202.5    0.0916797064695
202.625    0.0918307883235
202.75    0.0921653267145
202.875    0.0875087681433
203.0    0.0911401284196
203.125    0.084352236551
203.25    0.084201154697
203.375    0.084136405331
203.5    0.0869637943129
203.625    0.0871364592888
203.75    0.0804025252253
203.875    0.0793881184913
204.0    0.0930394431554
204.125    0.0934171477904
204.25    0.0936869368154
204.375    0.103043220202
204.5    0.0885933200237
204.625    0.0890357740247
204.75    0.0866238601414
204.875    0.0864080289214
205.0    0.0936761452544
205.125    0.0917444558355
205.25    0.0917444558355
205.375    0.0930664220579
205.5    0.0906760912966
205.625    0.100232018561
205.75    0.0963848270652
205.875    0.0966761992122
206.0    0.0886634651702
206.125    0.0900933470026
206.25    0.0900501807587
206.375    0.0903793233691
206.5    0.0953056709653
206.625    0.0867101926294
206.75    0.0866994010684
206.875    0.0869260238493
207.0    0.0889602330977
207.125    0.0888091512437
207.25    0.0891059191712
207.375    0.0892623968057
207.5    0.0905573841256
207.625    0.0902120541736
207.75    0.0901796794906
207.875    0.0885879242433
208.0    0.0958344574543
208.125    0.0960341013328
208.25    0.091555603518
208.375    0.0913775427616
208.5    0.0949387578913
208.625    0.0885285706578
208.75    0.0908217773701
208.875    0.0907786111261
209.0    0.091890141909
209.125    0.0921113689095
209.25    0.0782334214644
209.375    0.0829439378406
209.5    0.0908001942481
209.625    0.0917336642745
209.75    0.092073598446
209.875    0.092667134301
210.0    0.0940268709869
210.125    0.0894836238062
210.25    0.0945340743539
210.375    0.0939567258404
210.5    0.0988453029731
210.625    0.0942319106459
210.75    0.0919387039335
210.875    0.0917552473965
211.0    0.092300221227
211.125    0.09276425835
211.25    0.092807424594
211.375    0.0846921707225
211.5    0.09190093347
211.625    0.09190093347
211.75    0.0965143257972
211.875    0.0967193654562
212.0    0.101543193223
212.125    0.0967895106027
212.25    0.0949495494523
212.375    0.0879188474613
212.5    0.0967193654562
212.625    0.0967193654562
212.75    0.0967193654562
212.875    0.0957319376248
213.0    0.09211676469
213.125    0.09211676469
213.25    0.0922246803
213.375    0.0904116980521
213.5    0.0899422651487
213.625    0.0969837587007
213.75    0.0969621755787
213.875    0.0969891544812
214.0    0.0960556844548
214.125    0.0939783089624
214.25    0.0940862245724
214.375    0.0940862245724
214.5    0.0943128473534
214.625    0.0878594938758
214.75    0.0904332811741
214.875    0.0907678195651
215.0    0.092483677764
215.125    0.101845356931
215.25    0.0859655749204
215.375    0.0852317487725
215.5    0.0930718178384
215.625    0.0788647277829
215.75    0.0812604543247
215.875    0.0874008525333
216.0    0.0901311174661
216.125    0.092408136837
216.25    0.0924459073005
216.375    0.0921869098365
216.5    0.09287217396
216.625    0.0930664220579
216.75    0.0932067123509
216.875    0.0981924135326
217.0    0.0888199428047
217.125    0.0889980035612
217.25    0.0867695462149
217.375    0.0866886095074
217.5    0.0931743376679
217.625    0.0887551934387
217.75    0.0885987158043
217.875    0.0888361301462
218.0    0.103232072519
218.125    0.0943236389144
218.25    0.0943128473534
218.375    0.0943128473534
218.5    0.0947229266713
218.625    0.103857983057
218.75    0.0968380726272
218.875    0.0897264339287
219.0    0.0896508930017
219.125    0.0926293638375
219.25    0.091911725031
219.375    0.0887659849997
219.5    0.0957427291858
219.625    0.0956132304538
219.75    0.0959099983813
219.875    0.092170722495
220.0    0.0882318027303
220.125    0.0934603140344
220.25    0.0933308153024
220.375    0.0932228996924
220.5    0.0932930448389
220.625    0.0932498785949
220.75    0.0932498785949
220.875    0.0931473587654
221.0    0.0913289807371
221.125    0.077407867048
221.25    0.0777046349754
221.375    0.0897264339287
221.5    0.0910753790536
221.625    0.0892300221227
221.75    0.0912750229321
221.875    0.0916257486645
222.0    0.0856040576269
222.125    0.0925646144715
222.25    0.0865051529704
222.375    0.0865051529704
222.5    0.092882965521
222.625    0.0905088221011
222.75    0.0904980305401
222.875    0.0906275292721
223.0    0.0894782280257
223.125    0.091760643177
223.25    0.0893217503912
223.375    0.0893811039767
223.5    0.092882965521
223.625    0.0954351696973
223.75    0.0952517131603
223.875    0.0954945232828
224.0    0.0894620406842
224.125    0.0894944153672
224.25    0.0864673825069
224.375    0.0861598230184
224.5    0.0902228457346
224.625    0.0902552204176
224.75    0.0902606161981
224.875    0.0903361571251
225.0    0.0903307613446
225.125    0.0996276911455
225.25    0.099557545999
225.375    0.0933847731074
225.5    0.0922192845195
225.625    0.0923595748125
225.75    0.092516052447
225.875    0.092807424594
226.0    0.092267846544
226.125    0.092030432202
226.25    0.0829061673771
226.375    0.0829924998651
226.5    0.0906167377111
226.625    0.0905627799061
226.75    0.0908325689311
226.875    0.0910753790536
227.0    0.099924459073
227.125    0.0978362920197
227.25    0.0969783629202
227.375    0.0969675713592
227.5    0.0905681756866
227.625    0.0906491123941
227.75    0.0915502077375
227.875    0.0906383208331
228.0    0.0947984675983
228.125    0.0850267091135
228.25    0.0859871580424
228.375    0.0931419629849
228.5    0.0957265418443
228.625    0.0973290886527
228.75    0.0973290886527
228.875    0.0950952355258
229.0    0.0945556574759
229.125    0.0972643392867
229.25    0.0948416338423
229.375    0.0948686127448
229.5    0.0956995629418
229.625    0.0906059461501
229.75    0.0902929908811
229.875    0.0904764474181
230.0    0.0966060540657
230.125    0.0968164895052
230.25    0.0924890735445
230.375    0.0807640425188
230.5    0.0950250903793
230.625    0.0925754060325
230.75    0.0928451950575
230.875    0.0929800895699
231.0    0.0940322667674
231.125    0.0943668051584
231.25    0.0942912642314
231.375    0.0932498785949
231.5    0.092915340204
231.625    0.093228295473
231.75    0.0909242971996
231.875    0.0909296929801
232.0    0.0802352560298
232.125    0.0825554416446
232.25    0.0824097555711
232.375    0.0870825014838
232.5    0.0905250094426
232.625    0.0908541520531
232.75    0.0879296390223
232.875    0.0903955107106
233.0    0.0899692440512
233.125    0.0899638482707
233.25    0.0830950196946
233.375    0.0830032914261
233.5    0.0816489505207
233.625    0.0818378028382
233.75    0.0819619057897
233.875    0.0820644256192
234.0    0.0910645874926
234.125    0.0908325689311
234.25    0.0908271731506
234.375    0.0908595478336
234.5    0.0933200237414
234.625    0.0821831327902
234.75    0.0735714671127
234.875    0.0730804510873
235.0    0.0835104947931
235.125    0.0838342416231
235.25    0.0842389251605
235.375    0.084470943722
235.5    0.0899692440512
235.625    0.0898883073437
235.75    0.0890735444882
235.875    0.0888577132682
236.0    0.0916527275671
236.125    0.0912480440296
236.25    0.0917984136405
236.375    0.0804079210058
236.5    0.0895159984892
236.625    0.0885447579993
236.75    0.0885501537797
236.875    0.0885501537797
237.0    0.0945718448174
237.125    0.0945718448174
237.25    0.0950412777208
237.375    0.0950412777208
237.5    0.0840554686235
237.625    0.084157988453
237.75    0.0844493606
237.875    0.084632817137
238.0    0.0928451950575
238.125    0.093077213619
238.25    0.0816273673987
238.375    0.0889062752927
238.5    0.0809421032752
238.625    0.0764204392165
238.75    0.0742351481142
238.875    0.0859709707009
239.0    0.0915502077375
239.125    0.0916689149085
239.25    0.0896401014407
239.375    0.0896886634652
240.0    0.0920789942265
240.125    0.09211676469
240.25    0.0922192845195
240.375    0.092375762154
240.5    0.0900555765392
240.625    0.0898181621972
240.75    0.0897534128312
240.875    0.0909458803216
241.0    0.0840446770625
241.125    0.084050072843
241.25    0.0840123023795
241.375    0.084222737819
241.5    0.0871148761669
241.625    0.0870501268008
241.75    0.0939189553769
241.875    0.0857983057249
242.0    0.0952948794043
242.125    0.0907570280041
242.25    0.0933038363999
242.375    0.0937247072789
242.5    0.100026978902
242.625    0.0868774618249
242.75    0.0935844169859
242.875    0.092796633033
243.0    0.0768413100955
243.125    0.083877407867
243.25    0.0843036745265
243.375    0.084373819673
243.5    0.0867101926294
243.625    0.0861921977014
243.75    0.0867209841904
243.875    0.0937840608644
244.0    0.0875411428263
244.125    0.0875519343873
244.25    0.0875519343873
244.375    0.0880861166568
244.5    0.0862191766039
244.625    0.0862191766039
244.75    0.0861598230184
244.875    0.0861004694329
245.0    0.0871040846058
245.125    0.0870555225814
245.25    0.0870609183618
245.375    0.0876328710948
245.5    0.0869583985323
245.625    0.0869583985323
245.75    0.0871040846058
245.875    0.0873145200453
246.0    0.0869152322883
246.125    0.0868073166784
246.25    0.0872173959963
246.375    0.0865105487509
246.5    0.0966168456267
246.625    0.0943991798414
246.75    0.0945934279394
246.875    0.0809744779583
247.0    0.0860626989694
247.125    0.0860680947499
247.25    0.0860680947499
247.375    0.0965413046997
247.5    0.0847892947715
247.625    0.0875465386068
247.75    0.0873307073868
247.875    0.0967409485782
248.0    0.0830734365726
248.125    0.0829709167431
248.25    0.092354179032
248.375    0.0928775697405
248.5    0.0869637943129
248.625    0.0893487292937
248.75    0.0883289267793
248.875    0.0880105757298
249.0    0.0881994280473
249.125    0.0882048238278
249.25    0.0866346517024
249.375    0.0870123563374
249.5    0.0879080559003
249.625    0.0808233961043
249.75    0.0808395834458
249.875    0.0833000593536
250.0    0.0868936491664
250.125    0.0869853774348
250.25    0.0800032374683
250.375    0.0781524847569
250.5    0.092494469325
250.625    0.0793611395888
250.75    0.0805104408353
250.875    0.0807046889333
251.0    0.0855554956024
251.125    0.0833702045001
251.25    0.0834673285491
251.375    0.0848756272595
251.5    0.0935466465224
251.625    0.0844223816975
251.75    0.084373819673
251.875    0.0913937301031
252.0    0.0782873792694
252.125    0.0790535801004
252.25    0.0862029892624
252.375    0.100372308854
252.5    0.0825392543031
252.625    0.0856580154319
252.75    0.0858090972859
252.875    0.0857119732369
253.0    0.0700102519829
253.125    0.0701019802515
253.25    0.0724653321103
253.375    0.0702045000809
253.5    0.092267846544
253.625    0.092170722495
253.75    0.092246263422
253.875    0.0931743376679
254.0    0.0963740355042
254.125    0.0858630550909
254.25    0.0927156963255
254.375    0.0882587816328
254.5    0.0960772675768
254.625    0.0959963308693
254.75    0.0937408946204
254.875    0.0931041925215
255.0    0.0883181352183
255.125    0.0858522635299
255.25    0.0860788863109
255.375    0.0865645065559
255.5    0.0876004964118
255.625    0.0875735175093
255.75    0.0883720930233
255.875    0.0886904440727
256.0    0.0961096422598
256.125    0.0959585604058
256.25    0.0961312253818
256.375    0.0960664760158
256.5    0.0868127124589
256.625    0.0869098365078
256.75    0.0950844439648
256.875    0.0815302433497
257.0    0.091728268494
257.125    0.0931365672045
257.25    0.099255382291
257.375    0.092451303081
257.5    0.0957858954298
257.625    0.0823450062051
257.75    0.0827658770841
257.875    0.0876868288998
258.0    0.0879458263638
258.125    0.0878918685588
258.25    0.0869314196298
258.375    0.0857065774564
258.5    0.0863540711164
258.625    0.0730318890628
258.75    0.0939459342794
258.875    0.0826363783521
259.0    0.0939891005234
259.125    0.0939891005234
259.25    0.0940808287919
259.375    0.0940970161334
259.5    0.0825608374251
259.625    0.0823396104247
259.75    0.0804456914693
259.875    0.0973722548967
260.0    0.0962121620892
260.125    0.0963092861382
260.25    0.103280634544
260.375    0.0984837856796
260.5    0.0933685857659
260.625    0.0933092321804
260.75    0.0937732693034
260.875    0.0938973722549
261.0    0.0786596881239
261.125    0.0833809960611
261.25    0.0858846382129
261.375    0.084891814601
261.5    0.0853828306265
261.625    0.0853936221875
261.75    0.0692386553715
261.875    0.0834997032321
262.0    0.0896239140992
262.125    0.0888253385852
262.25    0.0886904440727
262.375    0.0887390060972
262.5    0.0805320239573
262.625    0.0789618518319
262.75    0.0782010467814
262.875    0.0781902552204
263.0    0.0902660119786
263.125    0.0904009064911
263.25    0.0905465925646
263.375    0.084794690552
263.5    0.0856202449684
263.625    0.0856849943344
263.75    0.0856580154319
263.875    0.0942157233044
264.0    0.0829655209626
264.125    0.0898289537582
264.25    0.0829547294016
264.375    0.0830896239141
264.5    0.091566395079
264.625    0.0913020018346
264.75    0.0903523444666
264.875    0.0857443479199
265.0    0.0791830788324
265.125    0.0956456051368
265.25    0.0956186262343
265.375    0.0956186262343
265.5    0.0856040576269
265.625    0.0849943344305
265.75    0.085021313333
265.875    0.084719149625
266.0    0.0829817083041
266.125    0.0992230076081
266.25    0.0970161333837
266.375    0.0878972643393
266.5    0.0827928559866
266.625    0.0827928559866
266.75    0.0853072896995
266.875    0.085323477041
267.0    0.0904710516376
267.125    0.0837640964766
267.25    0.0861058652134
267.375    0.0862731344089
267.5    0.0910861706146
267.625    0.0921005773485
267.75    0.0891760643177
267.875    0.0894242702207
268.0    0.0877893487293
268.125    0.0878001402903
268.25    0.0882695731938
268.375    0.0884152592673
268.5    0.0829924998651
268.625    0.0889710246587
268.75    0.0861598230184
268.875    0.0865375276534
269.0    0.0869152322883
269.125    0.0777154265365
269.25    0.084622025576
269.375    0.084708358064
269.5    0.0869368154104
269.625    0.0869961689959
269.75    0.0869422111908
269.875    0.0870069605568
270.0    0.085150812065
270.125    0.0862083850429
270.25    0.0876436626558
270.375    0.0887659849997
270.5    0.0950736524038
270.625    0.0810068526412
270.75    0.084082447526
270.875    0.084082447526
271.0    0.0835590568176
271.125    0.0844439648195
271.25    0.0843684238925
271.375    0.084514109966
271.5    0.0907840069066
271.625    0.0815032644472
271.75    0.0908271731506
271.875    0.0864673825069
272.0    0.0975880861167
272.125    0.0975503156532
272.25    0.0969675713592
272.375    0.0968704473102
272.5    0.0930718178384
272.625    0.0920789942265
272.75    0.093044838936
272.875    0.0934818971564
273.0    0.08542060109
273.125    0.084794690552
273.25    0.0856903901149
273.375    0.0881562618033
273.5    0.0884260508282
273.625    0.0886149031457
273.75    0.0887875681217
273.875    0.0874763934603
274.0    0.0885609453407
274.125    0.0979549991906
274.25    0.0981654346301
274.375    0.0886041115848
274.5    0.0863486753359
274.625    0.0838180542816
274.75    0.0836885555496
274.875    0.0814547024227
275.0    0.0914800625911
275.125    0.0917444558355
275.25    0.0917444558355
275.375    0.0917012895915
275.5    0.0984729941186
275.625    0.0938973722549
275.75    0.0913991258836
275.875    0.0913991258836
276.0    0.0865968812389
276.125    0.0864080289214
276.25    0.0866238601414
276.375    0.0866238601414
276.5    0.0886526736092
276.625    0.0889224626342
276.75    0.091846975665
276.875    0.0923164085685
277.0    0.0868774618249
277.125    0.0868720660444
277.25    0.0871958128743
277.375    0.0916257486645
277.5    0.0922300760805
277.625    0.092300221227
277.75    0.0922516592025
277.875    0.0921653267145
278.0    0.0889872120002
278.125    0.0891706685372
278.25    0.0842712998435
278.375    0.0845302973075
278.5    0.0860519074084
278.625    0.084719149625
278.75    0.084978147089
278.875    0.0895267900502
279.0    0.0908757351751
279.125    0.0912966060541
279.25    0.0795068256623
279.375    0.0792208492959
279.5    0.0875789132898
279.625    0.0877353909243
279.75    0.0874925808018
279.875    0.0875357470458
280.0    0.0882857605353
280.125    0.0891275022932
280.25    0.0884098634868
280.375    0.0887012356337
280.5    0.0914422921276
280.625    0.0869314196298
280.75    0.0875951006313
280.875    0.0916797064695
281.0    0.0942103275239
281.125    0.0781255058544
281.25    0.0782981708304
281.375    0.0946150110614
281.5    0.0778395294879
281.625    0.0791668914909
281.75    0.0797766146873
281.875    0.0790481843199
282.0    0.0902821993201
282.125    0.0894998111477
282.25    0.0855878702854
282.375    0.0862083850429
282.5    0.0876112879728
282.625    0.0854367884314
282.75    0.0858252846274
282.875    0.0882425942913
283.0    0.0959531646253
283.125    0.0959531646253
283.25    0.0913775427616
283.375    0.0913721469811
283.5    0.0761074839476
283.625    0.076652457778
283.75    0.0761668375331
283.875    0.0880699293153
284.0    0.0927480710085
284.125    0.0904386769546
284.25    0.0908217773701
284.375    0.0901257216856
284.5    0.0920897857875
284.625    0.0922300760805
284.75    0.0899206820267
284.875    0.0902552204176
285.0    0.0892677925862
285.125    0.0963146819187
285.25    0.0963146819187
285.375    0.091728268494
285.5    0.0876760373388
285.625    0.0877299951438
285.75    0.0947013435494
285.875    0.0994658177305
286.0    0.0872281875573
286.125    0.0872120002158
286.25    0.0877839529488
286.375    0.0790427885394
286.5    0.0936653536934
286.625    0.0938757891329
286.75    0.0937786650839
286.875    0.0941455781579
287.0    0.0910106296876
287.125    0.0912426482491
287.25    0.0912426482491
287.375    0.0866400474829
287.5    0.0979226245076
287.625    0.0978416878001
287.75    0.0978956456051
287.875    0.0978956456051
288.0    0.0892677925862
288.125    0.0893972913182
288.25    0.0893649166352
288.375    0.0893595208547
288.5    0.0898397453192
288.625    0.0898883073437
288.75    0.0870447310203
288.875    0.0849187935035
289.0    0.091771434738
289.125    0.0801866940053
289.25    0.0911509199806
289.375    0.0795068256623
289.5    0.0897749959532
289.625    0.084967355528
289.75    0.0754222198241
289.875    0.0754815734096
290.0    0.0862947175309
290.125    0.0862731344089
290.25    0.0854637673339
290.375    0.0869422111908
290.5    0.0851562078455
290.625    0.0851130416015
290.75    0.0921653267145
290.875    0.0897534128312
291.0    0.0862623428479
291.125    0.0862191766039
291.25    0.0862947175309
291.375    0.077612906707
291.5    0.0816813252037
291.625    0.0819295311067
291.75    0.0771758484865
291.875    0.0776506771705
292.0    0.0784276695624
292.125    0.0808935412507
292.25    0.0809097285922
292.375    0.0805697944208
292.5    0.0893972913182
292.625    0.0902929908811
292.75    0.0895861436357
292.875    0.0902714077591
293.0    0.0878271191928
293.125    0.0878271191928
293.25    0.0878271191928
293.375    0.0878271191928
293.5    0.0862731344089
293.625    0.0862731344089
293.75    0.0816003884962
293.875    0.0814870771057
294.0    0.0894944153672
294.125    0.0827227108401
