0.0    0.258187860346
0.125    0.256306053812
0.25    0.255725496477
0.375    0.255825592569
0.5    0.25464445868
0.625    0.254864670083
0.75    0.252122037156
0.875    0.254204035874
1.0    0.240350736707
1.125    0.251781710442
1.25    0.255004804612
1.375    0.255124919923
1.5    0.254824631646
1.625    0.250420403587
1.75    0.250480461243
1.875    0.255565342729
2.0    0.250120115311
2.125    0.250700672646
2.25    0.250680653427
2.375    0.250280269058
2.5    0.254704516336
2.625    0.257387091608
2.75    0.254704516336
2.875    0.254704516336
3.0    0.25696668802
3.125    0.25696668802
3.25    0.257607303011
3.375    0.257086803331
3.5    0.253883728379
3.625    0.255925688661
3.75    0.254344170404
3.875    0.254344170404
4.0    0.251981902627
4.125    0.252602498398
4.25    0.25232222934
4.375    0.255505285074
4.5    0.234585201794
4.625    0.235466047406
4.75    0.255305092889
4.875    0.223594650865
5.0    0.254584401025
5.125    0.250440422806
5.25    0.245315502883
5.375    0.247377482383
5.5    0.25568545804
5.625    0.251781710442
5.75    0.252422325432
5.875    0.251201153107
6.0    0.251541479821
6.125    0.25090086483
6.25    0.251861787316
6.375    0.251221172325
6.5    0.255725496477
6.625    0.256346092249
6.75    0.255705477258
6.875    0.254424247277
7.0    0.252402306214
7.125    0.253883728379
7.25    0.257727418322
7.375    0.249439461883
7.5    0.256085842409
7.625    0.256085842409
7.75    0.255845611787
7.875    0.247717809097
8.0    0.251121076233
8.125    0.238368834081
8.25    0.253763613069
8.375    0.253763613069
8.5    0.256105861627
8.625    0.255985746316
8.75    0.256406149904
8.875    0.255605381166
9.0    0.251901825753
9.125    0.251901825753
9.25    0.251781710442
9.375    0.251761691224
9.5    0.256546284433
9.625    0.256546284433
9.75    0.255345131326
9.875    0.256746476618
10.0    0.254584401025
10.125    0.251481422165
10.25    0.252262171685
10.375    0.254784593209
10.5    0.252862748238
10.625    0.254184016656
10.75    0.254744554773
10.875    0.255084881486
11.0    0.249519538757
11.125    0.249579596413
11.25    0.24947950032
11.375    0.248118193466
11.5    0.256406149904
11.625    0.256406149904
11.75    0.245936098655
11.875    0.251121076233
12.0    0.253383247918
12.125    0.254304131967
12.25    0.256085842409
12.375    0.255665438821
12.5    0.253963805253
12.625    0.253963805253
12.75    0.254404228059
12.875    0.254083920564
13.0    0.249939942345
13.125    0.249819827034
13.25    0.251101057015
13.375    0.249939942345
13.5    0.251241191544
13.625    0.253002882767
13.75    0.252902786675
13.875    0.251921844971
14.0    0.249379404228
14.125    0.250320307495
14.25    0.250480461243
14.375    0.251521460602
14.5    0.236787315823
14.625    0.257026745676
14.75    0.257026745676
14.875    0.257046764894
15.0    0.254724535554
15.125    0.246116271621
15.25    0.250880845612
15.375    0.240911274824
15.5    0.256806534273
15.625    0.257006726457
15.75    0.257006726457
15.875    0.255385169763
16.0    0.25258247918
16.125    0.25258247918
16.25    0.252542440743
16.375    0.252742632928
16.5    0.2554252082
16.625    0.255965727098
16.75    0.257026745676
16.875    0.254784593209
17.0    0.251921844971
17.125    0.252722613709
17.25    0.253002882767
17.375    0.253163036515
17.5    0.243313581038
17.625    0.247557655349
17.75    0.245435618193
17.875    0.243513773222
18.0    0.243553811659
18.125    0.248598654709
18.25    0.243653907751
18.375    0.248598654709
18.5    0.257867552851
18.625    0.257867552851
18.75    0.254684497117
18.875    0.254684497117
19.0    0.238929372197
19.125    0.238528987828
19.25    0.242552850737
19.375    0.243093369635
19.5    0.262331838565
19.625    0.261831358104
19.75    0.260289878283
19.875    0.23334401025
20.0    0.249559577194
20.125    0.253603459321
20.25    0.253603459321
20.375    0.253883728379
20.5    0.256406149904
20.625    0.256406149904
20.75    0.256346092249
20.875    0.256606342088
21.0    0.248938981422
21.125    0.244754964766
21.25    0.256025784753
21.375    0.256245996156
21.5    0.254764573991
21.625    0.238048526586
21.75    0.255245035234
21.875    0.246556694427
22.0    0.238408872518
22.125    0.253863709161
22.25    0.254023862908
22.375    0.26006966688
22.5    0.25696668802
22.625    0.256986707239
22.75    0.258608263933
22.875    0.258628283152
23.0    0.248078155029
23.125    0.248999039078
23.25    0.24909913517
23.375    0.248878923767
23.5    0.247958039718
23.625    0.247958039718
23.75    0.248178251121
23.875    0.248178251121
24.0    0.241371716848
24.125    0.241772101217
24.25    0.241692024343
24.375    0.241692024343
24.5    0.246296444587
24.625    0.247717809097
24.75    0.248678731582
24.875    0.248938981422
25.0    0.244034272902
25.125    0.25838805253
25.25    0.257927610506
25.375    0.259308936579
25.5    0.248698750801
25.625    0.248858904548
25.75    0.248178251121
25.875    0.249639654068
26.0    0.245155349135
26.125    0.246056213965
26.25    0.244915118514
26.375    0.247257367072
26.5    0.251321268418
26.625    0.249979980782
26.75    0.249799807816
26.875    0.250580557335
27.0    0.247297405509
27.125    0.247197309417
27.25    0.247297405509
27.375    0.248278347213
27.5    0.246656790519
27.625    0.248258327995
27.75    0.242552850737
27.875    0.259308936579
28.0    0.258247918001
28.125    0.255965727098
28.25    0.256926649584
28.375    0.240270659833
28.5    0.245035233824
28.625    0.24677690583
28.75    0.244795003203
28.875    0.252302210122
29.0    0.24199231262
29.125    0.240550928892
29.25    0.246536675208
29.375    0.247757847534
29.5    0.242052370275
29.625    0.237828315183
29.75    0.241752081999
29.875    0.242452754644
30.0    0.236847373479
30.125    0.249899903908
30.25    0.249679692505
30.375    0.242232543242
30.5    0.24547565663
30.625    0.25180172966
30.75    0.239690102498
30.875    0.247137251762
31.0    0.247557655349
31.125    0.246276425368
31.25    0.246376521461
31.375    0.242032351057
31.5    0.23734785394
31.625    0.248018097373
31.75    0.250300288277
31.875    0.25026024984
32.0    0.243794042281
32.125    0.243493754004
32.25    0.244114349776
32.375    0.245936098655
32.5    0.256165919283
32.625    0.255104900705
32.75    0.254784593209
32.875    0.252182094811
33.0    0.250540518898
33.125    0.250540518898
33.25    0.245495675849
33.375    0.250220211403
33.5    0.244774983985
33.625    0.244034272902
33.75    0.243693946188
33.875    0.243954196028
34.0    0.249499519539
34.125    0.254204035874
34.25    0.250840807175
34.375    0.250660634209
34.5    0.253403267136
34.625    0.244474695708
34.75    0.24419442665
34.875    0.245195387572
35.0    0.2466367713
35.125    0.2466367713
35.25    0.249859865471
35.375    0.240270659833
35.5    0.250180172966
35.625    0.242392696989
35.75    0.242392696989
35.875    0.247277386291
36.0    0.241191543882
36.125    0.244634849455
36.25    0.243874119154
36.375    0.236346893017
36.5    0.243774023062
36.625    0.247177290199
36.75    0.243874119154
36.875    0.247757847534
37.0    0.243774023062
37.125    0.244154388213
37.25    0.244254484305
37.375    0.242953235106
37.5    0.247297405509
37.625    0.247457559257
37.75    0.247257367072
37.875    0.236527065983
38.0    0.243513773222
38.125    0.243513773222
38.25    0.243693946188
38.375    0.247537636131
38.5    0.251861787316
38.625    0.248178251121
38.75    0.248178251121
38.875    0.248178251121
39.0    0.25194186419
39.125    0.252001921845
39.25    0.252662556054
39.375    0.251981902627
39.5    0.24857863549
39.625    0.24857863549
39.75    0.248118193466
39.875    0.248118193466
40.0    0.242152466368
40.125    0.24535554132
40.25    0.245155349135
40.375    0.245155349135
40.5    0.247757847534
40.625    0.253783632287
40.75    0.254023862908
40.875    0.254023862908
41.0    0.249899903908
41.125    0.251000960922
41.25    0.250340326714
41.375    0.249899903908
41.5    0.25052049968
41.625    0.248698750801
41.75    0.251040999359
41.875    0.25116111467
42.0    0.249699711723
42.125    0.249899903908
42.25    0.249319346573
42.375    0.245575752723
42.5    0.240711082639
42.625    0.240711082639
42.75    0.253203074952
42.875    0.253203074952
43.0    0.251061018578
43.125    0.2520619795
43.25    0.251981902627
43.375    0.2520619795
43.5    0.247757847534
43.625    0.247517616912
43.75    0.247918001281
43.875    0.24831838565
44.0    0.241832158873
44.125    0.225736707239
44.25    0.242612908392
44.375    0.246096252402
44.5    0.228279147982
44.625    0.228999839846
44.75    0.229180012812
44.875    0.228959801409
45.0    0.243533792441
45.125    0.243493754004
45.25    0.243353619475
45.375    0.244074311339
45.5    0.250140134529
45.625    0.237648142217
45.75    0.249799807816
45.875    0.252202114029
46.0    0.247057174888
46.125    0.247437540038
46.25    0.246937059577
46.375    0.248138212684
46.5    0.246716848174
46.625    0.246576713645
46.75    0.247537636131
46.875    0.247737828315
47.0    0.22817905189
47.125    0.260349935939
47.25    0.223154228059
47.375    0.223154228059
47.5    0.243053331198
47.625    0.242552850737
47.75    0.242432735426
47.875    0.238128603459
48.0    0.243713965407
48.125    0.243253523382
48.25    0.243073350416
48.375    0.238689141576
48.5    0.242813100577
48.625    0.23360426009
48.75    0.232843529789
48.875    0.224595611787
49.0    0.239089525945
49.125    0.252822709801
49.25    0.251961883408
49.375    0.248038116592
49.5    0.248999039078
49.625    0.249599615631
49.75    0.249519538757
49.875    0.249419442665
50.0    0.249639654068
50.125    0.249639654068
50.25    0.245856021781
50.375    0.250440422806
50.5    0.223074151185
50.625    0.244895099295
50.75    0.228639493914
50.875    0.228058936579
51.0    0.232082799488
51.125    0.232162876361
51.25    0.231882607303
51.375    0.231982703395
51.5    0.245896060218
51.625    0.245275464446
51.75    0.245275464446
51.875    0.247617713004
52.0    0.232643337604
52.125    0.232643337604
52.25    0.229059897502
52.375    0.229099935939
52.5    0.244935137732
52.625    0.24921925048
52.75    0.249279308136
52.875    0.245495675849
53.0    0.247437540038
53.125    0.247437540038
53.25    0.247177290199
53.375    0.247057174888
53.5    0.232343049327
53.625    0.24883888533
53.75    0.236266816143
53.875    0.233824471493
54.0    0.249639654068
54.125    0.233544202434
54.25    0.249179212044
54.375    0.235105701473
54.5    0.235606181935
54.625    0.222273382447
54.75    0.234925528507
54.875    0.227258167841
55.0    0.248378443306
55.125    0.244174407431
55.25    0.243453715567
55.375    0.243974215247
55.5    0.250540518898
55.625    0.2337243754
55.75    0.2350256246
55.875    0.251101057015
56.0    0.246937059577
56.125    0.247397501602
56.25    0.246997117233
56.375    0.25168161435
56.5    0.245575752723
56.625    0.2445747918
56.75    0.244734945548
56.875    0.244995195388
57.0    0.246476617553
57.125    0.247877962844
57.25    0.247397501602
57.375    0.247557655349
57.5    0.245255445227
57.625    0.245375560538
57.75    0.244975176169
57.875    0.237968449712
58.0    0.248778827675
58.125    0.249459481102
58.25    0.24935938501
58.375    0.240590967329
58.5    0.233784433056
58.625    0.234304932735
58.75    0.231181934657
58.875    0.239129564382
59.0    0.239630044843
59.125    0.239129564382
59.25    0.239950352338
59.375    0.241651985906
59.5    0.239189622037
59.625    0.245575752723
59.75    0.235626201153
59.875    0.238809256887
60.0    0.230261050609
60.125    0.226217168482
60.25    0.228359224856
60.375    0.231382126842
60.5    0.250040038437
60.625    0.250020019218
60.75    0.233263933376
60.875    0.233464125561
61.0    0.234965566944
61.125    0.234104740551
61.25    0.240390775144
61.375    0.240390775144
61.5    0.251641575913
61.625    0.252942825112
61.75    0.234425048046
61.875    0.235385970532
62.0    0.241191543882
62.125    0.241391736067
62.25    0.243333600256
62.375    0.243313581038
62.5    0.241832158873
62.625    0.237788276746
62.75    0.241692024343
62.875    0.24225256246
63.0    0.233964606022
63.125    0.234465086483
63.25    0.234064702114
63.375    0.233684336963
63.5    0.244354580397
63.625    0.244354580397
63.75    0.244674887892
63.875    0.248798846893
64.0    0.242592889174
64.125    0.243073350416
64.25    0.243073350416
64.375    0.237968449712
64.5    0.24509529148
64.625    0.245395579757
64.75    0.244174407431
64.875    0.233444106342
65.0    0.237447950032
65.125    0.237427930814
65.25    0.236967488789
65.375    0.237127642537
65.5    0.239369795003
65.625    0.24005044843
65.75    0.239910313901
65.875    0.239610025625
66.0    0.239890294683
66.125    0.239590006406
66.25    0.239590006406
66.375    0.244734945548
66.5    0.236386931454
66.625    0.250660634209
66.75    0.239610025625
66.875    0.239770179372
67.0    0.241111467008
67.125    0.24147181294
67.25    0.214245675849
67.375    0.240791159513
67.5    0.244074311339
67.625    0.245455637412
67.75    0.245455637412
67.875    0.245595771941
68.0    0.233564221653
68.125    0.234084721332
68.25    0.2350256246
68.375    0.2350256246
68.5    0.241892216528
68.625    0.243393657912
68.75    0.242933215887
68.875    0.24173206278
69.0    0.241011370916
69.125    0.241151505445
69.25    0.255845611787
69.375    0.230521300448
69.5    0.233744394619
69.625    0.236787315823
69.75    0.236787315823
69.875    0.237307815503
70.0    0.231942664958
70.125    0.233243914158
70.25    0.232202914798
70.375    0.248078155029
70.5    0.239009449071
70.625    0.240711082639
70.75    0.253143017297
70.875    0.240751121076
71.0    0.237007527226
71.125    0.23282351057
71.25    0.221052210122
71.375    0.225036034593
71.5    0.23850896861
71.625    0.238208680333
71.75    0.238428891736
71.875    0.238348814862
72.0    0.242092408712
72.125    0.242873158232
72.25    0.242873158232
72.375    0.242452754644
72.5    0.238589045484
72.625    0.237628122998
72.75    0.238268737988
72.875    0.239089525945
73.0    0.233744394619
73.125    0.235165759129
73.25    0.23488549007
73.375    0.242152466368
73.5    0.235105701473
73.625    0.231962684177
73.75    0.245876040999
73.875    0.236166720051
74.0    0.221092248559
74.125    0.240370755926
74.25    0.237768257527
74.375    0.239449871877
74.5    0.235125720692
74.625    0.236206758488
74.75    0.242072389494
74.875    0.219670884049
75.0    0.216868193466
75.125    0.239469891095
75.25    0.238749199231
75.375    0.21732863549
75.5    0.239690102498
75.625    0.222773862908
75.75    0.236647181294
75.875    0.233103779628
76.0    0.236166720051
76.125    0.234825432415
76.25    0.235426008969
76.375    0.224575592569
76.5    0.235506085842
76.625    0.234545163357
76.75    0.236026585522
76.875    0.235966527867
77.0    0.237688180653
77.125    0.234525144138
77.25    0.235285874439
77.375    0.236266816143
77.5    0.245956117873
77.625    0.229139974375
77.75    0.229440262652
77.875    0.229680493274
78.0    0.227298206278
78.125    0.225996957079
78.25    0.247437540038
78.375    0.247477578475
78.5    0.230301089045
78.625    0.231342088405
78.75    0.230180973735
78.875    0.230221012172
79.0    0.234565182575
79.125    0.229260089686
79.25    0.226917841127
79.375    0.227638532992
79.5    0.240230621397
79.625    0.226537475977
79.75    0.236667200512
79.875    0.238208680333
80.0    0.224495515695
80.125    0.223454516336
80.25    0.236206758488
80.375    0.241551889814
80.5    0.236006566304
80.625    0.236426969891
80.75    0.236967488789
80.875    0.237047565663
81.0    0.231221973094
81.125    0.230060858424
81.25    0.239189622037
81.375    0.239109545163
81.5    0.237287796284
81.625    0.23682735426
81.75    0.237047565663
81.875    0.234425048046
82.0    0.240450832799
82.125    0.240811178732
82.25    0.240530909673
82.375    0.222873959001
82.5    0.237788276746
82.625    0.237788276746
82.75    0.23798846893
82.875    0.238188661115
83.0    0.230421204356
83.125    0.243513773222
83.25    0.240791159513
83.375    0.240791159513
83.5    0.220992152466
83.625    0.221953074952
83.75    0.240590967329
83.875    0.240590967329
84.0    0.22869955157
84.125    0.228739590006
84.25    0.227838725176
84.375    0.227838725176
84.5    0.237107623318
84.625    0.236947469571
84.75    0.235165759129
84.875    0.235606181935
85.0    0.218669923126
85.125    0.233824471493
85.25    0.237748238309
85.375    0.236787315823
85.5    0.231001761691
85.625    0.229820627803
85.75    0.229760570147
85.875    0.226737668161
86.0    0.2391495836
86.125    0.24031069827
86.25    0.240510890455
86.375    0.240510890455
86.5    0.231622357463
86.625    0.231622357463
86.75    0.22443545804
86.875    0.228679532351
87.0    0.235886450993
87.125    0.235886450993
87.25    0.236507046765
87.375    0.23644698911
87.5    0.223034112748
87.625    0.22327434337
87.75    0.231822549648
87.875    0.220591768097
88.0    0.238849295324
88.125    0.239109545163
88.25    0.239109545163
88.375    0.238709160794
88.5    0.231221973094
88.625    0.227698590647
88.75    0.230180973735
88.875    0.230541319667
89.0    0.227438340807
89.125    0.227558456118
89.25    0.227718609865
89.375    0.228058936579
89.5    0.230361146701
89.625    0.231782511211
89.75    0.230381165919
89.875    0.23076153107
90.0    0.229800608584
90.125    0.229440262652
90.25    0.229440262652
90.375    0.228839686099
90.5    0.238689141576
90.625    0.238048526586
90.75    0.240991351698
90.875    0.231482222934
91.0    0.233824471493
91.125    0.223894939142
91.25    0.212624119154
91.375    0.244654868674
91.5    0.232843529789
91.625    0.233263933376
91.75    0.23360426009
91.875    0.234004644459
92.0    0.233223894939
92.125    0.233223894939
92.25    0.221893017297
92.375    0.221352498398
92.5    0.229119955157
92.625    0.229280108905
92.75    0.228739590006
92.875    0.228879724536
93.0    0.218830076874
93.125    0.23076153107
93.25    0.218990230621
93.375    0.231422165279
93.5    0.230381165919
93.625    0.230541319667
93.75    0.226157110826
93.875    0.227338244715
94.0    0.224095131326
94.125    0.223934977578
94.25    0.223995035234
94.375    0.224395419603
94.5    0.216527866752
94.625    0.229920723895
94.75    0.229580397181
94.875    0.229680493274
95.0    0.234064702114
95.125    0.234064702114
95.25    0.23398462524
95.375    0.232963645099
95.5    0.227298206278
95.625    0.22791880205
95.75    0.22765855221
95.875    0.228239109545
96.0    0.229760570147
96.125    0.213144618834
96.25    0.223294362588
96.375    0.231201953876
96.5    0.226157110826
96.625    0.227198110186
96.75    0.232082799488
96.875    0.22791880205
97.0    0.234144778988
97.125    0.233003683536
97.25    0.232963645099
97.375    0.235345932095
97.5    0.223034112748
97.625    0.219750960922
97.75    0.218529788597
97.875    0.215026425368
98.0    0.227998878924
98.125    0.228078955798
98.25    0.227198110186
98.375    0.227198110186
98.5    0.227938821268
98.625    0.224315342729
98.75    0.223474535554
98.875    0.219730941704
99.0    0.232923606662
99.125    0.236026585522
99.25    0.225896860987
99.375    0.234625240231
99.5    0.234084721332
99.625    0.234364990391
99.75    0.229180012812
99.875    0.229460281871
100.0    0.233063741192
100.125    0.229360185778
100.25    0.233804452274
100.375    0.230261050609
100.5    0.233524183216
100.625    0.234465086483
100.75    0.234845451634
100.875    0.235085682255
101.0    0.23128203075
101.125    0.23128203075
101.25    0.230601377322
101.375    0.232162876361
101.5    0.227338244715
101.625    0.224415438821
101.75    0.227638532992
101.875    0.223334401025
102.0    0.227218129404
102.125    0.227458360026
102.25    0.227758648302
102.375    0.228299167201
102.5    0.23360426009
102.625    0.234124759769
102.75    0.232122837924
102.875    0.229280108905
103.0    0.228219090327
103.125    0.229400224215
103.25    0.228779628443
103.375    0.228919762972
103.5    0.227438340807
103.625    0.231221973094
103.75    0.237508007687
103.875    0.237808295964
104.0    0.223734785394
104.125    0.228018898142
104.25    0.228018898142
104.375    0.223774823831
104.5    0.23618673927
104.625    0.218429692505
104.75    0.236146700833
104.875    0.22843930173
105.0    0.221052210122
105.125    0.223494554773
105.25    0.220591768097
105.375    0.211583119795
105.5    0.229059897502
105.625    0.22907991672
105.75    0.22907991672
105.875    0.22907991672
106.0    0.233223894939
106.125    0.233223894939
106.25    0.233504163997
106.375    0.223714766176
106.5    0.229400224215
106.625    0.223514573991
106.75    0.223514573991
106.875    0.223614670083
107.0    0.207098814862
107.125    0.20673846893
107.25    0.224775784753
107.375    0.236286835362
107.5    0.235065663037
107.625    0.234905509289
107.75    0.235866431775
107.875    0.237387892377
108.0    0.232603299167
108.125    0.233464125561
108.25    0.233464125561
108.375    0.23760810378
108.5    0.2221132287
108.625    0.221572709801
108.75    0.220411595131
108.875    0.221792921204
109.0    0.234124759769
109.125    0.235165759129
109.25    0.234204836643
109.375    0.224655669443
109.5    0.230681454196
109.625    0.227378283152
109.75    0.227638532992
109.875    0.227558456118
110.0    0.226697629725
110.125    0.226657591288
110.25    0.224735746316
110.375    0.223694746957
110.5    0.236206758488
110.625    0.236527065983
110.75    0.2370876041
110.875    0.236106662396
111.0    0.223194266496
111.125    0.223854900705
111.25    0.219090326714
111.375    0.220371556694
111.5    0.231542280589
111.625    0.230341127482
111.75    0.230321108264
111.875    0.231241992313
112.0    0.230200992953
112.125    0.229360185778
112.25    0.227558456118
112.375    0.228979820628
112.5    0.221252402306
112.625    0.221812940423
112.75    0.223674727739
112.875    0.224215246637
113.0    0.224535554132
113.125    0.228939782191
113.25    0.224915919283
113.375    0.224915919283
113.5    0.233964606022
113.625    0.234865470852
113.75    0.226397341448
113.875    0.230881646381
114.0    0.23244314542
114.125    0.232843529789
114.25    0.232923606662
114.375    0.232703395259
114.5    0.215046444587
114.625    0.213725176169
114.75    0.21384529148
114.875    0.214025464446
115.0    0.228459320948
115.125    0.229540358744
115.25    0.22907991672
115.375    0.228759609225
115.5    0.230261050609
115.625    0.230261050609
115.75    0.230261050609
115.875    0.231362107623
116.0    0.215987347854
116.125    0.216708039718
116.25    0.215847213325
116.375    0.226477418322
116.5    0.221552690583
116.625    0.221933055734
116.75    0.221933055734
116.875    0.221893017297
117.0    0.223474535554
117.125    0.22339445868
117.25    0.215286675208
117.375    0.2153867713
117.5    0.226697629725
117.625    0.227818705958
117.75    0.226817745035
117.875    0.22597693786
118.0    0.234164798206
118.125    0.230561338885
118.25    0.230481262012
118.375    0.22739830237
118.5    0.207379083921
118.625    0.216227578475
118.75    0.216748078155
118.875    0.225696668802
119.0    0.226517456759
119.125    0.227037956438
119.25    0.228239109545
119.375    0.228599455477
120.0    0.228539397822
120.125    0.227178090967
120.25    0.227718609865
120.375    0.227298206278
120.5    0.222813901345
120.625    0.221752882767
120.75    0.223034112748
120.875    0.223434497117
121.0    0.21474615631
121.125    0.21474615631
121.25    0.217688981422
121.375    0.217428731582
121.5    0.213404868674
121.625    0.213665118514
121.75    0.230461242793
121.875    0.21242392697
122.0    0.217348654709
122.125    0.216447789878
122.25    0.216447789878
122.375    0.216527866752
122.5    0.230401185138
122.625    0.231001761691
122.75    0.231302049968
122.875    0.228379244074
123.0    0.218910153748
123.125    0.214505925689
123.25    0.215406790519
123.375    0.218910153748
123.5    0.21732863549
123.625    0.217388693145
123.75    0.209020659833
123.875    0.217608904548
124.0    0.226717648943
124.125    0.226717648943
124.25    0.212463965407
124.375    0.226697629725
124.5    0.213725176169
124.625    0.213645099295
124.75    0.213244714926
124.875    0.213244714926
125.0    0.22739830237
125.125    0.227158071749
125.25    0.227158071749
125.375    0.227898782832
125.5    0.231842568866
125.625    0.231842568866
125.75    0.231502242152
125.875    0.231161915439
126.0    0.233323991031
126.125    0.233323991031
126.25    0.234224855862
126.375    0.233404067905
126.5    0.20880044843
126.625    0.217688981422
126.75    0.217688981422
126.875    0.217889173607
127.0    0.229640454837
127.125    0.229520339526
127.25    0.229520339526
127.375    0.222373478539
127.5    0.226717648943
127.625    0.227098014094
127.75    0.220011210762
127.875    0.219630845612
128.0    0.223794843049
128.125    0.223594650865
128.25    0.221452594491
128.375    0.221772901986
128.5    0.21875
128.625    0.21875
128.75    0.220011210762
128.875    0.220291479821
129.0    0.209721332479
129.125    0.222413516976
129.25    0.222413516976
129.375    0.22197309417
129.5    0.231562299808
129.625    0.22301409353
129.75    0.223094170404
129.875    0.231722453555
130.0    0.217128443306
130.125    0.206798526586
130.25    0.216988308776
130.375    0.218770019218
130.5    0.221953074952
130.625    0.217628923767
130.75    0.209901505445
130.875    0.210922485586
131.0    0.222633728379
131.125    0.221532671365
131.25    0.224195227418
131.375    0.224075112108
131.5    0.218449711723
131.625    0.220371556694
131.75    0.219971172325
131.875    0.219070307495
132.0    0.214085522101
132.125    0.214305733504
132.25    0.211162716208
132.375    0.216788116592
132.5    0.217368673927
132.625    0.217128443306
132.75    0.217528827675
132.875    0.21384529148
133.0    0.225096092249
133.125    0.225036034593
133.25    0.213484945548
133.375    0.220972133248
133.5    0.218509769379
133.625    0.214646060218
133.75    0.215146540679
133.875    0.218689942345
134.0    0.22017136451
134.125    0.221432575272
134.25    0.221532671365
134.375    0.222773862908
134.5    0.223354420243
134.625    0.215426809737
134.75    0.211082639334
134.875    0.220011210762
135.0    0.215967328636
135.125    0.214706117873
135.25    0.227538436899
135.375    0.227838725176
135.5    0.217769058296
135.625    0.218810057655
135.75    0.211102658552
135.875    0.21074231262
136.0    0.224915919283
136.125    0.224635650224
136.25    0.224635650224
136.375    0.219811018578
136.5    0.22327434337
136.625    0.224535554132
136.75    0.222393497758
136.875    0.22275384369
137.0    0.23128203075
137.125    0.201593529789
137.25    0.212824311339
137.375    0.194286515054
137.5    0.220751921845
137.625    0.220071268418
137.75    0.220151345291
137.875    0.218850096092
138.0    0.220451633568
138.125    0.220451633568
138.25    0.222053171044
138.375    0.215366752082
138.5    0.215346732864
138.625    0.215546925048
138.75    0.216147501602
138.875    0.220331518258
139.0    0.211302850737
139.125    0.211803331198
139.25    0.224275304292
139.375    0.224935938501
139.5    0.220591768097
139.625    0.220731902627
139.75    0.221032190903
139.875    0.221052210122
140.0    0.217308616272
140.125    0.217308616272
140.25    0.217428731582
140.375    0.216788116592
140.5    0.213985426009
140.625    0.214185618193
140.75    0.214185618193
140.875    0.214185618193
141.0    0.213344811019
141.125    0.213545003203
141.25    0.209961563101
141.375    0.209881486227
141.5    0.215727098014
141.625    0.215727098014
141.75    0.213765214606
141.875    0.226917841127
142.0    0.224735746316
142.125    0.224735746316
142.25    0.224735746316
142.375    0.224235265855
142.5    0.221832959641
142.625    0.221832959641
142.75    0.221953074952
142.875    0.218850096092
143.0    0.215346732864
143.125    0.215426809737
143.25    0.215426809737
143.375    0.215927290199
143.5    0.225696668802
143.625    0.225476457399
143.75    0.224295323511
143.875    0.211923446509
144.0    0.211282831518
144.125    0.211282831518
144.25    0.211503042921
144.375    0.212143657912
144.5    0.217268577835
144.625    0.218009288917
144.75    0.218009288917
144.875    0.218009288917
145.0    0.221652786675
145.125    0.221652786675
145.25    0.221652786675
145.375    0.221652786675
145.5    0.222653747598
145.625    0.222393497758
145.75    0.221412556054
145.875    0.221552690583
146.0    0.204756566304
146.125    0.205497277386
146.25    0.205497277386
146.375    0.205297085202
146.5    0.222954035874
146.625    0.216768097373
146.75    0.212443946188
146.875    0.218369634849
147.0    0.21474615631
147.125    0.214666079436
147.25    0.207419122357
147.375    0.215807174888
147.5    0.212183696349
147.625    0.212123638693
147.75    0.212123638693
147.875    0.210822389494
148.0    0.219330557335
148.125    0.202514413837
148.25    0.205817584882
148.375    0.222533632287
148.5    0.219170403587
148.625    0.219170403587
148.75    0.21953074952
148.875    0.21810938501
149.0    0.216147501602
149.125    0.228639493914
149.25    0.228479340167
149.375    0.223854900705
149.5    0.218629884689
149.625    0.218970211403
149.75    0.218970211403
149.875    0.220411595131
150.0    0.207679372197
150.125    0.207679372197
150.25    0.207679372197
150.375    0.207679372197
150.5    0.215827194106
150.625    0.215827194106
150.75    0.206958680333
150.875    0.215827194106
151.0    0.220791960282
151.125    0.219730941704
151.25    0.221812940423
151.375    0.22159272902
151.5    0.217468770019
151.625    0.207399103139
151.75    0.208540198591
151.875    0.208740390775
152.0    0.219330557335
152.125    0.219330557335
152.25    0.219050288277
152.375    0.21796925048
152.5    0.216407751441
152.625    0.21642777066
152.75    0.202494394619
152.875    0.202454356182
153.0    0.221652786675
153.125    0.221772901986
153.25    0.221772901986
153.375    0.221772901986
153.5    0.218329596413
153.625    0.223194266496
153.75    0.221672805894
153.875    0.227598494555
154.0    0.206558295964
154.125    0.207158872518
154.25    0.207599295324
154.375    0.209501121076
154.5    0.216207559257
154.625    0.21590727098
154.75    0.215546925048
154.875    0.194927130045
155.0    0.208980621397
155.125    0.208980621397
155.25    0.207799487508
155.375    0.202574471493
155.5    0.218930172966
155.625    0.218930172966
155.75    0.219230461243
155.875    0.219230461243
156.0    0.221732863549
156.125    0.213224695708
156.25    0.20531710442
156.375    0.20531710442
156.5    0.221512652146
156.625    0.220751921845
156.75    0.20906069827
156.875    0.209541159513
157.0    0.211162716208
157.125    0.211142696989
157.25    0.211062620115
157.375    0.211342889174
157.5    0.199631646381
157.625    0.213024503523
157.75    0.230701473414
157.875    0.205297085202
158.0    0.210842408712
158.125    0.208119795003
158.25    0.208840486867
158.375    0.213344811019
158.5    0.211402946829
158.625    0.211422966047
158.75    0.211422966047
158.875    0.233764413837
159.0    0.212263773222
159.125    0.210942504805
159.25    0.207859545163
159.375    0.207278987828
159.5    0.208600256246
159.625    0.210021620756
159.75    0.202574471493
159.875    0.202894778988
160.0    0.207659352979
160.125    0.207419122357
160.25    0.21500640615
160.375    0.2153867713
160.5    0.204956758488
160.625    0.204956758488
160.75    0.203455317104
160.875    0.20389573991
161.0    0.212704196028
161.125    0.212704196028
161.25    0.197909993594
161.375    0.198310377963
161.5    0.225636611147
161.625    0.209160794363
161.75    0.209160794363
161.875    0.209220852018
162.0    0.21152306214
162.125    0.211923446509
162.25    0.209000640615
162.375    0.207599295324
162.5    0.220071268418
162.625    0.20699871877
162.75    0.225776745676
162.875    0.224935938501
163.0    0.214786194747
163.125    0.214505925689
163.25    0.203575432415
163.375    0.203215086483
163.5    0.216107463165
163.625    0.218009288917
163.75    0.212864349776
163.875    0.218770019218
164.0    0.216147501602
164.125    0.215887251762
164.25    0.217869154388
164.375    0.218049327354
164.5    0.200192184497
164.625    0.21010169763
164.75    0.211663196669
164.875    0.211362908392
165.0    0.212964445868
165.125    0.212964445868
165.25    0.20467648943
165.375    0.20505685458
165.5    0.214666079436
165.625    0.210562139654
165.75    0.200052049968
165.875    0.211843369635
166.0    0.218529788597
166.125    0.214145579757
166.25    0.215967328636
166.375    0.216267616912
166.5    0.215606982703
166.625    0.216187540038
166.75    0.216187540038
166.875    0.216287636131
167.0    0.200952914798
167.125    0.205757527226
167.25    0.205397181294
167.375    0.206237988469
167.5    0.217288597053
167.625    0.217288597053
167.75    0.214165598975
167.875    0.214165598975
168.0    0.190362748238
168.125    0.203014894299
168.25    0.203755605381
168.375    0.204356181935
168.5    0.204836643177
168.625    0.199951953876
168.75    0.198410474055
168.875    0.198910954516
169.0    0.221792921204
169.125    0.210321909033
169.25    0.216227578475
169.375    0.200212203716
169.5    0.1908632287
169.625    0.1908632287
169.75    0.200072069186
169.875    0.194526745676
170.0    0.22649743754
170.125    0.227738629084
170.25    0.225776745676
170.375    0.225096092249
170.5    0.214405829596
170.625    0.214285714286
170.75    0.215486867393
170.875    0.211162716208
171.0    0.217829115951
171.125    0.218509769379
171.25    0.222193305573
171.375    0.22185297886
171.5    0.21448590647
171.625    0.214245675849
171.75    0.216247597694
171.875    0.21268417681
172.0    0.221532671365
172.125    0.213304772582
172.25    0.232863549007
172.375    0.215947309417
172.5    0.233163837284
172.625    0.232583279949
172.75    0.211162716208
172.875    0.21048206278
173.0    0.21036194747
173.125    0.241872197309
173.25    0.241211563101
173.375    0.231742472774
173.5    0.219931133889
173.625    0.21939061499
173.75    0.218950192185
173.875    0.217308616272
174.0    0.218569827034
174.125    0.222193305573
174.25    0.222313420884
174.375    0.222313420884
174.5    0.221152306214
174.625    0.218970211403
174.75    0.217688981422
174.875    0.21694827034
175.0    0.19989189622
175.125    0.208760409994
175.25    0.223694746957
175.375    0.218249519539
175.5    0.200792761051
175.625    0.200552530429
175.75    0.200832799488
175.875    0.200452434337
176.0    0.21022181294
176.125    0.216447789878
176.25    0.217508808456
176.375    0.209701313261
176.5    0.214586002562
176.625    0.215506886611
176.75    0.215166559898
176.875    0.203995836003
177.0    0.212003523382
177.125    0.212323830878
177.25    0.211483023703
177.375    0.211963484946
177.5    0.193385650224
177.625    0.192544843049
177.75    0.201953875721
177.875    0.199831838565
178.0    0.191543882127
178.125    0.208640294683
178.25    0.203495355541
178.375    0.201773702755
178.5    0.212343850096
178.625    0.219871076233
178.75    0.213024503523
178.875    0.211983504164
179.0    0.215847213325
179.125    0.21436579116
179.25    0.214045483664
179.375    0.214606021781
180.0    0.215366752082
180.125    0.214686098655
180.25    0.205717488789
180.375    0.206558295964
180.5    0.205677450352
180.625    0.206057815503
180.75    0.205877642537
180.875    0.206137892377
181.0    0.196228379244
181.125    0.197489590006
181.25    0.197029147982
181.375    0.198050128123
181.5    0.180953715567
181.625    0.187640134529
181.75    0.193926169122
181.875    0.197930012812
182.0    0.200892857143
182.125    0.196868994234
182.25    0.201693625881
182.375    0.201673606662
182.5    0.190582959641
182.625    0.191623959001
182.75    0.179212043562
182.875    0.191543882127
183.0    0.194426649584
183.125    0.194686899423
183.25    0.19382607303
183.375    0.195007206919
183.5    0.203595451634
183.625    0.205217008328
183.75    0.203315182575
183.875    0.203575432415
184.0    0.213004484305
184.125    0.199531550288
184.25    0.19861066624
184.375    0.203535393978
184.5    0.178611467008
184.625    0.1929252082
184.75    0.183476137092
184.875    0.184797405509
185.0    0.199371396541
185.125    0.198250320308
185.25    0.200172165279
185.375    0.202434336963
185.5    0.195367552851
185.625    0.197649743754
185.75    0.192504804612
185.875    0.192905188981
186.0    0.19576793722
186.125    0.193025304292
186.25    0.182635329917
186.375    0.178871716848
186.5    0.194686899423
186.625    0.198530589366
186.75    0.197029147982
186.875    0.198510570147
187.0    0.197950032031
187.125    0.196308456118
187.25    0.199871877002
187.375    0.200632607303
187.5    0.203215086483
187.625    0.193946188341
187.75    0.193786034593
187.875    0.192905188981
188.0    0.181374119154
188.125    0.197069186419
188.25    0.201613549007
188.375    0.204276105061
188.5    0.181954676489
188.625    0.180233023703
188.75    0.176469410634
188.875    0.17638933376
189.0    0.207739429853
189.125    0.181794522742
189.25    0.209040679052
189.375    0.191643978219
189.5    0.206778507367
189.625    0.202314221653
189.75    0.201473414478
189.875    0.196348494555
190.0    0.200092088405
190.125    0.206838565022
190.25    0.197769859065
190.375    0.191784112748
190.5    0.188621076233
190.625    0.188360826393
190.75    0.190622998078
190.875    0.1983504164
191.0    0.218089365791
191.125    0.210542120436
191.25    0.212083600256
191.375    0.212203715567
191.5    0.18930172966
191.625    0.18930172966
191.75    0.199551569507
191.875    0.188220691864
192.0    0.191163516976
192.125    0.190502882767
192.25    0.189101537476
192.375    0.188360826393
192.5    0.190102498398
192.625    0.1908632287
192.75    0.199491511851
192.875    0.195487668161
193.0    0.230180973735
193.125    0.229940743113
193.25    0.224575592569
193.375    0.222013132607
193.5    0.220091287636
193.625    0.213224695708
193.75    0.213224695708
193.875    0.213565022422
194.0    0.210542120436
194.125    0.210642216528
194.25    0.211923446509
194.375    0.210902466368
194.5    0.218569827034
194.625    0.222513613069
194.75    0.196708840487
194.875    0.19989189622
195.0    0.201353299167
195.125    0.209801409353
195.25    0.20299487508
195.375    0.202634529148
195.5    0.217448750801
195.625    0.197709801409
195.75    0.191924247277
195.875    0.197389493914
196.0    0.204956758488
196.125    0.199471492633
196.25    0.199471492633
196.375    0.199631646381
196.5    0.212103619475
196.625    0.194106342088
196.75    0.196628763613
196.875    0.204716527867
197.0    0.208720371557
197.125    0.212283792441
197.25    0.211342889174
197.375    0.210502081999
197.5    0.216908231903
197.625    0.216547885971
197.75    0.213204676489
197.875    0.213945387572
198.0    0.210081678411
198.125    0.209661274824
198.25    0.209781390135
198.375    0.209300928892
198.5    0.214786194747
198.625    0.215106502242
198.75    0.212143657912
198.875    0.214826233184
199.0    0.188540999359
199.125    0.189682094811
199.25    0.203275144138
199.375    0.210702274183
199.5    0.20519698911
199.625    0.210942504805
199.75    0.212483984625
199.875    0.21280429212
200.0    0.199911915439
200.125    0.195908071749
200.25    0.209821428571
200.375    0.181734465086
200.5    0.212984465086
200.625    0.212884368994
200.75    0.213524983985
200.875    0.212784272902
201.0    0.214786194747
201.125    0.21552690583
201.25    0.204816623959
201.375    0.204836643177
201.5    0.204135970532
201.625    0.204496316464
201.75    0.202334240871
201.875    0.214966367713
202.0    0.210822389494
202.125    0.210341928251
202.25    0.209561178732
202.375    0.208580237028
202.5    0.203054932735
202.625    0.205016816143
202.75    0.204716527867
202.875    0.201973894939
203.0    0.203215086483
203.125    0.203135009609
203.25    0.200712684177
203.375    0.196648782832
203.5    0.198570627803
203.625    0.198890935298
203.75    0.20015214606
203.875    0.199751761691
204.0    0.215887251762
204.125    0.206678411275
204.25    0.207018737988
204.375    0.201153106983
204.5    0.207759449071
204.625    0.207979660474
204.75    0.207979660474
204.875    0.208059737348
205.0    0.210261851377
205.125    0.210622197309
205.25    0.210562139654
205.375    0.208640294683
205.5    0.208520179372
205.625    0.208239910314
205.75    0.203995836003
205.875    0.209180813581
206.0    0.201073030109
206.125    0.203815663037
206.25    0.205297085202
206.375    0.204696508648
206.5    0.210081678411
206.625    0.210542120436
206.75    0.211362908392
206.875    0.210281870596
207.0    0.21074231262
207.125    0.210161755285
207.25    0.200912876361
207.375    0.201253203075
207.5    0.206298046124
207.625    0.206918641896
207.75    0.208700352338
207.875    0.208960602178
208.0    0.2024743754
208.125    0.202334240871
208.25    0.202454356182
208.375    0.202234144779
208.5    0.205757527226
208.625    0.205517296605
208.75    0.206237988469
208.875    0.206237988469
209.0    0.184437059577
209.125    0.184437059577
209.25    0.201273222293
209.375    0.20325512492
209.5    0.204216047406
209.625    0.206017777066
209.75    0.205817584882
209.875    0.206017777066
210.0    0.210542120436
210.125    0.210281870596
210.25    0.208900544523
210.375    0.209441063421
210.5    0.209180813581
210.625    0.210021620756
210.75    0.210241832159
210.875    0.209481101858
211.0    0.204376201153
211.125    0.20467648943
211.25    0.204836643177
211.375    0.204576393338
211.5    0.20868033312
211.625    0.205977738629
211.75    0.20557735426
211.875    0.205777546445
212.0    0.205937700192
212.125    0.205937700192
212.25    0.207299007047
212.375    0.205997757848
212.5    0.200332319026
212.625    0.200332319026
212.75    0.210622197309
212.875    0.211242793081
213.0    0.207619314542
213.125    0.207859545163
213.25    0.209120755926
213.375    0.212123638693
213.5    0.19809016656
213.625    0.19718930173
213.75    0.197869955157
213.875    0.198250320308
214.0    0.2058376041
214.125    0.2058376041
214.25    0.202774663677
214.375    0.202774663677
214.5    0.209441063421
214.625    0.209641255605
214.75    0.208980621397
214.875    0.208980621397
215.0    0.212123638693
215.125    0.212964445868
215.25    0.211623158232
215.375    0.212664157591
215.5    0.208299967969
215.625    0.208440102498
215.75    0.20984144779
215.875    0.20984144779
216.0    0.20105301089
216.125    0.188861306855
216.25    0.185778347213
216.375    0.190582959641
216.5    0.205817584882
216.625    0.206398142217
216.75    0.201613549007
216.875    0.201753683536
217.0    0.197769859065
217.125    0.197769859065
217.25    0.198110185778
217.375    0.197970051249
217.5    0.205297085202
217.625    0.204996796925
217.75    0.204616431775
217.875    0.20389573991
218.0    0.204436258808
218.125    0.204616431775
218.25    0.204216047406
218.375    0.204756566304
218.5    0.212884368994
218.625    0.212704196028
218.75    0.21268417681
218.875    0.214285714286
219.0    0.207198910955
219.125    0.217188500961
219.25    0.198150224215
219.375    0.198010089686
219.5    0.206017777066
219.625    0.206578315183
219.75    0.207238949391
219.875    0.207719410634
220.0    0.209721332479
220.125    0.209721332479
220.25    0.210001601537
220.375    0.219510730301
220.5    0.205437219731
220.625    0.205437219731
220.75    0.205857623318
220.875    0.205877642537
221.0    0.214305733504
221.125    0.216347693786
221.25    0.214906310058
221.375    0.214906310058
221.5    0.208039718129
221.625    0.208199871877
221.75    0.208480140935
221.875    0.20932094811
222.0    0.210862427931
222.125    0.210862427931
222.25    0.209360986547
222.375    0.21178331198
222.5    0.214646060218
222.625    0.214646060218
222.75    0.214125560538
222.875    0.198030108905
223.0    0.204616431775
223.125    0.206558295964
223.25    0.21384529148
223.375    0.20273462524
223.5    0.208720371557
223.625    0.208700352338
223.75    0.208660313901
223.875    0.209621236387
224.0    0.199611627162
224.125    0.199731742473
224.25    0.19977178091
224.375    0.199131165919
224.5    0.202394298527
224.625    0.197950032031
224.75    0.202073991031
224.875    0.202174087124
225.0    0.204856662396
225.125    0.205357142857
225.25    0.205257046765
225.375    0.205257046765
225.5    0.206838565022
225.625    0.207198910955
225.75    0.207539237668
225.875    0.207278987828
226.0    0.205257046765
226.125    0.205257046765
226.25    0.205257046765
226.375    0.205757527226
226.5    0.204776585522
226.625    0.204776585522
226.75    0.205937700192
226.875    0.20609785394
227.0    0.209661274824
227.125    0.193665919283
227.25    0.18633888533
227.375    0.182875560538
227.5    0.201913837284
227.625    0.202394298527
227.75    0.202314221653
227.875    0.202874759769
228.0    0.204276105061
228.125    0.20183376041
228.25    0.203014894299
228.375    0.20325512492
228.5    0.205777546445
228.625    0.205697469571
228.75    0.207018737988
228.875    0.207419122357
229.0    0.201653587444
229.125    0.201953875721
229.25    0.197809897502
229.375    0.198910954516
229.5    0.215606982703
229.625    0.202174087124
229.75    0.204816623959
229.875    0.204816623959
230.0    0.207719410634
230.125    0.207799487508
230.25    0.207799487508
230.375    0.207799487508
230.5    0.206037796284
230.625    0.206037796284
230.75    0.206037796284
230.875    0.195747918001
231.0    0.20699871877
231.125    0.20699871877
231.25    0.210241832159
231.375    0.197229340167
231.5    0.203135009609
231.625    0.202894778988
231.75    0.203315182575
231.875    0.208219891095
232.0    0.201393337604
232.125    0.20131326073
232.25    0.20131326073
232.375    0.202914798206
232.5    0.207038757207
232.625    0.207439141576
232.75    0.207399103139
232.875    0.207699391416
233.0    0.20003203075
233.125    0.20003203075
233.25    0.200352338245
233.375    0.200752722614
233.5    0.210161755285
233.625    0.215126521461
233.75    0.215166559898
233.875    0.215206598334
234.0    0.203755605381
234.125    0.202634529148
234.25    0.202974855862
234.375    0.203655509289
234.5    0.211402946829
234.625    0.212183696349
234.75    0.212524023062
234.875    0.212463965407
235.0    0.208059737348
235.125    0.208319987188
235.25    0.208239910314
235.375    0.208239910314
235.5    0.210321909033
235.625    0.199991992313
235.75    0.200492472774
235.875    0.210802370275
236.0    0.205096893017
236.125    0.205096893017
236.25    0.206718449712
236.375    0.217208520179
236.5    0.205737508008
236.625    0.205557335042
236.75    0.205297085202
236.875    0.200652626521
237.0    0.204876681614
237.125    0.204876681614
237.25    0.205257046765
237.375    0.209641255605
237.5    0.193685938501
237.625    0.193105381166
237.75    0.21268417681
237.875    0.211883408072
238.0    0.208219891095
238.125    0.209140775144
238.25    0.209441063421
238.375    0.208580237028
238.5    0.2078995836
238.625    0.209200832799
238.75    0.205617392697
238.875    0.208299967969
239.0    0.183616271621
239.125    0.183616271621
239.25    0.200392376682
239.375    0.20067264574
240.0    0.199331358104
240.125    0.198810858424
240.25    0.197209320948
240.375    0.194466688021
240.5    0.210702274183
240.625    0.210702274183
240.75    0.210702274183
240.875    0.210762331839
241.0    0.193725976938
241.125    0.205277065983
241.25    0.196428571429
241.375    0.196748878924
241.5    0.210301889814
241.625    0.210602178091
241.75    0.211402946829
241.875    0.202974855862
242.0    0.216507847534
242.125    0.216708039718
242.25    0.212043561819
242.375    0.212343850096
242.5    0.205477258168
242.625    0.204436258808
242.75    0.205176969891
242.875    0.20493673927
243.0    0.202974855862
243.125    0.203114990391
243.25    0.203114990391
243.375    0.207479180013
243.5    0.208119795003
243.625    0.208259929532
243.75    0.199391415759
243.875    0.199491511851
244.0    0.212243754004
244.125    0.212363869315
244.25    0.212363869315
244.375    0.211863388853
244.5    0.201593529789
244.625    0.207238949391
244.75    0.212704196028
244.875    0.212564061499
245.0    0.203815663037
245.125    0.204095932095
245.25    0.202714606022
245.375    0.204015855221
245.5    0.196508648302
245.625    0.196608744395
245.75    0.196688821268
245.875    0.196688821268
246.0    0.199351377322
246.125    0.199351377322
246.25    0.190182575272
246.375    0.190182575272
246.5    0.202574471493
246.625    0.20389573991
246.75    0.20519698911
246.875    0.205857623318
247.0    0.185978539398
247.125    0.186519058296
247.25    0.205777546445
247.375    0.193986226778
247.5    0.197930012812
247.625    0.197930012812
247.75    0.197930012812
247.875    0.198110185778
248.0    0.204776585522
248.125    0.208700352338
248.25    0.204996796925
248.375    0.209701313261
248.5    0.212564061499
248.625    0.209601217168
248.75    0.210401985906
248.875    0.211422966047
249.0    0.202634529148
249.125    0.189581998719
249.25    0.189581998719
249.375    0.189702114029
249.5    0.199271300448
249.625    0.202294202434
249.75    0.209461082639
249.875    0.209441063421
250.0    0.210261851377
250.125    0.214946348495
250.25    0.209501121076
250.375    0.209681294042
250.5    0.205597373479
250.625    0.20299487508
250.75    0.205757527226
250.875    0.20493673927
251.0    0.201433376041
251.125    0.201433376041
251.25    0.201012972454
251.375    0.201553491352
251.5    0.20067264574
251.625    0.20067264574
251.75    0.195908071749
251.875    0.206137892377
252.0    0.20093289558
252.125    0.198690743113
252.25    0.185918481742
252.375    0.185918481742
252.5    0.18866111467
252.625    0.205417200512
252.75    0.205417200512
252.875    0.205417200512
253.0    0.204776585522
253.125    0.204876681614
253.25    0.204876681614
253.375    0.206618353619
253.5    0.205116912236
253.625    0.207939622037
253.75    0.206838565022
253.875    0.207619314542
254.0    0.202754644459
254.125    0.201953875721
254.25    0.200752722614
254.375    0.201693625881
254.5    0.198030108905
254.625    0.198870916079
254.75    0.199431454196
254.875    0.200232222934
255.0    0.181594330557
255.125    0.204536354901
255.25    0.204536354901
255.375    0.216888212684
255.5    0.204896700833
255.625    0.187279788597
255.75    0.210161755285
255.875    0.210562139654
256.0    0.200572549648
256.125    0.205136931454
256.25    0.190562940423
256.375    0.190562940423
256.5    0.196588725176
256.625    0.188941383728
256.75    0.189201633568
256.875    0.190582959641
257.0    0.212203715567
257.125    0.212584080717
257.25    0.200172165279
257.375    0.200172165279
257.5    0.20777946829
257.625    0.210422005125
257.75    0.209941543882
257.875    0.210722293402
258.0    0.206758488149
258.125    0.206758488149
258.25    0.206858584241
258.375    0.187479980782
258.5    0.199351377322
258.625    0.196588725176
258.75    0.197429532351
258.875    0.196508648302
259.0    0.197049167201
259.125    0.201713645099
259.25    0.201713645099
259.375    0.196848975016
259.5    0.206037796284
259.625    0.205777546445
259.75    0.205237027546
259.875    0.188380845612
260.0    0.198510570147
260.125    0.19861066624
260.25    0.197589686099
260.375    0.20183376041
260.5    0.208340006406
260.625    0.208600256246
260.75    0.208660313901
260.875    0.208039718129
261.0    0.204256085842
261.125    0.190062459962
261.25    0.190422805894
261.375    0.190422805894
261.5    0.204876681614
261.625    0.20531710442
261.75    0.20531710442
261.875    0.202454356182
262.0    0.202394298527
262.125    0.200992953235
262.25    0.192985265855
262.375    0.192985265855
262.5    0.209661274824
262.625    0.209661274824
262.75    0.209801409353
262.875    0.209801409353
263.0    0.191643978219
263.125    0.207218930173
263.25    0.187800288277
263.375    0.188761210762
263.5    0.205617392697
263.625    0.20609785394
263.75    0.20621796925
263.875    0.206137892377
264.0    0.208259929532
264.125    0.209140775144
264.25    0.209140775144
264.375    0.209681294042
264.5    0.200872837924
264.625    0.181954676489
264.75    0.186739269699
264.875    0.186739269699
265.0    0.196768898142
265.125    0.196868994234
265.25    0.196808936579
265.375    0.196508648302
265.5    0.192985265855
265.625    0.201973894939
265.75    0.201713645099
265.875    0.203315182575
266.0    0.205257046765
266.125    0.215286675208
266.25    0.217388693145
266.375    0.205997757848
266.5    0.194967168482
266.625    0.193786034593
266.75    0.191704035874
266.875    0.209681294042
267.0    0.202174087124
267.125    0.182935618193
267.25    0.207419122357
267.375    0.202374279308
267.5    0.207038757207
267.625    0.207038757207
267.75    0.207038757207
267.875    0.207218930173
268.0    0.208560217809
268.125    0.208600256246
268.25    0.208540198591
268.375    0.208700352338
268.5    0.196688821268
268.625    0.196368513773
268.75    0.199031069827
268.875    0.199271300448
269.0    0.218329596413
269.125    0.218629884689
269.25    0.21848975016
269.375    0.196328475336
269.5    0.199411434978
269.625    0.20067264574
269.75    0.20067264574
269.875    0.201073030109
270.0    0.209861467008
270.125    0.209300928892
270.25    0.208099775785
270.375    0.208480140935
270.5    0.198390454837
270.625    0.198210281871
270.75    0.198971012172
270.875    0.1983504164
271.0    0.204276105061
271.125    0.208520179372
271.25    0.208820467649
271.375    0.208179852659
271.5    0.197869955157
271.625    0.198570627803
271.75    0.199111146701
271.875    0.198750800769
272.0    0.208760409994
272.125    0.208760409994
272.25    0.208400064062
272.375    0.208760409994
272.5    0.21022181294
272.625    0.19925128123
272.75    0.198110185778
272.875    0.197869955157
273.0    0.189481902627
273.125    0.191984304933
273.25    0.190382767457
273.375    0.190683055734
273.5    0.18143417681
273.625    0.183856502242
273.75    0.184437059577
273.875    0.19330557335
274.0    0.19899103139
274.125    0.199111146701
274.25    0.200312299808
274.375    0.198390454837
274.5    0.179372197309
274.625    0.165739109545
274.75    0.183015695067
274.875    0.183836483024
275.0    0.193365631006
275.125    0.193625880846
275.25    0.195367552851
275.375    0.195067264574
275.5    0.187720211403
275.625    0.188080557335
275.75    0.2004123959
275.875    0.201213164638
276.0    0.202974855862
276.125    0.203935778347
276.25    0.204236066624
276.375    0.19899103139
276.5    0.186879404228
276.625    0.192204516336
276.75    0.192825112108
276.875    0.191984304933
277.0    0.194066303652
277.125    0.194066303652
277.25    0.194506726457
277.375    0.196008167841
277.5    0.200372357463
277.625    0.200952914798
277.75    0.183135810378
277.875    0.201253203075
278.0    0.192725016015
278.125    0.192725016015
278.25    0.192725016015
278.375    0.192845131326
278.5    0.203415278668
278.625    0.18814061499
278.75    0.203315182575
278.875    0.203335201794
279.0    0.192104420243
279.125    0.19214445868
279.25    0.192484785394
279.375    0.205036835362
279.5    0.199491511851
279.625    0.199291319667
279.75    0.20093289558
279.875    0.199331358104
280.0    0.192244554773
280.125    0.192284593209
280.25    0.192684977578
280.375    0.190102498398
280.5    0.198790839206
280.625    0.200392376682
280.75    0.200252242152
280.875    0.19989189622
281.0    0.188701153107
281.125    0.188941383728
281.25    0.189401825753
281.375    0.190663036515
281.5    0.19356582319
281.625    0.194066303652
281.75    0.190062459962
281.875    0.190242632928
282.0    0.199271300448
282.125    0.199271300448
282.25    0.199691704036
282.375    0.178951793722
282.5    0.197909993594
282.625    0.198690743113
282.75    0.19861066624
282.875    0.19861066624
283.0    0.200132126842
283.125    0.200132126842
283.25    0.200132126842
283.375    0.201373318386
283.5    0.19344570788
283.625    0.193685938501
283.75    0.193725976938
283.875    0.193725976938
284.0    0.199011050609
284.125    0.200492472774
284.25    0.20067264574
284.375    0.201133087764
284.5    0.202534433056
284.625    0.202534433056
284.75    0.203695547726
284.875    0.204196028187
285.0    0.191543882127
285.125    0.191543882127
285.25    0.191523862908
285.375    0.192704996797
285.5    0.193725976938
285.625    0.17380685458
285.75    0.170503683536
285.875    0.174487508008
286.0    0.195747918001
286.125    0.19614830237
286.25    0.19614830237
286.375    0.19408632287
286.5    0.200372357463
286.625    0.200612588085
286.75    0.200492472774
286.875    0.18555813581
287.0    0.189862267777
287.125    0.189862267777
287.25    0.190102498398
287.375    0.18828074952
287.5    0.185157751441
287.625    0.187960442024
287.75    0.188160634209
287.875    0.178211082639
288.0    0.202854740551
288.125    0.202974855862
288.25    0.2024743754
288.375    0.202514413837
288.5    0.180893657912
288.625    0.180893657912
288.75    0.180893657912
288.875    0.179292120436
289.0    0.195727898783
289.125    0.195727898783
289.25    0.197609705317
289.375    0.197609705317
289.5    0.194266495836
289.625    0.193926169122
289.75    0.194326553491
289.875    0.19744955157
290.0    0.193725976938
290.125    0.193846092249
290.25    0.194286515054
290.375    0.19382607303
290.5    0.210161755285
290.625    0.21036194747
290.75    0.177630525304
290.875    0.192444746957
291.0    0.199131165919
291.125    0.198750800769
291.25    0.197469570788
291.375    0.197889974375
291.5    0.194867072389
291.625    0.194867072389
291.75    0.195147341448
291.875    0.195187379885
292.0    0.189401825753
292.125    0.189221652787
292.25    0.198890935298
292.375    0.192965246637
292.5    0.195407591288
292.625    0.195407591288
292.75    0.195948110186
292.875    0.193205477258
293.0    0.198370435618
293.125    0.198370435618
293.25    0.198370435618
293.375    0.199471492633
293.5    0.20183376041
293.625    0.20209401025
293.75    0.202434336963
293.875    0.202854740551
294.0    0.19899103139
294.125    0.19899103139
