0.0    0.0973403303715
0.125    0.0993440276701
0.25    0.0967916989683
0.375    0.0936132148608
0.5    0.0984793368716
0.625    0.0987238356491
0.75    0.100560558173
0.875    0.0994394418272
1.0    0.099153199356
1.125    0.0991770528952
1.25    0.0992784304371
1.375    0.0989444808874
1.5    0.0996362335261
1.625    0.0996660504502
1.75    0.0998389886099
1.875    0.100029816924
2.0    0.0977219869998
2.125    0.0982646550182
2.25    0.0977398771543
2.375    0.098270618403
2.5    0.094811855209
2.625    0.0991591627408
2.75    0.0999165126126
2.875    0.0996302701413
3.0    0.0978770350051
3.125    0.0977339137695
3.25    0.0982288747093
3.375    0.0974297811438
3.5    0.0978651082354
3.625    0.09902200489
3.75    0.097095831594
3.875    0.0984435565627
4.0    0.100196791699
4.125    0.100697716024
4.25    0.100697716024
4.375    0.100417436937
4.5    0.0958315940128
4.625    0.0959627884787
4.75    0.0954678275389
4.875    0.0954857176934
5.0    0.102140855149
5.125    0.102140855149
5.25    0.101383505278
5.375    0.100739459717
5.5    0.0995288925994
5.625    0.0995288925994
5.75    0.0946687339734
5.875    0.094746257976
6.0    0.0944600155048
6.125    0.0986761285706
6.25    0.0961893971018
6.375    0.0968811497406
6.5    0.0991293458167
6.625    0.0990518218141
6.75    0.0969169300495
6.875    0.0969169300495
7.0    0.0976981334605
7.125    0.0976981334605
7.25    0.0973701472956
7.375    0.0974417079134
7.5    0.101663784364
7.625    0.100781203411
7.75    0.10049496094
7.875    0.100721569563
8.0    0.0997197209136
8.125    0.0998389886099
8.25    0.0999045858429
8.375    0.100035780309
8.5    0.085514938279
8.625    0.085514938279
8.75    0.0858250342895
8.875    0.098008229471
9.0    0.097847218081
9.125    0.097847218081
9.25    0.0975907925338
9.375    0.0976802433061
9.5    0.0998091716858
9.625    0.0997555012225
9.75    0.0997614646073
9.875    0.0998091716858
10.0    0.0947343312064
10.125    0.0949251595205
10.25    0.0949311229054
10.375    0.0949251595205
10.5    0.103727115511
10.625    0.100769276641
10.75    0.0976146460731
10.875    0.0979247420836
11.0    0.0951338779891
11.125    0.0962788478741
11.25    0.0947581847457
11.375    0.0949847933687
11.5    0.0969348202039
11.625    0.0968811497406
11.75    0.0973105134474
11.875    0.0971435386725
12.0    0.0975729023794
12.125    0.0977339137695
12.25    0.097716023615
12.375    0.097716023615
12.5    0.0973224402171
12.625    0.0972806965233
12.75    0.0975073051464
12.875    0.0971196851333
13.0    0.0997972449162
13.125    0.0999165126126
13.25    0.099868805534
13.375    0.0950444272169
13.5    0.0980440097799
13.625    0.0980678633192
13.75    0.0980678633192
13.875    0.0907567535333
14.0    0.0978531814658
14.125    0.097912815314
14.25    0.0983063987119
14.375    0.0977935476176
14.5    0.0963325183374
14.625    0.0965531635756
14.75    0.09641004234
14.875    0.0964279324945
15.0    0.0995169658298
15.125    0.0993857713638
15.25    0.0992545768978
15.375    0.0991233824319
15.5    0.0910489593893
15.625    0.100775240026
15.75    0.100751386487
15.875    0.098467410102
16.0    0.0993738445942
16.125    0.0992009064345
16.25    0.0973343669867
16.375    0.0973343669867
16.5    0.0998449519948
16.625    0.101478919435
16.75    0.0973940008349
16.875    0.0973940008349
17.0    0.0971912457511
17.125    0.0969288568191
17.25    0.0971256485181
17.375    0.0968930765102
17.5    0.0977398771543
17.625    0.100119267696
17.75    0.100178901545
17.875    0.100220645238
18.0    0.0977696940784
18.125    0.09820502117
18.25    0.0985210805653
18.375    0.0991233824319
18.5    0.0983600691753
18.625    0.0885741546902
18.75    0.0984614467172
18.875    0.0984614467172
19.0    0.101437175741
19.125    0.101270200966
19.25    0.101586260361
19.375    0.100566521558
19.5    0.0983898860993
19.625    0.101598187131
19.75    0.10194406345
19.875    0.0982229113245
20.0    0.0957540700101
20.125    0.0973284036019
20.25    0.0973284036019
20.375    0.09641004234
20.5    0.102617925935
20.625    0.103607847814
20.75    0.0916095175622
20.875    0.0917526387978
21.0    0.0987834694973
21.125    0.0982229113245
21.25    0.0984256664083
21.375    0.10130001789
21.5    0.0981811676307
21.625    0.09820502117
21.75    0.0987297990339
21.875    0.0987357624187
22.0    0.0961595801777
22.125    0.0961595801777
22.25    0.0960641660206
22.375    0.0965114198819
22.5    0.0965173832667
22.625    0.0991889796649
22.75    0.0987238356491
22.875    0.0989981513507
23.0    0.0958137038583
23.125    0.0952233287614
23.25    0.0927365972926
23.375    0.0929393523764
23.5    0.0995646729083
23.625    0.0997256842984
23.75    0.100113304312
23.875    0.100286242471
24.0    0.0955036078478
24.125    0.0969527103584
24.25    0.0979605223925
24.375    0.100500924325
24.5    0.101508736359
24.625    0.101771125291
24.75    0.100572484942
24.875    0.101258274196
25.0    0.0949549764446
25.125    0.0957659967798
25.25    0.0957659967798
25.375    0.0940783588765
25.5    0.0929572425309
25.625    0.0929691693005
25.75    0.0929691693005
25.875    0.0929333889916
26.0    0.0984256664083
26.125    0.0988967738088
26.25    0.0990160415052
26.375    0.0984853002564
26.5    0.0990458584292
26.625    0.0983719959449
26.75    0.0984077762538
26.875    0.0976384996124
27.0    0.0934522034707
27.125    0.100405510168
27.25    0.100363766474
27.375    0.100447253861
27.5    0.102576182241
27.625    0.102230305922
27.75    0.102540401932
27.875    0.102683523168
28.0    0.0924563182062
28.125    0.097030234361
28.25    0.0985568608742
28.375    0.099934402767
28.5    0.0946448804341
28.625    0.0947641481305
28.75    0.0946687339734
28.875    0.103238117956
29.0    0.100846800644
29.125    0.100214681853
29.25    0.0998986224581
29.375    0.09820502117
29.5    0.0995348559843
29.625    0.0986582384161
29.75    0.098759615958
29.875    0.0991472359711
30.0    0.105456497108
30.125    0.103482616733
30.25    0.105009243246
30.375    0.0949847933687
30.5    0.0919852108057
30.625    0.0926232929811
30.75    0.103727115511
30.875    0.103727115511
31.0    0.0997018307591
31.125    0.0997853181466
31.25    0.0984077762538
31.375    0.0993380642853
31.5    0.092301270201
31.625    0.0998091716858
31.75    0.0999880732304
31.875    0.100190828314
32.0    0.0900709642793
32.125    0.102361500388
32.25    0.0997316476832
32.375    0.100113304312
32.5    0.105325302642
32.625    0.0930765102272
32.75    0.0928439382193
32.875    0.105068877095
33.0    0.0895402230306
33.125    0.0909177649234
33.25    0.0912159341642
33.375    0.0913888723239
33.5    0.101133043115
33.625    0.101514699744
33.75    0.101884429602
33.875    0.101759198521
34.0    0.0977637306935
34.125    0.0981215337826
34.25    0.0983660325601
34.375    0.0986642018009
34.5    0.102814717634
34.625    0.0955930586201
34.75    0.095497644463
34.875    0.0954618641541
35.0    0.0919494304967
35.125    0.0919494304967
35.25    0.0914067624784
35.375    0.0918659431093
35.5    0.0996302701413
35.625    0.0998866956885
35.75    0.0993261375157
35.875    0.0998986224581
36.0    0.0942274434969
36.125    0.0957361798557
36.25    0.0957361798557
36.375    0.0960462758662
36.5    0.0956765460075
36.625    0.0952948893792
36.75    0.0953247063033
36.875    0.0966843580416
37.0    0.0963384817222
37.125    0.0967022481961
37.25    0.100369729859
37.375    0.100715606178
37.5    0.094746257976
37.625    0.0947164410519
37.75    0.0942453336514
37.875    0.0968334426621
38.0    0.0962848112589
38.125    0.0951159878347
38.25    0.0943288210388
38.375    0.0927604508319
38.5    0.0936907388634
38.625    0.0938159699445
38.75    0.101610113901
38.875    0.10178305206
39.0    0.101091299422
39.125    0.101091299422
39.25    0.101097262806
39.375    0.102027550838
39.5    0.0973522571412
39.625    0.0971435386725
39.75    0.0971435386725
39.875    0.0971435386725
40.0    0.101407358817
40.125    0.0970719780547
40.25    0.0967141749657
40.375    0.0964219691097
40.5    0.0976683165365
40.625    0.0981752042459
40.75    0.0974834516071
40.875    0.0975013417616
41.0    0.0961357266384
41.125    0.0962371041803
41.25    0.0962371041803
41.375    0.0973999642197
41.5    0.0965531635756
41.625    0.0972985866778
41.75    0.0975907925338
41.875    0.0978293279265
42.0    0.0973999642197
42.125    0.0975490488401
42.25    0.0972508795993
42.375    0.0972508795993
42.5    0.0945315761226
42.625    0.0945315761226
42.75    0.0945315761226
42.875    0.106577613453
43.0    0.0987655793428
43.125    0.0970183075914
43.25    0.0985389707198
43.375    0.09722702606
43.5    0.0957182897012
43.625    0.0967559186594
43.75    0.0959150814002
43.875    0.0970540879003
44.0    0.09543204723
44.125    0.0955274613871
44.25    0.095497644463
44.375    0.0956228755442
44.5    0.0970063808218
44.625    0.0975550122249
44.75    0.0976862066909
44.875    0.0977040968454
45.0    0.0984375931779
45.125    0.0975550122249
45.25    0.0992426501282
45.375    0.0981036436281
45.5    0.0957540700101
45.625    0.0966426143479
45.75    0.0964577494186
45.875    0.0964696761882
46.0    0.0956169121593
46.125    0.0957958137039
46.25    0.0955214980023
46.375    0.0959985687876
46.5    0.104854195241
46.625    0.104907865705
46.75    0.0927127437534
46.875    0.0937324825571
47.0    0.0956586558531
47.125    0.09624903095
47.25    0.0953127795337
47.375    0.0965949072694
47.5    0.0934522034707
47.625    0.098401812869
47.75    0.0982109845548
47.875    0.0984197030234
48.0    0.0969884906673
48.125    0.096964637128
48.25    0.0961893971018
48.375    0.0974178543741
48.5    0.0970898682092
48.625    0.0961595801777
48.75    0.0965949072694
48.875    0.0967559186594
49.0    0.0952948893792
49.125    0.0952710358399
49.25    0.0954141570756
49.375    0.095235255531
49.5    0.0944838690441
49.625    0.0950861709106
49.75    0.0945673564315
49.875    0.0934462400859
50.0    0.0938040431749
50.125    0.0925875126722
50.25    0.0925875126722
50.375    0.0944123084263
50.5    0.0973880374501
50.625    0.0971673922118
50.75    0.0973701472956
50.875    0.0975490488401
51.0    0.0946091001252
51.125    0.0948178185938
51.25    0.104538135846
51.375    0.104705110621
51.5    0.0974417079134
51.625    0.0974834516071
51.75    0.0974357445286
51.875    0.0977339137695
52.0    0.095855447552
52.125    0.095855447552
52.25    0.0975311586857
52.375    0.0972031725207
52.5    0.0949907567535
52.625    0.0955870952353
52.75    0.0958196672431
52.875    0.0958971912458
53.0    0.092038881269
53.125    0.093344862544
53.25    0.0932673385414
53.375    0.0929393523764
53.5    0.0893076510227
53.625    0.0896714174966
53.75    0.0908581310752
53.875    0.0911861172401
54.0    0.0985389707198
54.125    0.0994513685968
54.25    0.0996779772199
54.375    0.0991949430497
54.5    0.0981930944004
54.625    0.0965889438845
54.75    0.0963205915678
54.875    0.0976742799213
55.0    0.0952769992248
55.125    0.0954081936907
55.25    0.0964696761882
55.375    0.0965650903453
55.5    0.0979605223925
55.625    0.0964816029578
55.75    0.0977577673087
55.875    0.0977756574632
56.0    0.0967022481961
56.125    0.0967738088139
56.25    0.100596338482
56.375    0.0847039179438
56.5    0.101049555728
56.625    0.0927306339078
56.75    0.10163396744
56.875    0.103303715189
57.0    0.0978949251595
57.125    0.0969944540521
57.25    0.0969944540521
57.375    0.0970063808218
57.5    0.0971554654422
57.625    0.0972806965233
57.75    0.0977875842328
57.875    0.0980857534737
58.0    0.0951994752221
58.125    0.0977398771543
58.25    0.0967439918898
58.375    0.096869222971
58.5    0.0945792832011
58.625    0.0951279146043
58.75    0.0943586379629
58.875    0.09445405212
59.0    0.100268352317
59.125    0.0930407299183
59.25    0.0932255948476
59.375    0.0932255948476
59.5    0.0932673385414
59.625    0.093082473612
59.75    0.0931003637665
59.875    0.0932017413084
60.0    0.097358220526
60.125    0.0974715248375
60.25    0.0977339137695
60.375    0.0979366688532
60.5    0.0958256306279
60.625    0.0950146102928
60.75    0.0950205736776
60.875    0.090929691693
61.0    0.0963325183374
61.125    0.0972628063689
61.25    0.0967141749657
61.375    0.0967141749657
61.5    0.0971972091359
61.625    0.0954499373845
61.75    0.0956049853897
61.875    0.0961297632536
62.0    0.0950384638321
62.125    0.0951279146043
62.25    0.0937265191723
62.375    0.0956109487745
62.5    0.0971852823663
62.625    0.0973820740652
62.75    0.0975669389946
62.875    0.0971196851333
63.0    0.0977756574632
63.125    0.0976563897668
63.25    0.0981155703978
63.375    0.0981811676307
63.5    0.0985747510287
63.625    0.0986403482617
63.75    0.0988848470392
63.875    0.0889498479337
64.0    0.096899039895
64.125    0.096899039895
64.25    0.0968811497406
64.375    0.0972389528296
64.5    0.0942095533425
64.625    0.101490846204
64.75    0.0941737730336
64.875    0.0941797364184
65.0    0.0958971912458
65.125    0.0969407835888
65.25    0.0968572962013
65.375    0.0856043890512
65.5    0.0942990041147
65.625    0.0945792832011
65.75    0.0934939471644
65.875    0.0935297274733
66.0    0.0994811855209
66.125    0.0992545768978
66.25    0.0970361977458
66.375    0.0937086290178
66.5    0.0960343490965
66.625    0.096344445107
66.75    0.0993022839764
66.875    0.09902200489
67.0    0.0992187965889
67.125    0.0992724670523
67.25    0.0990100781203
67.375    0.100775240026
67.5    0.0943049674995
67.625    0.0942453336514
67.75    0.0948834158268
67.875    0.0949132327509
68.0    0.0973701472956
68.125    0.0968095891228
68.25    0.0958614109368
68.375    0.0944242351959
68.5    0.0963802254159
68.625    0.0985866777983
68.75    0.0983958494842
68.875    0.0961774703322
69.0    0.0957361798557
69.125    0.095300852764
69.25    0.0953843401515
69.375    0.0950980976802
69.5    0.102886278252
69.625    0.102886278252
69.75    0.102868388097
69.875    0.097781620848
70.0    0.0969944540521
70.125    0.0978174011569
70.25    0.0976742799213
70.375    0.0966903214264
70.5    0.100238535393
70.625    0.100465144016
70.75    0.100417436937
70.875    0.100506887709
71.0    0.0975430854553
71.125    0.097847218081
71.25    0.0954916810782
71.375    0.0955036078478
71.5    0.097095831594
71.625    0.0974715248375
71.75    0.0974774882223
71.875    0.0975907925338
72.0    0.0976623531516
72.125    0.0983302522512
72.25    0.0975371220705
72.375    0.104675293697
72.5    0.0960760927903
72.625    0.0958494841672
72.75    0.0973164768323
72.875    0.0972210626752
73.0    0.0928856819131
73.125    0.0947402945912
73.25    0.0945077225833
73.375    0.0940127616435
73.5    0.104657403542
73.625    0.103792712744
73.75    0.103774822589
73.875    0.093213668078
74.0    0.0977040968454
74.125    0.0975729023794
74.25    0.106995050391
74.375    0.103083069951
74.5    0.0950563539865
74.625    0.0945077225833
74.75    0.0939889081042
74.875    0.0940485419524
75.0    0.0918003458763
75.125    0.091126483392
75.25    0.0932255948476
75.375    0.0946568072038
75.5    0.099087602123
75.625    0.0992665036675
75.75    0.0992724670523
75.875    0.0994752221361
76.0    0.0922893434313
76.125    0.0926710000596
76.25    0.0929930228398
76.375    0.0782753891109
76.5    0.0938278967142
76.625    0.0990935655078
76.75    0.0999880732304
76.875    0.0936967022482
77.0    0.0949072693661
77.125    0.0949013059813
77.25    0.0946389170493
77.375    0.0946627705886
77.5    0.104168405987
77.625    0.0968394060469
77.75    0.0971554654422
77.875    0.100184864929
78.0    0.099672013835
78.125    0.0997674279921
78.25    0.0997972449162
78.375    0.0998151350707
78.5    0.0959926054028
78.625    0.100709642793
78.75    0.100983958495
78.875    0.0913232750909
79.0    0.0899338064285
79.125    0.0917168584889
79.25    0.0919613572664
79.375    0.0921223686565
79.5    0.0947164410519
79.625    0.092724670523
79.75    0.0922774166617
79.875    0.0920209911146
80.0    0.0951338779892
80.125    0.0972806965234
80.25    0.0982825451726
80.375    0.0972508795993
80.5    0.0872502832608
80.625    0.084763551792
80.75    0.0840479456139
80.875    0.1040849186
81.0    0.0918957600334
81.125    0.0923847575884
81.25    0.092396684358
81.375    0.0982109845548
81.5    0.0890214085515
81.625    0.0903035362872
81.75    0.0885562645358
81.875    0.0955274613871
82.0    0.0931063271513
82.125    0.0926650366748
82.25    0.0917586021826
82.375    0.0917884191067
82.5    0.0950146102928
82.625    0.0950384638321
82.75    0.0966545411175
82.875    0.0959389349395
83.0    0.0962311407955
83.125    0.0961536167929
83.25    0.0959627884787
83.375    0.0949549764446
83.5    0.0967022481961
83.625    0.0967261017353
83.75    0.0923370505099
83.875    0.0923370505099
84.0    0.101520663128
84.125    0.101478919435
84.25    0.100065597233
84.375    0.0999165126126
84.5    0.0947999284394
84.625    0.0947999284394
84.75    0.0947999284394
84.875    0.0947760749001
85.0    0.101950026835
85.125    0.100787166796
85.25    0.101872502833
85.375    0.0970242709762
85.5    0.0885562645358
85.625    0.0951875484525
85.75    0.0954678275389
85.875    0.0936728487089
86.0    0.0920686981931
86.125    0.0935833979367
86.25    0.0917526387978
86.375    0.0919792474208
86.5    0.100924324647
86.625    0.100596338482
86.75    0.100650008945
86.875    0.0907269366092
87.0    0.0979187786988
87.125    0.0981155703978
87.25    0.0973284036019
87.375    0.107782217186
87.5    0.092527878824
87.625    0.0926531099052
87.75    0.0940187250283
87.875    0.0924384280518
88.0    0.0966605045024
88.125    0.0964160057248
88.25    0.0952292921462
88.375    0.0929333889916
88.5    0.0909416184627
88.625    0.0908044606118
88.75    0.0909773987715
88.875    0.0911026298527
89.0    0.0974357445286
89.125    0.0873576241875
89.25    0.0879002922059
89.375    0.0876498300435
89.5    0.0920269544994
89.625    0.092366867434
89.75    0.092396684358
89.875    0.093768262866
90.0    0.0906195956825
90.125    0.0909773987715
90.25    0.0911324467768
90.375    0.091126483392
90.5    0.0937861530205
90.625    0.0940664321069
90.75    0.0936728487089
90.875    0.0933687160832
91.0    0.0958017770887
91.125    0.0975371220705
91.25    0.0977398771543
91.375    0.097358220526
91.5    0.103613811199
91.625    0.0939590911802
91.75    0.0939590911802
91.875    0.093965054565
92.0    0.0994155882879
92.125    0.0920985151172
92.25    0.0921879658894
92.375    0.091812272646
92.5    0.0915797006381
92.625    0.0922595265072
92.75    0.0923370505099
92.875    0.092366867434
93.0    0.0915021766355
93.125    0.0915975907925
93.25    0.0915618104836
93.375    0.0917049317192
93.5    0.0866181644702
93.625    0.0865644940068
93.75    0.08809112052
93.875    0.0869700041744
94.0    0.0937503727116
94.125    0.0947820382849
94.25    0.0961476534081
94.375    0.0946210268949
94.5    0.0923609040491
94.625    0.0919017234182
94.75    0.0921104418868
94.875    0.0922714532769
95.0    0.0937801896356
95.125    0.0954201204604
95.25    0.0880434134415
95.375    0.0941737730336
95.5    0.0948714890572
95.625    0.0948834158268
95.75    0.0948834158268
95.875    0.0950980976802
96.0    0.0963086647981
96.125    0.0950503906017
96.25    0.0873456974179
96.375    0.0948953425965
96.5    0.0940843222613
96.625    0.0927485240623
96.75    0.0939710179498
96.875    0.0929810960701
97.0    0.0964398592641
97.125    0.0949370862902
97.25    0.0949370862902
97.375    0.0888007633133
97.5    0.0931122905361
97.625    0.0921104418868
97.75    0.0909118015386
97.875    0.0915618104836
98.0    0.0937503727116
98.125    0.0924265012821
98.25    0.0932196314628
98.375    0.0931599976146
98.5    0.0960641660206
98.625    0.0963265549526
98.75    0.0968394060469
98.875    0.0963563718767
99.0    0.0937921164053
99.125    0.0938875305623
99.25    0.0937921164053
99.375    0.0938517502534
99.5    0.0908939113841
99.625    0.0910847396983
99.75    0.091126483392
99.875    0.0939471644105
100.0    0.0991591627408
100.125    0.0911980440098
100.25    0.091287494782
100.375    0.0913829089391
100.5    0.0949251595205
100.625    0.0925875126722
100.75    0.0925994394418
100.875    0.092235672968
101.0    0.095366449997
101.125    0.0951756216829
101.25    0.095760033395
101.375    0.0955692050808
101.5    0.0953604866122
101.625    0.0938517502534
101.75    0.095921044785
101.875    0.0955751684656
102.0    0.091615480947
102.125    0.0918778698789
102.25    0.0919255769575
102.375    0.0924205378973
102.5    0.0922535631224
102.625    0.0935774345519
102.75    0.0920746615779
102.875    0.0925636591329
103.0    0.0951994752221
103.125    0.0951994752221
103.25    0.0951935118373
103.375    0.0949728665991
103.5    0.0861232035303
103.625    0.0852346591926
103.75    0.102671596398
103.875    0.0941141391854
104.0    0.0939054207168
104.125    0.0936668853241
104.25    0.0939292742561
104.375    0.0939710179498
104.5    0.0938159699445
104.625    0.0937503727116
104.75    0.0935297274733
104.875    0.0935893613215
105.0    0.0955274613871
105.125    0.0954081936907
105.25    0.0939233108712
105.375    0.0944480887352
105.5    0.0950384638321
105.625    0.0951875484525
105.75    0.095205438607
105.875    0.0950503906017
106.0    0.0949191961357
106.125    0.0949013059813
106.25    0.0936788120937
106.375    0.0936132148608
106.5    0.0948297453635
106.625    0.0953306696881
106.75    0.0952471823007
106.875    0.0956407656986
107.0    0.0956825093923
107.125    0.0947224044368
107.25    0.0952114019918
107.375    0.0955513149264
107.5    0.102653706244
107.625    0.101216530503
107.75    0.100685789254
107.875    0.101133043115
108.0    0.0855209016638
108.125    0.093016876379
108.25    0.0955870952353
108.375    0.0958077404735
108.5    0.0952114019918
108.625    0.0952114019918
108.75    0.0953724133818
108.875    0.0953068161488
109.0    0.0932971554655
109.125    0.0937921164053
109.25    0.0925994394418
109.375    0.0921760391198
109.5    0.0949847933687
109.625    0.0951338779892
109.75    0.0947641481305
109.875    0.0932673385414
110.0    0.0973045500626
110.125    0.0972449162144
110.25    0.100477070785
110.375    0.0950623173713
110.5    0.0937801896356
110.625    0.0936430317849
110.75    0.0936788120937
110.875    0.0936788120937
111.0    0.0973284036019
111.125    0.0978412546962
111.25    0.0980797900889
111.375    0.0981573140915
111.5    0.0876438666587
111.625    0.0903393165961
111.75    0.0882402051404
111.875    0.0876498300435
112.0    0.0889140676248
112.125    0.0881447909834
112.25    0.0878883654362
112.375    0.0881805712923
112.5    0.094811855209
112.625    0.0941022124158
112.75    0.0940127616435
112.875    0.093965054565
113.0    0.0946269902797
113.125    0.0945971733556
113.25    0.0938278967142
113.375    0.0949370862902
113.5    0.0853479635041
113.625    0.085514938279
113.75    0.085383743813
113.875    0.0853897071978
114.0    0.0943586379629
114.125    0.0896714174966
114.25    0.0918838332638
114.375    0.0904943646013
114.5    0.0975073051464
114.625    0.0867672490906
114.75    0.0871310155644
114.875    0.0968513328165
115.0    0.0938875305623
115.125    0.0957003995468
115.25    0.0963265549526
115.375    0.0945435028922
115.5    0.0953247063033
115.625    0.0954499373845
115.75    0.094388454887
115.875    0.0949609398294
116.0    0.0914007990936
116.125    0.0918361261852
116.25    0.0910847396983
116.375    0.0903929870595
116.5    0.0877571709702
116.625    0.0999224759974
116.75    0.0878466217425
116.875    0.0878824020514
117.0    0.0900351839704
117.125    0.0900113304312
117.25    0.0898682091955
117.375    0.0884012165305
117.5    0.0894149919494
117.625    0.0892957242531
117.75    0.0994215516727
117.875    0.0893672848709
118.0    0.0963981155704
118.125    0.0966426143479
118.25    0.0967618820442
118.375    0.0959747152484
118.5    0.0895342596458
118.625    0.091907686803
118.75    0.0916631880255
118.875    0.0893911384102
119.0    0.086624127855
119.125    0.0863438487686
119.25    0.0866300912398
119.375    0.0915141034051
120.0    0.0995050390602
120.125    0.100107340927
120.25    0.0984733734868
120.375    0.0999522929215
120.5    0.0925994394418
120.625    0.0931182539209
120.75    0.0925099886696
120.875    0.0855030115093
121.0    0.091287494782
121.125    0.0929572425309
121.25    0.0911026298527
121.375    0.0911026298527
121.5    0.085186952114
121.625    0.0854851213549
121.75    0.0854195241219
121.875    0.0854672312004
122.0    0.0939054207168
122.125    0.0937205557875
122.25    0.0940485419524
122.375    0.0934223865466
122.5    0.093505873934
122.625    0.0931659609995
122.75    0.0931659609995
122.875    0.0919434671119
123.0    0.086624127855
123.125    0.0978233645417
123.25    0.0942334068817
123.375    0.0939054207168
123.5    0.094388454887
123.625    0.0940902856461
123.75    0.0942751505755
123.875    0.0942751505755
124.0    0.0985091537957
124.125    0.0863021050748
124.25    0.0889617747033
124.375    0.0883177291431
124.5    0.0875424891168
124.625    0.0890929691693
124.75    0.0890989325541
124.875    0.0890154451667
125.0    0.093148070845
125.125    0.0935595443974
125.25    0.0936012880911
125.375    0.091418689248
125.5    0.0875245989624
125.625    0.0877512075854
125.75    0.0880016697477
125.875    0.0884310334546
126.0    0.09168107818
126.125    0.0916691514103
126.25    0.0916691514103
126.375    0.0934164231618
126.5    0.0949490130598
126.625    0.0922595265072
126.75    0.0950444272169
126.875    0.09461506351
127.0    0.0935953247063
127.125    0.0936370684
127.25    0.0936489951697
127.375    0.0927187071382
127.5    0.0846383207108
127.625    0.0846800644046
127.75    0.0875782694257
127.875    0.0880135965174
128.0    0.0923370505099
128.125    0.0920448446538
128.25    0.0922774166617
128.375    0.0919136501878
128.5    0.0923787942036
128.625    0.0924682449758
128.75    0.0922475997376
128.875    0.0924682449758
129.0    0.0871906494126
129.125    0.0930228397638
129.25    0.0932852286958
129.375    0.0927187071382
129.5    0.100005963385
129.625    0.0951279146043
129.75    0.0948834158268
129.875    0.0939054207168
130.0    0.0926948535989
130.125    0.0935595443974
130.25    0.0928379748345
130.375    0.0930765102272
130.5    0.0922475997376
130.625    0.0921402588109
130.75    0.0937742262508
130.875    0.0920269544994
131.0    0.0905778519888
131.125    0.0906971196851
131.25    0.0903870236746
131.375    0.0932017413084
131.5    0.0961118730992
131.625    0.0855686087423
131.75    0.0858309976743
131.875    0.084960343491
132.0    0.0927365972926
132.125    0.0932375216173
132.25    0.0930765102272
132.375    0.0907507901485
132.5    0.0899457331982
132.625    0.0901604150516
132.75    0.0898980261196
132.875    0.0926888902141
133.0    0.089754904884
133.125    0.0896952710358
133.25    0.0896058202636
133.375    0.0912159341642
133.5    0.091126483392
133.625    0.091126483392
133.75    0.0911503369312
133.875    0.0921820025046
134.0    0.0938398234838
134.125    0.0939113841016
134.25    0.0939113841016
134.375    0.0930765102272
134.5    0.0895700399547
134.625    0.0909714353867
134.75    0.0898145387322
134.875    0.0898562824259
135.0    0.0890273719363
135.125    0.0929393523764
135.25    0.0929333889916
135.375    0.0933090822351
135.5    0.0933925696225
135.625    0.0933687160832
135.75    0.0934820203948
135.875    0.0935297274733
136.0    0.094191663188
136.125    0.094030651798
136.25    0.094030651798
136.375    0.094096249031
136.5    0.103995467828
136.625    0.103995467828
136.75    0.103995467828
136.875    0.0991889796649
137.0    0.0928916452979
137.125    0.0927485240623
137.25    0.0927544874471
137.375    0.0927544874471
137.5    0.090571888604
137.625    0.0905838153736
137.75    0.0917287852585
137.875    0.0915319935595
138.0    0.0984733734868
138.125    0.0974834516071
138.25    0.0950921342954
138.375    0.105295485718
138.5    0.0930228397638
138.625    0.0930288031487
138.75    0.0928320114497
138.875    0.0928379748345
139.0    0.094126065955
139.125    0.0940664321069
139.25    0.0940664321069
139.375    0.0937384459419
139.5    0.0977577673087
139.625    0.0980917168585
139.75    0.0957123263164
139.875    0.0957481066253
140.0    0.0929453157612
140.125    0.0928021945256
140.25    0.093213668078
140.375    0.093213668078
140.5    0.0886874590017
140.625    0.0890094817819
140.75    0.0890094817819
140.875    0.0892957242531
141.0    0.0891466396327
141.125    0.0893255411772
141.25    0.0891466396327
141.375    0.0893016876379
141.5    0.0914246526328
141.625    0.0914723597114
141.75    0.0915737372533
141.875    0.0891824199416
142.0    0.0944063450414
142.125    0.0942095533425
142.25    0.0795157731528
142.375    0.0946269902797
142.5    0.0961893971018
142.625    0.0962549943348
142.75    0.0961357266385
142.875    0.0961237998688
143.0    0.0914425427873
143.125    0.0989444808874
143.25    0.0992784304371
143.375    0.0883058023734
143.5    0.0918599797245
143.625    0.0918599797245
143.75    0.0924742083607
143.875    0.0897429781144
144.0    0.0933627526984
144.125    0.0933627526984
144.25    0.0930049496094
144.375    0.0930109129942
144.5    0.091060886159
144.625    0.0911443735464
144.75    0.0911443735464
144.875    0.0895104061065
145.0    0.0928439382193
145.125    0.0929870594549
145.25    0.0930109129942
145.375    0.0930049496094
145.5    0.0911324467768
145.625    0.0912099707794
145.75    0.0911085932375
145.875    0.0911145566223
146.0    0.0895402230306
146.125    0.0891824199416
146.25    0.0892599439442
146.375    0.0892599439442
146.5    0.0935893613215
146.625    0.0888067266981
146.75    0.0893136144075
146.875    0.0894328821039
147.0    0.0929154988371
147.125    0.0919136501878
147.25    0.0919136501878
147.375    0.0922833800465
147.5    0.0909595086171
147.625    0.0911682270857
147.75    0.0912934581668
147.875    0.0915618104836
148.0    0.0906136322977
148.125    0.0904049138291
148.25    0.0903929870595
148.375    0.0904705110621
148.5    0.0937444093267
148.625    0.0937444093267
148.75    0.0959687518636
148.875    0.096475639573
149.0    0.093148070845
149.125    0.0909893255412
149.25    0.0892182002505
149.375    0.0907925338422
149.5    0.0940187250283
149.625    0.0939710179498
149.75    0.0940545053372
149.875    0.094030651798
150.0    0.0888544337766
150.125    0.0886337885384
150.25    0.0882759854493
150.375    0.085872741368
150.5    0.0922416363528
150.625    0.0922297095832
150.75    0.0936549585545
150.875    0.0919494304968
151.0    0.0933866062377
151.125    0.0934522034707
151.25    0.0934522034707
151.375    0.0934343133162
151.5    0.098467410102
151.625    0.0995229292146
151.75    0.0995229292146
151.875    0.0981632774763
152.0    0.0920031009601
152.125    0.0935416542429
152.25    0.0935416542429
152.375    0.0920090643449
152.5    0.0949609398294
152.625    0.0919494304968
152.75    0.091973284036
152.875    0.092462281591
153.0    0.0920567714235
153.125    0.0920448446538
153.25    0.0920985151172
153.375    0.0920806249627
153.5    0.0963682986463
153.625    0.0963384817222
153.75    0.0962967380285
153.875    0.0963325183374
154.0    0.0932971554655
154.125    0.0932971554655
154.25    0.0932971554655
154.375    0.0932971554655
154.5    0.0920209911146
154.625    0.0935476176278
154.75    0.0935118373189
154.875    0.09184208957
155.0    0.0916333711014
155.125    0.0916512612559
155.25    0.0916512612559
155.375    0.0910489593894
155.5    0.0927664142167
155.625    0.0926710000596
155.75    0.0953783767666
155.875    0.0944003816566
156.0    0.0915737372533
156.125    0.0916691514103
156.25    0.0911741904705
156.375    0.0911741904705
156.5    0.083588764983
156.625    0.083588764983
156.75    0.0837915200668
156.875    0.084143359771
157.0    0.092170075735
157.125    0.092170075735
157.25    0.0921164052716
157.375    0.0921164052716
157.5    0.091812272646
157.625    0.0920031009601
157.75    0.0923609040491
157.875    0.0927306339078
158.0    0.0900709642793
158.125    0.0887351660803
158.25    0.090178305206
158.375    0.0877035005069
158.5    0.0902856461328
158.625    0.0902916095176
158.75    0.0906494126066
158.875    0.0910191424653
159.0    0.0951517681436
159.125    0.094322857654
159.25    0.0967439918898
159.375    0.0905539984495
159.5    0.0963563718767
159.625    0.0924265012821
159.75    0.0924801717455
159.875    0.0939471644105
160.0    0.0945554296619
160.125    0.0946508438189
160.25    0.0946389170493
160.375    0.0945494662771
160.5    0.0907806070726
160.625    0.100536704634
160.75    0.0952769992248
160.875    0.0948595622876
161.0    0.0887172759258
161.125    0.088711312541
161.25    0.0893792116405
161.375    0.089397101795
161.5    0.0911741904705
161.625    0.0911026298527
161.75    0.0959926054028
161.875    0.0965114198819
162.0    0.09086409446
162.125    0.0897131611903
162.25    0.089623710418
162.375    0.0896773808814
162.5    0.0912696046276
162.625    0.0915439203292
162.75    0.0901425248971
162.875    0.0923907209732
163.0    0.0897787584233
163.125    0.0896475639573
163.25    0.0894805891824
163.375    0.0845786868627
163.5    0.0904943646013
163.625    0.0900948178186
163.75    0.0903572067506
163.875    0.0904168405987
164.0    0.090243902439
164.125    0.0904764744469
164.25    0.0904585842924
164.375    0.0909475818474
164.5    0.0910787763134
164.625    0.0910668495438
164.75    0.0900769276641
164.875    0.0917943824915
165.0    0.0934879837796
165.125    0.0934700936251
165.25    0.0934999105492
165.375    0.093082473612
165.5    0.0910907030831
165.625    0.0913471286302
165.75    0.0907865704574
165.875    0.0917764923371
166.0    0.0881328642137
166.125    0.0880672669807
166.25    0.0881865346771
166.375    0.0885562645358
166.5    0.0942930407299
166.625    0.0941439561095
166.75    0.0936430317849
166.875    0.09347605701
167.0    0.0909595086171
167.125    0.0907925338422
167.25    0.0900769276641
167.375    0.0907686803029
167.5    0.0886099349991
167.625    0.0886934223865
167.75    0.0886934223865
167.875    0.0897489414992
168.0    0.0899218796589
168.125    0.0898324288866
168.25    0.0898682091955
168.375    0.0898682091955
168.5    0.0925636591329
168.625    0.0926411831355
168.75    0.0921820025046
168.875    0.0922774166617
169.0    0.0911563003161
169.125    0.0913352018606
169.25    0.0912934581668
169.375    0.0912934581668
169.5    0.0938517502534
169.625    0.0938517502534
169.75    0.0938040431749
169.875    0.0909535452323
170.0    0.0910191424653
170.125    0.0917108951041
170.25    0.0925398055937
170.375    0.0924801717455
170.5    0.0910966664679
170.625    0.0910966664679
170.75    0.0910966664679
170.875    0.0907806070726
171.0    0.0870952352555
171.125    0.0855984256664
171.25    0.0855984256664
171.375    0.0855984256664
171.5    0.0940723954917
171.625    0.0941081758006
171.75    0.0918778698789
171.875    0.0915439203292
172.0    0.0926292563659
172.125    0.0926292563659
172.25    0.0926292563659
172.375    0.0926292563659
172.5    0.0933508259288
172.625    0.093344862544
172.75    0.093344862544
172.875    0.0933508259288
173.0    0.0938577136383
173.125    0.0937503727116
173.25    0.0937742262508
173.375    0.0937801896356
173.5    0.0908998747689
173.625    0.0872622100304
173.75    0.0872860635697
173.875    0.0877810245095
174.0    0.0891406762478
174.125    0.0891406762478
174.25    0.0940246884131
174.375    0.0940485419524
174.5    0.0922177828135
174.625    0.0919434671119
174.75    0.0919315403423
174.875    0.0919553938816
175.0    0.0858190709046
175.125    0.0930944003817
175.25    0.0905420716799
175.375    0.0867493589361
175.5    0.0870534915618
175.625    0.0875663426561
175.75    0.0879360725148
175.875    0.0879360725148
176.0    0.0843640050092
176.125    0.0849543801061
176.25    0.0849543801061
176.375    0.0851809887292
176.5    0.0917705289522
176.625    0.0904228039835
176.75    0.0920448446538
176.875    0.0920150277297
177.0    0.0867791758602
177.125    0.0867791758602
177.25    0.0871846860278
177.375    0.0871727592582
177.5    0.0931421074602
177.625    0.0933985330073
177.75    0.0933985330073
177.875    0.0927843043712
178.0    0.0947283678216
178.125    0.09445405212
178.25    0.0948178185938
178.375    0.0917764923371
178.5    0.0929333889916
178.625    0.0929453157612
178.75    0.0927843043712
178.875    0.0865466038524
179.0    0.0953425964577
179.125    0.0953425964577
179.25    0.0953425964577
179.375    0.0953843401515
180.0    0.0921820025046
180.125    0.0926232929811
180.25    0.0926232929811
180.375    0.0949191961357
180.5    0.0949072693661
180.625    0.095169658298
180.75    0.0951159878347
180.875    0.0951577315284
181.0    0.0847575884072
181.125    0.085252549347
181.25    0.0850796111873
181.375    0.0849722702606
181.5    0.0877929512791
181.625    0.0880374500567
181.75    0.0882998389886
181.875    0.0883236925279
182.0    0.0879718528237
182.125    0.087470928499
182.25    0.0870713817163
182.375    0.0870236746377
182.5    0.0953903035363
182.625    0.0953903035363
182.75    0.0955036078478
182.875    0.0958196672431
183.0    0.0936370684
183.125    0.0936430317849
183.25    0.0936430317849
183.375    0.0935416542429
183.5    0.0857773272109
183.625    0.0857773272109
183.75    0.0857773272109
183.875    0.0856461327449
184.0    0.0890810423997
184.125    0.0894865525672
184.25    0.0889438845489
184.375    0.0894984793369
184.5    0.0878346949729
184.625    0.0878346949729
184.75    0.0878346949729
184.875    0.0878346949729
185.0    0.0884906673028
185.125    0.0885980082295
185.25    0.088580118075
185.375    0.0882759854493
185.5    0.086099349991
185.625    0.0862424712267
185.75    0.0862424712267
185.875    0.0862424712267
186.0    0.0919375037271
186.125    0.0922237461983
186.25    0.091973284036
186.375    0.091973284036
186.5    0.0890154451667
186.625    0.0865704573916
186.75    0.0840956526925
186.875    0.0840956526925
187.0    0.099314210746
187.125    0.099314210746
187.25    0.099511002445
187.375    0.0996183433717
187.5    0.0892539805594
187.625    0.0892539805594
187.75    0.0795038463832
187.875    0.0792295306816
188.0    0.0862722881508
188.125    0.0862722881508
188.25    0.0863975192319
188.375    0.084960343491
188.5    0.0886814956169
188.625    0.0885025940724
188.75    0.0864213727712
188.875    0.0864213727712
189.0    0.0882342417556
189.125    0.0882342417556
189.25    0.0884310334546
189.375    0.0884489236091
189.5    0.0859562287554
189.625    0.0859562287554
189.75    0.086003935834
189.875    0.0863796290775
190.0    0.0866002743157
190.125    0.0859323752162
190.25    0.0865525672372
190.375    0.0860933866062
190.5    0.0870952352555
190.625    0.0871190887948
190.75    0.0871190887948
190.875    0.0875603792713
191.0    0.085383743813
191.125    0.0950503906017
191.25    0.0852942930407
191.375    0.0858190709046
191.5    0.0879062555907
191.625    0.0879062555907
191.75    0.087959926054
191.875    0.0879539626692
192.0    0.0840539089988
192.125    0.0914007990936
192.25    0.0915856640229
192.375    0.0844117120878
192.5    0.0867970660147
192.625    0.0869998210985
192.75    0.0869998210985
192.875    0.0871667958733
193.0    0.086200727533
193.125    0.086200727533
193.25    0.086230544457
193.375    0.0862782515356
193.5    0.08988609935
193.625    0.0898980261196
193.75    0.0896773808814
193.875    0.0898920627348
194.0    0.0873993678812
194.125    0.0885443377661
194.25    0.0885443377661
194.375    0.088514520842
194.5    0.0911801538553
194.625    0.0911801538553
194.75    0.0913471286302
194.875    0.0904764744469
195.0    0.0875782694257
195.125    0.0878406583577
195.25    0.0888544337766
195.375    0.0888544337766
195.5    0.0854075973523
195.625    0.0853598902737
195.75    0.0853598902737
195.875    0.0856401693601
196.0    0.0882342417556
196.125    0.0885443377661
196.25    0.0885443377661
196.375    0.0884906673028
196.5    0.0820144313913
196.625    0.0817102987656
196.75    0.0816924086111
196.875    0.0817102987656
197.0    0.0887232393106
197.125    0.0886755322321
197.25    0.0885622279206
197.375    0.0882759854493
197.5    0.0940127616435
197.625    0.0940127616435
197.75    0.0941022124158
197.875    0.0943049674995
198.0    0.0887649830044
198.125    0.0887649830044
198.25    0.0863021050748
198.375    0.0865823841613
198.5    0.0861589838392
198.625    0.083880970839
198.75    0.0911980440098
198.875    0.083719959449
199.0    0.0861351303
199.125    0.0865704573916
199.25    0.0864571530801
199.375    0.0865764207764
199.5    0.089951696583
199.625    0.0897847218081
199.75    0.0901246347427
199.875    0.0901246347427
200.0    0.0895223328761
200.125    0.090082891049
200.25    0.0895819667243
200.375    0.0895819667243
200.5    0.0875186355776
200.625    0.0878883654362
200.75    0.0875305623472
200.875    0.0875305623472
201.0    0.0923728308188
201.125    0.0924026477429
201.25    0.092396684358
201.375    0.092396684358
201.5    0.086755322321
201.625    0.0869878943288
201.75    0.0869878943288
201.875    0.0867314687817
202.0    0.0876498300435
202.125    0.0879301091299
202.25    0.0879837795933
202.375    0.0872264297215
202.5    0.0877035005069
202.625    0.0877094638917
202.75    0.0877035005069
202.875    0.0877035005069
203.0    0.0867732124754
203.125    0.0868924801718
203.25    0.0873337706482
203.375    0.0873337706482
203.5    0.0875961595802
203.625    0.0875961595802
203.75    0.0875961595802
203.875    0.087894328821
204.0    0.0860814598366
204.125    0.0865287136979
204.25    0.0865227503131
204.375    0.0851988788837
204.5    0.0910072156956
204.625    0.091192080625
204.75    0.0863677023078
204.875    0.0881865346771
205.0    0.0900351839704
205.125    0.0900351839704
205.25    0.0894149919494
205.375    0.0888902140855
205.5    0.0890094817819
205.625    0.0885920448447
205.75    0.0885920448447
205.875    0.0885920448447
206.0    0.094585246586
206.125    0.094680660743
206.25    0.094680660743
206.375    0.0897608682688
206.5    0.0845488699386
206.625    0.0848351124098
206.75    0.0848828194883
206.875    0.0858906315225
207.0    0.0868626632477
207.125    0.0873039537241
207.25    0.0862424712267
207.375    0.0862424712267
207.5    0.0879241457451
207.625    0.0882700220645
207.75    0.0877512075854
207.875    0.0879837795933
208.0    0.0868030293995
208.125    0.0867672490906
208.25    0.0867672490906
208.375    0.0871310155644
208.5    0.089265907329
208.625    0.0894030651798
208.75    0.0897370147296
208.875    0.0901425248971
209.0    0.0861589838392
209.125    0.0861589838392
209.25    0.0859204484465
209.375    0.0864631164649
209.5    0.0903512433657
209.625    0.090637485837
209.75    0.0910429960045
209.875    0.0909773987715
210.0    0.0858548512136
210.125    0.0858548512136
210.25    0.0868984435566
210.375    0.0882342417556
210.5    0.0862245810722
210.625    0.0866479813942
210.75    0.0865406404675
210.875    0.0865525672372
211.0    0.0749299302284
211.125    0.0752459896237
211.25    0.0756216828672
211.375    0.0784244737313
211.5    0.088419106685
211.625    0.088419106685
211.75    0.088419106685
211.875    0.088419106685
212.0    0.0879778162085
212.125    0.0883773629912
212.25    0.0866777983183
212.375    0.0881805712923
212.5    0.0842447373129
212.625    0.0844415290119
212.75    0.0845965770171
212.875    0.0843222613155
213.0    0.0879420358996
213.125    0.0884131433001
213.25    0.0883475460671
213.375    0.0883475460671
213.5    0.0882342417556
213.625    0.0880553402111
213.75    0.0881805712923
213.875    0.0887351660803
214.0    0.0891048959389
214.125    0.0890810423997
214.25    0.089134712863
214.375    0.0891526030175
214.5    0.0893613214861
214.625    0.0893493947164
214.75    0.0893613214861
214.875    0.0897191245751
215.0    0.0870117478681
215.125    0.0873456974179
215.25    0.0873456974179
215.375    0.0873456974179
215.5    0.0862901783052
215.625    0.0863915558471
215.75    0.0863915558471
215.875    0.0864392629256
216.0    0.0892539805594
216.125    0.0892539805594
216.25    0.0892122368656
216.375    0.089331504562
216.5    0.0901544516668
216.625    0.0972508795993
216.75    0.0874947820383
216.875    0.0880791937504
217.0    0.0897608682688
217.125    0.0905182181406
217.25    0.0905003279862
217.375    0.090178305206
217.5    0.0908223507663
217.625    0.0908223507663
217.75    0.0884369968394
217.875    0.0882044248315
218.0    0.0890273719363
218.125    0.0888782873159
218.25    0.0886934223865
218.375    0.0883713996064
218.5    0.0875067088079
218.625    0.0875067088079
218.75    0.0875067088079
218.875    0.0875067088079
219.0    0.090506291371
219.125    0.0904824378317
219.25    0.0904705110621
219.375    0.0904705110621
219.5    0.0906732661459
219.625    0.0900471107401
219.75    0.0900471107401
219.875    0.0914067624784
220.0    0.0917407120282
220.125    0.0919136501878
220.25    0.0917764923371
220.375    0.0918838332638
220.5    0.0863378853837
220.625    0.0863378853837
220.75    0.0863975192319
220.875    0.0864154093864
221.0    0.0886695688473
221.125    0.0886993857714
221.25    0.0886874590017
221.375    0.0888961774703
221.5    0.0900232572008
221.625    0.0899815135071
221.75    0.0899755501222
221.875    0.0899636233526
222.0    0.0916095175622
222.125    0.0916095175622
222.25    0.0918182360308
222.375    0.0920627348083
222.5    0.0887709463892
222.625    0.0887709463892
222.75    0.0887709463892
222.875    0.0890512254756
223.0    0.0869521140199
223.125    0.0869521140199
223.25    0.0869700041744
223.375    0.0869103703262
223.5    0.0925815492874
223.625    0.0925815492874
223.75    0.0925815492874
223.875    0.0925815492874
224.0    0.0908402409207
224.125    0.0908342775359
224.25    0.0910549227742
224.375    0.0887590196195
224.5    0.0853002564255
224.625    0.0853002564255
224.75    0.0855984256664
224.875    0.085872741368
225.0    0.0850080505695
225.125    0.0850080505695
225.25    0.0851034647266
225.375    0.0859085216769
225.5    0.0904645476773
225.625    0.0907507901485
225.75    0.0906315224521
225.875    0.0856163158209
226.0    0.0908342775359
226.125    0.0908700578448
226.25    0.0908342775359
226.375    0.0909714353867
226.5    0.0915737372533
226.625    0.0907269366092
226.75    0.0915677738684
226.875    0.0915558470988
227.0    0.0860277893732
227.125    0.0868388097084
227.25    0.0868865167869
227.375    0.0874828552686
227.5    0.0864571530801
227.625    0.086558530622
227.75    0.0867493589361
227.875    0.0867493589361
228.0    0.0876200131194
228.125    0.0876259765043
228.25    0.0867433955513
228.375    0.086755322321
228.5    0.0875067088079
228.625    0.0875067088079
228.75    0.087864511897
228.875    0.092527878824
229.0    0.0914783230962
229.125    0.0913888723239
229.25    0.0917526387978
229.375    0.0871071620252
229.5    0.0876080863498
229.625    0.0802910131791
229.75    0.0926829268293
229.875    0.0927365972926
230.0    0.0866539447791
230.125    0.0865287136979
230.25    0.087602122965
230.375    0.0876259765043
230.5    0.0862722881508
230.625    0.0858488878287
230.75    0.0858488878287
230.875    0.0857713638261
231.0    0.0844653825511
231.125    0.0847456616376
231.25    0.0847396982527
231.375    0.0847575884072
231.5    0.0884310334546
231.625    0.0881924980619
231.75    0.0881924980619
231.875    0.0881746079074
232.0    0.0860635696822
232.125    0.0861172401455
232.25    0.0862066909178
232.375    0.0858667779832
232.5    0.0876080863498
232.625    0.0879360725148
232.75    0.0879360725148
232.875    0.0886039716143
233.0    0.0887530562347
233.125    0.0893672848709
233.25    0.0887411294651
233.375    0.0889259943944
233.5    0.0957898503191
233.625    0.0957898503191
233.75    0.0971017949788
233.875    0.0971793189814
234.0    0.0889796648578
234.125    0.0894328821039
234.25    0.089689307651
234.375    0.089689307651
234.5    0.094322857654
234.625    0.0942214801121
234.75    0.0934462400859
234.875    0.0934223865466
235.0    0.0890333353211
235.125    0.0884071799153
235.25    0.0890512254756
235.375    0.0801180750194
235.5    0.0888961774703
235.625    0.0888961774703
235.75    0.0887530562347
235.875    0.0883356192975
236.0    0.0903333532113
236.125    0.0903333532113
236.25    0.0904228039835
236.375    0.0905361082951
236.5    0.0914663963266
236.625    0.0914663963266
236.75    0.0915081400203
236.875    0.0868149561691
237.0    0.0920448446538
237.125    0.0920508080386
237.25    0.092331087125
237.375    0.0921998926591
237.5    0.0967201383505
237.625    0.096833442662
237.75    0.0869759675592
237.875    0.0870117478681
238.0    0.0897608682688
238.125    0.0898741725804
238.25    0.0901604150516
238.375    0.0901902319757
238.5    0.0916393344862
238.625    0.0916393344862
238.75    0.0915379569444
238.875    0.0917645655674
239.0    0.0908342775359
239.125    0.0926769634444
239.25    0.0899874768919
239.375    0.0900351839704
240.0    0.0932733019262
240.125    0.0932733019262
240.25    0.093082473612
240.375    0.0937205557875
240.5    0.0910489593894
240.625    0.091549883714
240.75    0.0918241994156
240.875    0.0919375037271
241.0    0.0976206094579
241.125    0.0966008706542
241.25    0.0971912457511
241.375    0.0978233645417
241.5    0.0926411831355
241.625    0.0928797185282
241.75    0.0928797185282
241.875    0.0933210090047
242.0    0.0863677023078
242.125    0.0863677023078
242.25    0.0934283499314
242.375    0.0938517502534
242.5    0.0937861530205
242.625    0.093768262866
242.75    0.0938100065597
242.875    0.0937145924026
243.0    0.0912099707794
243.125    0.0917705289522
243.25    0.0906613393762
243.375    0.0913471286302
243.5    0.0955453515415
243.625    0.0957361798557
243.75    0.0880851571352
243.875    0.0890929691693
244.0    0.0920806249627
244.125    0.0921939292743
244.25    0.0923370505099
244.375    0.0924920985151
244.5    0.0976742799213
244.625    0.0929691693005
244.75    0.0929691693005
244.875    0.0929691693005
245.0    0.103607847814
245.125    0.103607847814
245.25    0.0888186534677
245.375    0.098956407657
245.5    0.0949251595205
245.625    0.0948237819786
245.75    0.0950146102928
245.875    0.0944719422744
246.0    0.098008229471
246.125    0.0987119088795
246.25    0.098694018725
246.375    0.0984614467172
246.5    0.0853718170434
246.625    0.0861232035303
246.75    0.0897727950385
246.875    0.0960343490965
247.0    0.0951815850677
247.125    0.0927425606774
247.25    0.0927962311408
247.375    0.0924920985151
247.5    0.0922297095832
247.625    0.0922297095832
247.75    0.0922297095832
247.875    0.0922297095832
248.0    0.0909356550778
248.125    0.0909595086171
248.25    0.0909475818474
248.375    0.0900053670463
248.5    0.0957361798557
248.625    0.0950146102928
248.75    0.0954439739997
248.875    0.0960462758662
249.0    0.0938934939472
249.125    0.0938696404079
249.25    0.0937801896356
249.375    0.0937444093267
249.5    0.0931182539209
249.625    0.093148070845
249.75    0.0930705468424
249.875    0.0932673385414
250.0    0.091615480947
250.125    0.0909475818474
250.25    0.0915797006381
250.375    0.0923370505099
250.5    0.0941022124158
250.625    0.0950026835232
250.75    0.0950563539865
250.875    0.0939412010257
251.0    0.0912338243187
251.125    0.0922237461983
251.25    0.0904168405987
251.375    0.0900292205856
251.5    0.0928856819131
251.625    0.0911026298527
251.75    0.0911026298527
251.875    0.0920567714235
252.0    0.0929393523764
252.125    0.0926948535989
252.25    0.0911085932375
252.375    0.0911085932375
252.5    0.0929393523764
252.625    0.0937861530205
252.75    0.0937861530205
252.875    0.094030651798
253.0    0.0834337169778
253.125    0.0831832548154
253.25    0.0841851034647
253.375    0.0813346055221
253.5    0.0901723418212
253.625    0.0903989504443
253.75    0.0904049138291
253.875    0.0912338243187
254.0    0.0932494483869
254.125    0.0938517502534
254.25    0.0919673206512
254.375    0.0906076689129
254.5    0.0970779414396
254.625    0.097161428827
254.75    0.0973820740652
254.875    0.095074244141
255.0    0.0906851929155
255.125    0.0906732661459
255.25    0.0906732661459
255.375    0.0906315224521
255.5    0.0945315761226
255.625    0.0947224044368
255.75    0.0949191961357
255.875    0.0948893792116
256.0    0.0916035541774
256.125    0.0916035541774
256.25    0.0915200667899
256.375    0.0915200667899
256.5    0.0909416184627
256.625    0.0910489593894
256.75    0.0916930049496
256.875    0.0893016876379
257.0    0.090732899994
257.125    0.0906553759914
257.25    0.0908104239967
257.375    0.0908402409207
257.5    0.0971077583636
257.625    0.0971495020574
257.75    0.0965531635756
257.875    0.0963265549526
258.0    0.0895879301091
258.125    0.0899338064285
258.25    0.0908521676904
258.375    0.0908521676904
258.5    0.0845846502475
258.625    0.0862126543026
258.75    0.0852406225774
258.875    0.0845846502475
259.0    0.0925457689785
259.125    0.0921820025046
259.25    0.0925398055937
259.375    0.0932911920806
259.5    0.090571888604
259.625    0.0909356550778
259.75    0.0909177649234
259.875    0.0910072156956
260.0    0.0929870594549
260.125    0.0904168405987
260.25    0.0907209732244
260.375    0.0886934223865
260.5    0.0935833979367
260.625    0.0935833979367
260.75    0.0936311050152
260.875    0.0936728487089
261.0    0.0930645834576
261.125    0.085872741368
261.25    0.0858965949073
261.375    0.0931599976146
261.5    0.0896535273421
261.625    0.0904585842924
261.75    0.0906136322977
261.875    0.09070308307
262.0    0.0894746257976
262.125    0.0896117836484
262.25    0.0879778162085
262.375    0.0892778340986
262.5    0.0908581310752
262.625    0.0909177649234
262.75    0.090929691693
262.875    0.0733496332518
263.0    0.0911801538553
263.125    0.0912397877035
263.25    0.089951696583
263.375    0.089951696583
263.5    0.0891048959389
263.625    0.0888603971614
263.75    0.0893374679468
263.875    0.0889558113185
264.0    0.0902558292087
264.125    0.0902558292087
264.25    0.0902558292087
264.375    0.090178305206
264.5    0.0924980618999
264.625    0.0922714532769
264.75    0.0922714532769
264.875    0.0920925517324
265.0    0.0882402051404
265.125    0.0927723776015
265.25    0.0924145745125
265.375    0.0933329357743
265.5    0.0899994036615
265.625    0.0909833621564
265.75    0.090178305206
265.875    0.090178305206
266.0    0.0960701294054
266.125    0.088514520842
266.25    0.0877750611247
266.375    0.087864511897
266.5    0.0872920269545
266.625    0.0872920269545
266.75    0.0872920269545
266.875    0.0878824020514
267.0    0.086755322321
267.125    0.0883117657582
267.25    0.0883594728368
267.375    0.0886576420776
267.5    0.0923787942036
267.625    0.0917645655674
267.75    0.0917645655674
267.875    0.0917645655674
268.0    0.089492515952
268.125    0.0896714174966
268.25    0.0896714174966
268.375    0.0910012523108
268.5    0.0924145745125
268.625    0.092462281591
268.75    0.0924086111277
268.875    0.0828493052657
269.0    0.084894746258
269.125    0.084894746258
269.25    0.0852883296559
269.375    0.0861530204544
269.5    0.0861351303
269.625    0.0860814598366
269.75    0.0862126543026
269.875    0.0862722881508
270.0    0.0900769276641
270.125    0.0900769276641
270.25    0.0829089391138
270.375    0.0829506828076
270.5    0.0857355835172
270.625    0.086492933389
270.75    0.0853479635041
270.875    0.0850140139543
271.0    0.0955274613871
271.125    0.095855447552
271.25    0.095855447552
271.375    0.0933746794681
271.5    0.0907090464548
271.625    0.0907567535333
271.75    0.090571888604
271.875    0.0908760212296
272.0    0.0790029220586
272.125    0.0926888902141
272.25    0.094257260421
272.375    0.0857057665931
272.5    0.0851571351899
272.625    0.0854075973523
272.75    0.0860516429125
272.875    0.0864571530801
273.0    0.0831415111217
273.125    0.0825153557159
273.25    0.0827956348023
273.375    0.0818653467708
273.5    0.0864571530801
273.625    0.086492933389
273.75    0.0865943109309
273.875    0.0868865167869
274.0    0.0906553759914
274.125    0.0907150098396
274.25    0.0907150098396
274.375    0.0907806070726
274.5    0.0902617925935
274.625    0.0875186355776
274.75    0.0902558292087
274.875    0.08809112052
275.0    0.0881328642137
275.125    0.0882282783708
275.25    0.0874828552686
275.375    0.0887351660803
275.5    0.0921402588109
275.625    0.0921164052716
275.75    0.0921164052716
275.875    0.0921223686565
276.0    0.0875603792713
276.125    0.087244319876
276.25    0.087244319876
276.375    0.087244319876
276.5    0.0918361261852
276.625    0.0911026298527
276.75    0.0911085932375
276.875    0.0889677380881
277.0    0.0907090464548
277.125    0.0907150098396
277.25    0.0898741725804
277.375    0.0895819667243
277.5    0.0888961774703
277.625    0.0888544337766
277.75    0.0889259943944
277.875    0.0894686624128
278.0    0.0886039716143
278.125    0.0896356371877
278.25    0.0892480171746
278.375    0.0892360904049
278.5    0.0830520603495
278.625    0.0830520603495
278.75    0.0838928976087
278.875    0.0837557397579
279.0    0.0895342596458
279.125    0.0895402230306
279.25    0.0872562466456
279.375    0.0824915021766
279.5    0.0925875126722
279.625    0.0925099886696
279.75    0.0925099886696
279.875    0.0925099886696
280.0    0.0816566283022
280.125    0.0843520782396
280.25    0.0845846502475
280.375    0.0849305265669
280.5    0.0924980618999
280.625    0.0907865704574
280.75    0.0921879658894
280.875    0.0921879658894
281.0    0.0919375037271
281.125    0.0920806249627
281.25    0.0918719064941
281.375    0.0920925517324
281.5    0.0898920627348
281.625    0.0898801359652
281.75    0.0894328821039
281.875    0.090178305206
282.0    0.0906911563003
282.125    0.0908581310752
282.25    0.0902021587453
282.375    0.0909833621564
282.5    0.0856401693601
282.625    0.0857176933628
282.75    0.0833442662055
282.875    0.0824259049436
283.0    0.0864213727712
283.125    0.0864213727712
283.25    0.0864213727712
283.375    0.0864213727712
283.5    0.0860516429125
283.625    0.0863736656926
283.75    0.0868149561691
283.875    0.0868030293995
284.0    0.0860635696822
284.125    0.0860635696822
284.25    0.086069533067
284.375    0.084763551792
284.5    0.087536525732
284.625    0.088580118075
284.75    0.0881686445226
284.875    0.087828731588
285.0    0.0962072872562
285.125    0.0955393881567
285.25    0.0958315940128
285.375    0.0814657999881
285.5    0.0831951815851
285.625    0.0835172043652
285.75    0.0835172043652
285.875    0.0835291311348
286.0    0.0931301806906
286.125    0.0931301806906
286.25    0.0930228397638
286.375    0.0930407299183
286.5    0.0875663426561
286.625    0.0871369789492
286.75    0.0874411115749
286.875    0.0877154272765
287.0    0.086427336156
287.125    0.086427336156
287.25    0.0860516429125
287.375    0.086492933389
287.5    0.0867970660147
287.625    0.0872025761822
287.75    0.0872145029519
287.875    0.087178722643
288.0    0.087339734033
288.125    0.087339734033
288.25    0.0873576241875
288.375    0.0873576241875
288.5    0.0798020156241
288.625    0.0797960522392
288.75    0.0797244916214
288.875    0.0797304550063
289.0    0.0837915200668
289.125    0.0838153736061
289.25    0.084960343491
289.375    0.0850319041088
289.5    0.0853479635041
289.625    0.0853479635041
289.75    0.0856640228994
289.875    0.084405748703
290.0    0.0935595443974
290.125    0.0937324825571
290.25    0.0940902856461
290.375    0.0939233108712
290.5    0.0868388097084
290.625    0.0868388097084
290.75    0.0853360367344
290.875    0.0864631164649
291.0    0.083457570517
291.125    0.083457570517
291.25    0.0834158268233
291.375    0.0835589480589
291.5    0.0862722881508
291.625    0.0860576062973
291.75    0.0860456795277
291.875    0.0851094281114
292.0    0.0882998389886
292.125    0.0882998389886
292.25    0.080881388276
292.375    0.0809768024331
292.5    0.087309917109
292.625    0.0872920269545
292.75    0.0872920269545
292.875    0.0798437593178
293.0    0.0774345518516
293.125    0.0769634444511
293.25    0.0771065656867
293.375    0.0845906136323
293.5    0.0864154093864
293.625    0.0861112767607
293.75    0.0863140318445
293.875    0.0864750432345
294.0    0.087047528177
294.125    0.08711312541
