0.0    0.127719155844
0.125    0.137371482684
0.25    0.13695211039
0.375    0.136363636364
0.5    0.136289231602
0.625    0.128571428571
0.75    0.129017857143
0.875    0.131784361472
1.0    0.132954545455
1.125    0.136613906926
1.25    0.125574945887
1.375    0.133198051948
1.5    0.139109848485
1.625    0.138264339827
1.75    0.136431277056
1.875    0.134226190476
2.0    0.141024080087
2.125    0.136208062771
2.25    0.136235119048
2.375    0.132785443723
2.5    0.12692775974
2.625    0.12601461039
2.75    0.126792478355
2.875    0.123850108225
3.0    0.126542207792
3.125    0.126433982684
3.25    0.126352813853
3.375    0.136843885281
3.5    0.135119047619
3.625    0.122010281385
3.75    0.129376352814
3.875    0.12978219697
4.0    0.135775162338
4.125    0.133644480519
4.25    0.128070887446
4.375    0.128321158009
4.5    0.131764069264
4.625    0.131649080087
4.75    0.131655844156
4.875    0.131628787879
5.0    0.139820075758
5.125    0.12959280303
5.25    0.133204816017
5.375    0.133238636364
5.5    0.127421536797
5.625    0.129640151515
5.75    0.129876893939
5.875    0.134246482684
6.0    0.123640422078
6.125    0.136627435065
6.25    0.136559794372
6.375    0.13363771645
6.5    0.128524080087
6.625    0.129268127706
6.75    0.129335768398
6.875    0.12931547619
7.0    0.136620670996
7.125    0.136796536797
7.25    0.137310606061
7.375    0.137472943723
7.5    0.124377705628
7.625    0.129876893939
7.75    0.143141233766
7.875    0.135545183983
8.0    0.110585768398
8.125    0.129099025974
8.25    0.128841991342
8.375    0.129166666667
8.5    0.134151785714
8.625    0.134172077922
8.75    0.134571158009
8.875    0.135362554113
9.0    0.13152732684
9.125    0.130837391775
9.25    0.130959145022
9.375    0.131006493506
9.5    0.135125811688
9.625    0.135213744589
9.75    0.140550595238
9.875    0.137824675325
10.0    0.126630140693
10.125    0.121557088745
10.25    0.126988636364
10.375    0.124134199134
10.5    0.134659090909
10.625    0.13979978355
10.75    0.12987012987
10.875    0.139935064935
11.0    0.134510281385
11.125    0.134510281385
11.25    0.124783549784
11.375    0.130323322511
11.5    0.136498917749
11.625    0.126095779221
11.75    0.131101190476
11.875    0.127982954545
12.0    0.128361742424
12.125    0.128314393939
12.25    0.137885551948
12.375    0.135091991342
12.5    0.1296875
12.625    0.134943181818
12.75    0.135159632035
12.875    0.122578463203
13.0    0.123004599567
13.125    0.133400974026
13.25    0.134138257576
13.375    0.126731601732
13.5    0.138189935065
13.625    0.139089556277
13.75    0.128686417749
13.875    0.136546266234
14.0    0.130390963203
14.125    0.130269209957
14.25    0.130316558442
14.375    0.140875270563
14.5    0.127976190476
14.625    0.12950487013
14.75    0.128354978355
14.875    0.122050865801
15.0    0.135321969697
15.125    0.135491071429
15.25    0.122504058442
15.375    0.136038961039
15.5    0.130871212121
15.625    0.132196969697
15.75    0.131141774892
15.875    0.123180465368
16.0    0.12518262987
16.125    0.130634469697
16.25    0.120244859307
16.375    0.1202245671
16.5    0.130634469697
16.625    0.130377435065
16.75    0.130769751082
16.875    0.130377435065
17.0    0.128050595238
17.125    0.140395021645
17.25    0.127367424242
17.375    0.127367424242
17.5    0.138663419913
17.625    0.121705898268
17.75    0.120386904762
17.875    0.1204004329
18.0    0.126170183983
18.125    0.12573728355
18.25    0.125838744589
18.375    0.131168831169
18.5    0.118229166667
18.625    0.13621482684
18.75    0.13621482684
18.875    0.131297348485
19.0    0.131310876623
19.125    0.131121482684
19.25    0.131033549784
19.375    0.131425865801
19.5    0.127820616883
19.625    0.132981601732
19.75    0.13299512987
19.875    0.125074404762
20.0    0.129890422078
20.125    0.132136093074
20.25    0.119534632035
20.375    0.137885551948
20.5    0.128395562771
20.625    0.129755140693
20.75    0.114170725108
20.875    0.132562229437
21.0    0.125974025974
21.125    0.128314393939
21.25    0.127313311688
21.375    0.131080898268
21.5    0.131310876623
21.625    0.13070211039
21.75    0.128801406926
21.875    0.123681006494
22.0    0.130587121212
22.125    0.130472132035
22.25    0.130593885281
22.375    0.130492424242
22.5    0.130472132035
22.625    0.130661525974
22.75    0.140334145022
22.875    0.129924242424
23.0    0.125229978355
23.125    0.131716720779
23.25    0.132095508658
23.375    0.132568993506
23.5    0.13225784632
23.625    0.131818181818
23.75    0.129389880952
23.875    0.128003246753
24.0    0.132142857143
24.125    0.130992965368
24.25    0.131047077922
24.375    0.133015422078
24.5    0.128409090909
24.625    0.128300865801
24.75    0.128578192641
24.875    0.1282129329
25.0    0.127150974026
25.125    0.108441558442
25.25    0.134983766234
25.375    0.132142857143
25.5    0.130350378788
25.625    0.129518398268
25.75    0.129897186147
25.875    0.130120400433
26.0    0.132102272727
26.125    0.131926406926
26.25    0.129004329004
26.375    0.139393939394
26.5    0.127374188312
26.625    0.125574945887
26.75    0.1266504329
26.875    0.124810606061
27.0    0.134023268398
27.125    0.123687770563
27.25    0.123390151515
27.375    0.128889339827
27.5    0.131277056277
27.625    0.131676136364
27.75    0.130438311688
27.875    0.132541937229
28.0    0.131649080087
28.125    0.130986201299
28.25    0.130925324675
28.375    0.12922754329
28.5    0.12141504329
28.625    0.121543560606
28.75    0.113670183983
28.875    0.111451569264
29.0    0.119419642857
29.125    0.128016774892
29.25    0.127840909091
29.375    0.127881493506
29.5    0.108543019481
29.625    0.122490530303
29.75    0.123308982684
29.875    0.123552489177
30.0    0.11755952381
30.125    0.114948593074
30.25    0.11534767316
30.375    0.120481601732
30.5    0.133867694805
30.625    0.129362824675
30.75    0.129383116883
30.875    0.130363906926
31.0    0.126975108225
31.125    0.126833062771
31.25    0.127076569264
31.375    0.127563582251
31.5    0.133752705628
31.625    0.131838474026
31.75    0.11617288961
31.875    0.131547619048
32.0    0.124776785714
32.125    0.145468073593
32.25    0.144974296537
32.375    0.129389880952
32.5    0.130045995671
32.625    0.129383116883
32.75    0.130316558442
32.875    0.123836580087
33.0    0.138392857143
33.125    0.113352272727
33.25    0.127786796537
33.375    0.126176948052
33.5    0.130303030303
33.625    0.127834145022
33.75    0.128064123377
33.875    0.127719155844
34.0    0.130100108225
34.125    0.131540854978
34.25    0.129376352814
34.375    0.129376352814
34.5    0.135078463203
34.625    0.134706439394
34.75    0.127225378788
34.875    0.11396780303
35.0    0.128510551948
35.125    0.128517316017
35.25    0.131256764069
35.375    0.141653138528
35.5    0.129701028139
35.625    0.128984036797
35.75    0.124032738095
35.875    0.136931818182
36.0    0.129024621212
36.125    0.128260281385
36.25    0.130668290043
36.375    0.130485660173
36.5    0.122997835498
36.625    0.128321158009
36.75    0.122409361472
36.875    0.128138528139
37.0    0.136471861472
37.125    0.124208603896
37.25    0.121766774892
37.375    0.135484307359
37.5    0.128889339827
37.625    0.129261363636
37.75    0.129153138528
37.875    0.12932224026
38.0    0.126792478355
38.125    0.126778950216
38.25    0.12674512987
38.375    0.134544101732
38.5    0.125879329004
38.625    0.12646780303
38.75    0.116199945887
38.875    0.12399215368
39.0    0.127265963203
39.125    0.127042748918
39.25    0.126609848485
39.375    0.127076569264
39.5    0.137621753247
39.625    0.137445887446
39.75    0.1344629329
39.875    0.126975108225
40.0    0.126799242424
40.125    0.123051948052
40.25    0.125426136364
40.375    0.125446428571
40.5    0.131331168831
40.625    0.126515151515
40.75    0.126542207792
40.875    0.126521915584
41.0    0.125392316017
41.125    0.117167207792
41.25    0.125284090909
41.375    0.126569264069
41.5    0.126352813853
41.625    0.126576028139
41.75    0.126454274892
41.875    0.12757034632
42.0    0.12720508658
42.125    0.127090097403
42.25    0.127265963203
42.375    0.126758658009
42.5    0.127211850649
42.625    0.127008928571
42.75    0.127225378788
42.875    0.129863365801
43.0    0.126778950216
43.125    0.128382034632
43.25    0.115151515152
43.375    0.119352002165
43.5    0.133245400433
43.625    0.127807088745
43.75    0.128050595238
43.875    0.127928841991
44.0    0.124742965368
44.125    0.125114989177
44.25    0.125426136364
44.375    0.125392316017
44.5    0.127259199134
44.625    0.128382034632
44.75    0.127550054113
44.875    0.125196158009
45.0    0.136634199134
45.125    0.13363771645
45.25    0.133265692641
45.375    0.134178841991
45.5    0.125081168831
45.625    0.130404491342
45.75    0.124384469697
45.875    0.124830898268
46.0    0.12417478355
46.125    0.125297619048
46.25    0.127976190476
46.375    0.127590638528
46.5    0.126907467532
46.625    0.130174512987
46.75    0.131175595238
46.875    0.128084415584
47.0    0.133428030303
47.125    0.115286796537
47.25    0.130844155844
47.375    0.130844155844
47.5    0.12803030303
47.625    0.128503787879
47.75    0.136079545455
47.875    0.131297348485
48.0    0.131588203463
48.125    0.131486742424
48.25    0.131757305195
48.375    0.131743777056
48.5    0.116876352814
48.625    0.135355790043
48.75    0.120238095238
48.875    0.1280370671
49.0    0.13271780303
49.125    0.120298971861
49.25    0.119913419913
49.375    0.130451839827
49.5    0.120583062771
49.625    0.13051271645
49.75    0.120150162338
49.875    0.128483495671
50.0    0.128524080087
50.125    0.118134469697
50.25    0.127895021645
50.375    0.128057359307
50.5    0.128442911255
50.625    0.128300865801
50.75    0.13722267316
50.875    0.126616612554
51.0    0.129761904762
51.125    0.129761904762
51.25    0.130918560606
51.375    0.130296266234
51.5    0.121983225108
51.625    0.121935876623
51.75    0.121300054113
51.875    0.121279761905
52.0    0.133515963203
52.125    0.13612012987
52.25    0.131730248918
52.375    0.13162202381
52.5    0.121442099567
52.625    0.135545183983
52.75    0.122876082251
52.875    0.122564935065
53.0    0.119088203463
53.125    0.117688041126
53.25    0.126494859307
53.375    0.111248647186
53.5    0.132494588745
53.625    0.133076298701
53.75    0.133847402597
53.875    0.132880140693
54.0    0.131094426407
54.125    0.130898268398
54.25    0.127590638528
54.375    0.117140151515
54.5    0.123112824675
54.625    0.135545183983
54.75    0.12803030303
54.875    0.128469967532
55.0    0.116301406926
55.125    0.115110930736
55.25    0.115367965368
55.375    0.116348755411
55.5    0.130357142857
55.625    0.13024215368
55.75    0.130661525974
55.875    0.129437229437
56.0    0.127617694805
56.125    0.115273268398
56.25    0.118046536797
56.375    0.117850378788
56.5    0.122510822511
56.625    0.122619047619
56.75    0.122619047619
56.875    0.122652867965
57.0    0.121489448052
57.125    0.120934794372
57.25    0.121489448052
57.375    0.120995670996
57.5    0.121746482684
57.625    0.111478625541
57.75    0.111404220779
57.875    0.111559794372
58.0    0.1359375
58.125    0.131371753247
58.25    0.112878787879
58.375    0.112912608225
58.5    0.114867424242
58.625    0.117525703463
58.75    0.118120941558
58.875    0.124127435065
59.0    0.12886228355
59.125    0.107826028139
59.25    0.109936417749
59.375    0.10818452381
59.5    0.119960768398
59.625    0.119176136364
59.75    0.121685606061
59.875    0.12224025974
60.0    0.11534767316
60.125    0.118533549784
60.25    0.118276515152
60.375    0.119142316017
60.5    0.123329274892
60.625    0.124228896104
60.75    0.121888528139
60.875    0.122321428571
61.0    0.122017045455
61.125    0.124688852814
61.25    0.124479166667
61.375    0.125101461039
61.5    0.121820887446
61.625    0.131297348485
61.75    0.118486201299
61.875    0.119311417749
62.0    0.114400703463
62.125    0.115482954545
62.25    0.130857683983
62.375    0.124113906926
62.5    0.12270021645
62.625    0.135335497835
62.75    0.133387445887
62.875    0.13455762987
63.0    0.130661525974
63.125    0.132460768398
63.25    0.112899080087
63.375    0.120853625541
63.5    0.122916666667
63.625    0.122957251082
63.75    0.12307224026
63.875    0.125872564935
64.0    0.131148538961
64.125    0.1327245671
64.25    0.130844155844
64.375    0.129958062771
64.5    0.121631493506
64.625    0.121550324675
64.75    0.121800595238
64.875    0.120447781385
65.0    0.117518939394
65.125    0.123850108225
65.25    0.12554788961
65.375    0.125777867965
65.5    0.122267316017
65.625    0.122071158009
65.75    0.124939123377
65.875    0.124925595238
66.0    0.120481601732
66.125    0.120353084416
66.25    0.120508658009
66.375    0.132839556277
66.5    0.132305194805
66.625    0.121814123377
66.75    0.122213203463
66.875    0.124025974026
67.0    0.112053571429
67.125    0.106960227273
67.25    0.125202922078
67.375    0.123423971861
67.5    0.123951569264
67.625    0.121760010822
67.75    0.121672077922
67.875    0.129416937229
68.0    0.119453463203
68.125    0.125297619048
68.25    0.11516504329
68.375    0.120062229437
68.5    0.120752164502
68.625    0.133800054113
68.75    0.121841179654
68.875    0.122544642857
69.0    0.130005411255
69.125    0.129477813853
69.25    0.129180194805
69.375    0.124343885281
69.5    0.123146645022
69.625    0.12325487013
69.75    0.120907738095
69.875    0.12233495671
70.0    0.123200757576
70.125    0.123890692641
70.25    0.125419372294
70.375    0.1250879329
70.5    0.117972132035
70.625    0.126156655844
70.75    0.118154761905
70.875    0.119561688312
71.0    0.111796536797
71.125    0.111695075758
71.25    0.112486471861
71.375    0.120961850649
71.5    0.119412878788
71.625    0.12003517316
71.75    0.124181547619
71.875    0.136512445887
72.0    0.115976731602
72.125    0.115476190476
72.25    0.121462391775
72.375    0.120738636364
72.5    0.110010822511
72.625    0.110010822511
72.75    0.12306547619
72.875    0.128199404762
73.0    0.124431818182
73.125    0.118154761905
73.25    0.117816558442
73.375    0.130045995671
73.5    0.119832251082
73.625    0.120062229437
73.75    0.120745400433
73.875    0.109057088745
74.0    0.121820887446
74.125    0.114116612554
74.25    0.123268398268
74.375    0.115469426407
74.5    0.125263798701
74.625    0.121117424242
74.75    0.121178300866
74.875    0.111735660173
75.0    0.123701298701
75.125    0.127658279221
75.25    0.110132575758
75.375    0.120319264069
75.5    0.113981331169
75.625    0.114048971861
75.75    0.113859577922
75.875    0.113994859307
76.0    0.115334145022
76.125    0.112892316017
76.25    0.121117424242
76.375    0.114319534632
76.5    0.125378787879
76.625    0.125507305195
76.75    0.126061958874
76.875    0.126061958874
77.0    0.118580898268
77.125    0.105979437229
77.25    0.112635281385
77.375    0.125818452381
77.5    0.113629599567
77.625    0.11350784632
77.75    0.113365800866
77.875    0.113480790043
78.0    0.115313852814
78.125    0.115395021645
78.25    0.106405573593
78.375    0.106405573593
78.5    0.12490530303
78.625    0.125392316017
78.75    0.128084415584
78.875    0.126555735931
79.0    0.122165854978
79.125    0.122165854978
79.25    0.123221049784
79.375    0.123336038961
79.5    0.116335227273
79.625    0.121577380952
79.75    0.126454274892
79.875    0.11902732684
80.0    0.127516233766
80.125    0.124729437229
80.25    0.125595238095
80.375    0.125351731602
80.5    0.119859307359
80.625    0.120048701299
80.75    0.12104978355
80.875    0.120468073593
81.0    0.124749729437
81.125    0.127671807359
81.25    0.124959415584
81.375    0.135254329004
81.5    0.127218614719
81.625    0.126826298701
81.75    0.126501623377
81.875    0.126609848485
82.0    0.113744588745
82.125    0.12398538961
82.25    0.124830898268
82.375    0.127218614719
82.5    0.130133928571
82.625    0.130201569264
82.75    0.130282738095
82.875    0.130296266234
83.0    0.132345779221
83.125    0.124715909091
83.25    0.124830898268
83.375    0.124438582251
83.5    0.124337121212
83.625    0.124337121212
83.75    0.125148809524
83.875    0.126663961039
84.0    0.125608766234
84.125    0.125777867965
84.25    0.125777867965
84.375    0.125913149351
84.5    0.124046266234
84.625    0.126224296537
84.75    0.126866883117
84.875    0.12297754329
85.0    0.128760822511
85.125    0.118635010823
85.25    0.128808170996
85.375    0.129085497835
85.5    0.121584145022
85.625    0.121543560606
85.75    0.121043019481
85.875    0.121448863636
86.0    0.11507711039
86.125    0.11507034632
86.25    0.125284090909
86.375    0.126271645022
86.5    0.112709686147
86.625    0.112878787879
86.75    0.1141504329
86.875    0.112946428571
87.0    0.12840232684
87.125    0.117803030303
87.25    0.119514339827
87.375    0.108942099567
87.5    0.116355519481
87.625    0.117431006494
87.75    0.115983495671
87.875    0.115983495671
88.0    0.118560606061
88.125    0.115969967532
88.25    0.117796266234
88.375    0.136377164502
88.5    0.118607954545
88.625    0.12178030303
88.75    0.11930465368
88.875    0.117119859307
89.0    0.11810741342
89.125    0.118553841991
89.25    0.118635010823
89.375    0.118797348485
89.5    0.119581980519
89.625    0.119636093074
89.75    0.118770292208
89.875    0.118506493506
90.0    0.12987012987
90.125    0.125906385281
90.25    0.127272727273
90.375    0.127895021645
90.5    0.126995400433
90.625    0.118350919913
90.75    0.117972132035
90.875    0.11829004329
91.0    0.114488636364
91.125    0.116754599567
91.25    0.117836850649
91.375    0.11755952381
91.5    0.117086038961
91.625    0.117194264069
91.75    0.117775974026
91.875    0.117180735931
92.0    0.120163690476
92.125    0.121002435065
92.25    0.120244859307
92.375    0.121753246753
92.5    0.113717532468
92.625    0.113818993506
92.75    0.113961038961
92.875    0.114860660173
93.0    0.120326028139
93.125    0.117904491342
93.25    0.117302489177
93.375    0.117863906926
93.5    0.130986201299
93.625    0.130857683983
93.75    0.126792478355
93.875    0.123112824675
94.0    0.112858495671
94.125    0.113392857143
94.25    0.11323728355
94.375    0.127265963203
94.5    0.130952380952
94.625    0.131256764069
94.75    0.12104978355
94.875    0.126318993506
95.0    0.108664772727
95.125    0.109185606061
95.25    0.109645562771
95.375    0.109997294372
95.5    0.121212121212
95.625    0.122504058442
95.75    0.12224702381
95.875    0.117086038961
96.0    0.109232954545
96.125    0.119142316017
96.25    0.120813041126
96.375    0.121070075758
96.5    0.118147997835
96.625    0.118405032468
96.75    0.119811958874
96.875    0.127631222944
97.0    0.129477813853
97.125    0.129998647186
97.25    0.130106872294
97.375    0.13051271645
97.5    0.124763257576
97.625    0.127184794372
97.75    0.126075487013
97.875    0.126684253247
98.0    0.109422348485
98.125    0.111011904762
98.25    0.111323051948
98.375    0.111072781385
98.5    0.129572510822
98.625    0.128253517316
98.75    0.129640151515
98.875    0.129518398268
99.0    0.123667478355
99.125    0.129092261905
99.25    0.128801406926
99.375    0.113041125541
99.5    0.132636634199
99.625    0.133008658009
99.75    0.133022186147
99.875    0.128104707792
100.0    0.127536525974
100.125    0.129443993506
100.25    0.129707792208
100.375    0.126968344156
100.5    0.121753246753
100.625    0.123268398268
100.75    0.122328192641
100.875    0.122821969697
101.0    0.122564935065
101.125    0.122896374459
101.25    0.120880681818
101.375    0.121225649351
101.5    0.13299512987
101.625    0.133035714286
101.75    0.122368777056
101.875    0.122483766234
102.0    0.123816287879
102.125    0.127015692641
102.25    0.116335227273
102.375    0.134963474026
102.5    0.125500541126
102.625    0.12573728355
102.75    0.125859036797
102.875    0.124364177489
103.0    0.114001623377
103.125    0.113805465368
103.25    0.111167478355
103.375    0.111864177489
103.5    0.125405844156
103.625    0.125487012987
103.75    0.126887175325
103.875    0.125946969697
104.0    0.127746212121
104.125    0.114657738095
104.25    0.124195075758
104.375    0.126373106061
104.5    0.126447510823
104.625    0.126731601732
104.75    0.126887175325
104.875    0.113900162338
105.0    0.120008116883
105.125    0.117363365801
105.25    0.128923160173
105.375    0.118925865801
105.5    0.115083874459
105.625    0.115104166667
105.75    0.115422077922
105.875    0.115611471861
106.0    0.1295995671
106.125    0.114333062771
106.25    0.129640151515
106.375    0.130485660173
106.5    0.134659090909
106.625    0.134889069264
106.75    0.13492288961
106.875    0.123938041126
107.0    0.13492965368
107.125    0.134699675325
107.25    0.133948863636
107.375    0.13538284632
107.5    0.114860660173
107.625    0.121834415584
107.75    0.122544642857
107.875    0.123092532468
108.0    0.135673701299
108.125    0.134530573593
108.25    0.125960497835
108.375    0.135673701299
108.5    0.117349837662
108.625    0.116842532468
108.75    0.117485119048
108.875    0.119040854978
109.0    0.122490530303
109.125    0.12224702381
109.25    0.121712662338
109.375    0.124506222944
109.5    0.124702380952
109.625    0.124878246753
109.75    0.125473484848
109.875    0.125520833333
110.0    0.135281385281
110.125    0.134794372294
110.25    0.135234036797
110.375    0.134604978355
110.5    0.127908549784
110.625    0.127874729437
110.75    0.129863365801
110.875    0.128909632035
111.0    0.126325757576
111.125    0.126224296537
111.25    0.123748647186
111.375    0.123924512987
111.5    0.134111201299
111.625    0.134415584416
111.75    0.142221320346
111.875    0.140773809524
112.0    0.123295454545
112.125    0.1389745671
112.25    0.137229437229
112.375    0.134632034632
112.5    0.134645562771
112.625    0.13382034632
112.75    0.134692911255
112.875    0.133867694805
113.0    0.131304112554
113.125    0.131507034632
113.25    0.131588203463
113.375    0.131574675325
113.5    0.129437229437
113.625    0.129477813853
113.75    0.129572510822
113.875    0.130539772727
114.0    0.125662878788
114.125    0.125541125541
114.25    0.131635551948
114.375    0.130965909091
114.5    0.131554383117
114.625    0.131818181818
114.75    0.129619859307
114.875    0.129849837662
115.0    0.131452922078
115.125    0.131865530303
115.25    0.132196969697
115.375    0.143026244589
115.5    0.125027056277
115.625    0.124742965368
115.75    0.124749729437
115.875    0.124249188312
116.0    0.12426271645
116.125    0.124289772727
116.25    0.129558982684
116.375    0.129349296537
116.5    0.138846049784
116.625    0.138744588745
116.75    0.139191017316
116.875    0.139123376623
117.0    0.137655573593
117.125    0.137899080087
117.25    0.138277867965
117.375    0.128131764069
117.5    0.132041396104
117.625    0.121638257576
117.75    0.132663690476
117.875    0.132562229437
118.0    0.119446699134
118.125    0.129707792208
118.25    0.12895021645
118.375    0.128977272727
118.5    0.128605248918
118.625    0.128923160173
118.75    0.129396645022
118.875    0.12922754329
119.0    0.121868235931
119.125    0.140401785714
119.25    0.124918831169
119.375    0.124959415584
120.0    0.141132305195
120.125    0.139989177489
120.25    0.13198728355
120.375    0.131770833333
120.5    0.122280844156
120.625    0.121631493506
120.75    0.12040719697
120.875    0.128267045455
121.0    0.12564258658
121.125    0.123166937229
121.25    0.124533279221
121.375    0.127178030303
121.5    0.127556818182
121.625    0.127982954545
121.75    0.130438311688
121.875    0.117322781385
122.0    0.126312229437
122.125    0.125750811688
122.25    0.127401244589
122.375    0.12683982684
122.5    0.123308982684
122.625    0.123681006494
122.75    0.123904220779
122.875    0.123904220779
123.0    0.129931006494
123.125    0.12196969697
123.25    0.121712662338
123.375    0.129443993506
123.5    0.130140692641
123.625    0.128869047619
123.75    0.129288419913
123.875    0.131114718615
124.0    0.117911255411
124.125    0.10533008658
124.25    0.118005952381
124.375    0.131513798701
124.5    0.122064393939
124.625    0.122017045455
124.75    0.122017045455
124.875    0.1250879329
125.0    0.12490530303
125.125    0.12481737013
125.25    0.124330357143
125.375    0.124763257576
125.5    0.121956168831
125.625    0.124851190476
125.75    0.120508658009
125.875    0.120535714286
126.0    0.134314123377
126.125    0.1296875
126.25    0.129477813853
126.375    0.129707792208
126.5    0.11470508658
126.625    0.115854978355
126.75    0.115672348485
126.875    0.115374729437
127.0    0.120501893939
127.125    0.121056547619
127.25    0.120887445887
127.375    0.121685606061
127.5    0.111038961039
127.625    0.111038961039
127.75    0.111404220779
127.875    0.111383928571
128.0    0.118262987013
128.125    0.11773538961
128.25    0.117803030303
128.375    0.118905573593
128.5    0.12426271645
128.625    0.110146103896
128.75    0.120353084416
128.875    0.121983225108
129.0    0.115036525974
129.125    0.113947510822
129.25    0.115882034632
129.375    0.116470508658
129.5    0.11369047619
129.625    0.113149350649
129.75    0.113108766234
129.875    0.113216991342
130.0    0.128598484848
130.125    0.128436147186
130.25    0.128341450216
130.375    0.112878787879
130.5    0.0936891233766
130.625    0.105120400433
130.75    0.112310606061
130.875    0.112168560606
131.0    0.106689664502
131.125    0.11746482684
131.25    0.117525703463
131.375    0.117173971861
131.5    0.122443181818
131.625    0.122409361472
131.75    0.11213474026
131.875    0.116991341991
132.0    0.11130275974
132.125    0.111532738095
132.25    0.11185741342
132.375    0.111640963203
132.5    0.114894480519
132.625    0.114779491342
132.75    0.115239448052
132.875    0.115300324675
133.0    0.115334145022
133.125    0.115334145022
133.25    0.114948593074
133.375    0.114623917749
133.5    0.11681547619
133.625    0.116659902597
133.75    0.116781655844
133.875    0.116754599567
134.0    0.108299512987
134.125    0.106845238095
134.25    0.107596049784
134.375    0.091801948052
134.5    0.109347943723
134.625    0.108894751082
134.75    0.109476461039
134.875    0.109604978355
135.0    0.118317099567
135.125    0.107893668831
135.25    0.107947781385
135.375    0.107690746753
135.5    0.113298160173
135.625    0.113027597403
135.75    0.113379329004
135.875    0.100453192641
136.0    0.118979978355
136.125    0.118979978355
136.25    0.118979978355
136.375    0.119176136364
136.5    0.122287608225
136.625    0.122896374459
136.75    0.123403679654
136.875    0.123268398268
137.0    0.112912608225
137.125    0.112939664502
137.25    0.112892316017
137.375    0.112696158009
137.5    0.106209415584
137.625    0.114306006494
137.75    0.114231601732
137.875    0.111870941558
138.0    0.11994047619
138.125    0.115604707792
138.25    0.115976731602
138.375    0.1157129329
138.5    0.098566017316
138.625    0.0986742424242
138.75    0.0985321969697
138.875    0.0997835497835
139.0    0.116396103896
139.125    0.116490800866
139.25    0.110179924242
139.375    0.111634199134
139.5    0.108468614719
139.625    0.111099837662
139.75    0.111106601732
139.875    0.108543019481
140.0    0.128855519481
140.125    0.128977272727
140.25    0.125500541126
140.375    0.126616612554
140.5    0.113595779221
140.625    0.113379329004
140.75    0.113595779221
140.875    0.113027597403
141.0    0.126129599567
141.125    0.113345508658
141.25    0.113311688312
141.375    0.113561958874
141.5    0.112094155844
141.625    0.11195211039
141.75    0.11195211039
141.875    0.100662878788
142.0    0.114515692641
142.125    0.11452245671
142.25    0.114515692641
142.375    0.11442775974
142.5    0.112547348485
142.625    0.111755952381
142.75    0.111749188312
142.875    0.101359577922
143.0    0.114184253247
143.125    0.101325757576
143.25    0.104376352814
143.375    0.104443993506
143.5    0.118695887446
143.625    0.118722943723
143.75    0.118553841991
143.875    0.117890963203
144.0    0.115198863636
144.125    0.115198863636
144.25    0.115178571429
144.375    0.115205627706
144.5    0.112932900433
144.625    0.112939664502
144.75    0.111586850649
144.875    0.109909361472
145.0    0.111458333333
145.125    0.111458333333
145.25    0.111471861472
145.375    0.11838474026
145.5    0.114454816017
145.625    0.114657738095
145.75    0.114678030303
145.875    0.0975581709957
146.0    0.10679788961
146.125    0.106574675325
146.25    0.106858766234
146.375    0.107081980519
146.5    0.115361201299
146.625    0.115625
146.75    0.115286796537
146.875    0.115286796537
147.0    0.116538149351
147.125    0.11654491342
147.25    0.0983833874459
147.375    0.101535443723
147.5    0.109821428571
147.625    0.109821428571
147.75    0.10992965368
147.875    0.110606060606
148.0    0.111573322511
148.125    0.111722132035
148.25    0.112209145022
148.375    0.111999458874
148.5    0.116456980519
148.625    0.116429924242
148.75    0.116456980519
148.875    0.115158279221
149.0    0.113859577922
149.125    0.113859577922
149.25    0.111722132035
149.375    0.112249729437
149.5    0.113859577922
149.625    0.11415719697
149.75    0.127144209957
149.875    0.114123376623
150.0    0.114515692641
150.125    0.114752435065
150.25    0.114637445887
150.375    0.113798701299
150.5    0.120785984848
150.625    0.120785984848
150.75    0.11865530303
150.875    0.118398268398
151.0    0.115151515152
151.125    0.115320616883
151.25    0.113947510822
151.375    0.113886634199
151.5    0.110524891775
151.625    0.110890151515
151.75    0.111289231602
151.875    0.111289231602
152.0    0.110213744589
152.125    0.110328733766
152.25    0.110328733766
152.375    0.115692640693
152.5    0.102827380952
152.625    0.115652056277
152.75    0.115956439394
152.875    0.115739989177
153.0    0.114001623377
153.125    0.114197781385
153.25    0.125568181818
153.375    0.126975108225
153.5    0.11277732684
153.625    0.11277732684
153.75    0.112784090909
153.875    0.112804383117
154.0    0.11590232684
154.125    0.116132305195
154.25    0.116321699134
154.375    0.116490800866
154.5    0.113169642857
154.625    0.113169642857
154.75    0.112804383117
154.875    0.113304924242
155.0    0.120880681818
155.125    0.117972132035
155.25    0.118398268398
155.375    0.118479437229
155.5    0.115144751082
155.625    0.115388257576
155.75    0.115063582251
155.875    0.115063582251
156.0    0.107805735931
156.125    0.107805735931
156.25    0.108170995671
156.375    0.118411796537
156.5    0.11470508658
156.625    0.11507711039
156.75    0.114995941558
156.875    0.115029761905
157.0    0.113933982684
157.125    0.114076028139
157.25    0.112560876623
157.375    0.112601461039
157.5    0.10827245671
157.625    0.108434794372
157.75    0.109523809524
157.875    0.109246482684
158.0    0.110971320346
158.125    0.110971320346
158.25    0.110971320346
158.375    0.116396103896
158.5    0.118337391775
158.625    0.128754058442
158.75    0.130600649351
158.875    0.130600649351
159.0    0.106473214286
159.125    0.106473214286
159.25    0.104937770563
159.375    0.105012175325
159.5    0.11066017316
159.625    0.110795454545
159.75    0.110795454545
159.875    0.111221590909
160.0    0.114278950216
160.125    0.0963609307359
160.25    0.114475108225
160.375    0.115787337662
160.5    0.122639339827
160.625    0.122639339827
160.75    0.12021780303
160.875    0.120109577922
161.0    0.118851461039
161.125    0.119324945887
161.25    0.118912337662
161.375    0.119088203463
161.5    0.112432359307
161.625    0.112628517316
161.75    0.112770562771
161.875    0.112398538961
162.0    0.112182088745
162.125    0.112378246753
162.25    0.112418831169
162.375    0.122564935065
162.5    0.103787878788
162.625    0.103544372294
162.75    0.103909632035
162.875    0.103916396104
163.0    0.113886634199
163.125    0.113886634199
163.25    0.113886634199
163.375    0.113940746753
163.5    0.110978084416
163.625    0.114312770563
163.75    0.114333062771
163.875    0.113859577922
164.0    0.117234848485
164.125    0.115523538961
164.25    0.115550595238
164.375    0.115510010823
164.5    0.114975649351
164.625    0.114921536797
164.75    0.114921536797
164.875    0.114921536797
165.0    0.106791125541
165.125    0.107095508658
165.25    0.128185876623
165.375    0.11295995671
165.5    0.101143127706
165.625    0.101143127706
165.75    0.100980790043
165.875    0.101075487013
166.0    0.115097402597
166.125    0.115097402597
166.25    0.115097402597
166.375    0.115212391775
166.5    0.106567911255
166.625    0.111769480519
166.75    0.111728896104
166.875    0.120143398268
167.0    0.113000541126
167.125    0.113088474026
167.25    0.113561958874
167.375    0.113467261905
167.5    0.115171807359
167.625    0.115171807359
167.75    0.113981331169
167.875    0.114360119048
168.0    0.110524891775
168.125    0.118317099567
168.25    0.118607954545
168.375    0.118607954545
168.5    0.121110660173
168.625    0.110727813853
168.75    0.110822510823
168.875    0.11176271645
169.0    0.0999594155844
169.125    0.100297619048
169.25    0.118506493506
169.375    0.118506493506
169.5    0.10082521645
169.625    0.10082521645
169.75    0.10082521645
169.875    0.100933441558
170.0    0.122294372294
170.125    0.122416125541
170.25    0.122706980519
170.375    0.120278679654
170.5    0.115631764069
170.625    0.115631764069
170.75    0.115631764069
170.875    0.115577651515
171.0    0.115185335498
171.125    0.11534767316
171.25    0.11534767316
171.375    0.1155370671
171.5    0.104038149351
171.625    0.0946834415584
171.75    0.102786796537
171.875    0.104254599567
172.0    0.10836038961
172.125    0.10836038961
172.25    0.108319805195
172.375    0.108319805195
172.5    0.113386093074
172.625    0.113162878788
172.75    0.113230519481
172.875    0.113230519481
173.0    0.113102002164
173.125    0.112987012987
173.25    0.112987012987
173.375    0.112987012987
173.5    0.115016233766
173.625    0.114989177489
173.75    0.11626758658
173.875    0.115794101732
174.0    0.114285714286
174.125    0.113961038961
174.25    0.113961038961
174.375    0.113988095238
174.5    0.111140422078
174.625    0.111749188312
174.75    0.111749188312
174.875    0.114393939394
175.0    0.106879058442
175.125    0.10716991342
175.25    0.10716991342
175.375    0.10716991342
175.5    0.100040584416
175.625    0.100040584416
175.75    0.100006764069
175.875    0.100108225108
176.0    0.107690746753
176.125    0.10836715368
176.25    0.113521374459
176.375    0.113460497835
176.5    0.112121212121
176.625    0.112114448052
176.75    0.112303841991
176.875    0.112851731602
177.0    0.115875270563
177.125    0.115868506494
177.25    0.115868506494
177.375    0.116456980519
177.5    0.113825757576
177.625    0.113825757576
177.75    0.113541666667
177.875    0.113710768398
178.0    0.111525974026
178.125    0.111688311688
178.25    0.112493235931
178.375    0.112479707792
178.5    0.0988433441558
178.625    0.0988906926407
178.75    0.0988906926407
178.875    0.117072510822
179.0    0.111918290043
179.125    0.111755952381
179.25    0.11185741342
179.375    0.11185741342
180.0    0.118709415584
180.125    0.115841450216
180.25    0.11590232684
180.375    0.114596861472
180.5    0.102441829004
180.625    0.102583874459
180.75    0.102394480519
180.875    0.120576298701
181.0    0.115489718615
181.125    0.115489718615
181.25    0.115219155844
181.375    0.115219155844
181.5    0.111613906926
181.625    0.111918290043
181.75    0.112155032468
181.875    0.112148268398
182.0    0.113088474026
182.125    0.112980248918
182.25    0.113000541126
182.375    0.113000541126
182.5    0.110768398268
182.625    0.110768398268
182.75    0.110470779221
182.875    0.110781926407
183.0    0.11396780303
183.125    0.114353354978
183.25    0.137729978355
183.375    0.114353354978
183.5    0.106446158009
183.625    0.105668290043
183.75    0.105857683983
183.875    0.1125
184.0    0.103233225108
184.125    0.103233225108
184.25    0.11626758658
184.375    0.103551136364
184.5    0.105986201299
184.625    0.105986201299
184.75    0.105959145022
184.875    0.106121482684
185.0    0.113433441558
185.125    0.114563041126
185.25    0.114664502165
185.375    0.113433441558
185.5    0.102529761905
185.625    0.102529761905
185.75    0.113122294372
185.875    0.113176406926
186.0    0.109050324675
186.125    0.109023268398
186.25    0.109145021645
186.375    0.109598214286
186.5    0.116700487013
186.625    0.117072510822
186.75    0.117072510822
186.875    0.106682900433
187.0    0.0997091450216
187.125    0.100804924242
187.25    0.100568181818
187.375    0.10854978355
187.5    0.102597402597
187.625    0.102590638528
187.75    0.102495941558
187.875    0.103821699134
188.0    0.119433170996
188.125    0.119602272727
188.25    0.119615800866
188.375    0.119615800866
188.5    0.113115530303
188.625    0.113189935065
188.75    0.113758116883
188.875    0.113778409091
189.0    0.107176677489
189.125    0.107000811688
189.25    0.106919642857
189.375    0.106994047619
189.5    0.114644209957
189.625    0.114644209957
189.75    0.115002705628
189.875    0.114745670996
190.0    0.107778679654
190.125    0.108028950216
190.25    0.108258928571
190.375    0.10808982684
190.5    0.100892857143
190.625    0.101170183983
190.75    0.10101461039
190.875    0.101569264069
191.0    0.113710768398
191.125    0.115692640693
191.25    0.114353354978
191.375    0.114299242424
191.5    0.114793019481
191.625    0.11461038961
191.75    0.114387175325
191.875    0.114387175325
192.0    0.109841720779
192.125    0.109841720779
192.25    0.109848484848
192.375    0.109848484848
192.5    0.121009199134
192.625    0.134354707792
192.75    0.118648538961
192.875    0.118648538961
193.0    0.101988636364
193.125    0.101907467532
193.25    0.102076569264
193.375    0.102150974026
193.5    0.110396374459
193.625    0.110396374459
193.75    0.109199134199
193.875    0.109199134199
194.0    0.116429924242
194.125    0.116429924242
194.25    0.116247294372
194.375    0.116247294372
194.5    0.11773538961
194.625    0.117207792208
194.75    0.117417478355
194.875    0.117417478355
195.0    0.103321158009
195.125    0.103537608225
195.25    0.103537608225
195.375    0.103537608225
195.5    0.114894480519
195.625    0.114894480519
195.75    0.114738906926
195.875    0.115422077922
196.0    0.120177218615
196.125    0.120170454545
196.25    0.120170454545
196.375    0.119013798701
196.5    0.111465097403
196.625    0.112249729437
196.75    0.112249729437
196.875    0.112249729437
197.0    0.108921807359
197.125    0.108942099567
197.25    0.116754599567
197.375    0.116402867965
197.5    0.112506764069
197.625    0.112506764069
197.75    0.112330898268
197.875    0.112506764069
198.0    0.111011904762
198.125    0.111011904762
198.25    0.111011904762
198.375    0.111410984848
198.5    0.117721861472
198.625    0.117721861472
198.75    0.117715097403
198.875    0.116578733766
199.0    0.110234036797
199.125    0.108921807359
199.25    0.109205898268
199.375    0.116436688312
199.5    0.105478896104
199.625    0.106087662338
199.75    0.106033549784
199.875    0.106040313853
200.0    0.108766233766
200.125    0.108739177489
200.25    0.108739177489
200.375    0.108833874459
200.5    0.101129599567
200.625    0.101116071429
200.75    0.102522997835
200.875    0.102522997835
201.0    0.111769480519
201.125    0.111958874459
201.25    0.112033279221
201.375    0.112033279221
201.5    0.113656655844
201.625    0.111181006494
201.75    0.111181006494
201.875    0.113744588745
202.0    0.109767316017
202.125    0.112601461039
202.25    0.110328733766
202.375    0.110051406926
202.5    0.103280573593
202.625    0.103733766234
202.75    0.103267045455
202.875    0.103720238095
203.0    0.108198051948
203.125    0.108143939394
203.25    0.108576839827
203.375    0.108394209957
203.5    0.113846049784
203.625    0.112790854978
203.75    0.110639880952
203.875    0.110409902597
204.0    0.0930397727273
204.125    0.0930397727273
204.25    0.0932765151515
204.375    0.0932156385281
204.5    0.10018262987
204.625    0.10018262987
204.75    0.10018262987
204.875    0.100074404762
205.0    0.108651244589
205.125    0.108630952381
205.25    0.108603896104
205.375    0.111370400433
205.5    0.112385010823
205.625    0.112385010823
205.75    0.112391774892
205.875    0.114847132035
206.0    0.121428571429
206.125    0.121570616883
206.25    0.121442099567
206.375    0.121604437229
206.5    0.108495670996
206.625    0.108495670996
206.75    0.108495670996
206.875    0.10873241342
207.0    0.110788690476
207.125    0.110951028139
207.25    0.110951028139
207.375    0.11617965368
207.5    0.103963744589
207.625    0.102834145022
207.75    0.103138528139
207.875    0.103409090909
208.0    0.107934253247
208.125    0.128578192641
208.25    0.110971320346
208.375    0.11103219697
208.5    0.106906114719
208.625    0.106649080087
208.75    0.106649080087
208.875    0.106649080087
209.0    0.108975919913
209.125    0.109084145022
209.25    0.108847402597
209.375    0.096489448052
209.5    0.109875541126
209.625    0.109875541126
209.75    0.109672619048
209.875    0.109449404762
210.0    0.0957521645022
210.125    0.0955898268398
210.25    0.0951028138528
210.375    0.110741341991
210.5    0.10771780303
210.625    0.10771780303
210.75    0.10771780303
210.875    0.107988365801
211.0    0.11590232684
211.125    0.116044372294
211.25    0.113379329004
211.375    0.113379329004
211.5    0.110781926407
211.625    0.110781926407
211.75    0.102982954545
211.875    0.102793560606
212.0    0.0985186688312
212.125    0.0989786255411
212.25    0.0984442640693
212.375    0.0987689393939
212.5    0.109016504329
212.625    0.109388528139
212.75    0.114285714286
212.875    0.113649891775
213.0    0.109219426407
213.125    0.109219426407
213.25    0.109449404762
213.375    0.10891504329
213.5    0.113778409091
213.625    0.113778409091
213.75    0.113859577922
213.875    0.106060606061
214.0    0.113331980519
214.125    0.113331980519
214.25    0.113331980519
214.375    0.113413149351
214.5    0.107393127706
214.625    0.107393127706
214.75    0.107048160173
214.875    0.0965097402597
215.0    0.104633387446
215.125    0.112425595238
215.25    0.109868777056
215.375    0.110220508658
215.5    0.109828192641
215.625    0.110173160173
215.75    0.110822510823
215.875    0.110261093074
216.0    0.115773809524
216.125    0.115868506494
216.25    0.117268668831
216.375    0.115726461039
216.5    0.105641233766
216.625    0.108062770563
216.75    0.10836038961
216.875    0.10836038961
217.0    0.0986877705628
217.125    0.0986877705628
217.25    0.103848755411
217.375    0.103929924242
217.5    0.100906385281
217.625    0.100906385281
217.75    0.101028138528
217.875    0.113940746753
218.0    0.127103625541
218.125    0.126501623377
218.25    0.108461850649
218.375    0.10606737013
218.5    0.093262987013
218.625    0.0935538419913
218.75    0.0934320887446
218.875    0.0941017316017
219.0    0.0918357683983
219.125    0.092214556277
219.25    0.0924783549783
219.375    0.0924783549783
219.5    0.107771915584
219.625    0.108008658009
219.75    0.108008658009
219.875    0.107819264069
220.0    0.0978896103896
220.125    0.0977610930736
220.25    0.11130275974
220.375    0.111546266234
220.5    0.101400162338
220.625    0.114387175325
220.75    0.109489989177
220.875    0.109300595238
221.0    0.101981872294
221.125    0.103618777056
221.25    0.103645833333
221.375    0.103469967532
221.5    0.100987554113
221.625    0.100811688312
221.75    0.104694264069
221.875    0.104734848485
222.0    0.0957183441558
222.125    0.0956642316017
222.25    0.103956980519
222.375    0.102408008658
222.5    0.0906452922078
222.625    0.10100784632
222.75    0.100047348485
222.875    0.102522997835
223.0    0.095441017316
223.125    0.103551136364
223.25    0.103395562771
223.375    0.103551136364
223.5    0.102597402597
223.625    0.102536525974
223.75    0.0921875
223.875    0.110349025974
224.0    0.0951501623377
224.125    0.0947646103896
224.25    0.0947037337662
224.375    0.092086038961
224.5    0.0994926948052
224.625    0.0995603354978
224.75    0.0970576298701
224.875    0.0974161255411
225.0    0.0943587662338
225.125    0.0943587662338
225.25    0.0935876623377
225.375    0.10882034632
225.5    0.0908211580087
225.625    0.0908008658009
225.75    0.0934794372294
225.875    0.0930465367965
226.0    0.110119047619
226.125    0.110078463203
226.25    0.111566558442
226.375    0.111539502165
226.5    0.0999255952381
226.625    0.0998376623377
226.75    0.0967532467533
226.875    0.0992356601732
227.0    0.0945549242424
227.125    0.100142045455
227.25    0.0875676406926
227.375    0.0953801406926
227.5    0.0994588744589
227.625    0.0839218073593
227.75    0.0894074675325
227.875    0.0894074675325
228.0    0.107156385281
228.125    0.107359307359
228.25    0.107596049784
228.375    0.107278138528
228.5    0.0935538419913
228.625    0.0935538419913
228.75    0.0934862012987
228.875    0.0935335497835
229.0    0.0936553030303
229.125    0.093648538961
229.25    0.0964556277056
229.375    0.0962121212121
229.5    0.110004058442
229.625    0.128185876623
229.75    0.112892316017
229.875    0.112642045455
230.0    0.0954883658009
230.125    0.0954207251082
230.25    0.0944264069264
230.375    0.0956574675325
230.5    0.0846590909091
230.625    0.100060876623
230.75    0.0975446428571
230.875    0.102827380952
231.0    0.0908482142857
231.125    0.0807291666667
231.25    0.0930803571429
231.375    0.0930803571429
231.5    0.0892721861472
231.625    0.102367424242
231.75    0.102279491342
231.875    0.0996617965368
232.0    0.0982683982684
232.125    0.0982616341991
232.25    0.0932697510822
232.375    0.0934794372294
232.5    0.0827854437229
232.625    0.106452922078
232.75    0.0988636363636
232.875    0.0941626082251
233.0    0.0958942099567
233.125    0.095542478355
233.25    0.0958198051948
233.375    0.0955154220779
233.5    0.0988027597403
233.625    0.0991341991342
233.75    0.0987689393939
233.875    0.0991206709957
234.0    0.0759063852814
234.125    0.0814123376623
234.25    0.0861066017316
234.375    0.0859916125541
234.5    0.0941558441558
234.625    0.0944399350649
234.75    0.0892721861472
234.875    0.0898877164502
235.0    0.0939664502164
235.125    0.0938920454546
235.25    0.0939393939394
235.375    0.104389880952
235.5    0.0938108766234
235.625    0.0937905844156
235.75    0.0937567640693
235.875    0.0943046536796
236.0    0.0892383658009
236.125    0.0973890692641
236.25    0.102272727273
236.375    0.0956033549784
236.5    0.0702651515151
236.625    0.0805533008658
236.75    0.0807088744589
236.875    0.081737012987
237.0    0.0844358766234
237.125    0.0844358766234
237.25    0.0974567099567
237.375    0.09016504329
237.5    0.0810470779221
237.625    0.0809997294372
237.75    0.0809388528138
237.875    0.081277056277
238.0    0.0941490800866
238.125    0.0888933982684
238.25    0.0811011904762
238.375    0.0768668831169
238.5    0.0889475108225
238.625    0.0889475108225
238.75    0.0903544372294
238.875    0.0941423160173
239.0    0.0941964285714
239.125    0.0948863636364
239.25    0.0949134199134
239.375    0.0939461580086
240.0    0.0937297077922
240.125    0.0961174242424
240.25    0.0961985930736
240.375    0.0966112012987
240.5    0.0880275974026
240.625    0.0880140692641
240.75    0.0880208333333
240.875    0.0874729437229
241.0    0.103246753247
241.125    0.100940205628
241.25    0.0958468614719
241.375    0.0959077380952
241.5    0.0954748376623
241.625    0.0798904220779
241.75    0.0952313311688
241.875    0.0960024350649
242.0    0.0913352272727
242.125    0.0917884199134
242.25    0.0921198593074
242.375    0.0909496753247
242.5    0.0946090367965
242.625    0.102137445887
242.75    0.0999255952381
242.875    0.115611471861
243.0    0.115374729437
243.125    0.115232683983
243.25    0.0999323593074
243.375    0.097490530303
243.5    0.0859307359307
243.625    0.101704545455
243.75    0.103787878788
243.875    0.106561147186
244.0    0.093621482684
244.125    0.0937567640693
244.25    0.0935335497835
244.375    0.0749120670996
244.5    0.0954748376623
244.625    0.0959483225108
244.75    0.095799512987
244.875    0.0956439393939
245.0    0.0955154220779
245.125    0.0956033549784
245.25    0.0771103896104
245.375    0.0771036255411
245.5    0.0843005952381
245.625    0.0830627705628
245.75    0.0993303571429
245.875    0.0833400974026
246.0    0.0875879329004
246.125    0.0928368506493
246.25    0.0983022186147
246.375    0.103361742424
246.5    0.102698863636
246.625    0.10119047619
246.75    0.0995941558442
246.875    0.0991341991342
247.0    0.0971861471861
247.125    0.101995400433
247.25    0.102347132035
247.375    0.102157738095
247.5    0.0648944805195
247.625    0.0931750541125
247.75    0.09577245671
247.875    0.0963338744589
248.0    0.0981466450216
248.125    0.100588474026
248.25    0.0980857683983
248.375    0.0980654761905
248.5    0.0861066017316
248.625    0.0853896103896
248.75    0.0853422619048
248.875    0.0858495670996
249.0    0.0962662337662
249.125    0.096286525974
249.25    0.0961377164502
249.375    0.088474025974
249.5    0.0803639069264
249.625    0.0817505411255
249.75    0.0973214285714
249.875    0.0803300865801
250.0    0.0991409632035
250.125    0.0991883116883
250.25    0.0964759199134
250.375    0.0961647727273
250.5    0.0951501623377
250.625    0.102556818182
250.75    0.115550595238
250.875    0.116037608225
251.0    0.0982819264069
251.125    0.103557900433
251.25    0.103436147186
251.375    0.103388798701
251.5    0.105681818182
251.625    0.105681818182
251.75    0.105600649351
251.875    0.108258928571
252.0    0.107054924242
252.125    0.106439393939
252.25    0.106601731602
252.375    0.0962121212121
252.5    0.0940949675325
252.625    0.0939123376623
252.75    0.0942437770563
252.875    0.0937973484848
253.0    0.0958400974026
253.125    0.0960430194805
253.25    0.0962662337662
253.375    0.0961985930736
253.5    0.0999661796537
253.625    0.0952583874459
253.75    0.0945211038961
253.875    0.0892654220779
254.0    0.0937364718615
254.125    0.093391504329
254.25    0.0992897727273
254.375    0.0985524891775
254.5    0.0969696969697
254.625    0.0969696969697
254.75    0.0969696969697
254.875    0.0968614718615
255.0    0.10707521645
255.125    0.107054924242
255.25    0.107041396104
255.375    0.097591991342
255.5    0.101210768398
255.625    0.102556818182
255.75    0.101765422078
255.875    0.102083333333
256.0    0.100940205628
256.125    0.103375270563
256.25    0.100872564935
256.375    0.101616612554
256.5    0.105377435065
256.625    0.105377435065
256.75    0.10524215368
256.875    0.10533008658
257.0    0.0988974567099
257.125    0.0991680194805
257.25    0.101542207792
257.375    0.100432900433
257.5    0.101055194805
257.625    0.101129599567
257.75    0.101677489177
257.875    0.101677489177
258.0    0.118411796537
258.125    0.118411796537
258.25    0.103557900433
258.375    0.102671807359
258.5    0.100216450216
258.625    0.100351731602
258.75    0.0978084415584
258.875    0.0939461580086
259.0    0.0983833874459
259.125    0.0981669372294
259.25    0.099614448052
259.375    0.0990936147186
259.5    0.0973687770563
259.625    0.102631222944
259.75    0.101663961039
259.875    0.10257034632
260.0    0.105039231602
260.125    0.105039231602
260.25    0.105039231602
260.375    0.104809253247
260.5    0.0996009199134
260.625    0.100913149351
260.75    0.101339285714
260.875    0.101339285714
261.0    0.102522997835
261.125    0.102563582251
261.25    0.118215638528
261.375    0.105539772727
261.5    0.0997497294372
261.625    0.099283008658
261.75    0.099283008658
261.875    0.0993641774892
262.0    0.105965909091
262.125    0.105675054113
262.25    0.106425865801
262.375    0.106425865801
262.5    0.109375
262.625    0.109239718615
262.75    0.109354707792
262.875    0.109429112554
263.0    0.101697781385
263.125    0.101778950216
263.25    0.101806006494
263.375    0.101806006494
263.5    0.100750811688
263.625    0.100750811688
263.75    0.104099025974
263.875    0.103747294372
264.0    0.103091179654
264.125    0.103091179654
264.25    0.103131764069
264.375    0.10330762987
264.5    0.0877164502164
264.625    0.0892383658009
264.75    0.0892383658009
264.875    0.0959415584416
265.0    0.105837391775
265.125    0.106189123377
265.25    0.11305465368
265.375    0.104917478355
265.5    0.100142045455
265.625    0.105025703463
265.75    0.105100108225
265.875    0.0999864718615
266.0    0.0977272727273
266.125    0.107758387446
266.25    0.107758387446
266.375    0.104633387446
266.5    0.106561147186
266.625    0.105735930736
266.75    0.105735930736
266.875    0.105600649351
267.0    0.100439664502
267.125    0.102610930736
267.25    0.102881493506
267.375    0.100757575758
267.5    0.107528409091
267.625    0.107298430736
267.75    0.107568993506
267.875    0.107596049784
268.0    0.0987486471861
268.125    0.0867288961039
268.25    0.11020021645
268.375    0.11020021645
268.5    0.104186958874
268.625    0.104186958874
268.75    0.1016504329
268.875    0.101920995671
269.0    0.102976190476
269.125    0.102286255411
269.25    0.102976190476
269.375    0.102976190476
269.5    0.101406926407
269.625    0.0908482142857
269.75    0.0916531385281
269.875    0.101873647186
270.0    0.102725919913
270.125    0.104186958874
270.25    0.103896103896
270.375    0.103896103896
270.5    0.104579274892
270.625    0.104579274892
270.75    0.104586038961
270.875    0.103057359307
271.0    0.0964082792208
271.125    0.0963947510822
271.25    0.101488095238
271.375    0.101630140693
271.5    0.117316017316
271.625    0.109070616883
271.75    0.107920725108
271.875    0.105796807359
272.0    0.101515151515
272.125    0.103016774892
272.25    0.101826298701
272.375    0.104416937229
272.5    0.106662608225
272.625    0.101339285714
272.75    0.101339285714
272.875    0.101339285714
273.0    0.103361742424
273.125    0.103361742424
273.25    0.108772997835
273.375    0.105823863636
273.5    0.105262445887
273.625    0.105580357143
273.75    0.101981872294
273.875    0.101975108225
274.0    0.0897389069264
274.125    0.0897389069264
274.25    0.0924783549783
274.375    0.0937094155844
274.5    0.0864177489177
274.625    0.0868777056277
274.75    0.0867424242424
274.875    0.102394480519
275.0    0.0983563311688
275.125    0.0979707792208
275.25    0.098180465368
275.375    0.098180465368
275.5    0.100209686147
275.625    0.10128517316
275.75    0.0883860930736
275.875    0.098538961039
276.0    0.104606331169
276.125    0.104768668831
276.25    0.104396645022
276.375    0.104761904762
276.5    0.102015692641
276.625    0.103422619048
276.75    0.103422619048
276.875    0.108597132035
277.0    0.107731331169
277.125    0.10808982684
277.25    0.107704274892
277.375    0.108123647186
277.5    0.104971590909
277.625    0.105830627706
277.75    0.105742694805
277.875    0.105810335498
278.0    0.103801406926
278.125    0.103138528139
278.25    0.103280573593
278.375    0.103010010823
278.5    0.105871212121
278.625    0.108502435065
278.75    0.105708874459
278.875    0.108691829004
279.0    0.11295995671
279.125    0.112824675325
279.25    0.113102002164
279.375    0.113534902597
279.5    0.0841585497835
279.625    0.0841585497835
279.75    0.0947646103896
279.875    0.0949404761905
280.0    0.105309794372
280.125    0.105296266234
280.25    0.105127164502
280.375    0.11011228355
280.5    0.0940205627706
280.625    0.093878517316
280.75    0.0946834415584
280.875    0.0953125
281.0    0.106574675325
281.125    0.114055735931
281.25    0.106520562771
281.375    0.106554383117
281.5    0.105844155844
281.625    0.105262445887
281.75    0.102854437229
281.875    0.103125
282.0    0.109320887446
282.125    0.101758658009
282.25    0.100223214286
282.375    0.100534361472
282.5    0.095670995671
282.625    0.0956101190476
282.75    0.0956101190476
282.875    0.0963135822511
283.0    0.105959145022
283.125    0.10615530303
283.25    0.10615530303
283.375    0.105783279221
283.5    0.10009469697
283.625    0.100054112554
283.75    0.100060876623
283.875    0.0898606601731
284.0    0.0972673160173
284.125    0.0990462662338
284.25    0.0988501082251
284.375    0.109266774892
284.5    0.113122294372
284.625    0.113041125541
284.75    0.113318452381
284.875    0.0980384199134
285.0    0.0880073051948
285.125    0.08795995671
285.25    0.100703463203
285.375    0.100703463203
285.5    0.0948187229437
285.625    0.0947916666667
285.75    0.0964691558442
285.875    0.0970238095238
286.0    0.0926880411255
286.125    0.0926880411255
286.25    0.093492965368
286.375    0.093492965368
286.5    0.106682900433
286.625    0.106966991342
286.75    0.106716720779
286.875    0.106716720779
287.0    0.1
287.125    0.0999932359307
287.25    0.0999932359307
287.375    0.102928841991
287.5    0.101109307359
287.625    0.101122835498
287.75    0.101143127706
287.875    0.106635551948
288.0    0.0933847402597
288.125    0.0937702922078
288.25    0.0932156385281
288.375    0.108793290043
288.5    0.101176948052
288.625    0.101643668831
288.75    0.101596320346
288.875    0.102719155844
289.0    0.103361742424
289.125    0.101954816017
289.25    0.102976190476
289.375    0.10303030303
289.5    0.102780032468
289.625    0.101318993506
289.75    0.103395562771
289.875    0.102144209957
290.0    0.108049242424
290.125    0.106567911255
290.25    0.098207521645
290.375    0.10045995671
290.5    0.102238906926
290.625    0.11038961039
290.75    0.0999120670996
290.875    0.115449134199
291.0    0.0945481601731
291.125    0.102245670996
291.25    0.102008928571
291.375    0.102279491342
291.5    0.103165584416
291.625    0.103165584416
291.75    0.103361742424
291.875    0.0903747294372
292.0    0.101494859307
292.125    0.101548971861
292.25    0.106655844156
292.375    0.106655844156
292.5    0.103138528139
292.625    0.103003246753
292.75    0.103571428571
292.875    0.10367965368
293.0    0.108779761905
293.125    0.127881493506
293.25    0.116714015152
293.375    0.110315205628
293.5    0.0911796536796
293.625    0.0902529761905
293.75    0.101048430736
293.875    0.101048430736
294.0    0.126663961039
294.125    0.114163961039
