0.0    0.19664504097
0.125    0.197339444081
0.25    0.192845663949
0.375    0.194333670615
0.5    0.198847290836
0.625    0.201793544035
0.75    0.200474178124
0.875    0.201436422435
1.0    0.194720552348
1.125    0.193510306926
1.25    0.197547765014
1.375    0.198668730036
1.5    0.201168581235
1.625    0.20091066008
1.75    0.201466182568
1.875    0.196099438525
2.0    0.199898815547
2.125    0.199492093725
2.25    0.200325377458
2.375    0.198480249192
2.5    0.201188421324
2.625    0.202190345813
2.75    0.201238021546
2.875    0.198470329147
3.0    0.199869055413
3.125    0.198906811103
3.25    0.19894649128
3.375    0.204620756701
3.5    0.19485943297
3.625    0.191972700038
3.75    0.192726623415
3.875    0.192567902704
4.0    0.20144634248
4.125    0.201366982124
4.25    0.200047616213
4.375    0.198956411325
4.5    0.195385195326
4.625    0.195097514037
4.75    0.191536218082
4.875    0.192905184215
5.0    0.196317679503
5.125    0.195494315815
5.25    0.194482471281
5.375    0.196387119814
5.5    0.187776521239
5.625    0.188351883816
5.75    0.189105807194
5.875    0.188659405194
6.0    0.192815903815
6.125    0.192845663949
6.25    0.193014304704
6.375    0.192369501815
6.5    0.195851437414
6.625    0.195861357459
6.75    0.195851437414
6.875    0.196476400214
7.0    0.196099438525
7.125    0.195643116481
7.25    0.196139118703
7.375    0.193014304704
7.5    0.192498462393
7.625    0.191417177549
7.75    0.189800210305
7.875    0.188808205861
8.0    0.186129793861
8.125    0.186219074261
8.25    0.186258754439
8.375    0.183461301907
8.5    0.189373648394
8.625    0.189601809416
8.75    0.189482768883
8.875    0.18979029026
9.0    0.191774299149
9.125    0.191437017638
9.25    0.192061980438
9.375    0.191992540127
9.5    0.18918516755
9.625    0.184324345773
9.75    0.188659405194
9.875    0.187855881594
10.0    0.189423248616
10.125    0.189423248616
10.25    0.189423248616
10.375    0.189720849949
10.5    0.18650675555
10.625    0.18650675555
10.75    0.188242763328
10.875    0.186814276928
11.0    0.190256532349
11.125    0.190316052616
11.25    0.189492688927
11.375    0.190077971549
11.5    0.192875424082
11.625    0.19309366506
11.75    0.19112949626
11.875    0.188778445727
12.0    0.190266452394
12.125    0.189512529016
12.25    0.189720849949
12.375    0.189730769994
12.5    0.185623871595
12.625    0.185127869373
12.75    0.185127869373
12.875    0.185127869373
13.0    0.18802452235
13.125    0.187796361328
13.25    0.187796361328
13.375    0.187796361328
13.5    0.196168878837
13.625    0.196168878837
13.75    0.193629347459
13.875    0.193788068171
14.0    0.187816201417
14.125    0.187836041505
14.25    0.187836041505
14.375    0.187836041505
14.5    0.186893637283
14.625    0.186982917683
14.75    0.186982917683
14.875    0.186893637283
15.0    0.186893637283
15.125    0.186893637283
15.25    0.186893637283
15.375    0.186893637283
15.5    0.18731027915
15.625    0.18731027915
15.75    0.187429319683
15.875    0.187429319683
16.0    0.184185465151
16.125    0.184354105906
16.25    0.184185465151
16.375    0.184185465151
16.5    0.186744836617
16.625    0.186744836617
16.75    0.186476995417
16.875    0.186476995417
17.0    0.185187389639
17.125    0.179374243597
17.25    0.179374243597
17.375    0.179374243597
17.5    0.187349959328
17.625    0.187528520128
17.75    0.187508680039
17.875    0.187746761105
18.0    0.184721147551
18.125    0.184681467373
18.25    0.184681467373
18.375    0.183421621729
18.5    0.182876019285
18.625    0.182876019285
18.75    0.182876019285
18.875    0.182876019285
19.0    0.186546435728
19.125    0.186546435728
19.25    0.186546435728
19.375    0.186546435728
19.5    0.182578417951
19.625    0.182578417951
19.75    0.18384818364
19.875    0.18384818364
20.0    0.186050433506
20.125    0.186050433506
20.25    0.185742912128
20.375    0.186109953773
20.5    0.185772672262
20.625    0.185852032617
20.75    0.185852032617
20.875    0.185028668928
21.0    0.184284665595
21.125    0.184393786084
21.25    0.184393786084
21.375    0.184393786084
21.5    0.18259825804
21.625    0.181993135329
21.75    0.181993135329
21.875    0.181993135329
22.0    0.183550582307
22.125    0.183550582307
22.25    0.183550582307
22.375    0.183550582307
22.5    0.18509810924
22.625    0.184096184751
22.75    0.182280816618
22.875    0.182280816618
23.0    0.181745134218
23.125    0.181745134218
23.25    0.181933615063
23.375    0.181933615063
23.5    0.183471221951
23.625    0.184274745551
23.75    0.183262901018
23.875    0.184512826617
24.0    0.183362101462
24.125    0.183362101462
24.25    0.183362101462
24.375    0.183362101462
24.5    0.182350256929
24.625    0.182756978751
24.75    0.183054580085
24.875    0.183054580085
25.0    0.185524671151
25.125    0.185524671151
25.25    0.185524671151
25.375    0.185524671151
25.5    0.185911552884
25.625    0.185911552884
25.75    0.186100033728
25.875    0.186159553995
26.0    0.183014899907
26.125    0.183014899907
26.25    0.183014899907
26.375    0.183252980973
26.5    0.175376465687
26.625    0.177519195286
26.75    0.175376465687
26.875    0.176844632264
27.0    0.185494911017
27.125    0.186357954884
27.25    0.185494911017
27.375    0.185534591195
27.5    0.184869948217
27.625    0.184869948217
27.75    0.184869948217
27.875    0.18632819475
28.0    0.182608178085
28.125    0.182608178085
28.25    0.182608178085
28.375    0.182608178085
28.5    0.184125944884
28.625    0.183987064262
28.75    0.184264825506
28.875    0.184264825506
29.0    0.181397932663
29.125    0.181397932663
29.25    0.181397932663
29.375    0.181397932663
29.5    0.185514751106
29.625    0.185167549551
29.75    0.185167549551
29.875    0.185167549551
30.0    0.180961450707
30.125    0.182300656707
30.25    0.182300656707
30.375    0.182300656707
30.5    0.181864174751
30.625    0.181864174751
30.75    0.181864174751
30.875    0.181864174751
31.0    0.18447314644
31.125    0.18447314644
31.25    0.18447314644
31.375    0.184502906573
31.5    0.183342261373
31.625    0.183342261373
31.75    0.183342261373
31.875    0.183342261373
32.0    0.186893637283
32.125    0.186893637283
32.25    0.186972997639
32.375    0.187885641728
32.5    0.180892010396
32.625    0.182231216396
32.75    0.182231216396
32.875    0.180544808841
33.0    0.179661924885
33.125    0.179661924885
33.25    0.179661924885
33.375    0.179661924885
33.5    0.186556355772
33.625    0.185852032617
33.75    0.185852032617
33.875    0.185931392973
34.0    0.180614249152
34.125    0.180614249152
34.25    0.180614249152
34.375    0.180614249152
34.5    0.183917623951
34.625    0.183917623951
34.75    0.183917623951
34.875    0.183917623951
35.0    0.185852032617
35.125    0.185108029284
35.25    0.185127869373
35.375    0.185187389639
35.5    0.178788960975
35.625    0.178848481241
35.75    0.178848481241
35.875    0.178977441819
36.0    0.182826419062
36.125    0.184641787195
36.25    0.184641787195
36.375    0.184046584529
36.5    0.181040811063
36.625    0.181447532885
36.75    0.181447532885
36.875    0.18161617364
37.0    0.178114397952
37.125    0.178223518441
37.25    0.178580640041
37.375    0.178550879908
37.5    0.183084340218
37.625    0.183084340218
37.75    0.183084340218
37.875    0.183084340218
38.0    0.186992837728
38.125    0.186992837728
38.25    0.186992837728
38.375    0.186992837728
38.5    0.184185465151
38.625    0.184185465151
38.75    0.184185465151
38.875    0.184185465151
39.0    0.181645933774
39.125    0.181645933774
39.25    0.181447532885
39.375    0.181447532885
39.5    0.179830565641
39.625    0.179830565641
39.75    0.179771045374
39.875    0.180624169196
40.0    0.17540622582
40.125    0.17540622582
40.25    0.17540622582
40.375    0.175197904887
40.5    0.180673769418
40.625    0.181636013729
40.75    0.181338412396
40.875    0.181338412396
41.0    0.18588179275
41.125    0.18588179275
41.25    0.18588179275
41.375    0.18588179275
41.5    0.182221296351
41.625    0.182221296351
41.75    0.182221296351
41.875    0.182221296351
42.0    0.17024780271
42.125    0.17024780271
42.25    0.178838561197
42.375    0.178838561197
42.5    0.182141935996
42.625    0.182141935996
42.75    0.182141935996
42.875    0.182141935996
43.0    0.178679840486
43.125    0.178679840486
43.25    0.178679840486
43.375    0.178679840486
43.5    0.184393786084
43.625    0.184393786084
43.75    0.184393786084
43.875    0.184393786084
44.0    0.18465170724
44.125    0.18465170724
44.25    0.18465170724
44.375    0.185286590084
44.5    0.180128166974
44.625    0.180128166974
44.75    0.179324643374
44.875    0.180128166974
45.0    0.180703529552
45.125    0.180554728885
45.25    0.180554728885
45.375    0.180554728885
45.5    0.173203975954
45.625    0.173203975954
45.75    0.173203975954
45.875    0.173203975954
46.0    0.179265123108
46.125    0.179265123108
46.25    0.179215522886
46.375    0.179215522886
46.5    0.179909925996
46.625    0.18020752733
46.75    0.179959526219
46.875    0.179959526219
47.0    0.176586711108
47.125    0.176586711108
47.25    0.176586711108
47.375    0.176725591731
47.5    0.181725294129
47.625    0.181725294129
47.75    0.181725294129
47.875    0.181725294129
48.0    0.176547030931
48.125    0.176547030931
48.25    0.179007201952
48.375    0.180346407952
48.5    0.181229291907
48.625    0.181229291907
48.75    0.181318572307
48.875    0.181318572307
49.0    0.18456242684
49.125    0.182975219729
49.25    0.182975219729
49.375    0.182975219729
49.5    0.181993135329
49.625    0.181675693907
49.75    0.181675693907
49.875    0.181675693907
50.0    0.182221296351
50.125    0.182221296351
50.25    0.183391861596
50.375    0.183391861596
50.5    0.180445608396
50.625    0.180445608396
50.75    0.180445608396
50.875    0.180931690574
51.0    0.181417772752
51.125    0.181417772752
51.25    0.181417772752
51.375    0.181417772752
51.5    0.181695533996
51.625    0.181695533996
51.75    0.181695533996
51.875    0.18215185604
52.0    0.178917921552
52.125    0.178917921552
52.25    0.178917921552
52.375    0.178917921552
52.5    0.182628018174
52.625    0.182628018174
52.75    0.182717298573
52.875    0.182717298573
53.0    0.175326865464
53.125    0.175326865464
53.25    0.175326865464
53.375    0.175326865464
53.5    0.184572346884
53.625    0.184572346884
53.75    0.184691387417
53.875    0.183352181418
54.0    0.180703529552
54.125    0.180703529552
54.25    0.180703529552
54.375    0.180792809952
54.5    0.185217149773
54.625    0.185217149773
54.75    0.185217149773
54.875    0.185217149773
55.0    0.180892010396
55.125    0.181764974307
55.25    0.181249131996
55.375    0.181249131996
55.5    0.184344185862
55.625    0.184344185862
55.75    0.184344185862
55.875    0.184344185862
56.0    0.180237287463
56.125    0.181308652263
56.25    0.180763049818
56.375    0.180763049818
56.5    0.183153780529
56.625    0.183094260262
56.75    0.183183540662
56.875    0.183352181418
57.0    0.182399857151
57.125    0.182399857151
57.25    0.182399857151
57.375    0.182280816618
57.5    0.182310576751
57.625    0.181953455151
57.75    0.18056464893
57.875    0.18056464893
58.0    0.180505128663
58.125    0.180267047596
58.25    0.180267047596
58.375    0.180267047596
58.5    0.18020752733
58.625    0.180217447374
58.75    0.180217447374
58.875    0.180217447374
59.0    0.178322718886
59.125    0.178322718886
59.25    0.178322718886
59.375    0.178322718886
59.5    0.182786738885
59.625    0.182786738885
59.75    0.182786738885
59.875    0.182786738885
60.0    0.181536813285
60.125    0.181536813285
60.25    0.181536813285
60.375    0.181536813285
60.5    0.184225145329
60.625    0.184225145329
60.75    0.184225145329
60.875    0.184225145329
61.0    0.185802432395
61.125    0.18411602484
61.25    0.18411602484
61.375    0.183977144218
61.5    0.182320496796
61.625    0.182657778307
61.75    0.182657778307
61.875    0.186744836617
62.0    0.179433763863
62.125    0.179433763863
62.25    0.180644009285
62.375    0.184056504573
62.5    0.175961748309
62.625    0.175683987064
62.75    0.175376465687
62.875    0.175376465687
63.0    0.182350256929
63.125    0.182350256929
63.25    0.182350256929
63.375    0.182350256929
63.5    0.182270896574
63.625    0.182270896574
63.75    0.182270896574
63.875    0.182270896574
64.0    0.176755351864
64.125    0.178372319108
64.25    0.178372319108
64.375    0.184612027062
64.5    0.183054580085
64.625    0.183054580085
64.75    0.183054580085
64.875    0.183054580085
65.0    0.172489732754
65.125    0.172489732754
65.25    0.172489732754
65.375    0.172489732754
65.5    0.178798881019
65.625    0.178223518441
65.75    0.178223518441
65.875    0.178223518441
66.0    0.174404301331
66.125    0.174404301331
66.25    0.17460270222
66.375    0.17460270222
66.5    0.184760827728
66.625    0.184760827728
66.75    0.184760827728
66.875    0.185048509017
67.0    0.186804356884
67.125    0.186804356884
67.25    0.186804356884
67.375    0.186804356884
67.5    0.179731365197
67.625    0.179731365197
67.75    0.179840485685
67.875    0.179840485685
68.0    0.180574568974
68.125    0.180396008174
68.25    0.180614249152
68.375    0.180693609507
68.5    0.181427692796
68.625    0.181427692796
68.75    0.181427692796
68.875    0.181149931552
69.0    0.178580640041
69.125    0.178580640041
69.25    0.178580640041
69.375    0.178580640041
69.5    0.180663849374
69.625    0.180663849374
69.75    0.180644009285
69.875    0.180644009285
70.0    0.17603118862
70.125    0.175307025375
70.25    0.175307025375
70.375    0.175078864353
70.5    0.182270896574
70.625    0.181268972085
70.75    0.182290736662
70.875    0.182042735551
71.0    0.177122393508
71.125    0.177122393508
71.25    0.177122393508
71.375    0.177122393508
71.5    0.17931472333
71.625    0.179612324663
71.75    0.179612324663
71.875    0.178273118664
72.0    0.179602404619
72.125    0.179602404619
72.25    0.179602404619
72.375    0.177846556753
72.5    0.178283038708
72.625    0.180098406841
72.75    0.180098406841
72.875    0.180197607285
73.0    0.176398230264
73.125    0.176398230264
73.25    0.176378390175
73.375    0.176189909331
73.5    0.170991806043
73.625    0.17105132631
73.75    0.17105132631
73.875    0.170942205821
74.0    0.179681764974
74.125    0.179681764974
74.25    0.179572644485
74.375    0.179572644485
74.5    0.18188401484
74.625    0.182697458485
74.75    0.181963375196
74.875    0.181963375196
75.0    0.174434061465
75.125    0.174434061465
75.25    0.174434061465
75.375    0.174434061465
75.5    0.175981588398
75.625    0.173868618931
75.75    0.174463821598
75.875    0.175019344087
76.0    0.174275340754
76.125    0.174007499554
76.25    0.174622542309
76.375    0.174265420709
76.5    0.180435688352
76.625    0.180396008174
76.75    0.181001130885
76.875    0.181001130885
77.0    0.170287482888
77.125    0.17087276551
77.25    0.17087276551
77.375    0.17087276551
77.5    0.176100628931
77.625    0.176219669464
77.75    0.176735511775
77.875    0.177935837153
78.0    0.170714044799
78.125    0.17922544293
78.25    0.17922544293
78.375    0.18029680773
78.5    0.184750907684
78.625    0.175664146975
78.75    0.176765271908
78.875    0.176765271908
79.0    0.180763049818
79.125    0.180763049818
79.25    0.181834414618
79.375    0.182122095907
79.5    0.179126242486
79.625    0.179126242486
79.75    0.178144158086
79.875    0.178372319108
80.0    0.172281411821
80.125    0.172281411821
80.25    0.174235660576
80.375    0.173332936532
80.5    0.180009126441
80.625    0.180138087019
80.75    0.180495208619
80.875    0.181348332441
81.0    0.180138087019
81.125    0.181804654485
81.25    0.180138087019
81.375    0.180782889907
81.5    0.181516973196
81.625    0.182915699462
81.75    0.182985139773
81.875    0.182677618396
82.0    0.178937761641
82.125    0.178937761641
82.25    0.178937761641
82.375    0.172737733865
82.5    0.175078864353
82.625    0.184512826617
82.75    0.17397773942
82.875    0.17504910422
83.0    0.181149931552
83.125    0.182141935996
83.25    0.182141935996
83.375    0.182141935996
83.5    0.17824335853
83.625    0.178560799952
83.75    0.177380314664
83.875    0.183074420173
84.0    0.180217447374
84.125    0.180009126441
84.25    0.180108326885
84.375    0.180128166974
84.5    0.180068646708
84.625    0.180068646708
84.75    0.182846259151
84.875    0.182846259151
85.0    0.176556950975
85.125    0.178173918219
85.25    0.175723667242
85.375    0.176179989286
85.5    0.180505128663
85.625    0.180505128663
85.75    0.180505128663
85.875    0.18065392933
86.0    0.180058726663
86.125    0.180088486796
86.25    0.180227367419
86.375    0.179830565641
86.5    0.178322718886
86.625    0.178372319108
86.75    0.178372319108
86.875    0.177737436264
87.0    0.181378092574
87.125    0.169315318533
87.25    0.167628910978
87.375    0.181249131996
87.5    0.180058726663
87.625    0.167559470666
87.75    0.180425768307
87.875    0.180594409063
88.0    0.181100331329
88.125    0.181020970974
88.25    0.181020970974
88.375    0.181020970974
88.5    0.179691685019
88.625    0.179771045374
88.75    0.180326567863
88.875    0.180495208619
89.0    0.181338412396
89.125    0.181516973196
89.25    0.181120171418
89.375    0.181140011507
89.5    0.181507053152
89.625    0.180802729996
89.75    0.180802729996
89.875    0.180961450707
90.0    0.179394083685
90.125    0.17949328413
90.25    0.17949328413
90.375    0.179513124219
90.5    0.168898676666
90.625    0.169057397377
90.75    0.169364918755
90.875    0.182399857151
91.0    0.170009721644
91.125    0.170009721644
91.25    0.170009721644
91.375    0.170009721644
91.5    0.171616768843
91.625    0.171616768843
91.75    0.171616768843
91.875    0.171616768843
92.0    0.178888161419
92.125    0.178481439597
92.25    0.178838561197
92.375    0.178838561197
92.5    0.180415848263
92.625    0.17922544293
92.75    0.170882685554
92.875    0.164960419023
93.0    0.168958196933
93.125    0.168958196933
93.25    0.169017717199
93.375    0.17851119973
93.5    0.182717298573
93.625    0.170277562843
93.75    0.183114100351
93.875    0.183173620618
94.0    0.180931690574
94.125    0.180931690574
94.25    0.180931690574
94.375    0.180931690574
94.5    0.169315318533
94.625    0.165476261334
94.75    0.167787631689
94.875    0.168204273555
95.0    0.172241731643
95.125    0.172241731643
95.25    0.168928436799
95.375    0.173580937643
95.5    0.168620915422
95.625    0.168620915422
95.75    0.168700275777
95.875    0.17194413031
96.0    0.174840783287
96.125    0.175059024264
96.25    0.175336785509
96.375    0.175326865464
96.5    0.170396603377
96.625    0.170684284666
96.75    0.170654524532
96.875    0.17096204591
97.0    0.185643711684
97.125    0.173065095332
97.25    0.173303176398
97.375    0.185623871595
97.5    0.175158224709
97.625    0.175693907109
97.75    0.176060948753
97.875    0.177727516219
98.0    0.177251354086
98.125    0.177251354086
98.25    0.17540622582
98.375    0.175654226931
98.5    0.171299327421
98.625    0.171299327421
98.75    0.170436283555
98.875    0.169682360177
99.0    0.170376763288
99.125    0.170376763288
99.25    0.170396603377
99.375    0.172598853243
99.5    0.177915997064
99.625    0.178362399064
99.75    0.178362399064
99.875    0.178054877686
100.0    0.163710493423
100.125    0.166984108089
100.25    0.166984108089
100.375    0.1677677916
100.5    0.172281411821
100.625    0.173878538976
100.75    0.171219967065
100.875    0.170743804932
101.0    0.176378390175
101.125    0.175564946531
101.25    0.176100628931
101.375    0.176487510664
101.5    0.175693907109
101.625    0.175743507331
101.75    0.175743507331
101.875    0.175743507331
102.0    0.174979663909
102.125    0.174979663909
102.25    0.176457750531
102.375    0.17665615142
102.5    0.179086562308
102.625    0.179086562308
102.75    0.179205602841
102.875    0.179820645596
103.0    0.182260976529
103.125    0.172073090887
103.25    0.18465170724
103.375    0.186080193639
103.5    0.176427990397
103.625    0.177013273019
103.75    0.177013273019
103.875    0.177598555642
104.0    0.173541257465
104.125    0.179820645596
104.25    0.180157927108
104.375    0.179701605063
104.5    0.174711822709
104.625    0.172469892665
104.75    0.172618693332
104.875    0.185435390751
105.0    0.169057397377
105.125    0.168243953733
105.25    0.16899787711
105.375    0.168660595599
105.5    0.169156597822
105.625    0.171547328532
105.75    0.172311171954
105.875    0.175455826042
106.0    0.170525563955
106.125    0.170307322977
106.25    0.170307322977
106.375    0.170307322977
106.5    0.169067317422
106.625    0.172231811599
106.75    0.171924290221
106.875    0.171339007599
107.0    0.178173918219
107.125    0.178173918219
107.25    0.178898081463
107.375    0.17585262782
107.5    0.178035037597
107.625    0.178560799952
107.75    0.176179989286
107.875    0.176616471242
108.0    0.174215820487
108.125    0.174463821598
108.25    0.174850703331
108.375    0.175197904887
108.5    0.179007201952
108.625    0.17931472333
108.75    0.179433763863
108.875    0.179433763863
109.0    0.174523341865
109.125    0.175068944309
109.25    0.175068944309
109.375    0.171398527865
109.5    0.177836636708
109.625    0.178233438486
109.75    0.175713747198
109.875    0.175614546753
110.0    0.172975814932
110.125    0.182370097018
110.25    0.182082415729
110.375    0.182399857151
110.5    0.180257127552
110.625    0.179959526219
110.75    0.180068646708
110.875    0.179999206396
111.0    0.176894232486
111.125    0.17743983493
111.25    0.17743983493
111.375    0.177687836041
111.5    0.178054877686
111.625    0.178977441819
111.75    0.170009721644
111.875    0.17078348511
112.0    0.170723964843
112.125    0.180157927108
112.25    0.170723964843
112.375    0.170852925421
112.5    0.171725889332
112.625    0.171616768843
112.75    0.172053250799
112.875    0.172053250799
113.0    0.175207824931
113.125    0.175297105331
113.25    0.175733587286
113.375    0.175733587286
113.5    0.172836934309
113.625    0.172836934309
113.75    0.172836934309
113.875    0.173432136976
114.0    0.177509275242
114.125    0.177509275242
114.25    0.177400154753
114.375    0.177767196397
114.5    0.169692280221
114.625    0.170267642799
114.75    0.170366843243
114.875    0.171160446799
115.0    0.175039184176
115.125    0.172053250799
115.25    0.170585084221
115.375    0.171973890443
115.5    0.167539630578
115.625    0.167539630578
115.75    0.167470190266
115.875    0.167470190266
116.0    0.171596928754
116.125    0.171596928754
116.25    0.171358847688
116.375    0.171815169732
116.5    0.177419994842
116.625    0.177558875464
116.75    0.177380314664
116.875    0.177380314664
117.0    0.166011943733
117.125    0.166398825467
117.25    0.166934507867
117.375    0.166934507867
117.5    0.18092177053
117.625    0.179592484574
117.75    0.180445608396
117.875    0.171150526754
118.0    0.172142531199
118.125    0.171696129199
118.25    0.171696129199
118.375    0.171963970399
118.5    0.17815407813
118.625    0.175555026487
118.75    0.175148304664
118.875    0.175812947642
119.0    0.17265837351
119.125    0.173203975954
119.25    0.173640457909
119.375    0.173640457909
120.0    0.175654226931
120.125    0.175654226931
120.25    0.175654226931
120.375    0.175654226931
120.5    0.170763645021
120.625    0.170971965954
120.75    0.170971965954
120.875    0.171339007599
121.0    0.177330714442
121.125    0.17752911533
121.25    0.178531039819
121.375    0.178531039819
121.5    0.174632462353
121.625    0.175356625598
121.75    0.175356625598
121.875    0.172985734976
122.0    0.17042636351
122.125    0.171120766621
122.25    0.171120766621
122.375    0.171120766621
122.5    0.173461897109
122.625    0.171081086443
122.75    0.173144455687
122.875    0.173144455687
123.0    0.177251354086
123.125    0.177251354086
123.25    0.177251354086
123.375    0.17761839573
123.5    0.175217744975
123.625    0.175039184176
123.75    0.174979663909
123.875    0.17522766502
124.0    0.170952125866
124.125    0.171805249688
124.25    0.171775489554
124.375    0.171041406266
124.5    0.172261571732
124.625    0.172579013154
124.75    0.172906374621
124.875    0.172906374621
125.0    0.175217744975
125.125    0.168928436799
125.25    0.162817689423
125.375    0.162480407912
125.5    0.176824792175
125.625    0.176765271908
125.75    0.177806876575
125.875    0.17761839573
126.0    0.173362696665
126.125    0.173769418487
126.25    0.173848778843
126.375    0.173580937643
126.5    0.17487054342
126.625    0.176041108664
126.75    0.176279189731
126.875    0.172936134754
127.0    0.170356923199
127.125    0.171606848799
127.25    0.171428287999
127.375    0.168531635022
127.5    0.17860048013
127.625    0.172311171954
127.75    0.172370692221
127.875    0.172053250799
128.0    0.173928139198
128.125    0.173104775509
128.25    0.175812947642
128.375    0.175812947642
128.5    0.175545106442
128.625    0.175207824931
128.75    0.175574866575
128.875    0.176239509553
129.0    0.175435985953
129.125    0.175356625598
129.25    0.176507350753
129.375    0.176507350753
129.5    0.177171993731
129.625    0.177261274131
129.75    0.179622244708
129.875    0.179056802174
130.0    0.162916889868
130.125    0.161151121957
130.25    0.163274011468
130.375    0.169612919866
130.5    0.17469198262
130.625    0.17469198262
130.75    0.173094855465
130.875    0.175624466798
131.0    0.17567406702
131.125    0.176160149197
131.25    0.176160149197
131.375    0.175872467909
131.5    0.176189909331
131.625    0.176259349642
131.75    0.174027339642
131.875    0.1679463524
132.0    0.176130389064
132.125    0.176318869909
132.25    0.174225740531
132.375    0.174126540087
132.5    0.174235660576
132.625    0.177499355197
132.75    0.175654226931
132.875    0.175654226931
133.0    0.174017419598
133.125    0.175505426264
133.25    0.175505426264
133.375    0.175445905998
133.5    0.171190206932
133.625    0.171190206932
133.75    0.171190206932
133.875    0.171190206932
134.0    0.172886534532
134.125    0.172886534532
134.25    0.172886534532
134.375    0.172886534532
134.5    0.176943832708
134.625    0.176943832708
134.75    0.176943832708
134.875    0.176943832708
135.0    0.172638533421
135.125    0.171398527865
135.25    0.171527488443
135.375    0.171527488443
135.5    0.171646528976
135.625    0.165525861556
135.75    0.165525861556
135.875    0.175723667242
136.0    0.173481737198
136.125    0.175803027598
136.25    0.175803027598
136.375    0.17761839573
136.5    0.175545106442
136.625    0.175197904887
136.75    0.175505426264
136.875    0.17540622582
137.0    0.174920143642
137.125    0.165386980934
137.25    0.174820943198
137.375    0.175207824931
137.5    0.175207824931
137.625    0.175207824931
137.75    0.175207824931
137.875    0.175207824931
138.0    0.162986330179
138.125    0.163115290756
138.25    0.162649048668
138.375    0.165674662222
138.5    0.177658075908
138.625    0.177658075908
138.75    0.177836636708
138.875    0.177836636708
139.0    0.175426065909
139.125    0.175426065909
139.25    0.175416145864
139.375    0.175237585064
139.5    0.176308949864
139.625    0.178461599508
139.75    0.179205602841
139.875    0.165287780489
140.0    0.164861218578
140.125    0.164960419023
140.25    0.177539035375
140.375    0.164990179156
140.5    0.17603118862
140.625    0.17603118862
140.75    0.17603118862
140.875    0.17620974942
141.0    0.172906374621
141.125    0.172906374621
141.25    0.173065095332
141.375    0.170714044799
141.5    0.171954050354
141.625    0.171835009821
141.75    0.172628613376
141.875    0.172628613376
142.0    0.175197904887
142.125    0.177052953197
142.25    0.176527190842
142.375    0.176457750531
142.5    0.179245283019
142.625    0.179245283019
142.75    0.180078566752
142.875    0.178987361863
143.0    0.167122988711
143.125    0.173918219154
143.25    0.174166220265
143.375    0.174086859909
143.5    0.173650377954
143.625    0.173650377954
143.75    0.173432136976
143.875    0.17370989822
144.0    0.177092633375
144.125    0.177092633375
144.25    0.17513838462
144.375    0.177043033153
144.5    0.167152748844
144.625    0.1672321092
144.75    0.179810725552
144.875    0.180088486796
145.0    0.176160149197
145.125    0.177856476797
145.25    0.173243656132
145.375    0.173243656132
145.5    0.176844632264
145.625    0.173898379065
145.75    0.173868618931
145.875    0.176001428486
146.0    0.174007499554
146.125    0.174027339642
146.25    0.174027339642
146.375    0.174027339642
146.5    0.176249429597
146.625    0.176606551197
146.75    0.176239509553
146.875    0.176685911553
147.0    0.172777414043
147.125    0.172777414043
147.25    0.174751502887
147.375    0.174751502887
147.5    0.178044957641
147.625    0.178044957641
147.75    0.178044957641
147.875    0.178124317997
148.0    0.17860048013
148.125    0.178898081463
148.25    0.178898081463
148.375    0.169831160844
148.5    0.175326865464
148.625    0.175108624487
148.75    0.175217744975
148.875    0.174920143642
149.0    0.168472114755
149.125    0.168571315199
149.25    0.168571315199
149.375    0.168571315199
149.5    0.165297700534
149.625    0.174672142531
149.75    0.174979663909
149.875    0.174949903776
150.0    0.176318869909
150.125    0.174503501776
150.25    0.174503501776
150.375    0.176318869909
150.5    0.1670535484
150.625    0.168958196933
150.75    0.168839156399
150.875    0.168839156399
151.0    0.174900303553
151.125    0.174939983731
151.25    0.175019344087
151.375    0.175019344087
151.5    0.1657143424
151.625    0.1657143424
151.75    0.165853223022
151.875    0.187994762217
152.0    0.177697756086
152.125    0.177697756086
152.25    0.177717596175
152.375    0.17940400373
152.5    0.177876316886
152.625    0.179146082574
152.75    0.179205602841
152.875    0.179334563419
153.0    0.170674364621
153.125    0.170922365732
153.25    0.168978037022
153.375    0.169047477333
153.5    0.175862547864
153.625    0.175862547864
153.75    0.175872467909
153.875    0.17603118862
154.0    0.169950201377
154.125    0.168868916533
154.25    0.168868916533
154.375    0.169047477333
154.5    0.164504096978
154.625    0.164652897645
154.75    0.165406821023
154.875    0.165972263556
155.0    0.174830863242
155.125    0.174533261909
155.25    0.174086859909
155.375    0.176338709997
155.5    0.159692875424
155.625    0.159692875424
155.75    0.1661607444
155.875    0.178739360752
156.0    0.165079459556
156.125    0.165218340178
156.25    0.164940578934
156.375    0.165109219689
156.5    0.168541555066
156.625    0.162797849334
156.75    0.168234033688
156.875    0.168234033688
157.0    0.1655357816
157.125    0.168779636133
157.25    0.168779636133
157.375    0.169583159733
157.5    0.17540622582
157.625    0.175564946531
157.75    0.175564946531
157.875    0.175564946531
158.0    0.179443683908
158.125    0.179384163641
158.25    0.17904688213
158.375    0.167420590044
158.5    0.176636311331
158.625    0.176437910442
158.75    0.176368470131
158.875    0.176467670575
159.0    0.1662500248
159.125    0.1662500248
159.25    0.178888161419
159.375    0.178888161419
159.5    0.175931988175
159.625    0.175931988175
159.75    0.174027339642
159.875    0.177747356308
160.0    0.170912445688
160.125    0.170317243021
160.25    0.169563319644
160.375    0.169940281332
160.5    0.175515346309
160.625    0.175515346309
160.75    0.175535186398
160.875    0.175535186398
161.0    0.179572644485
161.125    0.179572644485
161.25    0.167083308533
161.375    0.167361069778
161.5    0.176547030931
161.625    0.176943832708
161.75    0.176943832708
161.875    0.176943832708
162.0    0.167628910978
162.125    0.166706346844
162.25    0.166825387378
162.375    0.1671428288
162.5    0.175257425153
162.625    0.175505426264
162.75    0.175505426264
162.875    0.17576334742
163.0    0.176993432931
163.125    0.176933912664
163.25    0.176933912664
163.375    0.176933912664
163.5    0.169315318533
163.625    0.169315318533
163.75    0.169235958177
163.875    0.168749875999
164.0    0.177271194175
164.125    0.177271194175
164.25    0.177271194175
164.375    0.177271194175
164.5    0.168888756622
164.625    0.16908715751
164.75    0.16908715751
164.875    0.16908715751
165.0    0.169434359066
165.125    0.169652600044
165.25    0.170436283555
165.375    0.170525563955
165.5    0.170654524532
165.625    0.170654524532
165.75    0.168819316311
165.875    0.168938356844
166.0    0.176348630042
166.125    0.176308949864
166.25    0.176348630042
166.375    0.176289109775
166.5    0.176011348531
166.625    0.174880463464
166.75    0.176963672797
166.875    0.177023193064
167.0    0.170595004266
167.125    0.171160446799
167.25    0.169345078666
167.375    0.171180286888
167.5    0.172023490665
167.625    0.172321091998
167.75    0.172489732754
167.875    0.169920441244
168.0    0.169047477333
168.125    0.169047477333
168.25    0.159613515069
168.375    0.169345078666
168.5    0.171091006488
168.625    0.171091006488
168.75    0.169523639466
168.875    0.169523639466
169.0    0.170485883777
169.125    0.17060492431
169.25    0.17060492431
169.375    0.170485883777
169.5    0.166914667778
169.625    0.167023788267
169.75    0.1671428288
169.875    0.166775787156
170.0    0.170773565066
170.125    0.171021566177
170.25    0.171021566177
170.375    0.171021566177
170.5    0.177588635597
170.625    0.177568795508
170.75    0.175773267464
170.875    0.175862547864
171.0    0.177082713331
171.125    0.177122393508
171.25    0.177340634486
171.375    0.175842707775
171.5    0.167003948178
171.625    0.167986032577
171.75    0.167936432355
171.875    0.167430510089
172.0    0.170862845466
172.125    0.170952125866
172.25    0.170952125866
172.375    0.171011646132
172.5    0.176011348531
172.625    0.176011348531
172.75    0.163551772712
172.875    0.163551772712
173.0    0.169900601155
173.125    0.1668749876
173.25    0.166845227467
173.375    0.166845227467
173.5    0.170555324088
173.625    0.170823165288
173.75    0.170495803821
173.875    0.170495803821
174.0    0.176695831597
174.125    0.176695831597
174.25    0.176695831597
174.375    0.176695831597
174.5    0.171914370176
174.625    0.171954050354
174.75    0.171934210265
174.875    0.171844929865
175.0    0.17006924191
175.125    0.168343154177
175.25    0.167013868222
175.375    0.167013868222
175.5    0.1670535484
175.625    0.1670535484
175.75    0.168095153066
175.875    0.164057694978
176.0    0.167698351289
176.125    0.167698351289
176.25    0.167698351289
176.375    0.167718191377
176.5    0.170039481777
176.625    0.167152748844
176.75    0.1677677916
176.875    0.167202349067
177.0    0.178352479019
177.125    0.178352479019
177.25    0.178312798841
177.375    0.178461599508
177.5    0.168660595599
177.625    0.168620915422
177.75    0.168620915422
177.875    0.168620915422
178.0    0.167787631689
178.125    0.167896752177
178.25    0.167896752177
178.375    0.167896752177
178.5    0.17114060671
178.625    0.17114060671
178.75    0.171467968177
178.875    0.17114060671
179.0    0.169315318533
179.125    0.168630835466
179.25    0.169474039244
179.375    0.169474039244
180.0    0.171309247465
180.125    0.171309247465
180.25    0.171309247465
180.375    0.171309247465
180.5    0.168412594488
180.625    0.168571315199
180.75    0.168571315199
180.875    0.168571315199
181.0    0.177727516219
181.125    0.177816796619
181.25    0.178312798841
181.375    0.165734182489
181.5    0.170019641688
181.625    0.170019641688
181.75    0.170019641688
181.875    0.170019641688
182.0    0.16953355951
182.125    0.171438208043
182.25    0.169722040355
182.375    0.169900601155
182.5    0.169851000932
182.625    0.169851000932
182.75    0.169851000932
182.875    0.169851000932
183.0    0.173719818265
183.125    0.173719818265
183.25    0.171904450132
183.375    0.171904450132
183.5    0.169126837688
183.625    0.169126837688
183.75    0.169216118088
183.875    0.169523639466
184.0    0.16926571831
184.125    0.169593079777
184.25    0.169593079777
184.375    0.16926571831
184.5    0.17868976053
184.625    0.17868976053
184.75    0.178094557864
184.875    0.178203678352
185.0    0.170714044799
185.125    0.170714044799
185.25    0.170714044799
185.375    0.170714044799
185.5    0.168749875999
185.625    0.168749875999
185.75    0.169702200266
185.875    0.169702200266
186.0    0.169632759955
186.125    0.16953355951
186.25    0.16953355951
186.375    0.169672440133
186.5    0.178263198619
186.625    0.178342558975
186.75    0.169226038133
186.875    0.169245878222
187.0    0.169335158622
187.125    0.169335158622
187.25    0.169335158622
187.375    0.169493879333
187.5    0.178838561197
187.625    0.166259944845
187.75    0.178838561197
187.875    0.17886832133
188.0    0.1658929032
188.125    0.165853223022
188.25    0.165853223022
188.375    0.165853223022
188.5    0.168333234133
188.625    0.165694502311
188.75    0.165605221911
188.875    0.165605221911
189.0    0.169493879333
189.125    0.169454199155
189.25    0.168382834355
189.375    0.169454199155
189.5    0.168243953733
189.625    0.168769716088
189.75    0.181348332441
189.875    0.181556653374
190.0    0.17531694542
190.125    0.17531694542
190.25    0.17531694542
190.375    0.175366545642
190.5    0.17230125191
190.625    0.172598853243
190.75    0.172598853243
190.875    0.172688133643
191.0    0.165615141956
191.125    0.165615141956
191.25    0.165615141956
191.375    0.165664742178
191.5    0.17353133742
191.625    0.17353133742
191.75    0.17353133742
191.875    0.17353133742
192.0    0.171696129199
192.125    0.171696129199
192.25    0.171477888221
192.375    0.171775489554
192.5    0.175485586175
192.625    0.175485586175
192.75    0.175485586175
192.875    0.173233736087
193.0    0.172648453465
193.125    0.172648453465
193.25    0.175267345198
193.375    0.175267345198
193.5    0.169870841021
193.625    0.169870841021
193.75    0.169870841021
193.875    0.170327163066
194.0    0.174146380176
194.125    0.174146380176
194.25    0.174811023153
194.375    0.174811023153
194.5    0.168501874888
194.625    0.168452274666
194.75    0.168452274666
194.875    0.168452274666
195.0    0.169722040355
195.125    0.163432732179
195.25    0.163531932623
195.375    0.163531932623
195.5    0.174106699998
195.625    0.174106699998
195.75    0.171686209154
195.875    0.1680356328
196.0    0.175207824931
196.125    0.175555026487
196.25    0.175555026487
196.375    0.17567406702
196.5    0.171706049243
196.625    0.170475963732
196.75    0.170466043688
196.875    0.170466043688
197.0    0.162530008134
197.125    0.164752098089
197.25    0.164752098089
197.375    0.164752098089
197.5    0.168531635022
197.625    0.168531635022
197.75    0.177955677241
197.875    0.178114397952
198.0    0.169116917644
198.125    0.16899787711
198.25    0.16899787711
198.375    0.16899787711
198.5    0.167906672222
198.625    0.168055472889
198.75    0.168650675555
198.875    0.168650675555
199.0    0.172450052576
199.125    0.172450052576
199.25    0.172420292443
199.375    0.17265837351
199.5    0.165436581156
199.625    0.168839156399
199.75    0.174979663909
199.875    0.174979663909
200.0    0.17265837351
200.125    0.172757573954
200.25    0.171596928754
200.375    0.171596928754
200.5    0.167966192489
200.625    0.167966192489
200.75    0.167618990933
200.875    0.1676785112
201.0    0.17212269111
201.125    0.17344205702
201.25    0.17344205702
201.375    0.17344205702
201.5    0.176467670575
201.625    0.176467670575
201.75    0.176467670575
201.875    0.176467670575
202.0    0.168690355733
202.125    0.167857072
202.25    0.167976112533
202.375    0.169047477333
202.5    0.17406701982
202.625    0.17406701982
202.75    0.173828938754
202.875    0.164394976489
203.0    0.170118842132
203.125    0.173680138087
203.25    0.173918219154
203.375    0.174146380176
203.5    0.171884610043
203.625    0.172013570621
203.75    0.172013570621
203.875    0.172152451243
204.0    0.169563319644
204.125    0.169563319644
204.25    0.169563319644
204.375    0.169781560621
204.5    0.164563617245
204.625    0.164563617245
204.75    0.164563617245
204.875    0.164563617245
205.0    0.16908715751
205.125    0.16908715751
205.25    0.16908715751
205.375    0.16908715751
205.5    0.173690058131
205.625    0.173690058131
205.75    0.173650377954
205.875    0.173650377954
206.0    0.17194413031
206.125    0.17194413031
206.25    0.172370692221
206.375    0.169374838799
206.5    0.174195980398
206.625    0.174195980398
206.75    0.174195980398
206.875    0.174195980398
207.0    0.169920441244
207.125    0.169920441244
207.25    0.169920441244
207.375    0.169920441244
207.5    0.169057397377
207.625    0.169057397377
207.75    0.168958196933
207.875    0.169454199155
208.0    0.169831160844
208.125    0.169831160844
208.25    0.169493879333
208.375    0.169761720533
208.5    0.170545404043
208.625    0.170456123643
208.75    0.170456123643
208.875    0.170862845466
209.0    0.164623137512
209.125    0.164623137512
209.25    0.164623137512
209.375    0.164623137512
209.5    0.167152748844
209.625    0.167152748844
209.75    0.167152748844
209.875    0.167152748844
210.0    0.170208122532
210.125    0.170208122532
210.25    0.170208122532
210.375    0.170208122532
210.5    0.16935499871
210.625    0.16935499871
210.75    0.16935499871
210.875    0.169593079777
211.0    0.169731960399
211.125    0.169831160844
211.25    0.169831160844
211.375    0.169880761066
211.5    0.172410372398
211.625    0.172410372398
211.75    0.172271491776
211.875    0.172271491776
212.0    0.170287482888
212.125    0.171438208043
212.25    0.169910521199
212.375    0.170029561732
212.5    0.172707973732
212.625    0.172707973732
212.75    0.172936134754
212.875    0.167172588933
213.0    0.173957899331
213.125    0.173957899331
213.25    0.173957899331
213.375    0.173957899331
213.5    0.172817094221
213.625    0.172817094221
213.75    0.172817094221
213.875    0.172807174176
214.0    0.171934210265
214.125    0.171934210265
214.25    0.171934210265
214.375    0.171934210265
214.5    0.172192131421
214.625    0.172430212487
214.75    0.162996250223
214.875    0.172311171954
215.0    0.172202051465
215.125    0.172202051465
215.25    0.172202051465
215.375    0.172202051465
215.5    0.17069420471
215.625    0.170971965954
215.75    0.170971965954
215.875    0.170971965954
216.0    0.17149772831
216.125    0.17149772831
216.25    0.168581235244
216.375    0.171120766621
216.5    0.170128762177
216.625    0.170128762177
216.75    0.170922365732
216.875    0.170922365732
217.0    0.174205900442
217.125    0.164771938178
217.25    0.164771938178
217.375    0.164771938178
217.5    0.17415630022
217.625    0.17415630022
217.75    0.174324940976
217.875    0.174324940976
218.0    0.159851596135
218.125    0.159851596135
218.25    0.159851596135
218.375    0.159851596135
218.5    0.174642382398
218.625    0.174642382398
218.75    0.174642382398
218.875    0.174642382398
219.0    0.1664285856
219.125    0.1664285856
219.25    0.1664285856
219.375    0.1664285856
219.5    0.165377060889
219.625    0.165377060889
219.75    0.165377060889
219.875    0.165377060889
220.0    0.173005575065
220.125    0.173005575065
220.25    0.173005575065
220.375    0.173005575065
220.5    0.171795329643
220.625    0.171795329643
220.75    0.170178362399
220.875    0.170029561732
221.0    0.171487808265
221.125    0.171487808265
221.25    0.171487808265
221.375    0.171487808265
221.5    0.160109517291
221.625    0.160109517291
221.75    0.160109517291
221.875    0.160109517291
222.0    0.165763942622
222.125    0.166746027022
222.25    0.166746027022
222.375    0.166746027022
222.5    0.161042001468
222.625    0.161042001468
222.75    0.161280082535
222.875    0.170714044799
223.0    0.167390829911
223.125    0.167450350178
223.25    0.167390829911
223.375    0.167390829911
223.5    0.170108922088
223.625    0.170108922088
223.75    0.170108922088
223.875    0.170108922088
224.0    0.1658036228
224.125    0.165922663334
224.25    0.165922663334
224.375    0.168462194711
224.5    0.175842707775
224.625    0.175842707775
224.75    0.166408745511
224.875    0.168224113644
225.0    0.166934507867
225.125    0.166934507867
225.25    0.166934507867
225.375    0.166934507867
225.5    0.166537706089
225.625    0.166537706089
225.75    0.166537706089
225.875    0.166537706089
226.0    0.167301549511
226.125    0.167519790489
226.25    0.167519790489
226.375    0.167519790489
226.5    0.158016387913
226.625    0.158016387913
226.75    0.158016387913
226.875    0.158016387913
227.0    0.1670535484
227.125    0.1670535484
227.25    0.167291629466
227.375    0.167490030355
227.5    0.170039481777
227.625    0.170039481777
227.75    0.170039481777
227.875    0.170039481777
228.0    0.169235958177
228.125    0.169235958177
228.25    0.169593079777
228.375    0.169841080888
228.5    0.166210344622
228.625    0.166210344622
228.75    0.166210344622
228.875    0.166210344622
229.0    0.15762950618
229.125    0.157817987025
229.25    0.157817987025
229.375    0.157976707736
229.5    0.171150526754
229.625    0.170981885999
229.75    0.170981885999
229.875    0.171210047021
230.0    0.168958196933
230.125    0.168958196933
230.25    0.168958196933
230.375    0.168958196933
230.5    0.167480110311
230.625    0.167995952622
230.75    0.167995952622
230.875    0.167995952622
231.0    0.169791480666
231.125    0.169791480666
231.25    0.16997996151
231.375    0.16997996151
231.5    0.166051623911
231.625    0.166051623911
231.75    0.166051623911
231.875    0.166289704978
232.0    0.171805249688
232.125    0.171864769954
232.25    0.171864769954
232.375    0.170674364621
232.5    0.162589528401
232.625    0.162589528401
232.75    0.156161339603
232.875    0.156161339603
233.0    0.165297700534
233.125    0.165297700534
233.25    0.165912743289
233.375    0.165912743289
233.5    0.165386980934
233.625    0.168501874888
233.75    0.168501874888
233.875    0.169255798266
234.0    0.165783782711
234.125    0.165783782711
234.25    0.165902823245
234.375    0.165902823245
234.5    0.15727238458
234.625    0.15727238458
234.75    0.155457016447
234.875    0.158601670535
235.0    0.166954347955
235.125    0.166954347955
235.25    0.167113068667
235.375    0.166091304089
235.5    0.167311469555
235.625    0.167311469555
235.75    0.167311469555
235.875    0.167311469555
236.0    0.170178362399
236.125    0.170009721644
236.25    0.170009721644
236.375    0.170287482888
236.5    0.166884907644
236.625    0.166884907644
236.75    0.166884907644
236.875    0.176219669464
237.0    0.168025712755
237.125    0.168204273555
237.25    0.168204273555
237.375    0.168372914311
237.5    0.167212269111
237.625    0.167212269111
237.75    0.167212269111
237.875    0.167212269111
238.0    0.171418367954
238.125    0.171418367954
238.25    0.170466043688
238.375    0.171418367954
238.5    0.166656746622
238.625    0.166656746622
238.75    0.166656746622
238.875    0.166656746622
239.0    0.171993730532
239.125    0.171993730532
239.25    0.171993730532
239.375    0.162797849334
240.0    0.162817689423
240.125    0.162817689423
240.25    0.162361367379
240.375    0.162361367379
240.5    0.162887129734
240.625    0.162887129734
240.75    0.162887129734
240.875    0.162887129734
241.0    0.160446798802
241.125    0.160357518402
241.25    0.160903120846
241.375    0.160903120846
241.5    0.169305398488
241.625    0.169305398488
241.75    0.169424439021
241.875    0.168154673333
242.0    0.164682657778
242.125    0.164682657778
242.25    0.164682657778
242.375    0.164682657778
242.5    0.168809396266
242.625    0.168809396266
242.75    0.168958196933
242.875    0.168958196933
243.0    0.169523639466
243.125    0.169523639466
243.25    0.169523639466
243.375    0.169523639466
243.5    0.160238477868
243.625    0.160238477868
243.75    0.160238477868
243.875    0.160238477868
244.0    0.17105132631
244.125    0.17105132631
244.25    0.17105132631
244.375    0.17105132631
244.5    0.160456718846
244.625    0.176179989286
244.75    0.176715671686
244.875    0.176715671686
245.0    0.164394976489
245.125    0.164385056445
245.25    0.164186655556
245.375    0.164186655556
245.5    0.169682360177
245.625    0.169682360177
245.75    0.169682360177
245.875    0.169682360177
246.0    0.17024780271
246.125    0.17024780271
246.25    0.17024780271
246.375    0.17024780271
246.5    0.164365216356
246.625    0.164365216356
246.75    0.164365216356
246.875    0.164365216356
247.0    0.158899271869
247.125    0.158938952046
247.25    0.162034005912
247.375    0.162034005912
247.5    0.164682657778
247.625    0.164682657778
247.75    0.165486181378
247.875    0.165486181378
248.0    0.156429180803
248.125    0.156548221336
248.25    0.156548221336
248.375    0.156409340714
248.5    0.165426661111
248.625    0.165882983156
248.75    0.165992103645
248.875    0.165992103645
249.0    0.165456421245
249.125    0.165456421245
249.25    0.165456421245
249.375    0.165456421245
249.5    0.171438208043
249.625    0.171626688888
249.75    0.17353133742
249.875    0.17353133742
250.0    0.164960419023
250.125    0.164960419023
250.25    0.165367140845
250.375    0.165506021467
250.5    0.163760093645
250.625    0.163938654445
250.75    0.164345376267
250.875    0.164236255778
251.0    0.170009721644
251.125    0.169771640577
251.25    0.169761720533
251.375    0.169761720533
251.5    0.158929032002
251.625    0.158929032002
251.75    0.158929032002
251.875    0.159524234669
252.0    0.170971965954
252.125    0.170971965954
252.25    0.158393349602
252.375    0.158393349602
252.5    0.156062139158
252.625    0.156191099736
252.75    0.156191099736
252.875    0.156191099736
253.0    0.155724857647
253.125    0.155724857647
253.25    0.155724857647
253.375    0.155724857647
253.5    0.164692577823
253.625    0.164851298534
253.75    0.164851298534
253.875    0.164851298534
254.0    0.160625359602
254.125    0.160625359602
254.25    0.160625359602
254.375    0.160625359602
254.5    0.158185028669
254.625    0.158185028669
254.75    0.15523877547
254.875    0.15523877547
255.0    0.171180286888
255.125    0.171100926532
255.25    0.171180286888
255.375    0.171180286888
255.5    0.15673670218
255.625    0.15673670218
255.75    0.15673670218
255.875    0.15682598258
256.0    0.163125210801
256.125    0.163125210801
256.25    0.163125210801
256.375    0.163125210801
256.5    0.158681030891
256.625    0.158681030891
256.75    0.158681030891
256.875    0.159117512846
257.0    0.16305577049
257.125    0.16305577049
257.25    0.16305577049
257.375    0.16305577049
257.5    0.161498323512
257.625    0.161498323512
257.75    0.161498323512
257.875    0.161498323512
258.0    0.158502470091
258.125    0.158502470091
258.25    0.158502470091
258.375    0.158502470091
258.5    0.151350118049
258.625    0.151350118049
258.75    0.151350118049
258.875    0.151350118049
259.0    0.162510168046
259.125    0.162510168046
259.25    0.162510168046
259.375    0.156786302403
259.5    0.164186655556
259.625    0.164365216356
259.75    0.164662817689
259.875    0.164742178045
260.0    0.166805547289
260.125    0.166805547289
260.25    0.166805547289
260.375    0.166805547289
260.5    0.160962641113
260.625    0.160962641113
260.75    0.160962641113
260.875    0.160962641113
261.0    0.161795924846
261.125    0.161795924846
261.25    0.161914965379
261.375    0.161914965379
261.5    0.163512092534
261.625    0.163571612801
261.75    0.16368073329
261.875    0.16368073329
262.0    0.160417038668
262.125    0.160417038668
262.25    0.160417038668
262.375    0.160417038668
262.5    0.163978334623
262.625    0.164117215245
262.75    0.163958494534
262.875    0.163958494534
263.0    0.161220562268
263.125    0.161220562268
263.25    0.161220562268
263.375    0.161994325735
263.5    0.164176735512
263.625    0.164176735512
263.75    0.164008094756
263.875    0.164008094756
264.0    0.161597523957
264.125    0.161597523957
264.25    0.161924885423
264.375    0.161924885423
264.5    0.163432732179
264.625    0.163432732179
264.75    0.163432732179
264.875    0.163432732179
265.0    0.163571612801
265.125    0.163839454001
265.25    0.163839454001
265.375    0.164295776045
265.5    0.163224411245
265.625    0.163224411245
265.75    0.163224411245
265.875    0.163224411245
266.0    0.161022161379
266.125    0.161022161379
266.25    0.161022161379
266.375    0.161280082535
266.5    0.15550661667
266.625    0.153790448981
266.75    0.153790448981
266.875    0.154177330714
267.0    0.160932880979
267.125    0.160754320179
267.25    0.160754320179
267.375    0.160784080313
267.5    0.164434656667
267.625    0.164434656667
267.75    0.164434656667
267.875    0.164434656667
268.0    0.160774160268
268.125    0.160774160268
268.25    0.160774160268
268.375    0.160774160268
268.5    0.158889351824
268.625    0.161111441779
268.75    0.158889351824
268.875    0.159405194135
269.0    0.163065690534
269.125    0.163224411245
269.25    0.162232406801
269.375    0.162629208579
269.5    0.165922663334
269.625    0.165922663334
269.75    0.165922663334
269.875    0.165922663334
270.0    0.160982481202
270.125    0.160982481202
270.25    0.160367438446
270.375    0.160417038668
270.5    0.161875285201
270.625    0.162192726623
270.75    0.162192726623
270.875    0.162192726623
271.0    0.158383429558
271.125    0.158383429558
271.25    0.167708271333
271.375    0.158274309069
271.5    0.16198440569
271.625    0.162182806579
271.75    0.162103446223
271.875    0.162103446223
272.0    0.163105370712
272.125    0.163105370712
272.25    0.163105370712
272.375    0.163105370712
272.5    0.159425034224
272.625    0.162440727734
272.75    0.162440727734
272.875    0.161438803246
273.0    0.163045850445
273.125    0.163045850445
273.25    0.163045850445
273.375    0.163045850445
273.5    0.163641053112
273.625    0.163641053112
273.75    0.163710493423
273.875    0.163710493423
274.0    0.162906969823
274.125    0.162906969823
274.25    0.162906969823
274.375    0.162906969823
274.5    0.162410967601
274.625    0.162410967601
274.75    0.162410967601
274.875    0.162410967601
275.0    0.164047774934
275.125    0.164047774934
275.25    0.164047774934
275.375    0.164047774934
275.5    0.149534749916
275.625    0.149534749916
275.75    0.149534749916
275.875    0.149534749916
276.0    0.164543777156
276.125    0.164543777156
276.25    0.164543777156
276.375    0.164543777156
276.5    0.160327758268
276.625    0.160327758268
276.75    0.160327758268
276.875    0.160327758268
277.0    0.163700573379
277.125    0.163700573379
277.25    0.163700573379
277.375    0.163700573379
277.5    0.15834374938
277.625    0.15834374938
277.75    0.15834374938
277.875    0.15834374938
278.0    0.163531932623
278.125    0.163531932623
278.25    0.163035930401
278.375    0.163035930401
278.5    0.161131281868
278.625    0.161131281868
278.75    0.161131281868
278.875    0.161131281868
279.0    0.155754617781
279.125    0.155754617781
279.25    0.155754617781
279.375    0.155754617781
279.5    0.160278158046
279.625    0.159434954269
279.75    0.159434954269
279.875    0.159434954269
280.0    0.161409043112
280.125    0.161409043112
280.25    0.161428883201
280.375    0.161428883201
280.5    0.162589528401
280.625    0.162589528401
280.75    0.162510168046
280.875    0.162172886535
281.0    0.163492252445
281.125    0.163492252445
281.25    0.163492252445
281.375    0.163492252445
281.5    0.164345376267
281.625    0.164345376267
281.75    0.16394857449
281.875    0.16394857449
282.0    0.159940876535
282.125    0.159940876535
282.25    0.159940876535
282.375    0.160377358491
282.5    0.160694799913
282.625    0.160942801024
282.75    0.160764240224
282.875    0.15834374938
283.0    0.160694799913
283.125    0.159742475646
283.25    0.159742475646
283.375    0.159742475646
283.5    0.162410967601
283.625    0.162410967601
283.75    0.162410967601
283.875    0.162410967601
284.0    0.160059917068
284.125    0.160059917068
284.25    0.159474634446
284.375    0.159474634446
284.5    0.162351447334
284.625    0.162351447334
284.75    0.162351447334
284.875    0.162351447334
285.0    0.163065690534
285.125    0.159692875424
285.25    0.159901196357
285.375    0.161418963157
285.5    0.162728409023
285.625    0.162728409023
285.75    0.163135130845
285.875    0.163135130845
286.0    0.148245144138
286.125    0.151459238537
286.25    0.148324504494
286.375    0.148324504494
286.5    0.159722635557
286.625    0.159722635557
286.75    0.160268238002
286.875    0.160198797691
287.0    0.160972561157
287.125    0.161161042001
287.25    0.161161042001
287.375    0.159375434002
287.5    0.160506319068
287.625    0.160506319068
287.75    0.160982481202
287.875    0.160982481202
288.0    0.16234152729
288.125    0.162658968712
288.25    0.162658968712
288.375    0.162658968712
288.5    0.153969009781
288.625    0.153969009781
288.75    0.154028530048
288.875    0.154028530048
289.0    0.153175406226
289.125    0.153175406226
289.25    0.153175406226
289.375    0.153175406226
289.5    0.160258317957
289.625    0.160258317957
289.75    0.160258317957
289.875    0.160258317957
290.0    0.154891573914
290.125    0.154931254092
290.25    0.155337975914
290.375    0.155337975914
290.5    0.154851893736
290.625    0.154851893736
290.75    0.154851893736
290.875    0.155020534492
291.0    0.161676884312
291.125    0.16162728409
291.25    0.162113366268
291.375    0.162113366268
291.5    0.156657341825
291.625    0.156657341825
291.75    0.156657341825
291.875    0.156607741603
292.0    0.144108485606
292.125    0.144108485606
292.25    0.144108485606
292.375    0.144902089161
292.5    0.160903120846
292.625    0.160903120846
292.75    0.160903120846
292.875    0.160903120846
293.0    0.160456718846
293.125    0.160456718846
293.25    0.160456718846
293.375    0.160456718846
293.5    0.16305577049
293.625    0.163482332401
293.75    0.147759061961
293.875    0.147759061961
294.0    0.160228557824
294.125    0.160228557824
