0.0    6.56540509993e-05
0.125    6.30624547959e-05
0.25    6.30945339921e-05
0.375    6.30805227182e-05
0.5    6.310973205e-05
0.625    6.31389629575e-05
0.75    6.32477085496e-05
0.875    6.32420119793e-05
1.0    6.32697612026e-05
1.125    6.33631576932e-05
1.25    6.34282870884e-05
1.375    6.34301499858e-05
1.5    6.61536880635e-05
1.625    6.62085319796e-05
1.75    6.62176450597e-05
1.875    6.62224065913e-05
2.0    6.36487128816e-05
2.125    6.36840359576e-05
2.25    6.3676706656e-05
2.375    6.37153815042e-05
2.5    6.37996864938e-05
2.625    6.38266229451e-05
2.75    6.38488050662e-05
2.875    6.3898837098e-05
3.0    6.40228958382e-05
3.125    6.40157247709e-05
3.25    6.39862996579e-05
3.375    6.40087047472e-05
3.5    6.40479837806e-05
3.625    6.45599490419e-05
3.75    6.47754119072e-05
3.875    6.46518134992e-05
4.0    6.44489449542e-05
4.125    6.44624743202e-05
4.25    6.43202613482e-05
4.375    6.43087459231e-05
4.5    6.43201534594e-05
4.625    6.4329755638e-05
4.75    6.44091480488e-05
4.875    6.44367606135e-05
5.0    6.45672783435e-05
5.125    6.44909715781e-05
5.25    6.4479858942e-05
5.375    6.45376518413e-05
5.5    6.46092186578e-05
5.625    6.45575323119e-05
5.75    6.43876636239e-05
5.875    6.4402250306e-05
6.0    6.39974914165e-05
6.125    6.38940180266e-05
6.25    6.42426239423e-05
6.375    6.44918994297e-05
6.5    6.7430195493e-05
6.625    6.74264481226e-05
6.75    6.7449033029e-05
6.875    6.75116090356e-05
7.0    6.76346104562e-05
7.125    6.76200093856e-05
7.25    6.75871821549e-05
7.375    6.75665536498e-05
7.5    6.47733404229e-05
7.625    6.48630542806e-05
7.75    6.48888183363e-05
7.875    6.49802943897e-05
8.0    6.50926506935e-05
8.125    6.51085752104e-05
8.25    6.51832923992e-05
8.375    6.52467890667e-05
8.5    6.52445449632e-05
8.625    6.52915345114e-05
8.75    6.5284766233e-05
8.875    6.53738327543e-05
9.0    6.54587059614e-05
9.125    6.54356031866e-05
9.25    6.55115647064e-05
9.375    6.55574897444e-05
9.5    6.82684047284e-05
9.625    6.82697641388e-05
9.75    6.82645638577e-05
9.875    6.83093380722e-05
10.0    6.56217919861e-05
10.125    6.56800595991e-05
10.25    6.57768582109e-05
10.375    6.57158789714e-05
10.5    6.55789094388e-05
10.625    6.56538711823e-05
10.75    6.57512811699e-05
10.875    6.57861583058e-05
11.0    6.58852873343e-05
11.125    6.59673769867e-05
11.25    6.59914507679e-05
11.375    6.60558680927e-05
11.5    6.61146751604e-05
11.625    6.61421366779e-05
11.75    6.61916220714e-05
11.875    6.61753810824e-05
12.0    6.88281003782e-05
12.125    6.88375011642e-05
12.25    6.89113192784e-05
12.375    6.89764702528e-05
12.5    6.90012848779e-05
12.625    6.89357311145e-05
12.75    6.90643068282e-05
12.875    6.90972491419e-05
13.0    6.63310155247e-05
13.125    6.63457316783e-05
13.25    6.63747468046e-05
13.375    6.64494280365e-05
13.5    6.90354715189e-05
13.625    6.91185969153e-05
13.75    6.91647880799e-05
13.875    6.92294787257e-05
14.0    6.92289320803e-05
14.125    6.92527109649e-05
14.25    6.93098349522e-05
14.375    6.93621182855e-05
14.5    6.67264599379e-05
14.625    6.67666092831e-05
14.75    6.67832242947e-05
14.875    6.68188854256e-05
15.0    6.95377914397e-05
15.125    6.96077183306e-05
15.25    6.9643034216e-05
15.375    6.97126302498e-05
15.5    6.97427242713e-05
15.625    6.97647553451e-05
15.75    6.98131762285e-05
15.875    6.97910228808e-05
16.0    6.7195204597e-05
16.125    6.7236713349e-05
16.25    6.72278879748e-05
16.375    6.7191047247e-05
16.5    6.71982830482e-05
16.625    6.72978580241e-05
16.75    6.73324977996e-05
16.875    6.7398152261e-05
17.0    7.0020576139e-05
17.125    7.01071755813e-05
17.25    7.01902002795e-05
17.375    7.02406422981e-05
17.5    6.75440406752e-05
17.625    6.75902030665e-05
17.75    6.75718905931e-05
17.875    6.76448096222e-05
18.0    6.76665601844e-05
18.125    6.76800895469e-05
18.25    6.77523756245e-05
18.375    6.76995528437e-05
18.5    7.0526362915e-05
18.625    7.0625211432e-05
18.75    7.05964624323e-05
18.875    7.06814435283e-05
19.0    6.80745773387e-05
19.125    6.81291623224e-05
19.25    6.81442165238e-05
19.375    6.80798927064e-05
19.5    6.81476114543e-05
19.625    6.81687362523e-05
19.75    6.81589758322e-05
19.875    6.8141037378e-05
20.0    6.80661547534e-05
20.125    6.81498987163e-05
20.25    6.82367714795e-05
20.375    6.81721383735e-05
20.5    7.09202824893e-05
20.625    7.09534118108e-05
20.75    7.10751401307e-05
20.875    7.1142578367e-05
21.0    6.857085544e-05
21.125    6.86856572401e-05
21.25    6.87115939186e-05
21.375    6.86792845563e-05
21.5    6.87381635487e-05
21.625    6.87160749351e-05
21.75    6.87362215359e-05
21.875    6.87772771499e-05
22.0    6.8816433906e-05
22.125    6.88501314485e-05
22.25    6.8903997164e-05
22.375    6.89430316463e-05
22.5    6.89344580174e-05
22.625    6.89922365318e-05
22.75    6.90384564663e-05
22.875    6.90993493961e-05
23.0    6.92651614358e-05
23.125    6.92633920458e-05
23.25    6.92579759836e-05
23.375    6.93531202849e-05
23.5    6.93847247675e-05
23.625    6.94186596633e-05
23.75    6.94073815986e-05
23.875    6.94879536063e-05
24.0    6.95087259643e-05
24.125    6.95534570205e-05
24.25    6.95509467867e-05
24.375    6.96182555551e-05
24.5    6.97336327704e-05
24.625    6.97880235485e-05
24.75    6.97683300857e-05
24.875    6.97833555243e-05
25.0    6.9899070791e-05
25.125    6.9945254765e-05
25.25    7.00074064035e-05
25.375    7.00047379354e-05
25.5    7.00814762595e-05
25.625    7.00857918474e-05
25.75    7.01033778654e-05
25.875    7.01181012062e-05
26.0    7.0204391367e-05
26.125    7.02529273333e-05
26.25    7.03046136792e-05
26.375    7.03273136651e-05
26.5    7.04089573773e-05
26.625    7.03848188586e-05
26.75    7.0359400052e-05
26.875    7.04567596905e-05
27.0    7.05349581267e-05
27.125    7.04753454848e-05
27.25    7.04791791684e-05
27.375    7.04921834682e-05
27.5    7.04590541467e-05
27.625    7.04618377014e-05
27.75    7.04596295584e-05
27.875    7.05149266089e-05
28.0    7.0541431505e-05
28.125    7.05534288379e-05
28.25    7.06511337221e-05
28.375    7.07375821207e-05
28.5    7.09198940854e-05
28.625    7.09765073914e-05
28.75    7.10603448582e-05
28.875    7.11136207769e-05
29.0    7.13012121452e-05
29.125    7.11975949024e-05
29.25    7.12046580844e-05
29.375    7.12799147244e-05
29.5    7.119907659e-05
29.625    7.1180123971e-05
29.75    7.12220570911e-05
29.875    7.13551929437e-05
30.0    7.43342065697e-05
30.125    7.42312150877e-05
30.25    7.4291784351e-05
30.375    7.43380330555e-05
30.5    7.16382091284e-05
30.625    7.15761509902e-05
30.75    7.1697519676e-05
30.875    7.17718916228e-05
31.0    7.19056028906e-05
31.125    7.18326910487e-05
31.25    7.18757534131e-05
31.375    7.19109901794e-05
31.5    7.17826518191e-05
31.625    7.1821154048e-05
31.75    7.194384618e-05
31.875    7.19384732726e-05
32.0    7.19415661123e-05
32.125    7.19331938761e-05
32.25    7.20221381165e-05
32.375    7.20544834394e-05
32.5    7.20874257532e-05
32.625    7.203304936e-05
32.75    7.21998827551e-05
32.875    7.21607044198e-05
33.0    7.20394076588e-05
33.125    7.20276692618e-05
33.25    7.2165192627e-05
33.375    7.21654875271e-05
33.5    7.22972711635e-05
33.625    7.22818932921e-05
33.75    7.24268898153e-05
33.875    7.25128203385e-05
34.0    7.25930758705e-05
34.125    7.25309458041e-05
34.25    7.26051954771e-05
34.375    7.26487109759e-05
34.5    7.26070152162e-05
34.625    7.2631175307e-05
34.75    7.27562410177e-05
34.875    7.27630021018e-05
35.0    7.27629517527e-05
35.125    7.28731358777e-05
35.25    7.295699492e-05
35.375    7.30512257618e-05
35.5    7.58115326391e-05
35.625    7.59608735237e-05
35.75    7.60140775142e-05
35.875    7.60127396831e-05
36.0    7.33637893298e-05
36.125    7.34800440476e-05
36.25    7.35302343209e-05
36.375    7.35247894887e-05
36.5    7.3558429488e-05
36.625    7.36260259622e-05
36.75    7.3668016622e-05
36.875    7.36555086149e-05
37.0    7.36206170977e-05
37.125    7.36896305185e-05
37.25    7.37826314143e-05
37.375    7.3814724999e-05
37.5    7.65126716438e-05
37.625    7.65765279453e-05
37.75    7.6552806604e-05
37.875    7.65768012663e-05
38.0    7.38915855969e-05
38.125    7.39775377028e-05
38.25    7.40669063148e-05
38.375    7.41030277744e-05
38.5    7.40941304755e-05
38.625    7.4165323273e-05
38.75    7.42550802855e-05
38.875    7.42451328577e-05
39.0    7.41270584008e-05
39.125    7.42578638402e-05
39.25    7.43375223777e-05
39.375    7.44488932902e-05
39.5    7.44422832497e-05
39.625    7.44385934226e-05
39.75    7.44879709274e-05
39.875    7.45859779059e-05
40.0    7.47271911017e-05
40.125    7.48314916414e-05
40.25    7.48871986751e-05
40.375    7.49004906808e-05
40.5    7.49644189071e-05
40.625    7.50433797627e-05
40.75    7.51130549084e-05
40.875    7.51445011531e-05
41.0    7.51903398779e-05
41.125    7.52520311913e-05
41.25    7.52270079794e-05
41.375    7.52025601791e-05
41.5    7.5256080649e-05
41.625    7.53454348761e-05
41.75    7.53409394747e-05
41.875    7.53014806243e-05
42.0    7.52763926783e-05
42.125    7.53653728864e-05
42.25    7.54544609833e-05
42.375    7.54649910171e-05
42.5    7.55592146611e-05
42.625    7.56086784826e-05
42.75    7.56307455134e-05
42.875    7.56683990097e-05
43.0    7.84110623293e-05
43.125    7.8521303994e-05
43.25    7.8574018886e-05
43.375    7.86445571528e-05
43.5    7.61171121475e-05
43.625    7.61042804704e-05
43.75    7.60811345408e-05
43.875    7.60811705049e-05
44.0    7.61189822356e-05
44.125    7.60976991998e-05
44.25    7.61602464401e-05
44.375    7.62629502162e-05
44.5    7.63505710104e-05
44.625    7.63719187837e-05
44.75    7.63604824776e-05
44.875    7.64248134928e-05
45.0    7.66234024105e-05
45.125    7.66160371413e-05
45.25    7.66332419495e-05
45.375    7.67327665727e-05
45.5    7.68659024288e-05
45.625    7.68399082105e-05
45.75    7.68855311541e-05
45.875    7.69039443256e-05
46.0    7.70584279479e-05
46.125    7.7071389093e-05
46.25    7.70640238272e-05
46.375    7.70845156701e-05
46.5    7.71395465975e-05
46.625    7.71319223922e-05
46.75    7.70624558299e-05
46.875    7.72351871916e-05
47.0    7.74300071704e-05
47.125    7.7480060785e-05
47.25    7.71791492973e-05
47.375    7.7324483879e-05
47.5    7.74537644723e-05
47.625    7.73893687267e-05
47.75    7.74764284941e-05
47.875    7.76136281928e-05
48.0    7.77091033619e-05
48.125    7.77481522292e-05
48.25    7.77209928025e-05
48.375    7.786245774e-05
48.5    7.79638884154e-05
48.625    7.79846679642e-05
48.75    7.80268240561e-05
48.875    7.816607366e-05
49.0    7.63447665477e-05
49.125    7.58750293031e-05
49.25    7.52030996267e-05
49.375    7.52131621375e-05
49.5    7.76645736984e-05
49.625    7.76989545415e-05
49.75    7.76014150823e-05
49.875    7.76102764206e-05
50.0    7.75351780185e-05
50.125    7.74407385933e-05
50.25    7.74274393933e-05
50.375    7.78559340127e-05
50.5    7.83834066134e-05
50.625    7.83718624149e-05
50.75    7.8424224867e-05
50.875    7.85516929156e-05
51.0    7.87359325116e-05
51.125    7.88193815779e-05
51.25    7.87939915412e-05
51.375    7.88934298548e-05
51.5    7.89613212291e-05
51.625    7.89682909037e-05
51.75    7.90278172289e-05
51.875    7.91619960125e-05
52.0    8.18556990012e-05
52.125    8.18180023501e-05
52.25    8.19767727904e-05
52.375    8.20391402137e-05
52.5    7.93823714567e-05
52.625    7.94610446029e-05
52.75    7.95752206493e-05
52.875    7.96183980931e-05
53.0    7.95240234019e-05
53.125    7.95404226324e-05
53.25    7.96655243036e-05
53.375    7.97182823504e-05
53.5    7.97737951821e-05
53.625    7.97621287134e-05
53.75    7.98412693825e-05
53.875    7.99242581166e-05
54.0    7.99982272746e-05
54.125    8.00190571759e-05
54.25    8.0115733514e-05
54.375    8.01471437946e-05
54.5    8.00994709422e-05
54.625    8.0167556515e-05
54.75    8.02941902229e-05
54.875    8.04252330155e-05
55.0    8.0512781885e-05
55.125    8.05693520363e-05
55.25    8.07327976915e-05
55.375    8.0816836558e-05
55.5    8.09654150231e-05
55.625    8.09347168129e-05
55.75    8.10043056489e-05
55.875    8.10061469636e-05
56.0    8.0934479449e-05
56.125    8.10488065426e-05
56.25    8.11019529863e-05
56.375    8.11041251652e-05
56.5    8.10873663042e-05
56.625    8.11965650414e-05
56.75    8.12390807639e-05
56.875    8.12037145295e-05
57.0    8.10386649164e-05
57.125    8.12025637131e-05
57.25    8.12963342156e-05
57.375    8.13208107857e-05
57.5    8.13948518754e-05
57.625    8.1530605847e-05
57.75    8.15633036098e-05
57.875    8.15704602957e-05
58.0    8.15484579917e-05
58.125    8.16733151154e-05
58.25    8.17151475303e-05
58.375    8.1716988845e-05
58.5    8.17823987589e-05
58.625    8.18910148865e-05
58.75    8.19848357452e-05
58.875    8.20343211458e-05
59.0    8.20465486342e-05
59.125    8.21653207836e-05
59.25    8.22632558339e-05
59.375    8.2247863574e-05
59.5    8.21454187303e-05
59.625    8.2368448254e-05
59.75    8.23647800132e-05
59.875    8.2442302336e-05
60.0    8.2876162665e-05
60.125    8.28879657959e-05
60.25    8.28827942811e-05
60.375    8.30112693038e-05
60.5    8.29490673127e-05
60.625    8.30880939446e-05
60.75    8.3193307951e-05
60.875    8.32135120845e-05
61.0    8.3285258718e-05
61.125    8.33904223825e-05
61.25    8.32700534659e-05
61.375    8.32442606438e-05
61.5    8.29530520363e-05
61.625    8.3294141632e-05
61.75    8.39012368132e-05
61.875    8.42838351645e-05
62.0    8.48164648914e-05
62.125    8.48979791286e-05
62.25    8.50558145231e-05
62.375    8.51386018681e-05
62.5    8.50418464111e-05
62.625    8.49435876944e-05
62.75    8.50205417962e-05
62.875    8.5274068141e-05
63.0    8.56482654825e-05
63.125    8.5718746206e-05
63.25    8.59380571328e-05
63.375    8.59219384211e-05
63.5    8.59044962525e-05
63.625    8.60764364248e-05
63.75    8.61735515159e-05
63.875    8.62213466419e-05
64.0    8.63451752124e-05
64.125    8.64151164919e-05
64.25    8.65081605426e-05
64.375    8.65382761432e-05
64.5    8.66078074395e-05
64.625    8.66724765132e-05
64.75    8.67066631471e-05
64.875    8.68075831448e-05
65.0    8.69638865097e-05
65.125    8.70125447534e-05
65.25    8.71028124436e-05
65.375    8.71242249474e-05
65.5    8.72501034266e-05
65.625    8.71762781216e-05
65.75    8.7172883191e-05
65.875    8.72471184721e-05
66.0    8.74730826013e-05
66.125    8.7561969309e-05
66.25    8.75531511255e-05
66.375    8.76713118885e-05
66.5    8.7792766891e-05
66.625    8.77762957359e-05
66.75    8.78820707655e-05
66.875    8.8014472972e-05
67.0    8.81850753132e-05
67.125    8.82236422726e-05
67.25    8.82050996367e-05
67.375    8.82765729457e-05
67.5    8.8236049578e-05
67.625    8.83295108096e-05
67.75    8.83357396404e-05
67.875    8.83160893324e-05
68.0    8.84264244974e-05
68.125    8.84129023291e-05
68.25    8.84845194946e-05
68.375    8.86075424873e-05
68.5    8.87040318176e-05
68.625    8.87633207896e-05
68.75    8.87792812634e-05
68.875    8.90126610074e-05
69.0    8.64254738957e-05
69.125    8.63592943716e-05
69.25    8.63169296963e-05
69.375    8.64772897131e-05
69.5    8.92071429277e-05
69.625    8.92339858822e-05
69.75    8.92554127674e-05
69.875    8.93498450054e-05
70.0    8.93561097968e-05
70.125    8.93939790672e-05
70.25    8.9383859013e-05
70.375    8.94617769376e-05
70.5    8.94465716925e-05
70.625    8.94156361184e-05
70.75    8.94321648204e-05
70.875    8.9614038032e-05
71.0    8.97246465215e-05
71.125    8.97490799403e-05
71.25    8.97147494427e-05
71.375    8.98141302201e-05
71.5    8.97747864528e-05
71.625    8.98713405135e-05
71.75    8.99044770293e-05
71.875    8.99327441246e-05
72.0    8.99396706444e-05
72.125    9.00367497678e-05
72.25    9.00869328433e-05
72.375    9.00411013163e-05
72.5    8.99519053306e-05
72.625    9.01243561771e-05
72.75    9.02583767228e-05
72.875    9.03542978321e-05
73.0    9.05536923383e-05
73.125    9.06053642922e-05
73.25    9.07452684231e-05
73.375    9.08139797602e-05
73.5    9.10063038901e-05
73.625    9.1009792321e-05
73.75    9.10807477581e-05
73.875    9.10969384051e-05
74.0    9.1038944106e-05
74.125    9.10672831296e-05
74.25    9.11993041228e-05
74.375    9.12100858983e-05
74.5    9.13229960346e-05
74.625    9.13302246417e-05
74.75    9.14358845918e-05
74.875    9.14694454721e-05
75.0    8.88166470574e-05
75.125    8.88189055459e-05
75.25    8.89101730124e-05
75.375    8.90321674589e-05
75.5    9.19051255437e-05
75.625    9.18241867112e-05
75.75    9.18925168349e-05
75.875    9.18540577644e-05
76.0    9.17413849848e-05
76.125    9.18197200761e-05
76.25    9.20039956398e-05
76.375    9.21261699034e-05
76.5    9.20169208243e-05
76.625    9.21085623062e-05
76.75    9.20770872881e-05
76.875    9.20886171016e-05
77.0    9.1958156915e-05
77.125    9.19887544271e-05
77.25    9.20728795961e-05
77.375    9.20462811962e-05
77.5    9.18947825213e-05
77.625    9.19838562368e-05
77.75    9.20730666039e-05
77.875    9.20811870984e-05
78.0    9.22016279361e-05
78.125    9.24076180837e-05
78.25    9.25372295484e-05
78.375    9.26600799218e-05
78.5    9.27021425028e-05
78.625    9.27441259719e-05
78.75    9.27790678418e-05
78.875    9.28185842284e-05
79.0    9.2835738684e-05
79.125    9.29464334902e-05
79.25    9.31120369358e-05
79.375    9.30934367602e-05
79.5    9.30984140695e-05
79.625    9.31834023632e-05
79.75    9.31490143259e-05
79.875    9.31809856368e-05
80.0    9.31822946981e-05
80.125    9.32918962135e-05
80.25    9.33247306349e-05
80.375    9.33504731151e-05
80.5    9.0764149121e-05
80.625    9.08711109417e-05
80.75    9.08767427745e-05
80.875    9.08390389327e-05
81.0    9.3451436264e-05
81.125    9.35705464613e-05
81.25    9.33740577977e-05
81.375    9.33459777102e-05
81.5    9.33889537649e-05
81.625    9.34665623973e-05
81.75    9.3285919128e-05
81.875    9.31345930795e-05
82.0    9.29826700329e-05
82.125    9.30132315844e-05
82.25    9.29605166888e-05
82.375    9.2954237509e-05
82.5    9.29809869561e-05
82.625    9.32310320536e-05
82.75    9.14041290656e-05
82.875    9.13063666417e-05
83.0    9.07939194761e-05
83.125    9.05697894709e-05
83.25    9.04166508704e-05
83.375    9.02348495799e-05
83.5    9.14940658987e-05
83.625    9.1966212679e-05
83.75    9.38645026594e-05
83.875    9.37266987791e-05
84.0    9.06833181773e-05
84.125    9.0541615883e-05
84.25    9.04924110046e-05
84.375    9.03756599939e-05
84.5    9.20159857785e-05
84.625    9.26143994278e-05
84.75    9.29322208236e-05
84.875    9.31581058268e-05
85.0    9.40575892088e-05
85.125    9.41218842598e-05
85.25    9.41555098777e-05
85.375    9.41973782602e-05
85.5    9.41866252546e-05
85.625    9.43470140413e-05
85.75    9.43949098584e-05
85.875    9.44459488608e-05
86.0    9.45092009772e-05
86.125    9.44716769524e-05
86.25    9.44381448491e-05
86.375    9.428917798e-05
86.5    9.40129732356e-05
86.625    9.40558773621e-05
86.75    9.40843170767e-05
86.875    9.42993699553e-05
87.0    9.45355548296e-05
87.125    9.46483786635e-05
87.25    9.46942389604e-05
87.375    9.46963895672e-05
87.5    9.48272813091e-05
87.625    9.48678118604e-05
87.75    9.49870155651e-05
87.875    9.49998616306e-05
88.0    9.50395434529e-05
88.125    9.50426290984e-05
88.25    9.50409532052e-05
88.375    9.51069816892e-05
88.5    9.49382997817e-05
88.625    9.4947096386e-05
88.75    9.51465771948e-05
88.875    9.53328019619e-05
89.0    9.55227453261e-05
89.125    9.55806461107e-05
89.25    9.55743022004e-05
89.375    9.56296064416e-05
89.5    9.56273191832e-05
89.625    9.56352310908e-05
89.75    9.57427395534e-05
89.875    9.57605629281e-05
90.0    9.5632749634e-05
90.125    9.57427323556e-05
90.25    9.5776832687e-05
90.375    9.59013373674e-05
90.5    9.59211890645e-05
90.625    9.59902096866e-05
90.75    9.59938707439e-05
90.875    9.6063250993e-05
91.0    9.61279919878e-05
91.125    9.6202536561e-05
91.25    9.618928771e-05
91.375    9.62544314902e-05
91.5    9.61432835567e-05
91.625    9.62179791628e-05
91.75    9.62853886364e-05
91.875    9.63457061474e-05
92.0    9.63211360769e-05
92.125    9.6408102344e-05
92.25    9.64422602152e-05
92.375    9.66089785237e-05
92.5    9.66420934603e-05
92.625    9.66977717241e-05
92.75    9.67203782096e-05
92.875    9.68284189256e-05
93.0    9.69238940911e-05
93.125    9.69385814713e-05
93.25    9.69992370443e-05
93.375    9.70929428235e-05
93.5    9.69518447107e-05
93.625    9.7024217105e-05
93.75    9.70913676284e-05
93.875    9.71262231815e-05
94.0    9.71228570279e-05
94.125    9.71571587556e-05
94.25    9.71916690631e-05
94.375    9.73386651424e-05
94.5    9.74426420157e-05
94.625    9.74269117009e-05
94.75    9.74952202455e-05
94.875    9.75531857677e-05
95.0    9.75531713863e-05
95.125    9.76113095348e-05
95.25    9.7769123343e-05
95.375    9.78450632942e-05
95.5    9.77029725959e-05
95.625    9.77936071109e-05
95.75    9.79084952277e-05
95.875    9.80254979837e-05
96.0    9.7989283006e-05
96.125    9.80531249226e-05
96.25    9.80908503436e-05
96.375    9.81796219719e-05
96.5    9.80993017095e-05
96.625    9.81606765436e-05
96.75    9.8274564877e-05
96.875    9.83353643065e-05
97.0    9.84150012684e-05
97.125    9.84536617352e-05
97.25    9.84806197621e-05
97.375    9.852671743e-05
97.5    9.83670622929e-05
97.625    9.84233591197e-05
97.75    9.84920632661e-05
97.875    9.85907103797e-05
98.0    9.85402611775e-05
98.125    9.86404834862e-05
98.25    9.87704401894e-05
98.375    9.88141786635e-05
98.5    9.86769501949e-05
98.625    9.87700302062e-05
98.75    9.88704107598e-05
98.875    9.89693096187e-05
99.0    9.89387696535e-05
99.125    9.90438613897e-05
99.25    9.91538081507e-05
99.375    9.91475721293e-05
99.5    9.91034956002e-05
99.625    9.92145572312e-05
99.75    9.93035230579e-05
99.875    9.94001346584e-05
100.0    9.92935540509e-05
100.125    9.94066439972e-05
100.25    9.95238337609e-05
100.375    9.95978388829e-05
100.5    9.96493957572e-05
100.625    9.97747132061e-05
100.75    9.98469705209e-05
100.875    9.99427765436e-05
101.0    9.984637353e-05
101.125    9.99177317524e-05
101.25    0.000100017738291
101.375    0.00010011719818
101.5    0.000100075818899
101.625    0.000100153362794
101.75    0.000100267689888
101.875    0.000100302077925
102.0    0.000100276651921
102.125    0.000100383246917
102.25    0.000100464214512
102.375    0.000100543074673
102.5    0.000100481994735
102.625    0.000100546663802
102.75    0.00010059713459
102.875    0.000100564444026
103.0    0.000100502148527
103.125    0.000100668586327
103.25    0.000100731795293
103.375    0.000100832082332
103.5    0.000100773936992
103.625    0.000100936066396
103.75    0.000100963937896
103.875    0.000101055320442
104.0    0.000101093124989
104.125    0.000101231302878
104.25    0.000101234280635
104.375    0.000101281140722
104.5    0.000101217313194
104.625    0.000101330935394
104.75    0.000101389159859
104.875    0.00010150732782
105.0    0.000101569911024
105.125    0.000101671046799
105.25    0.00010174521735
105.375    0.00010181445375
105.5    0.000101915481636
105.625    0.000101936174872
105.75    0.000101981416606
105.875    0.00010194246844
106.0    0.000101971397257
106.125    0.000102010086486
106.25    0.000102071001002
106.375    0.00010210628092
106.5    0.000102063276096
106.625    0.000102162678452
106.75    0.000102292627965
106.875    0.000102392540988
107.0    0.000102533588745
107.125    0.000102493410637
107.25    0.000102502128122
107.375    0.000102508018905
107.5    0.000102564517121
107.625    0.000102595567768
107.75    0.000102652770877
107.875    0.000102710463075
108.0    0.000102771852298
108.125    0.000102802162104
108.25    0.000102876454932
108.375    0.000102874160476
108.5    0.000102793466198
108.625    0.000102872491787
108.75    0.000102959932768
108.875    0.000103022566321
109.0    0.000102965068315
109.125    0.000103051221814
109.25    0.000103069016411
109.375    0.000103104015828
109.5    0.000102999830368
109.625    0.000103007598426
109.75    0.000103100865452
109.875    0.000103169080489
110.0    0.000103270029257
110.125    0.000103278818671
110.25    0.000103286622689
110.375    0.000103352413809
110.5    0.00010323900738
110.625    0.000103280379477
110.75    0.000103286205515
110.875    0.000103376724951
111.0    0.00010332721078
111.125    0.000103381918038
111.25    0.000103395404253
111.375    0.000103483801851
111.5    0.000103402474622
111.625    0.000103459677717
111.75    0.000103558655702
111.875    0.000103651958696
112.0    0.000103652390251
112.125    0.000103697639176
112.25    0.000103755259452
112.375    0.000103792826643
112.5    0.000103839895303
112.625    0.0001038846911
112.75    0.000103939161001
112.875    0.000104007965838
113.0    0.000103896429501
113.125    0.000103983784165
113.25    0.000104017755028
113.375    0.000104105311088
113.5    0.000103953697334
113.625    0.000103972793802
113.75    0.000104077612221
113.875    0.000104133592572
114.0    0.000104082977927
114.125    0.000104179560765
114.25    0.000104268152569
114.375    0.000104284285669
114.5    0.000104231247107
114.625    0.000104319637515
114.75    0.000104384018883
114.875    0.00010440446038
115.0    0.000104198268829
115.125    0.000104319529626
115.25    0.000104322392296
115.375    0.000104411163917
115.5    0.000104363922631
115.625    0.000104378991225
115.75    0.000104441912477
115.875    0.000104482284797
116.0    0.000104409214714
116.125    0.000104487190171
116.25    0.000104537927093
116.375    0.000104656879053
116.5    0.00010459212367
116.625    0.000104642270784
116.75    0.000104729301789
116.875    0.000104750685523
117.0    0.000104704300156
117.125    0.00010475513777
117.25    0.000104822669506
117.375    0.000104921482063
117.5    0.000104811866152
117.625    0.000104831581197
117.75    0.000104885605154
117.875    0.000104945174634
118.0    0.000104804400188
118.125    0.000104908722307
118.25    0.000104958747151
118.375    0.000104977138747
118.5    0.000105015087136
118.625    0.000105057710755
118.75    0.000105066500169
118.875    0.000105172663602
119.0    0.000105021891386
119.125    0.000105099061273
119.25    0.000105172282396
119.375    0.000105205382937
120.0    0.000105195859881
120.125    0.000105293392146
120.25    0.000105342661762
120.375    0.000105412200249
120.5    0.000105369130694
120.625    0.000105432605778
120.75    0.000105478207153
120.875    0.000105516673415
121.0    0.000105446235843
121.125    0.000105574322461
121.25    0.000105641753507
121.375    0.000105703617443
121.5    0.00010568563583
121.625    0.000105707192184
121.75    0.000105802624198
121.875    0.000105824015122
122.0    0.000105681514441
122.125    0.000105764330556
122.25    0.000105803091721
122.375    0.000105873068961
122.5    0.000105746284206
122.625    0.0001058268778
122.75    0.000105866502075
122.875    0.000105906565111
123.0    0.000105746442451
123.125    0.000105841018531
123.25    0.000105908499926
123.375    0.000105991366389
123.5    0.000105912578157
123.625    0.000106026488076
123.75    0.000106118748121
123.875    0.000106156811597
124.0    0.000105936536855
124.125    0.00010601378586
124.25    0.000106094602415
124.375    0.00010616217012
124.5    0.000106124718023
124.625    0.000106252423429
124.75    0.000106290637952
124.875    0.000106256264296
125.0    0.000106078303887
125.125    0.000106243346309
125.25    0.000106331067805
125.375    0.000106355781732
125.5    0.000106414049341
125.625    0.000106496635297
125.75    0.000106539783971
125.875    0.000106581184831
126.0    0.000106467620164
126.125    0.000106602813112
126.25    0.000106636640126
126.375    0.000106741854133
126.5    0.000106989647932
126.625    0.000107050842949
126.75    0.0001071156343
126.875    0.000107132954184
127.0    0.000106943615002
127.125    0.000106996092541
127.25    0.000107027056877
127.375    0.000107092006459
127.5    0.000107043873285
127.625    0.000107135536346
127.75    0.000107194796541
127.875    0.000107165220392
128.0    0.000107052281479
128.125    0.000107132939803
128.25    0.000107214907182
128.375    0.000107264615544
128.5    0.000107252071572
128.625    0.000107286495577
128.75    0.000107385049191
128.875    0.000107459802351
129.0    0.000107606956668
129.125    0.000107667295758
129.25    0.000107689492268
129.375    0.000107773099572
129.5    0.000107742912036
129.625    0.000107773876373
129.75    0.000107930661635
129.875    0.000108039925109
130.0    0.000108097689235
130.125    0.000108149030332
130.25    0.000108238722618
130.375    0.000108218417779
130.5    0.000108043909833
130.625    0.000108112225568
130.75    0.000108211210751
130.875    0.000108302542955
131.0    0.000108510784401
131.125    0.000108495154784
131.25    0.000108529355813
131.375    0.000108583811318
131.5    0.000108479503588
131.625    0.000108532729158
131.75    0.000108612035255
131.875    0.000108718601481
132.0    0.000108732648719
132.125    0.000108685659178
132.25    0.000108760851084
132.375    0.000108820521262
132.5    0.000108813486854
132.625    0.000108841725179
132.75    0.000108915147699
132.875    0.000109024439929
133.0    0.00010899230319
133.125    0.000109066624795
133.25    0.000109048542484
133.375    0.0001092027384
133.5    0.000109376728474
133.625    0.000109424135196
133.75    0.00010952304126
133.875    0.000109658169471
134.0    0.000109755313332
134.125    0.000109820960596
134.25    0.000109840481443
134.375    0.000109959454974
134.5    0.000109908840329
134.625    0.000109993375482
134.75    0.000110047054193
134.875    0.000110103804161
135.0    0.00010735837887
135.125    0.000107490809839
135.25    0.0001075564643
135.375    0.000107644531042
135.5    0.000110271953808
135.625    0.000110308852072
135.75    0.000110416511582
135.875    0.000110484402953
136.0    0.000110539829471
136.125    0.000110562270521
136.25    0.000110606469327
136.375    0.000110697161382
136.5    0.00011063639073
136.625    0.000110663327185
136.75    0.000110710287963
136.875    0.000110789140926
137.0    0.000110704231751
137.125    0.00011073771352
137.25    0.000110870540091
137.375    0.00011095663605
137.5    0.000110914767653
137.625    0.000110935338618
137.75    0.000110993225029
137.875    0.000111087844274
138.0    0.000111176162754
138.125    0.000111171451572
138.25    0.000111204286
138.375    0.000111312017424
138.5    0.00011123787565
138.625    0.000111226410567
138.75    0.000111315340433
138.875    0.000111313678929
139.0    0.000111247499404
139.125    0.000111269048567
139.25    0.000111411872908
139.375    0.000111498155881
139.5    0.000111475549396
139.625    0.000111552791211
139.75    0.000111741511823
139.875    0.000111869030221
140.0    0.00011188810511
140.125    0.000111909143598
140.25    0.000112128461723
140.375    0.00011221542799
140.5    0.000112220045665
140.625    0.000112349297488
140.75    0.000112434674186
140.875    0.000112557423861
141.0    0.00011265694129
141.125    0.000112734190296
141.25    0.000112818308274
141.375    0.000112872548016
141.5    0.00011293805143
141.625    0.000112997541791
141.75    0.000113048321865
141.875    0.000113072151095
142.0    0.000112951997963
142.125    0.000113009085986
142.25    0.000113103345591
142.375    0.000113135374441
142.5    0.000113085328017
142.625    0.000113151536311
142.75    0.000113224066943
142.875    0.000113313622556
143.0    0.000113211882599
143.125    0.000113337538103
143.25    0.000113413161571
143.375    0.000113475931784
143.5    0.000113463430964
143.625    0.000113532588252
143.75    0.000113593898348
143.875    0.000113557115164
144.0    0.000113518066293
144.125    0.000113672974287
144.25    0.000113677340224
144.375    0.00011373498927
144.5    0.000113730968579
144.625    0.000113852035177
144.75    0.000113988695425
144.875    0.000114036663177
145.0    0.000114002534076
145.125    0.000114040223536
145.25    0.000114068325196
145.375    0.000114166619873
145.5    0.000111297308464
145.625    0.000111331315296
145.75    0.000111416066225
145.875    0.000111516252574
146.0    0.000113933254518
146.125    0.00011402975823
146.25    0.000114060147155
146.375    0.000114144912473
146.5    0.00011407717215
146.625    0.000114214983221
146.75    0.000114327526532
146.875    0.000114446233944
147.0    0.00011417779006
147.125    0.00011416399456
147.25    0.000114248126927
147.375    0.000114425965073
147.5    0.000114478126129
147.625    0.000114555339167
147.75    0.000114627186498
147.875    0.000114651051689
148.0    0.000114727833171
148.125    0.000114803938544
148.25    0.000114848353128
148.375    0.000114826983783
148.5    0.000114969908822
148.625    0.000115017948502
148.75    0.000115092550608
148.875    0.000115172273887
149.0    0.000115043165913
149.125    0.000115103001519
149.25    0.000115141654796
149.375    0.000115144539045
149.5    0.000115089429002
149.625    0.000115176337729
149.75    0.000115265569683
149.875    0.000115246753715
150.0    0.000115303496493
150.125    0.000115254392313
150.25    0.000115278861685
150.375    0.000115356189809
150.5    0.000115245034678
150.625    0.000115232519477
150.75    0.000115218019104
150.875    0.000115300770481
151.0    0.000115162873094
151.125    0.000115243941401
151.25    0.000115281861014
151.375    0.000115319982037
151.5    0.000112368545011
151.625    0.000112476564148
151.75    0.00011253234311
151.875    0.000112527128437
152.0    0.000115237712563
152.125    0.000115254989296
152.25    0.000115315062267
152.375    0.000115399971435
152.5    0.000115396792289
152.625    0.000115521843611
152.75    0.000115519599504
152.875    0.000115561101069
153.0    0.00011549886311
153.125    0.000115587979977
153.25    0.000115610615232
153.375    0.000115677557176
153.5    0.00011548503165
153.625    0.000115580024911
153.75    0.000115634293415
153.875    0.000115580693823
154.0    0.000112803815099
154.125    0.000112849474007
154.25    0.00011286893011
154.375    0.000112959327268
154.5    0.0001154343379
154.625    0.000115524174028
154.75    0.000115673558064
154.875    0.000115816713276
155.0    0.00011603771447
155.125    0.000116074181186
155.25    0.00011610415293
155.375    0.000116160507304
155.5    0.000113546959149
155.625    0.000113526639929
155.75    0.000113557798464
155.875    0.0001135679329
156.0    0.000116186372054
156.125    0.000116217127804
156.25    0.000116264556105
156.375    0.0001162006063
156.5    0.000113320980638
156.625    0.000113345593867
156.75    0.000113396323592
156.875    0.000113405501402
157.0    0.000116030823918
157.125    0.000116080035994
157.25    0.000116101060094
157.375    0.000116150020425
157.5    0.000116106943679
157.625    0.000116166434047
157.75    0.000116203102145
157.875    0.000116306460455
158.0    0.00011629777174
158.125    0.000116257910101
158.25    0.000116304532824
158.375    0.000116378027265
158.5    0.000116133333492
158.625    0.000116211647011
158.75    0.000116298807477
158.875    0.000116304827721
159.0    0.000113540435422
159.125    0.000113629350892
159.25    0.0001137322201
159.375    0.000113806685555
159.5    0.000116511975889
159.625    0.000116544954167
159.75    0.000116623620123
159.875    0.0001166868147
160.0    0.000116541077332
160.125    0.000116579363777
160.25    0.000116616650452
160.375    0.000116558152669
160.5    0.000116377401504
160.625    0.000116430425678
160.75    0.000116443142282
160.875    0.000116454384383
161.0    0.000116454046328
161.125    0.000116490879861
161.25    0.00011661413302
161.375    0.000116705954326
161.5    0.000116853684055
161.625    0.000116881052065
161.75    0.000117026343496
161.875    0.00011712269616
162.0    0.000117316048829
162.125    0.00011739348485
162.25    0.000117503179872
162.375    0.000117528008879
162.5    0.000117418141237
162.625    0.000117477056186
162.75    0.000117561526601
162.875    0.000117567144066
163.0    0.000117395124775
163.125    0.000117441416634
163.25    0.000117517140801
163.375    0.00011753683426
163.5    0.000117550565015
163.625    0.000117608149324
163.75    0.000117707091349
163.875    0.000117813952471
164.0    0.000117835609529
164.125    0.000117829970492
164.25    0.000117835782149
164.375    0.000117878650315
164.5    0.000117632251879
164.625    0.000117725144889
164.75    0.000117802235657
164.875    0.000117811298388
165.0    0.00011517082816
165.125    0.000115217429311
165.25    0.000115261167778
165.375    0.000115303482112
165.5    0.000115192823273
165.625    0.000115233540832
165.75    0.000115256916928
165.875    0.000115294333064
166.0    0.000117851382996
166.125    0.000117925524776
166.25    0.0001180027594
166.375    0.000118085402889
166.5    0.00011811210198
166.625    0.000118167859362
166.75    0.000118215906234
166.875    0.000118219409046
167.0    0.000118105434396
167.125    0.000118205800561
167.25    0.000118236484383
167.375    0.000118331017312
167.5    0.000118181669244
167.625    0.000118248834156
167.75    0.000118348164584
167.875    0.000118396865972
168.0    0.000118403468825
168.125    0.000118492837437
168.25    0.000118560290062
168.375    0.000118564289174
168.5    0.000118544825874
168.625    0.000118650931768
168.75    0.000118737675066
168.875    0.000118829251818
169.0    0.000118948477095
169.125    0.000118928661358
169.25    0.000118933084835
169.375    0.000118996897982
169.5    0.000119143340221
169.625    0.000119169262511
169.75    0.000119210936695
169.875    0.000119227753103
170.0    0.000119122481557
170.125    0.000119195810562
170.25    0.000119248597386
170.375    0.000119271700164
170.5    0.000119151662119
170.625    0.000119243756735
170.75    0.000119272541703
170.875    0.000119241800334
171.0    0.000119047829095
171.125    0.000119127120811
171.25    0.000119203902294
171.375    0.000119277360774
171.5    0.000119458241407
171.625    0.000119509172521
171.75    0.00011955324905
171.875    0.000119610934057
172.0    0.000119381625353
172.125    0.000119458363677
172.25    0.000119519026448
172.375    0.000119639402548
172.5    0.000119836078227
172.625    0.000119907695392
172.75    0.000119965919843
172.875    0.000120021554956
173.0    0.000117322946579
173.125    0.000117390809187
173.25    0.000117496612987
173.375    0.000117555966696
173.5    0.000117570006729
173.625    0.000117637667941
173.75    0.000117649794738
173.875    0.000117674328848
174.0    0.000120310605766
174.125    0.000120367391695
174.25    0.000120422077373
174.375    0.000120462111632
174.5    0.000120493320523
174.625    0.000120499419879
174.75    0.000120502814816
174.875    0.000120603569378
175.0    0.000120573403422
175.125    0.000120626319713
175.25    0.000120691060708
175.375    0.000120699130854
175.5    0.000120706057373
175.625    0.000120756607281
175.75    0.000120831669719
175.875    0.000120856419613
176.0    0.000118218330151
176.125    0.000118274368042
176.25    0.0001183066774
176.375    0.000118386343139
176.5    0.000121145340955
176.625    0.000121187238115
176.75    0.00012127088138
176.875    0.00012134360621
177.0    0.000121131595812
177.125    0.000121156424818
177.25    0.00012124013282
177.375    0.000121280720911
177.5    0.000121098840509
177.625    0.000121122202216
177.75    0.000121174018027
177.875    0.000121286877814
178.0    0.000121203198589
178.125    0.000121206284234
178.25    0.000121212505874
178.375    0.000121203809961
178.5    0.000121026971598
178.625    0.000121042464556
178.75    0.000121108248486
178.875    0.000121153562148
179.0    0.000118297089607
179.125    0.000118347409355
179.25    0.000118420565748
179.375    0.000118526542167
180.0    0.000121374117406
180.125    0.000121439333114
180.25    0.000121524328598
180.375    0.000121565844545
180.5    0.000121561838242
180.625    0.000121582013612
180.75    0.00012163483639
180.875    0.000121618955028
181.0    0.0001188599716
181.125    0.000118924885221
181.25    0.000118998012837
181.375    0.000119013829462
181.5    0.000121686860794
181.625    0.000121777998793
181.75    0.00012182235583
181.875    0.000121802374665
182.0    0.000121659492777
182.125    0.000121775092957
182.25    0.000121898489979
182.375    0.000121965359995
182.5    0.000119234909782
182.625    0.000119231802564
182.75    0.000119296191123
182.875    0.000119304735982
183.0    0.000121725262325
183.125    0.000121792736515
183.25    0.000121884881494
183.375    0.000121939977149
183.5    0.000121882608617
183.625    0.000121983305647
183.75    0.000122033258563
183.875    0.000122025929258
184.0    0.000122064697607
184.125    0.000122220137854
184.25    0.000122266983553
184.375    0.000122365846451
184.5    0.000119637064934
184.625    0.000119686945929
184.75    0.000119722031648
184.875    0.00011973666868
185.0    0.000119557708487
185.125    0.000119623154362
185.25    0.000119741739489
185.375    0.000119808221108
185.5    0.00011978565059
185.625    0.000119822894106
185.75    0.00011989476301
185.875    0.000119979607447
186.0    0.000122470585744
186.125    0.000122541181554
186.25    0.000122592256524
186.375    0.000122643209217
186.5    0.000122510756661
186.625    0.000122581014416
186.75    0.000122610518645
186.875    0.000122665585536
187.0    0.000122476073734
187.125    0.000122541066474
187.25    0.000122511562246
187.375    0.000122601793969
187.5    0.000119929935039
187.625    0.000120065192725
187.75    0.000120127214906
187.875    0.000120120439433
188.0    0.000122743819929
188.125    0.000122793744076
188.25    0.000122866742231
188.375    0.000122919514666
188.5    0.000122714517097
188.625    0.000122781070637
188.75    0.000122858966982
188.875    0.000122890664969
189.0    0.000122767253572
189.125    0.000122842812296
189.25    0.000122909423382
189.375    0.000122996439998
189.5    0.000120266982378
189.625    0.000120294084262
189.75    0.00012039220632
189.875    0.000120465089388
190.0    0.000120300773418
190.125    0.000120334514115
190.25    0.000120382970962
190.375    0.000120412604659
190.5    0.000120443058321
190.625    0.000120556328092
190.75    0.000120677516954
190.875    0.000120763548182
191.0    0.000123427725363
191.125    0.000123469910221
191.25    0.00012358038925
191.375    0.000123596687779
191.5    0.000123559357952
191.625    0.000123617783807
191.75    0.000123636405561
191.875    0.000123705296716
192.0    0.000121057799277
192.125    0.000121130272362
192.25    0.000121132271921
192.375    0.000121151569786
192.5    0.000123966123589
192.625    0.000124071013921
192.75    0.00012418906681
192.875    0.000124166676109
193.0    0.000121269536351
193.125    0.000121383288032
193.25    0.000121513230347
193.375    0.000121561471417
193.5    0.000121608748671
193.625    0.000121603533998
193.75    0.000121654947023
193.875    0.000121644841364
194.0    0.000124235854962
194.125    0.000124292626509
194.25    0.000124372802915
194.375    0.000124409837838
194.5    0.000121815788944
194.625    0.000121827894169
194.75    0.000121848263738
194.875    0.000121883615584
195.0    0.000121779559592
195.125    0.00012184335116
195.25    0.000121899928509
195.375    0.000121959116782
195.5    0.000121876725032
195.625    0.000121953679134
195.75    0.00012196428829
195.875    0.000122053786363
196.0    0.000122237867728
196.125    0.000122281095521
196.25    0.000122308283714
196.375    0.000122355115032
196.5    0.000125029218054
196.625    0.00012502186717
196.75    0.000125085148063
196.875    0.00012517992554
197.0    0.000125280493101
197.125    0.000125307300088
197.25    0.000125372400717
197.375    0.000125460683236
197.5    0.000125442147791
197.625    0.000125442974941
197.75    0.000125498156912
197.875    0.00012555982665
198.0    0.000125447312108
198.125    0.000125473299136
198.25    0.000125586583287
198.375    0.00012563750721
198.5    0.000122818299765
198.625    0.000122864347077
198.75    0.000122946746018
198.875    0.000123028368151
199.0    0.000125669061347
199.125    0.000125712224403
199.25    0.000125804383764
199.375    0.000125881208405
199.5    0.000125841843058
199.625    0.000125850747551
199.75    0.000125865032139
199.875    0.000125933851372
200.0    0.00012326008639
200.125    0.000123304932529
200.25    0.000123332437205
200.375    0.000123429084773
200.5    0.000125928694239
200.625    0.000126011150726
200.75    0.000126076100301
200.875    0.000126162311339
201.0    0.000126205265815
201.125    0.000126273646288
201.25    0.000126338308171
201.375    0.000126410889145
201.5    0.000126465251149
201.625    0.000126533804256
201.75    0.000126613585067
201.875    0.000126639845405
202.0    0.000123887917965
202.125    0.000123937712637
202.25    0.000123994822246
202.375    0.000124028009104
202.5    0.000123908273153
202.625    0.000124005229999
202.75    0.000124117507177
202.875    0.000124174947643
203.0    0.000124107401518
203.125    0.000124202315661
203.25    0.000124223598689
203.375    0.000124287944089
203.5    0.00012684085106
203.625    0.000126920070848
203.75    0.000126993435821
203.875    0.00012704164812
204.0    0.000124324288521
204.125    0.000124351296904
204.25    0.000124417828872
204.375    0.000124451411331
204.5    0.000127083710709
204.625    0.000127077330831
204.75    0.000127191888083
204.875    0.000127245732223
205.0    0.000124515023082
205.125    0.00012459507721
205.25    0.000124660537473
205.375    0.000124701981491
205.5    0.000127270151246
205.625    0.000127361397148
205.75    0.000127451823069
205.875    0.000127495201916
206.0    0.000127568530928
206.125    0.000127659172641
206.25    0.000127757388199
206.375    0.000127773089737
206.5    0.00012761811702
206.625    0.00012768797199
206.75    0.000127785676874
206.875    0.000127895731531
207.0    0.000125218945641
207.125    0.000125280557839
207.25    0.00012529959676
207.375    0.000125309364371
207.5    0.000125333474116
207.625    0.000125394007419
207.75    0.000125504069267
207.875    0.000125497905174
208.0    0.000127921344536
208.125    0.0001279777996
208.25    0.0001280526103
208.375    0.000128081344911
208.5    0.00012805263907
208.625    0.000128138447323
208.75    0.000128222004278
208.875    0.000128227672079
209.0    0.000125458957001
209.125    0.000125520180788
209.25    0.000125593984521
209.375    0.000125640887752
209.5    0.000125605399248
209.625    0.000125692264817
209.75    0.000125760594941
209.875    0.000125851826454
210.0    0.000125916049569
210.125    0.000125963449101
210.25    0.000126060326828
210.375    0.000126094240152
210.5    0.000128668717863
210.625    0.000128782109904
210.75    0.000128813023892
210.875    0.000128805471611
211.0    0.000126064138932
211.125    0.000126191067537
211.25    0.000126255729413
211.375    0.000126303905745
211.5    0.00012616060669
211.625    0.00012623067024
211.75    0.000126297374827
211.875    0.000126334452908
212.0    0.000126219500061
212.125    0.0001263441414
212.25    0.000126356253816
212.375    0.000126407825071
212.5    0.000126340070366
212.625    0.000126415147186
212.75    0.000126485994741
212.875    0.000126542852598
213.0    0.000126514664622
213.125    0.000126609801733
213.25    0.000126674089593
213.375    0.000126681972731
213.5    0.000126727063417
213.625    0.000126773865958
213.75    0.000126827638177
213.875    0.000126911267046
214.0    0.000126923976453
214.125    0.000127012143892
214.25    0.000127069347002
214.375    0.000127128139681
214.5    0.000129828373588
214.625    0.000129896444776
214.75    0.000129918785127
214.875    0.000129967321094
215.0    0.000129803717201
215.125    0.000129834314706
215.25    0.000129876039239
215.375    0.000129982375306
215.5    0.00013009762305
215.625    0.000130136830158
215.75    0.000130224206401
215.875    0.000130271246292
216.0    0.00013012927068
216.125    0.000130203455619
216.25    0.00013022858672
216.375    0.000130264650643
216.5    0.000127738291724
216.625    0.000127809606802
216.75    0.0001279083762
216.875    0.000127991105991
217.0    0.000128119437164
217.125    0.000128194262246
217.25    0.000128235094891
217.375    0.000128253285084
217.5    0.000128144381257
217.625    0.000128166045506
217.75    0.000128205641012
217.875    0.000128215142496
218.0    0.000130858475387
218.125    0.000130902070012
218.25    0.000130977074903
218.375    0.000131021288098
218.5    0.000128265577317
218.625    0.000128281012735
218.75    0.000128346429833
218.875    0.000128385507473
219.0    0.00013095751811
219.125    0.00013100142921
219.25    0.000131054582852
219.375    0.000131181935814
219.5    0.00013119876661
219.625    0.000131225717446
219.75    0.000131272519987
219.875    0.000131347596806
220.0    0.000128654109602
220.125    0.000128740975171
220.25    0.000128845052735
220.375    0.000128867040651
220.5    0.000131496793841
220.625    0.000131228357141
220.75    0.000131063142099
220.875    0.000130866984293
221.0    0.000130209921807
221.125    0.000130238203283
221.25    0.000130260392595
221.375    0.000130300692987
221.5    0.000130244985954
221.625    0.00013029074556
221.75    0.000130367023552
221.875    0.000130421363984
222.0    0.000130404245489
222.125    0.000130447142425
222.25    0.000130525463135
222.375    0.000130586097129
222.5    0.000130458492414
222.625    0.000130526923236
222.75    0.000130588736823
222.875    0.000130659828926
223.0    0.0001279505179
223.125    0.000128037476976
223.25    0.000128069124614
223.375    0.000128076130252
223.5    0.000130676609366
223.625    0.000130713335011
223.75    0.00013075823869
223.875    0.000130863790751
224.0    0.000131071291364
224.125    0.000131346036007
224.25    0.00013174266001
224.375    0.000132106212241
224.5    0.000130257335726
224.625    0.000130299276037
224.75    0.000130341158808
224.875    0.000130361427679
225.0    0.000130374554253
225.125    0.00013037630206
225.25    0.000130433217464
225.375    0.000130462808002
225.5    0.000130441438657
225.625    0.000130502360356
225.75    0.000130598259886
225.875    0.000130641300679
226.0    0.000130544041731
226.125    0.000130627145552
226.25    0.000130669826703
226.375    0.00013072951127
226.5    0.000130728547454
226.625    0.000130801998743
226.75    0.000130863610941
226.875    0.000130906457521
227.0    0.0001308303953
227.125    0.000130871753015
227.25    0.000130984641572
227.375    0.000131047951236
227.5    0.000133688853012
227.625    0.000133675611352
227.75    0.000133780580811
227.875    0.000133834727038
228.0    0.000130947167889
228.125    0.000131011275933
228.25    0.000131052748721
228.375    0.000131105039252
228.5    0.00013115683349
228.625    0.000131205736281
228.75    0.000131251675704
228.875    0.000131299607489
229.0    0.000131200665457
229.125    0.000131267923884
229.25    0.000131322731832
229.375    0.000131379906165
229.5    0.000131329902899
229.625    0.000131388623657
229.75    0.000131452947478
229.875    0.000131540460387
230.0    0.000131498102903
230.125    0.000131572870444
230.25    0.000131616242086
230.375    0.000131647263963
230.5    0.000131520910777
230.625    0.000131609862215
230.75    0.000131634453865
230.875    0.000131722189742
231.0    0.000131862172992
231.125    0.000131910241443
231.25    0.000131945089805
231.375    0.000131990446619
231.5    0.000131860734463
231.625    0.000131937861198
231.75    0.000131977931417
231.875    0.000132033904585
232.0    0.000132045204225
232.125    0.00013209661725
232.25    0.000132066264293
232.375    0.000131879802169
232.5    0.000131082439957
232.625    0.000131121790922
232.75    0.00013114229715
232.875    0.000131106823027
233.0    0.000130892791503
233.125    0.000130957352681
233.25    0.00013105200788
233.375    0.000131109671315
233.5    0.000131309173703
233.625    0.000131493291015
233.75    0.000131758757149
233.875    0.000131979600113
234.0    0.00013509164171
234.125    0.000135171760576
234.25    0.000135230114502
234.375    0.000135286382566
234.5    0.00013231769038
234.625    0.000132158481186
234.75    0.000132069457827
234.875    0.000132127538429
235.0    0.000131917455661
235.125    0.000131816219188
235.25    0.000131999689167
235.375    0.000132247813838
235.5    0.000132867827006
235.625    0.000132881154975
235.75    0.000132907767764
235.875    0.000132848565102
236.0    0.000132471181416
236.125    0.000132500225313
236.25    0.000132514639375
236.375    0.000132497599999
236.5    0.000132343986685
236.625    0.00013233456432
236.75    0.000132324041481
236.875    0.000132290840241
237.0    0.000134863994496
237.125    0.00013490000088
237.25    0.000134959189154
237.375    0.000134982212806
237.5    0.000132205398813
237.625    0.0001322154829
237.75    0.000132253517599
237.875    0.000132356645743
238.0    0.000132265924918
238.125    0.000132344317549
238.25    0.000132423853813
238.375    0.000132546373322
238.5    0.000135521143292
238.625    0.000135602204402
238.75    0.000135645971646
238.875    0.000135721760536
239.0    0.000133093302026
239.125    0.000133117138454
239.25    0.000133171241529
239.375    0.000133266421798
240.0    0.00013625100253
240.125    0.000136276255908
240.25    0.000136299222021
240.375    0.000136363042351
240.5    0.00013374292012
240.625    0.000133800317428
240.75    0.000133883284583
240.875    0.000133966043158
241.0    0.000134157202076
241.125    0.000134205565416
241.25    0.00013428365596
241.375    0.000134359696595
241.5    0.000134251871664
241.625    0.000134289676204
241.75    0.000134302551039
241.875    0.000134349454271
242.0    0.000134344836596
242.125    0.000134392919428
242.25    0.000134448122971
242.375    0.000134511224047
242.5    0.000134236767103
242.625    0.000134323330592
242.75    0.000134334263407
242.875    0.000134379224633
243.0    0.000134306521375
243.125    0.00013433737783
243.25    0.000134433133503
243.375    0.000134506045342
243.5    0.000134488293895
243.625    0.000134518941749
243.75    0.000134597068261
243.875    0.000134636778853
244.0    0.000134553365754
244.125    0.000134616143157
244.25    0.000134696571308
244.375    0.000134765491232
244.5    0.000134725183649
244.625    0.000134727161623
244.75    0.000134792003323
244.875    0.000134844135609
245.0    0.0001348448261
245.125    0.000134865562494
245.25    0.000134971546117
245.375    0.000135034007045
245.5    0.000137622531987
245.625    0.0001376433475
245.75    0.00013776005536
245.875    0.000137821458964
246.0    0.000137783093393
246.125    0.000137833182968
246.25    0.000137906950734
246.375    0.000137906396901
246.5    0.000135213298094
246.625    0.000135292208604
246.75    0.000135341226475
246.875    0.00013542056854
247.0    0.000135385101615
247.125    0.000135430077215
247.25    0.000135465997289
247.375    0.000135476757478
247.5    0.000135411958951
247.625    0.000135461976598
247.75    0.000135563874792
247.875    0.000135619811992
248.0    0.000135619473937
248.125    0.000135685646271
248.25    0.000135789882073
248.375    0.00013582706805
248.5    0.000135723270994
248.625    0.000135767692761
248.75    0.000135856903135
248.875    0.00013588929162
249.0    0.000135752358048
249.125    0.00013585859341
249.25    0.000135916868224
249.375    0.000135973064353
249.5    0.000138563610427
249.625    0.000138596423277
249.75    0.000138656107836
249.875    0.000138742772016
250.0    0.000135908747723
250.125    0.000135982831964
250.25    0.000136063684479
250.375    0.000136062814178
250.5    0.000138734967997
250.625    0.000138770657898
250.75    0.000138866938642
250.875    0.000138938282483
251.0    0.000136266279711
251.125    0.000136309162258
251.25    0.000136337004982
251.375    0.000136308090546
251.5    0.00013604404856
251.625    0.000136089887285
251.75    0.000136137207697
251.875    0.000136217693395
252.0    0.000138616159887
252.125    0.000138741621193
252.25    0.00013878040393
252.375    0.000138814993363
252.5    0.000138758329712
252.625    0.00013880408931
252.75    0.000138865787825
252.875    0.00013893351376
253.0    0.000136162705623
253.125    0.0001362237496
253.25    0.000136226080009
253.375    0.000136237509132
253.5    0.000136034770051
253.625    0.000136182348733
253.75    0.00013625323944
253.875    0.000136333171305
254.0    0.000136515742206
254.125    0.000136563443824
254.25    0.000136642246439
254.375    0.000136691954808
254.5    0.000136582734498
254.625    0.000136697342093
254.75    0.000136730320371
254.875    0.000136772685046
255.0    0.000136670621423
255.125    0.000136709576786
255.25    0.000136772533999
255.375    0.000136803447994
255.5    0.000136591487944
255.625    0.000136678605259
255.75    0.000136754128029
255.875    0.00013678135219
256.0    0.0001366730813
256.125    0.000136721869019
256.25    0.00013678138815
256.375    0.000136845409877
256.5    0.000136891478768
256.625    0.000136910532085
256.75    0.000136999167047
256.875    0.000137010502655
257.0    0.000139678197037
257.125    0.000139743477483
257.25    0.000139768622972
257.375    0.000139754618885
257.5    0.000137058729337
257.625    0.000137107488271
257.75    0.000137110976709
257.875    0.000137169589571
258.0    0.000137020032909
258.125    0.000137079897293
258.25    0.000137099403744
258.375    0.000137155197088
258.5    0.000137213083491
258.625    0.000137208990878
258.75    0.000137245141111
258.875    0.000137311716237
259.0    0.000137178386176
259.125    0.000137240393968
259.25    0.000137305652835
259.375    0.000137385462416
259.5    0.000137374925188
259.625    0.000137423453971
259.75    0.000137483080998
259.875    0.000137565328885
260.0    0.000137496610357
260.125    0.000137554151515
260.25    0.000137575650328
260.375    0.000137655920241
260.5    0.000137808900604
260.625    0.000137926370883
260.75    0.0001379548034
260.875    0.00013801148863
261.0    0.000137690444937
261.125    0.000137750294932
261.25    0.000137826695202
261.375    0.000137872792862
261.5    0.000137845683788
261.625    0.00013789184618
261.75    0.000137988004653
261.875    0.000138035583994
262.0    0.0001378895805
262.125    0.000137904361388
262.25    0.000137909281158
262.375    0.00013800923734
262.5    0.000138023910331
262.625    0.000138042337888
262.75    0.000138124945416
262.875    0.000138163368518
263.0    0.000137958809702
263.125    0.000138017926048
263.25    0.000138097023566
263.375    0.000138162606106
263.5    0.000138207675214
263.625    0.000138290944456
263.75    0.000138324490955
263.875    0.000138402106785
264.0    0.00013828053671
264.125    0.000138339840056
264.25    0.000138408414735
264.375    0.000138466135709
264.5    0.000138356124204
264.625    0.00013844590999
264.75    0.000138509068606
264.875    0.000138605334961
265.0    0.000138619770595
265.125    0.000138624704753
265.25    0.000138691927205
265.375    0.000138701651665
265.5    0.000138557597374
265.625    0.000138618231375
265.75    0.000138641535543
265.875    0.000138661638978
266.0    0.000141264513253
266.125    0.000141333814383
266.25    0.000141393851393
266.375    0.000141429785842
266.5    0.000141408639472
266.625    0.00014148373068
266.75    0.000141566165581
266.875    0.000141601057102
267.0    0.000138871412467
267.125    0.00013897402274
267.25    0.000139061823347
267.375    0.000139101915153
267.5    0.000139058227028
267.625    0.000139173949492
267.75    0.000139238575407
267.875    0.000139289218808
268.0    0.000139183889722
268.125    0.000139259354953
268.25    0.000139330684412
268.375    0.000139379342656
268.5    0.000139294224894
268.625    0.000139407861489
268.75    0.00013954997376
268.875    0.000139651555486
269.0    0.000139813318064
269.125    0.00013990475815
269.25    0.000139986480988
269.375    0.000140037361753
269.5    0.0001401285501
269.625    0.000140186681058
269.75    0.000140273532246
269.875    0.000140277970104
270.0    0.00014011379799
270.125    0.000140217774863
270.25    0.000140269022452
270.375    0.000140298332482
270.5    0.000140357758113
270.625    0.000140435330792
270.75    0.000140470423695
270.875    0.000140512630139
271.0    0.000140412846577
271.125    0.000140483334498
271.25    0.000140565366607
271.375    0.000140553167881
271.5    0.000140484773027
271.625    0.000140550930972
271.75    0.000140616901909
271.875    0.000140644579211
272.0    0.000140446306766
272.125    0.000140537854747
272.25    0.000140659921115
272.375    0.000140714311897
272.5    0.000143418523336
272.625    0.000143519270708
272.75    0.000143593146369
272.875    0.000143590895071
273.0    0.000140667646015
273.125    0.000140755403471
273.25    0.00014083934164
273.375    0.000140904722784
273.5    0.000140908614
273.625    0.000140969686747
273.75    0.000141015604591
273.875    0.000141022790039
274.0    0.000141044605336
274.125    0.000141145036231
274.25    0.000141236238967
274.375    0.000141289155252
274.5    0.000141224428646
274.625    0.000141267606089
274.75    0.000141369410784
274.875    0.000141426628275
275.0    0.000141502618568
275.125    0.000141566568367
275.25    0.000141672235515
275.375    0.000141735171148
275.5    0.000141810859354
275.625    0.000141841075653
275.75    0.000141953280917
275.875    0.000142021539105
276.0    0.000141869220478
276.125    0.00014196496177
276.25    0.000142015928851
276.375    0.00014205106492
276.5    0.000142119668361
276.625    0.00014217285797
276.75    0.000142249553143
276.875    0.000142299132044
277.0    0.000142247582353
277.125    0.000142295571685
277.25    0.000142329506581
277.375    0.000142417407886
277.5    0.000142301419302
277.625    0.000142313956083
277.75    0.000142394621591
277.875    0.000142429808008
278.0    0.000142420997022
278.125    0.000142490880755
278.25    0.000142573099879
278.375    0.000142634690498
278.5    0.000142735178933
278.625    0.000142787649274
278.75    0.000142851196294
278.875    0.000142893899024
279.0    0.000143089244062
279.125    0.000143102190826
279.25    0.000143152927741
279.375    0.000143203441688
279.5    0.000143135370493
279.625    0.000143166176592
279.75    0.000143210174002
279.875    0.000143270074346
280.0    0.000143150834681
280.125    0.000143172599628
280.25    0.00014321328122
280.375    0.000143263852706
280.5    0.000146054232033
280.625    0.000146067150027
280.75    0.000146138076694
280.875    0.000146270112069
281.0    0.000143854519884
281.125    0.000143881952631
281.25    0.000143891482878
281.375    0.000143978147058
281.5    0.000144034041107
281.625    0.000144062639059
281.75    0.00014411920921
281.875    0.000144151295594
282.0    0.00014414090942
282.125    0.000144125380494
282.25    0.000144184432116
282.375    0.000144262558614
282.5    0.000144521177354
282.625    0.000144547905222
282.75    0.000144615120483
282.875    0.000144665749509
283.0    0.000144635526013
283.125    0.000144642589198
283.25    0.00014469769205
283.375    0.000144784881279
283.5    0.000144822815294
283.625    0.000144854196797
283.75    0.000144892173964
283.875    0.000144940566081
284.0    0.000144961899458
284.125    0.000144996452931
284.25    0.000145060445888
284.375    0.000145090230632
284.5    0.000145010061409
284.625    0.00014503318576
284.75    0.000145126654182
284.875    0.00014523161645
285.0    0.000145304384432
285.125    0.000145350791378
285.25    0.000145408440424
285.375    0.000145432089845
285.5    0.000145143571281
285.625    0.000145195761121
285.75    0.000145318841646
285.875    0.000145443396683
286.0    0.000145643201158
286.125    0.000145694729262
286.25    0.000145724665053
286.375    0.000145804517793
286.5    0.00014595235541
286.625    0.000145973854231
286.75    0.00014605188003
286.875    0.000146101401398
287.0    0.000146055605825
287.125    0.000146120742414
287.25    0.000146181347638
287.375    0.000146145132675
287.5    0.000146003401611
287.625    0.000146021383223
287.75    0.000146103739006
287.875    0.000146162682732
288.0    0.000146316885839
288.125    0.000146359092284
288.25    0.000146512425076
288.375    0.000146573900608
288.5    0.000146678920416
288.625    0.000146706381933
288.75    0.000146777567544
288.875    0.000146862376013
289.0    0.000146934367194
289.125    0.000146994174031
289.25    0.0001471270078
289.375    0.000147192964349
289.5    0.000147258151287
289.625    0.000147303954051
289.75    0.000147423495811
289.875    0.00014748090031
290.0    0.000147501615118
290.125    0.00014760009681
290.25    0.000147729197593
290.375    0.000147766743197
290.5    0.000147800972989
290.625    0.000147839101203
290.75    0.000147888636945
290.875    0.00014791975952
291.0    0.000147901749138
291.125    0.000147946271611
291.25    0.00014802464986
291.375    0.000148019003632
291.5    0.000147869684326
291.625    0.000147916494065
291.75    0.000147961656673
291.875    0.000148009610044
292.0    0.000147809870299
292.125    0.000147814854799
292.25    0.000147835548034
292.375    0.000147802102241
292.5    0.000150177969445
292.625    0.000150198403752
292.75    0.000150254729355
292.875    0.000150294763614
293.0    0.000147653933759
293.125    0.000147610641228
293.25    0.000147650826541
293.375    0.000147724335363
293.5    0.000147602527925
293.625    0.000147612863756
293.75    0.000147642720428
293.875    0.000147637822238
294.0    0.000150272883587
294.125    0.000150358102047
