0.0    0.922549019608
0.125    0.924509803922
0.25    0.926470588235
0.375    0.926330532213
0.5    0.947619047619
0.625    0.947619047619
0.75    0.947619047619
0.875    0.947899159664
1.0    0.930952380952
1.125    0.930952380952
1.25    0.930952380952
1.375    0.930672268908
1.5    0.932913165266
1.625    0.932913165266
1.75    0.932913165266
1.875    0.932913165266
2.0    0.932633053221
2.125    0.932633053221
2.25    0.932633053221
2.375    0.932633053221
2.5    0.932773109244
2.625    0.932773109244
2.75    0.932773109244
2.875    0.932773109244
3.0    0.932773109244
3.125    0.932773109244
3.25    0.932773109244
3.375    0.932773109244
3.5    0.932492997199
3.625    0.932492997199
3.75    0.932492997199
3.875    0.933753501401
4.0    0.933193277311
4.125    0.933193277311
4.25    0.933193277311
4.375    0.933193277311
4.5    0.928851540616
4.625    0.928851540616
4.75    0.928851540616
4.875    0.928851540616
5.0    0.928011204482
5.125    0.928011204482
5.25    0.928011204482
5.375    0.928011204482
5.5    0.935294117647
5.625    0.935294117647
5.75    0.935574229692
5.875    0.935014005602
6.0    0.927871148459
6.125    0.927871148459
6.25    0.927871148459
6.375    0.927871148459
6.5    0.932913165266
6.625    0.932913165266
6.75    0.932913165266
6.875    0.932913165266
7.0    0.925770308123
7.125    0.925770308123
7.25    0.925770308123
7.375    0.925770308123
7.5    0.926470588235
7.625    0.926470588235
7.75    0.926470588235
7.875    0.926470588235
8.0    0.936134453782
8.125    0.936134453782
8.25    0.936134453782
8.375    0.936134453782
8.5    0.926470588235
8.625    0.926470588235
8.75    0.926470588235
8.875    0.926470588235
9.0    0.915826330532
9.125    0.915826330532
9.25    0.915826330532
9.375    0.915826330532
9.5    0.928991596639
9.625    0.928991596639
9.75    0.928991596639
9.875    0.928991596639
10.0    0.934033613445
10.125    0.934033613445
10.25    0.934033613445
10.375    0.934033613445
10.5    0.92675070028
10.625    0.92675070028
10.75    0.92675070028
10.875    0.92675070028
11.0    0.933193277311
11.125    0.933193277311
11.25    0.933193277311
11.375    0.933053221289
11.5    0.928711484594
11.625    0.928711484594
11.75    0.928711484594
11.875    0.939915966387
12.0    0.932913165266
12.125    0.932913165266
12.25    0.932913165266
12.375    0.932913165266
12.5    0.93081232493
12.625    0.93081232493
12.75    0.93081232493
12.875    0.928711484594
13.0    0.927871148459
13.125    0.927871148459
13.25    0.927871148459
13.375    0.928151260504
13.5    0.928291316527
13.625    0.928291316527
13.75    0.928291316527
13.875    0.928291316527
14.0    0.925910364146
14.125    0.925910364146
14.25    0.925910364146
14.375    0.925910364146
14.5    0.92675070028
14.625    0.926610644258
14.75    0.926610644258
14.875    0.926610644258
15.0    0.935294117647
15.125    0.935294117647
15.25    0.935294117647
15.375    0.935294117647
15.5    0.93081232493
15.625    0.93081232493
15.75    0.93081232493
15.875    0.93081232493
16.0    0.936134453782
16.125    0.936134453782
16.25    0.936134453782
16.375    0.936134453782
16.5    0.933193277311
16.625    0.933333333333
16.75    0.933333333333
16.875    0.922128851541
17.0    0.921708683473
17.125    0.921708683473
17.25    0.921708683473
17.375    0.921708683473
17.5    0.92731092437
17.625    0.92731092437
17.75    0.92731092437
17.875    0.92731092437
18.0    0.924509803922
18.125    0.924509803922
18.25    0.924509803922
18.375    0.924509803922
18.5    0.926470588235
18.625    0.926470588235
18.75    0.926470588235
18.875    0.926470588235
19.0    0.928991596639
19.125    0.928991596639
19.25    0.928991596639
19.375    0.928991596639
19.5    0.928291316527
19.625    0.928291316527
19.75    0.928291316527
19.875    0.928291316527
20.0    0.92675070028
20.125    0.92675070028
20.25    0.92675070028
20.375    0.92675070028
20.5    0.929131652661
20.625    0.929131652661
20.75    0.929131652661
20.875    0.929131652661
21.0    0.928991596639
21.125    0.928991596639
21.25    0.928991596639
21.375    0.928991596639
21.5    0.929691876751
21.625    0.929691876751
21.75    0.929691876751
21.875    0.929691876751
22.0    0.926890756303
22.125    0.926890756303
22.25    0.926890756303
22.375    0.926890756303
22.5    0.929131652661
22.625    0.929131652661
22.75    0.929131652661
22.875    0.929131652661
23.0    0.922128851541
23.125    0.922128851541
23.25    0.922128851541
23.375    0.922128851541
23.5    0.929691876751
23.625    0.929691876751
23.75    0.929691876751
23.875    0.929691876751
24.0    0.926610644258
24.125    0.935574229692
24.25    0.926610644258
24.375    0.926610644258
24.5    0.929271708683
24.625    0.929271708683
24.75    0.929271708683
24.875    0.929271708683
25.0    0.929271708683
25.125    0.929271708683
25.25    0.929271708683
25.375    0.928991596639
25.5    0.929831932773
25.625    0.929831932773
25.75    0.929831932773
25.875    0.929831932773
26.0    0.929691876751
26.125    0.929691876751
26.25    0.929691876751
26.375    0.929691876751
26.5    0.919607843137
26.625    0.919607843137
26.75    0.919607843137
26.875    0.919607843137
27.0    0.931512605042
27.125    0.931512605042
27.25    0.931512605042
27.375    0.931512605042
27.5    0.929131652661
27.625    0.929131652661
27.75    0.929131652661
27.875    0.929131652661
28.0    0.929131652661
28.125    0.929131652661
28.25    0.929131652661
28.375    0.929131652661
28.5    0.92268907563
28.625    0.92268907563
28.75    0.92268907563
28.875    0.92268907563
29.0    0.922128851541
29.125    0.922128851541
29.25    0.922128851541
29.375    0.922128851541
29.5    0.931932773109
29.625    0.931932773109
29.75    0.931932773109
29.875    0.931932773109
30.0    0.929971988796
30.125    0.929971988796
30.25    0.929971988796
30.375    0.929971988796
30.5    0.924649859944
30.625    0.924649859944
30.75    0.924649859944
30.875    0.924649859944
31.0    0.925070028011
31.125    0.925070028011
31.25    0.925070028011
31.375    0.925070028011
31.5    0.922128851541
31.625    0.922128851541
31.75    0.922128851541
31.875    0.922128851541
32.0    0.92268907563
32.125    0.92268907563
32.25    0.92268907563
32.375    0.92268907563
32.5    0.914985994398
32.625    0.914985994398
32.75    0.914985994398
32.875    0.914985994398
33.0    0.922128851541
33.125    0.922128851541
33.25    0.922128851541
33.375    0.922128851541
33.5    0.922969187675
33.625    0.922969187675
33.75    0.922969187675
33.875    0.922969187675
34.0    0.929971988796
34.125    0.929971988796
34.25    0.929971988796
34.375    0.929971988796
34.5    0.932492997199
34.625    0.932492997199
34.75    0.932492997199
34.875    0.932492997199
35.0    0.924649859944
35.125    0.924369747899
35.25    0.924369747899
35.375    0.924509803922
35.5    0.924929971989
35.625    0.924929971989
35.75    0.924929971989
35.875    0.924929971989
36.0    0.92268907563
36.125    0.92268907563
36.25    0.922969187675
36.375    0.922969187675
36.5    0.929971988796
36.625    0.929971988796
36.75    0.929971988796
36.875    0.929971988796
37.0    0.925070028011
37.125    0.925070028011
37.25    0.925070028011
37.375    0.925070028011
37.5    0.924649859944
37.625    0.924649859944
37.75    0.924649859944
37.875    0.924649859944
38.0    0.932492997199
38.125    0.937535014006
38.25    0.937535014006
38.375    0.937535014006
38.5    0.925770308123
38.625    0.925770308123
38.75    0.925770308123
38.875    0.925770308123
39.0    0.925350140056
39.125    0.925350140056
39.25    0.925350140056
39.375    0.925350140056
39.5    0.920448179272
39.625    0.920448179272
39.75    0.920448179272
39.875    0.920448179272
40.0    0.923949579832
40.125    0.923949579832
40.25    0.923949579832
40.375    0.928851540616
40.5    0.925070028011
40.625    0.925070028011
40.75    0.925070028011
40.875    0.925070028011
41.0    0.918487394958
41.125    0.918487394958
41.25    0.918487394958
41.375    0.918487394958
41.5    0.925490196078
41.625    0.925490196078
41.75    0.925490196078
41.875    0.925490196078
42.0    0.92324929972
42.125    0.92324929972
42.25    0.92324929972
42.375    0.92324929972
42.5    0.926330532213
42.625    0.926330532213
42.75    0.926330532213
42.875    0.926330532213
43.0    0.921148459384
43.125    0.921148459384
43.25    0.921148459384
43.375    0.921148459384
43.5    0.918907563025
43.625    0.918907563025
43.75    0.918907563025
43.875    0.918907563025
44.0    0.925490196078
44.125    0.925490196078
44.25    0.925490196078
44.375    0.925490196078
44.5    0.925210084034
44.625    0.925210084034
44.75    0.925210084034
44.875    0.925210084034
45.0    0.930532212885
45.125    0.930532212885
45.25    0.930532212885
45.375    0.930532212885
45.5    0.923669467787
45.625    0.923669467787
45.75    0.923669467787
45.875    0.923669467787
46.0    0.918907563025
46.125    0.918907563025
46.25    0.918907563025
46.375    0.918907563025
46.5    0.92619047619
46.625    0.92619047619
46.75    0.926050420168
46.875    0.926050420168
47.0    0.93081232493
47.125    0.93081232493
47.25    0.93081232493
47.375    0.93081232493
47.5    0.918347338936
47.625    0.918347338936
47.75    0.918347338936
47.875    0.918347338936
48.0    0.92324929972
48.125    0.92324929972
48.25    0.92324929972
48.375    0.92324929972
48.5    0.918487394958
48.625    0.918487394958
48.75    0.918487394958
48.875    0.918487394958
49.0    0.919887955182
49.125    0.919887955182
49.25    0.919887955182
49.375    0.919887955182
49.5    0.930672268908
49.625    0.930672268908
49.75    0.930672268908
49.875    0.930672268908
50.0    0.918907563025
50.125    0.918907563025
50.25    0.918907563025
50.375    0.918907563025
50.5    0.91974789916
50.625    0.91974789916
50.75    0.91974789916
50.875    0.91974789916
51.0    0.923949579832
51.125    0.923949579832
51.25    0.923949579832
51.375    0.923949579832
51.5    0.930532212885
51.625    0.930532212885
51.75    0.930532212885
51.875    0.903641456583
52.0    0.919467787115
52.125    0.919467787115
52.25    0.919467787115
52.375    0.919467787115
52.5    0.926470588235
52.625    0.926470588235
52.75    0.926470588235
52.875    0.926470588235
53.0    0.933333333333
53.125    0.933333333333
53.25    0.933333333333
53.375    0.946218487395
53.5    0.956162464986
53.625    0.956162464986
53.75    0.956162464986
53.875    0.956162464986
54.0    0.924649859944
54.125    0.924649859944
54.25    0.924649859944
54.375    0.924649859944
54.5    0.923949579832
54.625    0.923949579832
54.75    0.923949579832
54.875    0.923949579832
55.0    0.949859943978
55.125    0.924509803922
55.25    0.924509803922
55.375    0.924509803922
55.5    0.924089635854
55.625    0.924089635854
55.75    0.924089635854
55.875    0.924089635854
56.0    0.924089635854
56.125    0.924089635854
56.25    0.924089635854
56.375    0.924089635854
56.5    0.917226890756
56.625    0.918907563025
56.75    0.918907563025
56.875    0.918907563025
57.0    0.904481792717
57.125    0.934593837535
57.25    0.934593837535
57.375    0.934593837535
57.5    0.958823529412
57.625    0.958823529412
57.75    0.958823529412
57.875    0.958823529412
58.0    0.913865546218
58.125    0.913865546218
58.25    0.913865546218
58.375    0.913865546218
58.5    0.913305322129
58.625    0.913305322129
58.75    0.913305322129
58.875    0.913305322129
59.0    0.924369747899
59.125    0.924369747899
59.25    0.924369747899
59.375    0.924369747899
59.5    0.904621848739
59.625    0.904621848739
59.75    0.904621848739
59.875    0.904621848739
60.0    0.925910364146
60.125    0.925910364146
60.25    0.925910364146
60.375    0.925910364146
60.5    0.914145658263
60.625    0.914145658263
60.75    0.914145658263
60.875    0.914145658263
61.0    0.911764705882
61.125    0.911764705882
61.25    0.911764705882
61.375    0.911764705882
61.5    0.913725490196
61.625    0.913725490196
61.75    0.913725490196
61.875    0.914145658263
62.0    0.910084033613
62.125    0.910084033613
62.25    0.910084033613
62.375    0.910084033613
62.5    0.910364145658
62.625    0.910364145658
62.75    0.910364145658
62.875    0.910364145658
63.0    0.903081232493
63.125    0.903081232493
63.25    0.903081232493
63.375    0.903081232493
63.5    0.910084033613
63.625    0.910084033613
63.75    0.910084033613
63.875    0.910084033613
64.0    0.905742296919
64.125    0.905742296919
64.25    0.905742296919
64.375    0.905742296919
64.5    0.906442577031
64.625    0.906442577031
64.75    0.906442577031
64.875    0.906442577031
65.0    0.914285714286
65.125    0.914285714286
65.25    0.904201680672
65.375    0.904201680672
65.5    0.911344537815
65.625    0.911344537815
65.75    0.911344537815
65.875    0.911344537815
66.0    0.899719887955
66.125    0.899719887955
66.25    0.899719887955
66.375    0.899719887955
66.5    0.905042016807
66.625    0.905042016807
66.75    0.905042016807
66.875    0.905042016807
67.0    0.905882352941
67.125    0.905882352941
67.25    0.911344537815
67.375    0.911344537815
67.5    0.906862745098
67.625    0.906862745098
67.75    0.90700280112
67.875    0.90700280112
68.0    0.897619047619
68.125    0.897619047619
68.25    0.897619047619
68.375    0.897619047619
68.5    0.894957983193
68.625    0.896078431373
68.75    0.896078431373
68.875    0.896078431373
69.0    0.88781512605
69.125    0.88781512605
69.25    0.905182072829
69.375    0.905182072829
69.5    0.902801120448
69.625    0.902801120448
69.75    0.912464985994
69.875    0.912464985994
70.0    0.899579831933
70.125    0.899299719888
70.25    0.899299719888
70.375    0.899299719888
70.5    0.897058823529
70.625    0.897058823529
70.75    0.897058823529
70.875    0.897058823529
71.0    0.888795518207
71.125    0.888795518207
71.25    0.888795518207
71.375    0.888795518207
71.5    0.905882352941
71.625    0.905882352941
71.75    0.905882352941
71.875    0.905882352941
72.0    0.896358543417
72.125    0.896358543417
72.25    0.896358543417
72.375    0.896358543417
72.5    0.890896358543
72.625    0.890896358543
72.75    0.890896358543
72.875    0.890896358543
73.0    0.881652661064
73.125    0.910224089636
73.25    0.881652661064
73.375    0.881792717087
73.5    0.915546218487
73.625    0.915546218487
73.75    0.915546218487
73.875    0.915546218487
74.0    0.919467787115
74.125    0.919467787115
74.25    0.919467787115
74.375    0.919467787115
74.5    0.925910364146
74.625    0.925910364146
74.75    0.925910364146
74.875    0.925910364146
75.0    0.876610644258
75.125    0.876610644258
75.25    0.928431372549
75.375    0.89243697479
75.5    0.87324929972
75.625    0.87324929972
75.75    0.87324929972
75.875    0.87324929972
76.0    0.901120448179
76.125    0.900420168067
76.25    0.900420168067
76.375    0.900420168067
76.5    0.927871148459
76.625    0.927871148459
76.75    0.927871148459
76.875    0.927871148459
77.0    0.921708683473
77.125    0.921708683473
77.25    0.890756302521
77.375    0.894397759104
77.5    0.878851540616
77.625    0.878851540616
77.75    0.878851540616
77.875    0.857422969188
78.0    0.908683473389
78.125    0.908683473389
78.25    0.897058823529
78.375    0.940056022409
78.5    0.884453781513
78.625    0.873669467787
78.75    0.896638655462
78.875    0.896638655462
79.0    0.90350140056
79.125    0.90350140056
79.25    0.904201680672
79.375    0.904201680672
79.5    0.909803921569
79.625    0.909803921569
79.75    0.909803921569
79.875    0.893837535014
80.0    0.894677871148
80.125    0.896358543417
80.25    0.896078431373
80.375    0.896078431373
80.5    0.889075630252
80.625    0.889075630252
80.75    0.874369747899
80.875    0.922408963585
81.0    0.894957983193
81.125    0.891316526611
81.25    0.894957983193
81.375    0.894957983193
81.5    0.898879551821
81.625    0.898319327731
81.75    0.901960784314
81.875    0.934733893557
82.0    0.888795518207
82.125    0.90350140056
82.25    0.903921568627
82.375    0.903921568627
82.5    0.917927170868
82.625    0.917927170868
82.75    0.908403361345
82.875    0.908403361345
83.0    0.901260504202
83.125    0.973669467787
83.25    0.976890756303
83.375    0.98025210084
83.5    0.917927170868
83.625    0.908823529412
83.75    0.913165266106
83.875    0.912464985994
84.0    0.942296918767
84.125    0.943697478992
84.25    0.943697478992
84.375    0.944537815126
84.5    0.928711484594
84.625    0.928711484594
84.75    0.928431372549
84.875    0.928011204482
85.0    0.929971988796
85.125    0.929971988796
85.25    0.931512605042
85.375    0.922268907563
85.5    0.917366946779
85.625    0.91974789916
85.75    0.921288515406
85.875    0.921288515406
86.0    0.926890756303
86.125    0.926890756303
86.25    0.936554621849
86.375    0.93081232493
86.5    0.926610644258
86.625    0.923949579832
86.75    0.916806722689
86.875    0.912605042017
87.0    0.913725490196
87.125    0.915266106443
87.25    0.918487394958
87.375    0.918347338936
87.5    0.933473389356
87.625    0.912044817927
87.75    0.912044817927
87.875    0.912745098039
88.0    0.933333333333
88.125    0.933333333333
88.25    0.935854341737
88.375    0.926470588235
88.5    0.917366946779
88.625    0.917366946779
88.75    0.911204481793
88.875    0.912324929972
89.0    0.929971988796
89.125    0.929971988796
89.25    0.923669467787
89.375    0.923669467787
89.5    0.926610644258
89.625    0.927030812325
89.75    0.927450980392
89.875    0.925630252101
90.0    0.932633053221
90.125    0.932773109244
90.25    0.932352941176
90.375    0.937675070028
90.5    0.925210084034
90.625    0.925210084034
90.75    0.925210084034
90.875    0.925210084034
91.0    0.933613445378
91.125    0.933613445378
91.25    0.932633053221
91.375    0.932633053221
91.5    0.933053221289
91.625    0.931512605042
91.75    0.931512605042
91.875    0.930672268908
92.0    0.928851540616
92.125    0.928991596639
92.25    0.929971988796
92.375    0.959943977591
92.5    0.92380952381
92.625    0.923949579832
92.75    0.923949579832
92.875    0.925350140056
93.0    0.923389355742
93.125    0.916806722689
93.25    0.916806722689
93.375    0.916806722689
93.5    0.920868347339
93.625    0.916386554622
93.75    0.916386554622
93.875    0.915966386555
94.0    0.910084033613
94.125    0.90406162465
94.25    0.903921568627
94.375    0.926610644258
94.5    0.917226890756
94.625    0.917226890756
94.75    0.908543417367
94.875    0.908543417367
95.0    0.91106442577
95.125    0.91106442577
95.25    0.913305322129
95.375    0.91106442577
95.5    0.882913165266
95.625    0.883473389356
95.75    0.883473389356
95.875    0.942577030812
96.0    0.908683473389
96.125    0.898739495798
96.25    0.904341736695
96.375    0.904341736695
96.5    0.912044817927
96.625    0.912044817927
96.75    0.912044817927
96.875    0.912044817927
97.0    0.882212885154
97.125    0.882212885154
97.25    0.880952380952
97.375    0.880952380952
97.5    0.924369747899
97.625    0.924369747899
97.75    0.924369747899
97.875    0.924649859944
98.0    0.926050420168
98.125    0.926050420168
98.25    0.925210084034
98.375    0.925210084034
98.5    0.888095238095
98.625    0.88781512605
98.75    0.892016806723
98.875    0.892016806723
99.0    0.88893557423
99.125    0.888095238095
99.25    0.88837535014
99.375    0.88837535014
99.5    0.896918767507
99.625    0.896918767507
99.75    0.918207282913
99.875    0.918207282913
100.0    0.887254901961
100.125    0.890616246499
100.25    0.890616246499
100.375    0.890616246499
100.5    0.881232492997
100.625    0.883613445378
100.75    0.883193277311
100.875    0.883193277311
101.0    0.8918767507
101.125    0.891736694678
101.25    0.891736694678
101.375    0.894537815126
101.5    0.925070028011
101.625    0.925070028011
101.75    0.925070028011
101.875    0.925490196078
102.0    0.935854341737
102.125    0.935854341737
102.25    0.927591036415
102.375    0.927591036415
102.5    0.898879551821
102.625    0.898879551821
102.75    0.898879551821
102.875    0.899159663866
103.0    0.881512605042
103.125    0.88025210084
103.25    0.88025210084
103.375    0.88025210084
103.5    0.910364145658
103.625    0.910364145658
103.75    0.910364145658
103.875    0.910224089636
104.0    0.894677871148
104.125    0.895098039216
104.25    0.895098039216
104.375    0.895098039216
104.5    0.928291316527
104.625    0.928851540616
104.75    0.929691876751
104.875    0.929551820728
105.0    0.893417366947
105.125    0.893417366947
105.25    0.892296918767
105.375    0.902380952381
105.5    0.882352941176
105.625    0.941316526611
105.75    0.883193277311
105.875    0.883753501401
106.0    0.910224089636
106.125    0.910224089636
106.25    0.910224089636
106.375    0.910224089636
106.5    0.873949579832
106.625    0.874089635854
106.75    0.871708683473
106.875    0.879551820728
107.0    0.910364145658
107.125    0.910364145658
107.25    0.910364145658
107.375    0.910364145658
107.5    0.929831932773
107.625    0.929691876751
107.75    0.929971988796
107.875    0.929971988796
108.0    0.885014005602
108.125    0.885014005602
108.25    0.884733893557
108.375    0.884733893557
108.5    0.903641456583
108.625    0.900140056022
108.75    0.900140056022
108.875    0.900700280112
109.0    0.88893557423
109.125    0.88893557423
109.25    0.889075630252
109.375    0.888655462185
109.5    0.901260504202
109.625    0.901260504202
109.75    0.911764705882
109.875    0.911764705882
110.0    0.90056022409
110.125    0.90406162465
110.25    0.90406162465
110.375    0.90350140056
110.5    0.88893557423
110.625    0.88893557423
110.75    0.88893557423
110.875    0.88893557423
111.0    0.883473389356
111.125    0.883473389356
111.25    0.883473389356
111.375    0.890616246499
111.5    0.930392156863
111.625    0.930392156863
111.75    0.930392156863
111.875    0.929691876751
112.0    0.890896358543
112.125    0.890896358543
112.25    0.890896358543
112.375    0.890896358543
112.5    0.901400560224
112.625    0.901400560224
112.75    0.901400560224
112.875    0.901400560224
113.0    0.886834733894
113.125    0.886974789916
113.25    0.886974789916
113.375    0.886554621849
113.5    0.88431372549
113.625    0.887114845938
113.75    0.887394957983
113.875    0.887254901961
114.0    0.890896358543
114.125    0.893137254902
114.25    0.893137254902
114.375    0.890336134454
114.5    0.907282913165
114.625    0.906582633053
114.75    0.906582633053
114.875    0.906582633053
115.0    0.910364145658
115.125    0.901120448179
115.25    0.901120448179
115.375    0.911204481793
115.5    0.894677871148
115.625    0.894677871148
115.75    0.894677871148
115.875    0.894677871148
116.0    0.881932773109
116.125    0.881932773109
116.25    0.881932773109
116.375    0.881652661064
116.5    0.881932773109
116.625    0.881932773109
116.75    0.940196078431
116.875    0.882072829132
117.0    0.887254901961
117.125    0.887675070028
117.25    0.882072829132
117.375    0.884733893557
117.5    0.886834733894
117.625    0.886834733894
117.75    0.886834733894
117.875    0.91568627451
118.0    0.895658263305
118.125    0.895658263305
118.25    0.895518207283
118.375    0.900140056022
118.5    0.877030812325
118.625    0.877030812325
118.75    0.877030812325
118.875    0.877030812325
119.0    0.895378151261
119.125    0.894957983193
119.25    0.895798319328
119.375    0.895098039216
120.0    0.891596638655
120.125    0.891596638655
120.25    0.892296918767
120.375    0.892296918767
120.5    0.926470588235
120.625    0.926470588235
120.75    0.92619047619
120.875    0.92619047619
121.0    0.904201680672
121.125    0.906162464986
121.25    0.906162464986
121.375    0.905602240896
121.5    0.87619047619
121.625    0.87619047619
121.75    0.87619047619
121.875    0.875490196078
122.0    0.907703081232
122.125    0.907703081232
122.25    0.907703081232
122.375    0.907703081232
122.5    0.882492997199
122.625    0.882492997199
122.75    0.882492997199
122.875    0.882492997199
123.0    0.886694677871
123.125    0.886694677871
123.25    0.886694677871
123.375    0.886134453782
123.5    0.881652661064
123.625    0.881652661064
123.75    0.883333333333
123.875    0.883333333333
124.0    0.88137254902
124.125    0.881512605042
124.25    0.881512605042
124.375    0.881512605042
124.5    0.885994397759
124.625    0.885994397759
124.75    0.885994397759
124.875    0.885994397759
125.0    0.868347338936
125.125    0.889075630252
125.25    0.889075630252
125.375    0.889075630252
125.5    0.886834733894
125.625    0.886834733894
125.75    0.886834733894
125.875    0.886554621849
126.0    0.907703081232
126.125    0.90756302521
126.25    0.90756302521
126.375    0.90756302521
126.5    0.874929971989
126.625    0.874929971989
126.75    0.874789915966
126.875    0.874789915966
127.0    0.92675070028
127.125    0.868487394958
127.25    0.868487394958
127.375    0.871148459384
127.5    0.931232492997
127.625    0.924509803922
127.75    0.90406162465
127.875    0.893277310924
128.0    0.874929971989
128.125    0.874929971989
128.25    0.874929971989
128.375    0.87731092437
128.5    0.883753501401
128.625    0.883753501401
128.75    0.890476190476
128.875    0.890476190476
129.0    0.891176470588
129.125    0.891176470588
129.25    0.891036414566
129.375    0.891036414566
129.5    0.886554621849
129.625    0.886554621849
129.75    0.886554621849
129.875    0.886414565826
130.0    0.882212885154
130.125    0.882212885154
130.25    0.882212885154
130.375    0.882212885154
130.5    0.879691876751
130.625    0.879691876751
130.75    0.879691876751
130.875    0.879691876751
131.0    0.889495798319
131.125    0.893277310924
131.25    0.893277310924
131.375    0.893277310924
131.5    0.888515406162
131.625    0.888235294118
131.75    0.888235294118
131.875    0.888235294118
132.0    0.908403361345
132.125    0.908403361345
132.25    0.908403361345
132.375    0.908403361345
132.5    0.888655462185
132.625    0.888655462185
132.75    0.891596638655
132.875    0.891596638655
133.0    0.884453781513
133.125    0.891316526611
133.25    0.891316526611
133.375    0.891316526611
133.5    0.882212885154
133.625    0.882212885154
133.75    0.883753501401
133.875    0.883753501401
134.0    0.887955182073
134.125    0.887955182073
134.25    0.887955182073
134.375    0.887955182073
134.5    0.875490196078
134.625    0.87619047619
134.75    0.897338935574
134.875    0.875910364146
135.0    0.882492997199
135.125    0.882492997199
135.25    0.882492997199
135.375    0.882492997199
135.5    0.885854341737
135.625    0.885854341737
135.75    0.892156862745
135.875    0.892156862745
136.0    0.887535014006
136.125    0.887535014006
136.25    0.887535014006
136.375    0.887535014006
136.5    0.878151260504
136.625    0.878151260504
136.75    0.878151260504
136.875    0.878151260504
137.0    0.900980392157
137.125    0.901400560224
137.25    0.901400560224
137.375    0.891456582633
137.5    0.88837535014
137.625    0.88837535014
137.75    0.887675070028
137.875    0.887394957983
138.0    0.882633053221
138.125    0.882633053221
138.25    0.882633053221
138.375    0.882633053221
138.5    0.87675070028
138.625    0.87675070028
138.75    0.87675070028
138.875    0.87675070028
139.0    0.927450980392
139.125    0.927450980392
139.25    0.907703081232
139.375    0.90700280112
139.5    0.889075630252
139.625    0.889075630252
139.75    0.889075630252
139.875    0.891456582633
140.0    0.878851540616
140.125    0.878851540616
140.25    0.878851540616
140.375    0.878851540616
140.5    0.87380952381
140.625    0.87380952381
140.75    0.87380952381
140.875    0.87380952381
141.0    0.877450980392
141.125    0.877731092437
141.25    0.877731092437
141.375    0.877731092437
141.5    0.876890756303
141.625    0.876890756303
141.75    0.876890756303
141.875    0.877030812325
142.0    0.91218487395
142.125    0.91218487395
142.25    0.91218487395
142.375    0.91218487395
142.5    0.880392156863
142.625    0.880392156863
142.75    0.880392156863
142.875    0.880392156863
143.0    0.878151260504
143.125    0.878151260504
143.25    0.878851540616
143.375    0.879551820728
143.5    0.877450980392
143.625    0.877450980392
143.75    0.877450980392
143.875    0.876890756303
144.0    0.87731092437
144.125    0.87731092437
144.25    0.87731092437
144.375    0.87731092437
144.5    0.887254901961
144.625    0.887254901961
144.75    0.887254901961
144.875    0.887254901961
145.0    0.885994397759
145.125    0.885994397759
145.25    0.885994397759
145.375    0.885994397759
145.5    0.890756302521
145.625    0.890756302521
145.75    0.878711484594
145.875    0.879131652661
146.0    0.87380952381
146.125    0.87380952381
146.25    0.87380952381
146.375    0.87380952381
146.5    0.875910364146
146.625    0.876890756303
146.75    0.876890756303
146.875    0.876890756303
147.0    0.879551820728
147.125    0.879551820728
147.25    0.879551820728
147.375    0.879551820728
147.5    0.883193277311
147.625    0.883193277311
147.75    0.885434173669
147.875    0.885154061625
148.0    0.885714285714
148.125    0.888655462185
148.25    0.890476190476
148.375    0.889635854342
148.5    0.871988795518
148.625    0.871988795518
148.75    0.871988795518
148.875    0.871988795518
149.0    0.873949579832
149.125    0.873949579832
149.25    0.873949579832
149.375    0.874089635854
149.5    0.911764705882
149.625    0.911764705882
149.75    0.911764705882
149.875    0.907142857143
150.0    0.879411764706
150.125    0.879411764706
150.25    0.879411764706
150.375    0.879411764706
150.5    0.885854341737
150.625    0.885854341737
150.75    0.885854341737
150.875    0.886274509804
151.0    0.908823529412
151.125    0.91106442577
151.25    0.91106442577
151.375    0.91106442577
151.5    0.879411764706
151.625    0.878711484594
151.75    0.878711484594
151.875    0.878711484594
152.0    0.871708683473
152.125    0.87268907563
152.25    0.872128851541
152.375    0.871428571429
152.5    0.872268907563
152.625    0.872268907563
152.75    0.872268907563
152.875    0.872268907563
153.0    0.872268907563
153.125    0.872268907563
153.25    0.872268907563
153.375    0.872268907563
153.5    0.9081232493
153.625    0.9081232493
153.75    0.898739495798
153.875    0.898739495798
154.0    0.878711484594
154.125    0.878711484594
154.25    0.880392156863
154.375    0.880392156863
154.5    0.9081232493
154.625    0.9081232493
154.75    0.907983193277
154.875    0.895798319328
155.0    0.873109243697
155.125    0.883193277311
155.25    0.880532212885
155.375    0.871708683473
155.5    0.880392156863
155.625    0.880392156863
155.75    0.880392156863
155.875    0.879831932773
156.0    0.865546218487
156.125    0.864985994398
156.25    0.864985994398
156.375    0.865266106443
156.5    0.878711484594
156.625    0.878711484594
156.75    0.88025210084
156.875    0.88025210084
157.0    0.904901960784
157.125    0.904901960784
157.25    0.904901960784
157.375    0.904901960784
157.5    0.888795518207
157.625    0.888795518207
157.75    0.869047619048
157.875    0.869887955182
158.0    0.883613445378
158.125    0.883613445378
158.25    0.884173669468
158.375    0.883613445378
158.5    0.87380952381
158.625    0.87380952381
158.75    0.874509803922
158.875    0.874089635854
159.0    0.880392156863
159.125    0.880532212885
159.25    0.880532212885
159.375    0.880532212885
159.5    0.879131652661
159.625    0.879131652661
159.75    0.879131652661
159.875    0.879131652661
160.0    0.88081232493
160.125    0.88081232493
160.25    0.880112044818
160.375    0.88025210084
160.5    0.882492997199
160.625    0.882492997199
160.75    0.882773109244
160.875    0.882773109244
161.0    0.877450980392
161.125    0.877450980392
161.25    0.877450980392
161.375    0.877450980392
161.5    0.874929971989
161.625    0.874929971989
161.75    0.874929971989
161.875    0.875630252101
162.0    0.867787114846
162.125    0.867787114846
162.25    0.867787114846
162.375    0.867787114846
162.5    0.867507002801
162.625    0.867507002801
162.75    0.867507002801
162.875    0.867507002801
163.0    0.87731092437
163.125    0.87731092437
163.25    0.87731092437
163.375    0.87731092437
163.5    0.908683473389
163.625    0.908963585434
163.75    0.908963585434
163.875    0.908963585434
164.0    0.886554621849
164.125    0.886554621849
164.25    0.885994397759
164.375    0.885994397759
164.5    0.871288515406
164.625    0.871288515406
164.75    0.871288515406
164.875    0.872408963585
165.0    0.876330532213
165.125    0.882633053221
165.25    0.882633053221
165.375    0.882633053221
165.5    0.877871148459
165.625    0.877871148459
165.75    0.878291316527
165.875    0.877871148459
166.0    0.884593837535
166.125    0.884593837535
166.25    0.884733893557
166.375    0.862464985994
166.5    0.87675070028
166.625    0.87675070028
166.75    0.87675070028
166.875    0.87675070028
167.0    0.907843137255
167.125    0.907843137255
167.25    0.907843137255
167.375    0.907843137255
167.5    0.87731092437
167.625    0.87731092437
167.75    0.877731092437
167.875    0.877731092437
168.0    0.88081232493
168.125    0.884173669468
168.25    0.884173669468
168.375    0.884173669468
168.5    0.867787114846
168.625    0.867787114846
168.75    0.867787114846
168.875    0.867787114846
169.0    0.872408963585
169.125    0.872408963585
169.25    0.872408963585
169.375    0.872408963585
169.5    0.87619047619
169.625    0.87619047619
169.75    0.87619047619
169.875    0.876470588235
170.0    0.875210084034
170.125    0.875210084034
170.25    0.875210084034
170.375    0.874649859944
170.5    0.874089635854
170.625    0.874089635854
170.75    0.874089635854
170.875    0.874089635854
171.0    0.873109243697
171.125    0.873109243697
171.25    0.873109243697
171.375    0.873109243697
171.5    0.875770308123
171.625    0.875770308123
171.75    0.875770308123
171.875    0.875770308123
172.0    0.877170868347
172.125    0.880672268908
172.25    0.880672268908
172.375    0.880672268908
172.5    0.884033613445
172.625    0.884033613445
172.75    0.884033613445
172.875    0.886834733894
173.0    0.870588235294
173.125    0.870588235294
173.25    0.870588235294
173.375    0.870588235294
173.5    0.870168067227
173.625    0.870168067227
173.75    0.870868347339
173.875    0.881792717087
174.0    0.868907563025
174.125    0.868907563025
174.25    0.868907563025
174.375    0.868487394958
174.5    0.905462184874
174.625    0.888795518207
174.75    0.888795518207
174.875    0.887394957983
175.0    0.875210084034
175.125    0.875630252101
175.25    0.875630252101
175.375    0.875350140056
175.5    0.885854341737
175.625    0.885854341737
175.75    0.886274509804
175.875    0.886694677871
176.0    0.876890756303
176.125    0.87675070028
176.25    0.87675070028
176.375    0.877170868347
176.5    0.877731092437
176.625    0.877731092437
176.75    0.877731092437
176.875    0.877731092437
177.0    0.902100840336
177.125    0.902100840336
177.25    0.902100840336
177.375    0.902100840336
177.5    0.86862745098
177.625    0.86862745098
177.75    0.871988795518
177.875    0.871988795518
178.0    0.878851540616
178.125    0.878851540616
178.25    0.878851540616
178.375    0.878851540616
178.5    0.86974789916
178.625    0.86974789916
178.75    0.86974789916
178.875    0.86974789916
179.0    0.870168067227
179.125    0.870168067227
179.25    0.870168067227
179.375    0.870168067227
180.0    0.872829131653
180.125    0.872829131653
180.25    0.872829131653
180.375    0.871708683473
180.5    0.880672268908
180.625    0.880672268908
180.75    0.880672268908
180.875    0.880672268908
181.0    0.87675070028
181.125    0.87675070028
181.25    0.87675070028
181.375    0.87675070028
181.5    0.867086834734
181.625    0.867086834734
181.75    0.867086834734
181.875    0.867086834734
182.0    0.876330532213
182.125    0.876330532213
182.25    0.877450980392
182.375    0.876330532213
182.5    0.871848739496
182.625    0.872408963585
182.75    0.871988795518
182.875    0.876610644258
183.0    0.902240896359
183.125    0.902240896359
183.25    0.902661064426
183.375    0.902661064426
183.5    0.908403361345
183.625    0.892156862745
183.75    0.892156862745
183.875    0.892156862745
184.0    0.86512605042
184.125    0.86512605042
184.25    0.86512605042
184.375    0.86512605042
184.5    0.877170868347
184.625    0.877170868347
184.75    0.877170868347
184.875    0.877170868347
185.0    0.879551820728
185.125    0.879551820728
185.25    0.879551820728
185.375    0.879691876751
185.5    0.888235294118
185.625    0.888235294118
185.75    0.882913165266
185.875    0.882913165266
186.0    0.872969187675
186.125    0.872969187675
186.25    0.876330532213
186.375    0.876330532213
186.5    0.871568627451
186.625    0.871568627451
186.75    0.871568627451
186.875    0.872969187675
187.0    0.870868347339
187.125    0.870868347339
187.25    0.870868347339
187.375    0.861904761905
187.5    0.861764705882
187.625    0.862464985994
187.75    0.861764705882
187.875    0.861764705882
188.0    0.869607843137
188.125    0.869607843137
188.25    0.869607843137
188.375    0.869607843137
188.5    0.858823529412
188.625    0.859103641457
188.75    0.859663865546
188.875    0.888515406162
189.0    0.854621848739
189.125    0.854621848739
189.25    0.883193277311
189.375    0.872128851541
189.5    0.863025210084
189.625    0.890896358543
189.75    0.880392156863
189.875    0.880392156863
190.0    0.882633053221
190.125    0.882633053221
190.25    0.882633053221
190.375    0.882633053221
190.5    0.878571428571
190.625    0.878571428571
190.75    0.882352941176
190.875    0.882352941176
191.0    0.869327731092
191.125    0.869327731092
191.25    0.869327731092
191.375    0.869327731092
191.5    0.871288515406
191.625    0.871288515406
191.75    0.848739495798
191.875    0.859383753501
192.0    0.857843137255
192.125    0.857843137255
192.25    0.857843137255
192.375    0.857843137255
192.5    0.878011204482
192.625    0.878571428571
192.75    0.878571428571
192.875    0.878571428571
193.0    0.85406162465
193.125    0.85406162465
193.25    0.857703081232
193.375    0.85756302521
193.5    0.85700280112
193.625    0.856582633053
193.75    0.856582633053
193.875    0.856582633053
194.0    0.876050420168
194.125    0.87619047619
194.25    0.87619047619
194.375    0.87619047619
194.5    0.853361344538
194.625    0.853361344538
194.75    0.853361344538
194.875    0.853361344538
195.0    0.858263305322
195.125    0.858263305322
195.25    0.858263305322
195.375    0.858263305322
195.5    0.85350140056
195.625    0.85350140056
195.75    0.85350140056
195.875    0.85350140056
196.0    0.861204481793
196.125    0.861204481793
196.25    0.861204481793
196.375    0.861204481793
196.5    0.867507002801
196.625    0.867507002801
196.75    0.867507002801
196.875    0.867507002801
197.0    0.863445378151
197.125    0.863445378151
197.25    0.863445378151
197.375    0.863445378151
197.5    0.860644257703
197.625    0.860644257703
197.75    0.861904761905
197.875    0.861764705882
198.0    0.864985994398
198.125    0.864985994398
198.25    0.864985994398
198.375    0.864985994398
198.5    0.8581232493
198.625    0.860084033613
198.75    0.860084033613
198.875    0.860084033613
199.0    0.872408963585
199.125    0.872408963585
199.25    0.876890756303
199.375    0.876890756303
199.5    0.86162464986
199.625    0.86162464986
199.75    0.86162464986
199.875    0.864425770308
200.0    0.863865546218
200.125    0.863865546218
200.25    0.866806722689
200.375    0.866806722689
200.5    0.859943977591
200.625    0.858963585434
200.75    0.858823529412
200.875    0.859103641457
201.0    0.868907563025
201.125    0.868907563025
201.25    0.868907563025
201.375    0.869467787115
201.5    0.852240896359
201.625    0.852240896359
201.75    0.852240896359
201.875    0.852240896359
202.0    0.858543417367
202.125    0.858543417367
202.25    0.858543417367
202.375    0.858543417367
202.5    0.853641456583
202.625    0.852661064426
202.75    0.852801120448
202.875    0.853921568627
203.0    0.859523809524
203.125    0.859523809524
203.25    0.859523809524
203.375    0.859523809524
203.5    0.896358543417
203.625    0.87380952381
203.75    0.87380952381
203.875    0.87380952381
204.0    0.860364145658
204.125    0.860644257703
204.25    0.86162464986
204.375    0.86162464986
204.5    0.869327731092
204.625    0.869467787115
204.75    0.869467787115
204.875    0.869467787115
205.0    0.856862745098
205.125    0.857142857143
205.25    0.857142857143
205.375    0.865826330532
205.5    0.854621848739
205.625    0.854621848739
205.75    0.855322128852
205.875    0.855322128852
206.0    0.856302521008
206.125    0.856302521008
206.25    0.856302521008
206.375    0.859103641457
206.5    0.861904761905
206.625    0.861904761905
206.75    0.861904761905
206.875    0.861904761905
207.0    0.863865546218
207.125    0.863865546218
207.25    0.863865546218
207.375    0.863865546218
207.5    0.855322128852
207.625    0.855322128852
207.75    0.859383753501
207.875    0.859383753501
208.0    0.864565826331
208.125    0.864565826331
208.25    0.864565826331
208.375    0.864565826331
208.5    0.855182072829
208.625    0.855182072829
208.75    0.855182072829
208.875    0.855182072829
209.0    0.854761904762
209.125    0.854761904762
209.25    0.854761904762
209.375    0.854761904762
209.5    0.864145658263
209.625    0.864145658263
209.75    0.864285714286
209.875    0.864285714286
210.0    0.883473389356
210.125    0.883473389356
210.25    0.883473389356
210.375    0.883473389356
210.5    0.897759103641
210.625    0.897759103641
210.75    0.897759103641
210.875    0.897759103641
211.0    0.864425770308
211.125    0.865546218487
211.25    0.865406162465
211.375    0.865406162465
211.5    0.857142857143
211.625    0.857142857143
211.75    0.857142857143
211.875    0.857142857143
212.0    0.864005602241
212.125    0.864005602241
212.25    0.863025210084
212.375    0.864005602241
212.5    0.900420168067
212.625    0.900420168067
212.75    0.90056022409
212.875    0.90056022409
213.0    0.858823529412
213.125    0.858823529412
213.25    0.858823529412
213.375    0.858823529412
213.5    0.851540616246
213.625    0.851540616246
213.75    0.850980392157
213.875    0.850980392157
214.0    0.864705882353
214.125    0.864705882353
214.25    0.864705882353
214.375    0.864705882353
214.5    0.849299719888
214.625    0.853921568627
214.75    0.853921568627
214.875    0.853921568627
215.0    0.856722689076
215.125    0.856722689076
215.25    0.856862745098
215.375    0.856862745098
215.5    0.858403361345
215.625    0.858403361345
215.75    0.858403361345
215.875    0.865266106443
216.0    0.859103641457
216.125    0.859103641457
216.25    0.859103641457
216.375    0.860504201681
216.5    0.865546218487
216.625    0.865546218487
216.75    0.865546218487
216.875    0.865546218487
217.0    0.854621848739
217.125    0.854621848739
217.25    0.854621848739
217.375    0.854621848739
217.5    0.879971988796
217.625    0.879971988796
217.75    0.843697478992
217.875    0.843697478992
218.0    0.855322128852
218.125    0.855322128852
218.25    0.856022408964
218.375    0.854481792717
218.5    0.856862745098
218.625    0.856862745098
218.75    0.856862745098
218.875    0.856582633053
219.0    0.86218487395
219.125    0.86218487395
219.25    0.86218487395
219.375    0.86218487395
219.5    0.857843137255
219.625    0.857843137255
219.75    0.85
219.875    0.85
220.0    0.866106442577
220.125    0.866106442577
220.25    0.866106442577
220.375    0.866106442577
220.5    0.860224089636
220.625    0.860224089636
220.75    0.860224089636
220.875    0.860224089636
221.0    0.859103641457
221.125    0.859103641457
221.25    0.858823529412
221.375    0.858823529412
221.5    0.855742296919
221.625    0.855742296919
221.75    0.855742296919
221.875    0.855742296919
222.0    0.858823529412
222.125    0.858823529412
222.25    0.858823529412
222.375    0.858823529412
222.5    0.853921568627
222.625    0.853921568627
222.75    0.853921568627
222.875    0.853921568627
223.0    0.859523809524
223.125    0.859523809524
223.25    0.859523809524
223.375    0.859523809524
223.5    0.879691876751
223.625    0.879691876751
223.75    0.879691876751
223.875    0.879691876751
224.0    0.862044817927
224.125    0.864285714286
224.25    0.864285714286
224.375    0.872268907563
224.5    0.860224089636
224.625    0.860224089636
224.75    0.860224089636
224.875    0.860224089636
225.0    0.853361344538
225.125    0.854481792717
225.25    0.854481792717
225.375    0.854481792717
225.5    0.84537815126
225.625    0.84537815126
225.75    0.84537815126
225.875    0.852801120448
226.0    0.850700280112
226.125    0.850700280112
226.25    0.850700280112
226.375    0.849859943978
226.5    0.855742296919
226.625    0.855742296919
226.75    0.856302521008
226.875    0.856302521008
227.0    0.860224089636
227.125    0.860224089636
227.25    0.859803921569
227.375    0.859663865546
227.5    0.849159663866
227.625    0.85056022409
227.75    0.851120448179
227.875    0.851120448179
228.0    0.856302521008
228.125    0.856302521008
228.25    0.856302521008
228.375    0.856302521008
228.5    0.85350140056
228.625    0.85350140056
228.75    0.85350140056
228.875    0.85350140056
229.0    0.853641456583
229.125    0.853641456583
229.25    0.853641456583
229.375    0.850840336134
229.5    0.872268907563
229.625    0.872268907563
229.75    0.883053221289
229.875    0.883053221289
230.0    0.854761904762
230.125    0.854761904762
230.25    0.854761904762
230.375    0.854761904762
230.5    0.858263305322
230.625    0.858263305322
230.75    0.858263305322
230.875    0.858263305322
231.0    0.858823529412
231.125    0.858823529412
231.25    0.858823529412
231.375    0.857703081232
231.5    0.855322128852
231.625    0.855322128852
231.75    0.855322128852
231.875    0.855322128852
232.0    0.882492997199
232.125    0.882492997199
232.25    0.882492997199
232.375    0.860364145658
232.5    0.85056022409
232.625    0.85056022409
232.75    0.85056022409
232.875    0.85056022409
233.0    0.856582633053
233.125    0.856582633053
233.25    0.856582633053
233.375    0.856582633053
233.5    0.857703081232
233.625    0.857703081232
233.75    0.857703081232
233.875    0.857843137255
234.0    0.858683473389
234.125    0.858683473389
234.25    0.858683473389
234.375    0.858683473389
234.5    0.848879551821
234.625    0.848879551821
234.75    0.848879551821
234.875    0.848879551821
235.0    0.8418767507
235.125    0.873949579832
235.25    0.873949579832
235.375    0.873949579832
235.5    0.850980392157
235.625    0.850980392157
235.75    0.850980392157
235.875    0.850980392157
236.0    0.865406162465
236.125    0.843417366947
236.25    0.843417366947
236.375    0.843417366947
236.5    0.857282913165
236.625    0.857282913165
236.75    0.850280112045
236.875    0.850280112045
237.0    0.897058823529
237.125    0.897058823529
237.25    0.849579831933
237.375    0.849579831933
237.5    0.864705882353
237.625    0.864705882353
237.75    0.864705882353
237.875    0.864145658263
238.0    0.858823529412
238.125    0.858823529412
238.25    0.858823529412
238.375    0.858823529412
238.5    0.855462184874
238.625    0.855462184874
238.75    0.855462184874
238.875    0.85756302521
239.0    0.854341736695
239.125    0.854341736695
239.25    0.853361344538
239.375    0.853361344538
240.0    0.858683473389
240.125    0.858683473389
240.25    0.858683473389
240.375    0.8581232493
240.5    0.848319327731
240.625    0.848319327731
240.75    0.848319327731
240.875    0.848319327731
241.0    0.852380952381
241.125    0.852380952381
241.25    0.852380952381
241.375    0.852380952381
241.5    0.874369747899
241.625    0.874369747899
241.75    0.87380952381
241.875    0.87380952381
242.0    0.849859943978
242.125    0.849859943978
242.25    0.849859943978
242.375    0.851680672269
242.5    0.875770308123
242.625    0.875770308123
242.75    0.875770308123
242.875    0.874509803922
243.0    0.84943977591
243.125    0.84943977591
243.25    0.84943977591
243.375    0.84943977591
243.5    0.84943977591
243.625    0.84943977591
243.75    0.84943977591
243.875    0.84943977591
244.0    0.851400560224
244.125    0.851400560224
244.25    0.8418767507
244.375    0.8418767507
244.5    0.850980392157
244.625    0.850980392157
244.75    0.850980392157
244.875    0.850980392157
245.0    0.851400560224
245.125    0.851400560224
245.25    0.851400560224
245.375    0.851400560224
245.5    0.84243697479
245.625    0.84243697479
245.75    0.84243697479
245.875    0.843277310924
246.0    0.855602240896
246.125    0.855602240896
246.25    0.860224089636
246.375    0.860224089636
246.5    0.835714285714
246.625    0.835714285714
246.75    0.835714285714
246.875    0.835714285714
247.0    0.851680672269
247.125    0.851680672269
247.25    0.851680672269
247.375    0.851680672269
247.5    0.849299719888
247.625    0.849299719888
247.75    0.849299719888
247.875    0.850980392157
248.0    0.846078431373
248.125    0.846078431373
248.25    0.846078431373
248.375    0.846078431373
248.5    0.853221288515
248.625    0.853221288515
248.75    0.853221288515
248.875    0.853221288515
249.0    0.844957983193
249.125    0.844957983193
249.25    0.844957983193
249.375    0.844957983193
249.5    0.844397759104
249.625    0.844397759104
249.75    0.844397759104
249.875    0.844397759104
250.0    0.847619047619
250.125    0.847619047619
250.25    0.847619047619
250.375    0.847619047619
250.5    0.833613445378
250.625    0.833613445378
250.75    0.836414565826
250.875    0.836414565826
251.0    0.852100840336
251.125    0.852100840336
251.25    0.850700280112
251.375    0.85056022409
251.5    0.842717086835
251.625    0.842717086835
251.75    0.842717086835
251.875    0.842717086835
252.0    0.841596638655
252.125    0.841596638655
252.25    0.840896358543
252.375    0.840896358543
252.5    0.858963585434
252.625    0.858963585434
252.75    0.858963585434
252.875    0.859663865546
253.0    0.848179271709
253.125    0.849019607843
253.25    0.848179271709
253.375    0.848179271709
253.5    0.848179271709
253.625    0.848319327731
253.75    0.85056022409
253.875    0.85056022409
254.0    0.852380952381
254.125    0.852380952381
254.25    0.852380952381
254.375    0.852380952381
254.5    0.851820728291
254.625    0.851820728291
254.75    0.851820728291
254.875    0.851820728291
255.0    0.858263305322
255.125    0.858263305322
255.25    0.858263305322
255.375    0.835294117647
255.5    0.845238095238
255.625    0.845238095238
255.75    0.845238095238
255.875    0.845238095238
256.0    0.851260504202
256.125    0.851260504202
256.25    0.851260504202
256.375    0.851260504202
256.5    0.846078431373
256.625    0.846078431373
256.75    0.84649859944
256.875    0.84649859944
257.0    0.857282913165
257.125    0.857843137255
257.25    0.857843137255
257.375    0.857843137255
257.5    0.848319327731
257.625    0.848319327731
257.75    0.848319327731
257.875    0.848319327731
258.0    0.84593837535
258.125    0.84593837535
258.25    0.84593837535
258.375    0.84593837535
258.5    0.850980392157
258.625    0.851820728291
258.75    0.850700280112
258.875    0.850700280112
259.0    0.849299719888
259.125    0.849299719888
259.25    0.849299719888
259.375    0.849299719888
259.5    0.85056022409
259.625    0.85056022409
259.75    0.85056022409
259.875    0.85
260.0    0.855462184874
260.125    0.855462184874
260.25    0.855462184874
260.375    0.855462184874
260.5    0.850420168067
260.625    0.850420168067
260.75    0.850420168067
260.875    0.850420168067
261.0    0.843277310924
261.125    0.843277310924
261.25    0.843277310924
261.375    0.842717086835
261.5    0.850840336134
261.625    0.850840336134
261.75    0.850840336134
261.875    0.850840336134
262.0    0.845518207283
262.125    0.845518207283
262.25    0.845518207283
262.375    0.845518207283
262.5    0.84537815126
262.625    0.84537815126
262.75    0.84537815126
262.875    0.845658263305
263.0    0.846918767507
263.125    0.846918767507
263.25    0.846918767507
263.375    0.846918767507
263.5    0.881932773109
263.625    0.881932773109
263.75    0.881932773109
263.875    0.881932773109
264.0    0.853081232493
264.125    0.853081232493
264.25    0.853081232493
264.375    0.853081232493
264.5    0.849859943978
264.625    0.849859943978
264.75    0.849859943978
264.875    0.849859943978
265.0    0.885714285714
265.125    0.885714285714
265.25    0.885994397759
265.375    0.885994397759
265.5    0.875070028011
265.625    0.875070028011
265.75    0.875070028011
265.875    0.875070028011
266.0    0.849719887955
266.125    0.849719887955
266.25    0.849719887955
266.375    0.849719887955
266.5    0.858543417367
266.625    0.829971988796
266.75    0.829971988796
266.875    0.829971988796
267.0    0.851120448179
267.125    0.851120448179
267.25    0.851120448179
267.375    0.851120448179
267.5    0.849579831933
267.625    0.849579831933
267.75    0.849579831933
267.875    0.849579831933
268.0    0.853361344538
268.125    0.853361344538
268.25    0.851260504202
268.375    0.851260504202
268.5    0.854201680672
268.625    0.854201680672
268.75    0.859803921569
268.875    0.859803921569
269.0    0.876610644258
269.125    0.876610644258
269.25    0.876610644258
269.375    0.876610644258
269.5    0.840476190476
269.625    0.840476190476
269.75    0.840476190476
269.875    0.849299719888
270.0    0.870588235294
270.125    0.870588235294
270.25    0.870588235294
270.375    0.871708683473
270.5    0.840336134454
270.625    0.840336134454
270.75    0.840336134454
270.875    0.840336134454
271.0    0.834593837535
271.125    0.835574229692
271.25    0.835574229692
271.375    0.835574229692
271.5    0.855042016807
271.625    0.855042016807
271.75    0.855462184874
271.875    0.84943977591
272.0    0.789915966387
272.125    0.789915966387
272.25    0.789915966387
272.375    0.80056022409
272.5    0.833053221289
272.625    0.833053221289
272.75    0.833053221289
272.875    0.833053221289
273.0    0.801260504202
273.125    0.801260504202
273.25    0.801260504202
273.375    0.801260504202
273.5    0.86162464986
273.625    0.86162464986
273.75    0.86162464986
273.875    0.86162464986
274.0    0.853221288515
274.125    0.853221288515
274.25    0.853221288515
274.375    0.853221288515
274.5    0.882352941176
274.625    0.882352941176
274.75    0.865546218487
274.875    0.865546218487
275.0    0.848879551821
275.125    0.848879551821
275.25    0.848879551821
275.375    0.848879551821
275.5    0.846778711485
275.625    0.846778711485
275.75    0.846778711485
275.875    0.846778711485
276.0    0.840616246499
276.125    0.840616246499
276.25    0.840616246499
276.375    0.840616246499
276.5    0.850280112045
276.625    0.850280112045
276.75    0.853081232493
276.875    0.853081232493
277.0    0.847759103641
277.125    0.847759103641
277.25    0.847759103641
277.375    0.847759103641
277.5    0.844117647059
277.625    0.844117647059
277.75    0.844117647059
277.875    0.842857142857
278.0    0.846918767507
278.125    0.846918767507
278.25    0.846918767507
278.375    0.834453781513
278.5    0.845238095238
278.625    0.845238095238
278.75    0.845238095238
278.875    0.845238095238
279.0    0.845098039216
279.125    0.845098039216
279.25    0.851820728291
279.375    0.851820728291
279.5    0.834033613445
279.625    0.834033613445
279.75    0.834033613445
279.875    0.834453781513
280.0    0.825210084034
280.125    0.825210084034
280.25    0.825210084034
280.375    0.825210084034
280.5    0.846358543417
280.625    0.846358543417
280.75    0.846358543417
280.875    0.846358543417
281.0    0.843977591036
281.125    0.843977591036
281.25    0.843977591036
281.375    0.843977591036
281.5    0.83893557423
281.625    0.83893557423
281.75    0.838655462185
281.875    0.83893557423
282.0    0.848039215686
282.125    0.848039215686
282.25    0.848039215686
282.375    0.848039215686
282.5    0.847759103641
282.625    0.847759103641
282.75    0.847759103641
282.875    0.847759103641
283.0    0.829831932773
283.125    0.829831932773
283.25    0.829831932773
283.375    0.841036414566
283.5    0.847198879552
283.625    0.849579831933
283.75    0.849019607843
283.875    0.849579831933
284.0    0.841176470588
284.125    0.841176470588
284.25    0.841176470588
284.375    0.840756302521
284.5    0.83137254902
284.625    0.83137254902
284.75    0.83137254902
284.875    0.83137254902
285.0    0.835994397759
285.125    0.835994397759
285.25    0.835994397759
285.375    0.835994397759
285.5    0.833193277311
285.625    0.833193277311
285.75    0.833193277311
285.875    0.833193277311
286.0    0.828711484594
286.125    0.832072829132
286.25    0.824929971989
286.375    0.826470588235
286.5    0.831792717087
286.625    0.831792717087
286.75    0.831792717087
286.875    0.831792717087
287.0    0.847619047619
287.125    0.847619047619
287.25    0.847619047619
287.375    0.847619047619
287.5    0.838655462185
287.625    0.838655462185
287.75    0.838655462185
287.875    0.838095238095
288.0    0.846918767507
288.125    0.846918767507
288.25    0.846918767507
288.375    0.846918767507
288.5    0.837114845938
288.625    0.837114845938
288.75    0.837114845938
288.875    0.837394957983
289.0    0.835014005602
289.125    0.835014005602
289.25    0.835014005602
289.375    0.835014005602
289.5    0.852100840336
289.625    0.852100840336
289.75    0.852100840336
289.875    0.852100840336
290.0    0.827731092437
290.125    0.827731092437
290.25    0.827731092437
290.375    0.827731092437
290.5    0.852661064426
290.625    0.852661064426
290.75    0.852661064426
290.875    0.852661064426
291.0    0.820588235294
291.125    0.820588235294
291.25    0.820588235294
291.375    0.820588235294
291.5    0.833193277311
291.625    0.833193277311
291.75    0.832913165266
291.875    0.832913165266
292.0    0.835994397759
292.125    0.835994397759
292.25    0.835994397759
292.375    0.835994397759
292.5    0.833053221289
292.625    0.833053221289
292.75    0.833053221289
292.875    0.833053221289
293.0    0.832492997199
293.125    0.832492997199
293.25    0.832492997199
293.375    0.832492997199
293.5    0.839635854342
293.625    0.839635854342
293.75    0.839635854342
293.875    0.839635854342
294.0    0.860084033613
294.125    0.860364145658
