0.0    -0.653600249503
0.125    -0.653229893571
0.25    -0.653834158512
0.375    -0.65385365093
0.5    -0.655939339597
0.625    -0.655939339597
0.75    -0.655744415422
0.875    -0.656036801684
1.0    -0.654711317298
1.125    -0.65484776422
1.25    -0.655413044326
1.375    -0.654477408288
1.5    -0.654224006861
1.625    -0.654224006861
1.75    -0.654224006861
1.875    -0.654224006861
2.0    -0.652060348524
2.125    -0.652060348524
2.25    -0.652060348524
2.375    -0.652060348524
2.5    -0.65293750731
2.625    -0.653073954232
2.75    -0.655042688394
2.875    -0.655101165647
3.0    -0.655393551908
3.125    -0.655861369927
3.25    -0.655861369927
3.375    -0.654029082687
3.5    -0.653990097852
3.625    -0.652956999727
3.75    -0.652956999727
3.875    -0.652956999727
4.0    -0.655510506413
4.125    -0.655510506413
4.25    -0.655510506413
4.375    -0.654964718724
4.5    -0.654009590269
4.625    -0.654009590269
4.75    -0.653912128182
4.875    -0.653912128182
5.0    -0.652060348524
5.125    -0.654243499279
5.25    -0.65186542435
5.375    -0.654379946201
5.5    -0.653268878406
5.625    -0.653268878406
5.75    -0.653268878406
5.875    -0.653268878406
6.0    -0.655646953335
6.125    -0.655276597404
6.25    -0.654828271802
6.375    -0.652995984562
6.5    -0.652508674126
6.625    -0.652567151378
6.75    -0.652469689291
6.875    -0.652469689291
7.0    -0.652079840942
7.125    -0.652079840942
7.25    -0.652079840942
7.375    -0.65194339402
7.5    -0.651748469845
7.625    -0.651748469845
7.75    -0.651748469845
7.875    -0.651748469845
8.0    -0.651884916767
8.125    -0.65202136369
8.25    -0.65202136369
8.375    -0.65202136369
8.5    -0.651163697322
8.625    -0.651163697322
8.75    -0.651163697322
8.875    -0.651163697322
9.0    -0.651670500175
9.125    -0.651670500175
9.25    -0.652333242369
9.375    -0.651534053253
9.5    -0.650929788312
9.625    -0.650929788312
9.75    -0.651163697322
9.875    -0.650617909633
10.0    -0.650851818643
10.125    -0.650851818643
10.25    -0.650851818643
10.375    -0.650851818643
10.5    -0.650520447546
10.625    -0.650520447546
10.75    -0.650520447546
10.875    -0.650520447546
11.0    -0.649584811508
11.125    -0.649584811508
11.25    -0.649584811508
11.375    -0.649584811508
11.5    -0.650773848973
11.625    -0.650773848973
11.75    -0.650773848973
11.875    -0.650773848973
12.0    -0.650461970294
12.125    -0.650598417216
12.25    -0.650598417216
12.375    -0.650598417216
12.5    -0.652840045222
12.625    -0.652840045222
12.75    -0.652840045222
12.875    -0.652840045222
13.0    -0.650286538537
13.125    -0.650286538537
13.25    -0.650286538537
13.375    -0.64880511481
13.5    -0.650306030954
13.625    -0.650306030954
13.75    -0.652079840942
13.875    -0.651163697322
14.0    -0.65094928073
14.125    -0.65094928073
14.25    -0.65094928073
14.375    -0.65094928073
14.5    -0.649487349421
14.625    -0.649487349421
14.75    -0.649487349421
14.875    -0.649389887334
15.0    -0.650695879303
15.125    -0.650695879303
15.25    -0.649000038985
15.375    -0.651183189739
15.5    -0.650072121945
15.625    -0.648785622393
15.75    -0.648785622393
15.875    -0.648473743714
16.0    -0.649097501072
16.125    -0.648688160306
16.25    -0.646914350318
16.375    -0.648278819539
16.5    -0.650988265565
16.625    -0.651631515341
16.75    -0.651631515341
16.875    -0.651631515341
17.0    -0.648824607228
17.125    -0.648980546567
17.25    -0.649974659857
17.375    -0.649760243265
17.5    -0.649448364586
17.625    -0.649448364586
17.75    -0.649409379751
17.875    -0.649409379751
18.0    -0.649292425247
18.125    -0.649584811508
18.25    -0.648863592063
18.375    -0.649311917664
18.5    -0.647947448443
18.625    -0.64781100152
18.75    -0.647284706249
18.875    -0.648181357452
19.0    -0.645452419009
19.125    -0.645998206698
19.25    -0.646777903396
19.375    -0.647927956025
19.5    -0.648902576898
19.625    -0.647616077346
19.75    -0.647616077346
19.875    -0.647616077346
20.0    -0.650228061284
20.125    -0.650228061284
20.25    -0.650228061284
20.375    -0.650228061284
20.5    -0.647226228997
20.625    -0.647226228997
20.75    -0.647226228997
20.875    -0.647382168337
21.0    -0.648395774044
21.125    -0.648902576898
21.25    -0.650325523371
21.375    -0.650325523371
21.5    -0.648025418112
21.625    -0.648025418112
21.75    -0.647616077346
21.875    -0.647616077346
22.0    -0.648844099645
22.125    -0.648844099645
22.25    -0.648317804374
22.375    -0.648317804374
22.5    -0.648649175471
22.625    -0.648649175471
22.75    -0.648649175471
22.875    -0.648532220966
23.0    -0.650539939963
23.125    -0.650013644692
23.25    -0.650013644692
23.375    -0.650013644692
23.5    -0.648103387782
23.625    -0.648142372617
23.75    -0.648142372617
23.875    -0.648142372617
24.0    -0.646232115707
24.125    -0.646232115707
24.25    -0.646232115707
24.375    -0.64712876691
24.5    -0.647245721414
24.625    -0.647382168337
24.75    -0.647382168337
24.875    -0.648161865035
25.0    -0.648317804374
25.125    -0.648317804374
25.25    -0.648317804374
25.375    -0.648103387782
25.5    -0.649779735683
25.625    -0.649701766013
25.75    -0.649701766013
25.875    -0.648493236131
26.0    -0.647382168337
26.125    -0.647382168337
26.25    -0.647382168337
26.375    -0.647382168337
26.5    -0.647089782075
26.625    -0.647947448443
26.75    -0.647089782075
26.875    -0.647362675919
27.0    -0.649487349421
27.125    -0.649487349421
27.25    -0.649487349421
27.375    -0.648395774044
27.5    -0.647187244162
27.625    -0.647187244162
27.75    -0.647187244162
27.875    -0.648025418112
28.0    -0.64781100152
28.125    -0.647596584928
28.25    -0.647538107676
28.375    -0.647538107676
28.5    -0.647733031851
28.625    -0.647733031851
28.75    -0.647733031851
28.875    -0.647733031851
29.0    -0.646680441308
29.125    -0.646680441308
29.25    -0.646680441308
29.375    -0.646680441308
29.5    -0.649136485907
29.625    -0.647733031851
29.75    -0.648278819539
29.875    -0.648278819539
30.0    -0.647518615259
30.125    -0.64796694086
30.25    -0.64796694086
30.375    -0.64788897119
30.5    -0.645686328018
30.625    -0.645393941757
30.75    -0.645842267358
30.875    -0.645842267358
31.0    -0.646290592959
31.125    -0.646290592959
31.25    -0.646388055047
31.375    -0.646388055047
31.5    -0.646115161202
31.625    -0.64788897119
31.75    -0.64788897119
31.875    -0.64788897119
32.0    -0.643932010448
32.125    -0.64705079724
32.25    -0.646446532299
32.375    -0.646446532299
32.5    -0.645082063077
32.625    -0.645082063077
32.75    -0.644945616155
32.875    -0.644945616155
33.0    -0.647596584928
33.125    -0.64796694086
33.25    -0.64796694086
33.375    -0.64796694086
33.5    -0.64307434408
33.625    -0.64712876691
33.75    -0.646992319988
33.875    -0.646992319988
34.0    -0.64521851
34.125    -0.645569373514
34.25    -0.645569373514
34.375    -0.645569373514
34.5    -0.645725312853
34.625    -0.647830493938
34.75    -0.647440645589
34.875    -0.647733031851
35.0    -0.646076176367
35.125    -0.646076176367
35.25    -0.646076176367
35.375    -0.643366730342
35.5    -0.646407547464
35.625    -0.646290592959
35.75    -0.646290592959
35.875    -0.646154146037
36.0    -0.644575260224
36.125    -0.64506257066
36.25    -0.64506257066
36.375    -0.64506257066
36.5    -0.643210791002
36.625    -0.644672722311
36.75    -0.645101555495
36.875    -0.645082063077
37.0    -0.646368562629
37.125    -0.644477798137
37.25    -0.644185411875
37.375    -0.644185411875
37.5    -0.644458305719
37.625    -0.644458305719
37.75    -0.644458305719
37.875    -0.644458305719
38.0    -0.641047132665
38.125    -0.641612412771
38.25    -0.641553935519
38.375    -0.641709874859
38.5    -0.644302366379
38.625    -0.644302366379
38.75    -0.644302366379
38.875    -0.647791509103
39.0    -0.645530388679
39.125    -0.644867646486
39.25    -0.644867646486
39.375    -0.645276987252
39.5    -0.643776071108
39.625    -0.643776071108
39.75    -0.643717593856
39.875    -0.643717593856
40.0    -0.644516782971
40.125    -0.644165919457
40.25    -0.643581146934
40.375    -0.643191298585
40.5    -0.642372617052
40.625    -0.642372617052
40.75    -0.642060738373
40.875    -0.642060738373
41.0    -0.642626018479
41.125    -0.642626018479
41.25    -0.642411601887
41.375    -0.642411601887
41.5    -0.643054851663
41.625    -0.642976881993
41.75    -0.64307434408
41.875    -0.644809169233
42.0    -0.645276987252
42.125    -0.645276987252
42.25    -0.645160032747
42.375    -0.645082063077
42.5    -0.64200226112
42.625    -0.64200226112
42.75    -0.642976881993
42.875    -0.64414642704
43.0    -0.644380336049
43.125    -0.644380336049
43.25    -0.641592920354
43.375    -0.641592920354
43.5    -0.639624186192
43.625    -0.63849362598
43.75    -0.641846321781
43.875    -0.643035359245
44.0    -0.639936064871
44.125    -0.640111496628
44.25    -0.640228451133
44.375    -0.63917586059
44.5    -0.641144594753
44.625    -0.640189466298
44.75    -0.640189466298
44.875    -0.639643678609
45.0    -0.63825971697
45.125    -0.63825971697
45.25    -0.63825971697
45.375    -0.63825971697
45.5    -0.639039413668
45.625    -0.638610580484
45.75    -0.639604693774
45.875    -0.639604693774
46.0    -0.641612412771
46.125    -0.641417488597
46.25    -0.643600639351
46.375    -0.639058906086
46.5    -0.637928345873
46.625    -0.637928345873
46.75    -0.638240224553
46.875    -0.638240224553
47.0    -0.640735253986
47.125    -0.640715761569
47.25    -0.640033526958
47.375    -0.637986823126
47.5    -0.639000428833
47.625    -0.638766519824
47.75    -0.638766519824
47.875    -0.638766519824
48.0    -0.635257884683
48.125    -0.63558925578
48.25    -0.637460527855
48.375    -0.63558925578
48.5    -0.636973217418
48.625    -0.637031694671
48.75    -0.636973217418
48.875    -0.636973217418
49.0    -0.634770574247
49.125    -0.634770574247
49.25    -0.639429262017
49.375    -0.637577482359
49.5    -0.637031694671
49.625    -0.637031694671
49.75    -0.637031694671
49.875    -0.638786012241
50.0    -0.63543331644
50.125    -0.639370784765
50.25    -0.636895247749
50.375    -0.636895247749
50.5    -0.637148649175
50.625    -0.638142762465
50.75    -0.638747027406
50.875    -0.63909789092
51.0    -0.636466414565
51.125    -0.636466414565
51.25    -0.636641846322
51.375    -0.63634946006
51.5    -0.638006315543
51.625    -0.638006315543
51.75    -0.635920626876
51.875    -0.636135043468
52.0    -0.635257884683
52.125    -0.635257884683
52.25    -0.635316361935
52.375    -0.635316361935
52.5    -0.63551128611
52.625    -0.634809559082
52.75    -0.63436123348
52.875    -0.634322248645
53.0    -0.634926513586
53.125    -0.635043468091
53.25    -0.635043468091
53.375    -0.634536665237
53.5    -0.635550270945
53.625    -0.635472301275
53.75    -0.633737476122
53.875    -0.63352305953
54.0    -0.634731589412
54.125    -0.634731589412
54.25    -0.634731589412
54.375    -0.634848543916
54.5    -0.633328135355
54.625    -0.633756968539
54.75    -0.63352305953
54.875    -0.63328915052
55.0    -0.63551128611
55.125    -0.63551128611
55.25    -0.633620521617
55.375    -0.636213013138
55.5    -0.634146816888
55.625    -0.634205294141
55.75    -0.634146816888
55.875    -0.632743362832
56.0    -0.63344508986
56.125    -0.632022143386
56.25    -0.634068847218
56.375    -0.633834938209
56.5    -0.63328915052
56.625    -0.633717983704
56.75    -0.633503567112
56.875    -0.633211180851
57.0    -0.631807726794
57.125    -0.631807726794
57.25    -0.63328915052
57.375    -0.631729757124
57.5    -0.632080620639
57.625    -0.631495848115
57.75    -0.630599196912
57.875    -0.632353514483
58.0    -0.631047522514
58.125    -0.632840824919
58.25    -0.632723870414
58.375    -0.631281431523
58.5    -0.63054071966
58.625    -0.630696659
58.75    -0.631339908776
58.875    -0.631164477018
59.0    -0.632645900745
59.125    -0.632645900745
59.25    -0.633172196016
59.375    -0.632743362832
59.5    -0.6323730069
59.625    -0.632782347667
59.75    -0.631417878445
59.875    -0.632353514483
60.0    -0.630716151417
60.125    -0.630716151417
60.25    -0.629897469884
60.375    -0.629955947137
60.5    -0.629916962302
60.625    -0.632840824919
60.75    -0.631924681299
60.875    -0.632139097891
61.0    -0.629254220108
61.125    -0.629644068457
61.25    -0.629644068457
61.375    -0.629819500214
61.5    -0.629000818682
61.625    -0.628844879342
61.75    -0.628844879342
61.875    -0.628766909672
62.0    -0.630131378894
62.125    -0.629994931971
62.25    -0.630053409224
62.375    -0.629644068457
62.5    -0.626954114849
62.625    -0.628221121984
62.75    -0.628455030993
62.875    -0.627889750887
63.0    -0.627733811547
63.125    -0.628123659896
63.25    -0.629195742856
63.375    -0.625979493977
63.5    -0.626934622432
63.625    -0.624692994425
63.75    -0.626037971229
63.875    -0.625375229036
64.0    -0.627227008694
64.125    -0.626096448482
64.25    -0.625667615298
64.375    -0.626778683092
64.5    -0.624498070251
64.625    -0.624965888269
64.75    -0.6248879186
64.875    -0.6248879186
65.0    -0.627967720557
65.125    -0.627110054189
65.25    -0.626174418151
65.375    -0.625628630463
65.5    -0.625082842774
65.625    -0.625238782114
65.75    -0.625180304861
65.875    -0.624303146076
66.0    -0.623640403883
66.125    -0.62389380531
66.25    -0.623698881135
66.375    -0.62480994893
66.5    -0.624517562668
66.625    -0.624400608163
66.75    -0.624400608163
66.875    -0.624400608163
67.0    -0.626681221005
67.125    -0.625687107715
67.25    -0.625687107715
67.375    -0.627382948033
67.5    -0.625765077385
67.625    -0.626115940899
67.75    -0.625862539472
67.875    -0.625979493977
68.0    -0.622724260263
68.125    -0.622353904331
68.25    -0.622061518069
68.375    -0.621554715216
68.5    -0.624088729484
68.625    -0.622704767845
68.75    -0.627012592102
68.875    -0.625199797279
69.0    -0.625667615298
69.125    -0.625667615298
69.25    -0.622100502904
69.375    -0.623387002456
69.5    -0.625433706288
69.625    -0.620814003353
69.75    -0.620814003353
69.875    -0.621964055982
70.0    -0.619215625122
70.125    -0.623913297727
70.25    -0.623913297727
70.375    -0.623913297727
70.5    -0.620502124674
70.625    -0.620443647421
70.75    -0.620287708082
70.875    -0.625433706288
71.0    -0.621203851702
71.125    -0.621203851702
71.25    -0.621944563565
71.375    -0.621164866867
71.5    -0.620560601926
71.625    -0.620560601926
71.75    -0.622197964992
71.875    -0.621808116643
72.0    -0.619020700947
72.125    -0.619410549296
72.25    -0.619430041714
72.375    -0.619624965888
72.5    -0.622100502904
72.625    -0.622178472574
72.75    -0.622587813341
72.875    -0.622119995322
73.0    -0.619332579627
73.125    -0.621320806206
73.25    -0.621866593895
73.375    -0.621866593895
73.5    -0.613056021208
73.625    -0.619274102374
73.75    -0.619352072044
73.875    -0.619293594792
74.0    -0.618494405676
74.125    -0.622197964992
74.25    -0.6178511559
74.375    -0.6178511559
74.5    -0.618552882929
74.625    -0.61808506491
74.75    -0.618455420841
74.875    -0.61792912557
75.0    -0.615999376243
75.125    -0.620170753577
75.25    -0.619508011384
75.375    -0.619508011384
75.5    -0.615999376243
75.625    -0.615999376243
75.75    -0.617734201396
75.875    -0.616915519863
76.0    -0.619897859733
76.125    -0.619897859733
76.25    -0.619897859733
76.375    -0.619118163035
76.5    -0.618572375346
76.625    -0.618728314686
76.75    -0.618708822268
76.875    -0.618377451171
77.0    -0.617792678648
77.125    -0.617792678648
77.25    -0.61525866438
77.375    -0.616662118436
77.5    -0.617324860629
77.625    -0.61510272504
77.75    -0.615687497563
77.875    -0.617324860629
78.0    -0.61609683833
78.125    -0.615453588554
78.25    -0.615453588554
78.375    -0.615219679545
78.5    -0.61601886866
78.625    -0.616623133601
78.75    -0.616681610853
78.875    -0.616681610853
79.0    -0.616818057776
79.125    -0.615706989981
79.25    -0.614323028342
79.375    -0.613465361974
79.5    -0.616408717009
79.625    -0.616798565358
79.75    -0.616506179096
79.875    -0.614050134498
80.0    -0.612900081868
80.125    -0.612900081868
80.25    -0.612549218354
80.375    -0.61212038517
80.5    -0.615005262953
80.625    -0.615005262953
80.75    -0.614966278118
80.875    -0.614147596585
81.0    -0.611983938248
81.125    -0.611983938248
81.25    -0.611730536821
81.375    -0.612646680441
81.5    -0.615668005146
81.625    -0.614011149663
81.75    -0.611672059569
81.875    -0.612217847257
82.0    -0.614225566255
82.125    -0.612588203189
82.25    -0.614206073837
82.375    -0.614011149663
82.5    -0.614303535925
82.625    -0.613679778566
82.75    -0.613445869557
82.875    -0.614069626915
83.0    -0.613367899887
83.125    -0.612919574286
83.25    -0.612627188024
83.375    -0.612705157694
83.5    -0.615726482398
83.625    -0.615726482398
83.75    -0.613816225488
83.875    -0.614284043507
84.0    -0.61410861175
84.125    -0.614011149663
84.25    -0.614011149663
84.375    -0.614011149663
84.5    -0.615492573389
84.625    -0.615492573389
84.75    -0.614712876691
84.875    -0.614810338778
85.0    -0.613855210323
85.125    -0.614342520759
85.25    -0.614342520759
85.375    -0.614439982847
85.5    -0.614771353943
85.625    -0.614771353943
85.75    -0.614771353943
85.875    -0.614712876691
86.0    -0.612393279014
86.125    -0.612471248684
86.25    -0.612334801762
86.375    -0.612646680441
86.5    -0.612490741102
86.625    -0.614245058672
86.75    -0.614011149663
86.875    -0.613796733071
87.0    -0.611711044404
87.125    -0.612178862423
87.25    -0.612003430665
87.375    -0.612022923083
87.5    -0.613231452965
87.625    -0.613231452965
87.75    -0.613231452965
87.875    -0.6132704378
88.0    -0.611789014074
88.125    -0.612081400335
88.25    -0.612081400335
88.375    -0.61709095162
88.5    -0.61395267241
88.625    -0.613095006043
88.75    -0.613095006043
88.875    -0.612783127363
89.0    -0.611633074734
89.125    -0.611633074734
89.25    -0.611711044404
89.375    -0.611633074734
89.5    -0.61120424155
89.625    -0.611145764298
89.75    -0.611886476161
89.875    -0.611555105064
90.0    -0.612100892753
90.125    -0.612100892753
90.25    -0.6120424155
90.375    -0.611321196055
90.5    -0.613017036373
90.625    -0.61311449846
90.75    -0.61311449846
90.875    -0.61311449846
91.0    -0.611769521656
91.125    -0.610872870453
91.25    -0.611223733967
91.375    -0.611165256715
91.5    -0.611711044404
91.625    -0.61227632451
91.75    -0.612178862423
91.875    -0.61303652879
92.0    -0.612412771432
92.125    -0.613289930217
92.25    -0.613289930217
92.375    -0.612880589451
92.5    -0.611613582316
92.625    -0.611009317376
92.75    -0.610580484192
92.875    -0.614381505594
93.0    -0.612607695606
93.125    -0.611905968578
93.25    -0.611925460996
93.375    -0.611925460996
93.5    -0.611321196055
93.625    -0.612315309345
93.75    -0.610502514522
93.875    -0.613367899887
94.0    -0.611145764298
94.125    -0.611184749133
94.25    -0.612373786597
94.375    -0.609410939145
94.5    -0.610580484192
94.625    -0.610346575182
94.75    -0.609313477057
94.875    -0.612724650111
95.0    -0.612373786597
95.125    -0.609625355737
95.25    -0.610151651008
95.375    -0.607169311138
95.5    -0.6091380453
95.625    -0.611944953413
95.75    -0.609527893649
95.875    -0.611184749133
96.0    -0.611847491326
96.125    -0.612861097033
96.25    -0.611243226385
96.375    -0.611477135394
96.5    -0.608923628708
96.625    -0.611087287045
96.75    -0.611535612647
96.875    -0.611457642977
97.0    -0.60937195431
97.125    -0.609352461892
97.25    -0.609352461892
97.375    -0.609352461892
97.5    -0.61104830221
97.625    -0.609001598378
97.75    -0.61104830221
97.875    -0.610755915949
98.0    -0.610483022104
98.125    -0.610249113095
98.25    -0.609196522553
98.375    -0.612451756267
98.5    -0.608611750029
98.625    -0.608475303107
98.75    -0.609352461892
98.875    -0.609976219251
99.0    -0.608845659039
99.125    -0.608709212116
99.25    -0.60929398464
99.375    -0.60822190168
99.5    -0.608280378933
99.625    -0.608533780359
99.75    -0.609391446727
99.875    -0.609157537718
100.0    -0.610424544852
100.125    -0.609410939145
100.25    -0.608163424428
100.375    -0.607364235312
100.5    -0.608416825855
100.625    -0.60738372773
100.75    -0.607578651904
100.875    -0.607247280808
101.0    -0.608514287942
101.125    -0.6091380453
101.25    -0.60929398464
101.375    -0.60722778839
101.5    -0.607013371798
101.625    -0.607286265643
101.75    -0.606740477954
101.875    -0.60753966707
102.0    -0.608319363768
102.125    -0.608260886515
102.25    -0.608260886515
102.375    -0.608260886515
102.5    -0.60555144049
102.625    -0.60555144049
102.75    -0.605570932907
102.875    -0.605453978402
103.0    -0.607520174652
103.125    -0.607715098827
103.25    -0.607987992671
103.375    -0.606837940041
103.5    -0.606954894546
103.625    -0.606214182683
103.75    -0.606175197848
103.875    -0.605453978402
104.0    -0.605687887412
104.125    -0.605492963237
104.25    -0.604011539511
104.375    -0.604615804452
104.5    -0.604791236209
104.625    -0.604674281704
104.75    -0.604440372695
104.875    -0.603992047094
105.0    -0.606584538614
105.125    -0.606155705431
105.25    -0.605765857082
105.375    -0.60249113095
105.5    -0.604342910608
105.625    -0.606136213013
105.75    -0.605824334334
105.875    -0.605765857082
106.0    -0.604381895443
106.125    -0.604362403025
106.25    -0.604362403025
106.375    -0.603719153249
106.5    -0.603095395891
106.625    -0.604674281704
106.75    -0.603446259405
106.875    -0.603855600172
107.0    -0.602841994464
107.125    -0.605122607306
107.25    -0.604109001598
107.375    -0.603933569841
107.5    -0.60463529687
107.625    -0.60463529687
107.75    -0.60463529687
107.875    -0.60722778839
108.0    -0.603992047094
108.125    -0.604070016763
108.25    -0.603602198745
108.375    -0.60356321391
108.5    -0.602315699193
108.625    -0.602257221941
108.75    -0.600678336127
108.875    -0.602393668863
109.0    -0.602198744688
109.125    -0.601906358427
109.25    -0.601867373592
109.375    -0.601652957
109.5    -0.603426766988
109.625    -0.603095395891
109.75    -0.603095395891
109.875    -0.602919964134
110.0    -0.603056411056
110.125    -0.603056411056
110.25    -0.602608085455
110.375    -0.601438540408
110.5    -0.60432341819
110.625    -0.60432341819
110.75    -0.604070016763
110.875    -0.600444427118
111.0    -0.603348797318
111.125    -0.603173365561
111.25    -0.602588593037
111.375    -0.603036918639
111.5    -0.601536002495
111.625    -0.600931737554
111.75    -0.601029199641
111.875    -0.600307980196
112.0    -0.599898639429
112.125    -0.59974270009
112.25    -0.601458032825
112.375    -0.599391836576
112.5    -0.601399555573
112.625    -0.602861486882
112.75    -0.602510623368
112.875    -0.603621691162
113.0    -0.602452146115
113.125    -0.60340727457
113.25    -0.604109001598
113.375    -0.599606253168
113.5    -0.601399555573
113.625    -0.601750419087
113.75    -0.601750419087
113.875    -0.601613972165
114.0    -0.598358738451
114.125    -0.598358738451
114.25    -0.602023312931
114.375    -0.601769911504
114.5    -0.598397723286
114.625    -0.59783244318
114.75    -0.597442594831
114.875    -0.597364625161
115.0    -0.599333359323
115.125    -0.597890920432
115.25    -0.601633464582
115.375    -0.601633464582
115.5    -0.599177419984
115.625    -0.598924018557
115.75    -0.600717320962
115.875    -0.600346965031
116.0    -0.600853767884
116.125    -0.600834275467
116.25    -0.601009707224
116.375    -0.600970722389
116.5    -0.598651124713
116.625    -0.598651124713
116.75    -0.5987485868
116.875    -0.5987485868
117.0    -0.598397723286
117.125    -0.598397723286
117.25    -0.598397723286
117.375    -0.59783244318
117.5    -0.598066352189
117.625    -0.598027367354
117.75    -0.597773965927
117.875    -0.597345132743
118.0    -0.598241783946
118.125    -0.598027367354
118.25    -0.597812950762
118.375    -0.598534170208
118.5    -0.598007874937
118.625    -0.597618026588
118.75    -0.59783244318
118.875    -0.597462087248
119.0    -0.598261276364
119.125    -0.59943082141
119.25    -0.598729094382
119.375    -0.598729094382
120.0    -0.597890920432
120.125    -0.597890920432
120.25    -0.598534170208
120.375    -0.598475692955
120.5    -0.596351019453
120.625    -0.596351019453
120.75    -0.595278936494
120.875    -0.595161981989
121.0    -0.599294374488
121.125    -0.597715488675
121.25    -0.597715488675
121.375    -0.598846048887
121.5    -0.596799345055
121.625    -0.596877314725
121.75    -0.599118942731
121.875    -0.599099450314
122.0    -0.598105337024
122.125    -0.597871428015
122.25    -0.597929905267
122.375    -0.597929905267
122.5    -0.598807064052
122.625    -0.598807064052
122.75    -0.598807064052
122.875    -0.598807064052
123.0    -0.595649292425
123.125    -0.595941678687
123.25    -0.596292542201
123.375    -0.599021480644
123.5    -0.597462087248
123.625    -0.597403609996
123.75    -0.597052746482
123.875    -0.597052746482
124.0    -0.594986550232
124.125    -0.596058633192
124.25    -0.596428989123
124.375    -0.596428989123
124.5    -0.596740867802
124.625    -0.594752641223
124.75    -0.593719543098
124.875    -0.59469416397
125.0    -0.598358738451
125.125    -0.598163814276
125.25    -0.598163814276
125.375    -0.597793458345
125.5    -0.594440762543
125.625    -0.593875482437
125.75    -0.593817005185
125.875    -0.594070406612
126.0    -0.596565436045
126.125    -0.596467973958
126.25    -0.596662898133
126.375    -0.597462087248
126.5    -0.596039140774
126.625    -0.5917118241
126.75    -0.595045027484
126.875    -0.594889088145
127.0    -0.595025535067
127.125    -0.594382285291
127.25    -0.594577209466
127.375    -0.594577209466
127.5    -0.59278390706
127.625    -0.592920353982
127.75    -0.593466141671
127.875    -0.592978831235
128.0    -0.596000155939
128.125    -0.595941678687
128.25    -0.595590815173
128.375    -0.596000155939
128.5    -0.595395890998
128.625    -0.594674671553
128.75    -0.594791626057
128.875    -0.593466141671
129.0    -0.593680558263
129.125    -0.593758527933
129.25    -0.593972944525
129.375    -0.59301781607
129.5    -0.591224513664
129.625    -0.595746754513
129.75    -0.593914467272
129.875    -0.59270593739
130.0    -0.591906748275
130.125    -0.591224513664
130.25    -0.591282990917
130.375    -0.591282990917
130.5    -0.592686444973
130.625    -0.59301781607
130.75    -0.593037308487
130.875    -0.5929398464
131.0    -0.59186776344
131.125    -0.592082180032
131.25    -0.592082180032
131.375    -0.592121164867
131.5    -0.592764414643
131.625    -0.592686444973
131.75    -0.592686444973
131.875    -0.592140657284
132.0    -0.59102958949
132.125    -0.590698218393
132.25    -0.590698218393
132.375    -0.590698218393
132.5    -0.591750808935
132.625    -0.592043195197
132.75    -0.592082180032
132.875    -0.5917118241
133.0    -0.591770301353
133.125    -0.591633854431
133.25    -0.593407664419
133.375    -0.590600756306
133.5    -0.589840552025
133.625    -0.589587150598
133.75    -0.589372734006
133.875    -0.589489688511
134.0    -0.589743089938
134.125    -0.589431211259
134.25    -0.589626135433
134.375    -0.589626135433
134.5    -0.590464309384
134.625    -0.590464309384
134.75    -0.590464309384
134.875    -0.590444816966
135.0    -0.5900354762
135.125    -0.589938014113
135.25    -0.590152430704
135.375    -0.589236287084
135.5    -0.584382675139
135.625    -0.584869985576
135.75    -0.589333749172
135.875    -0.588476082804
136.0    -0.58987953686
136.125    -0.58987953686
136.25    -0.589665120268
136.375    -0.589665120268
136.5    -0.587715878523
136.625    -0.587774355776
136.75    -0.587306537757
136.875    -0.587072628747
137.0    -0.583934349538
137.125    -0.583817395033
137.25    -0.583817395033
137.375    -0.583466531519
137.5    -0.586409886554
137.625    -0.586604810729
137.75    -0.586312424467
137.875    -0.586312424467
138.0    -0.584947955245
138.125    -0.584421659974
138.25    -0.583700440529
138.375    -0.5829987135
138.5    -0.584129273713
138.625    -0.583427546684
138.75    -0.582686834821
138.875    -0.582452925812
139.0    -0.585337803594
139.125    -0.585279326342
139.25    -0.586000545788
139.375    -0.58506490975
139.5    -0.584187750965
139.625    -0.584382675139
139.75    -0.583758917781
139.875    -0.585337803594
140.0    -0.582569880317
140.125    -0.582569880317
140.25    -0.579158707263
140.375    -0.579158707263
140.5    -0.58231647889
140.625    -0.581380842852
140.75    -0.582374956142
140.875    -0.582180031968
141.0    -0.578612919574
141.125    -0.579801957039
141.25    -0.579801957039
141.375    -0.579821449456
141.5    -0.577521344197
141.625    -0.577521344197
141.75    -0.577560329032
141.875    -0.577560329032
142.0    -0.581556274609
142.125    -0.580893532416
142.25    -0.580893532416
142.375    -0.580893532416
142.5    -0.577443374527
142.625    -0.577774745624
142.75    -0.577774745624
142.875    -0.577833222876
143.0    -0.578671396827
143.125    -0.578476472652
143.25    -0.577813730459
143.375    -0.576663677829
143.5    -0.576254337063
143.625    -0.576663677829
143.75    -0.575961950801
143.875    -0.576234844645
144.0    -0.577306927605
144.125    -0.577306927605
144.25    -0.577131495848
144.375    -0.576917079256
144.5    -0.574655958832
144.625    -0.574227125648
144.75    -0.574188140813
144.875    -0.57750185178
145.0    -0.579158707263
145.125    -0.578359518147
145.25    -0.578437487817
145.375    -0.576624692994
145.5    -0.576039920471
145.625    -0.576390783985
145.75    -0.576410276402
145.875    -0.575767026627
146.0    -0.575689056957
146.125    -0.575689056957
146.25    -0.575455147947
146.375    -0.575455147947
146.5    -0.574636466415
146.625    -0.574850883007
146.75    -0.574655958832
146.875    -0.574655958832
147.0    -0.57352539862
147.125    -0.572921133679
147.25    -0.572921133679
147.375    -0.573408444115
147.5    -0.574129663561
147.625    -0.57352539862
147.75    -0.573291489611
147.875    -0.573291489611
148.0    -0.571556664458
148.125    -0.571420217535
148.25    -0.572004990059
148.375    -0.570854937429
148.5    -0.571400725118
148.625    -0.571400725118
148.75    -0.570874429847
148.875    -0.570874429847
149.0    -0.570952399517
149.125    -0.570991384352
149.25    -0.570406611828
149.375    -0.573564383455
149.5    -0.570971891934
149.625    -0.570971891934
149.75    -0.570971891934
149.875    -0.567424271958
150.0    -0.570523566333
150.125    -0.570523566333
150.25    -0.570348134576
150.375    -0.570270164906
150.5    -0.569393006121
150.625    -0.569393006121
150.75    -0.568866710849
150.875    -0.567989552064
151.0    -0.56855483217
151.125    -0.567209855366
151.25    -0.568281938326
151.375    -0.564753810768
151.5    -0.569256559198
151.625    -0.569178589529
151.75    -0.569529453043
151.875    -0.569295544033
152.0    -0.565514015048
152.125    -0.564422439671
152.25    -0.564013098905
152.375    -0.563623250556
152.5    -0.564071576157
152.625    -0.562707106935
152.75    -0.562590152431
152.875    -0.564149545827
153.0    -0.564851272855
153.125    -0.56481228802
153.25    -0.565007212194
153.375    -0.565026704612
153.5    -0.562278273752
153.625    -0.560679895521
153.75    -0.561011266617
153.875    -0.562141826829
154.0    -0.562921523527
154.125    -0.563213909789
154.25    -0.563428326381
154.375    -0.560465478929
154.5    -0.562005379907
154.625    -0.562005379907
154.75    -0.56182994815
154.875    -0.562453705509
155.0    -0.561225683209
155.125    -0.560972281782
155.25    -0.561459592219
155.375    -0.55991969124
155.5    -0.559023040037
155.625    -0.559568827726
155.75    -0.559529842891
155.875    -0.558496744766
156.0    -0.558048419165
156.125    -0.560407001676
156.25    -0.559666289813
156.375    -0.558516237184
156.5    -0.556625472691
156.625    -0.556196639507
156.75    -0.556040700168
156.875    -0.5551830338
157.0    -0.557424661807
157.125    -0.556898366535
157.25    -0.556040700168
157.375    -0.554832170286
157.5    -0.556391563682
157.625    -0.555787298741
157.75    -0.553331254142
157.875    -0.554403337102
158.0    -0.554910139956
158.125    -0.554832170286
158.25    -0.555553389731
158.375    -0.554773693033
158.5    -0.551011656466
158.625    -0.55120658064
158.75    -0.550797239874
158.875    -0.551343027562
159.0    -0.552395618105
159.125    -0.551167595805
159.25    -0.550621808117
159.375    -0.549588709992
159.5    -0.550972671631
159.625    -0.55021246735
159.75    -0.550153990098
159.875    -0.550758255039
160.0    -0.550231959768
160.125    -0.550329421855
160.25    -0.550602315699
160.375    -0.550602315699
160.5    -0.551401504815
160.625    -0.549003937468
160.75    -0.550056528011
160.875    -0.550056528011
161.0    -0.545046976726
161.125    -0.544579158707
161.25    -0.548575104284
161.375    -0.546742817044
161.5    -0.547483528907
161.625    -0.547483528907
161.75    -0.546840279131
161.875    -0.547191142646
162.0    -0.545573271997
162.125    -0.546528400452
162.25    -0.547191142646
162.375    -0.54838018011
162.5    -0.543565553
162.625    -0.544072355854
162.75    -0.543565553
162.875    -0.54249347004
163.0    -0.547074188141
163.125    -0.544774082882
163.25    -0.544735098047
163.375    -0.545085961561
163.5    -0.543799462009
163.625    -0.54364352267
163.75    -0.543156212233
163.875    -0.542805348719
164.0    -0.543039257729
164.125    -0.543955401349
164.25    -0.544384234533
164.375    -0.544306264863
164.5    -0.544754590464
164.625    -0.545261393318
164.75    -0.544540173872
164.875    -0.542473977623
165.0    -0.543857939262
165.125    -0.543000272894
165.25    -0.543273166738
165.375    -0.542941795641
165.5    -0.544462204203
165.625    -0.543955401349
165.75    -0.543058750146
165.875    -0.543117227399
166.0    -0.543994386184
166.125    -0.544052863436
166.25    -0.542824841137
166.375    -0.541167985654
166.5    -0.543000272894
166.625    -0.543896924097
166.75    -0.543896924097
166.875    -0.542162098944
167.0    -0.54257143971
167.125    -0.542805348719
167.25    -0.540017933024
167.375    -0.54333164399
167.5    -0.544657128377
167.625    -0.543838446844
167.75    -0.547619975829
167.875    -0.546586877705
168.0    -0.545105453978
168.125    -0.543838446844
168.25    -0.542610424545
168.375    -0.544111340688
168.5    -0.543019765311
168.625    -0.544871544969
168.75    -0.544715605629
168.875    -0.546138552103
169.0    -0.543740984757
169.125    -0.546606370122
169.25    -0.547619975829
169.375    -0.545651241667
169.5    -0.546216521773
169.625    -0.544949514639
169.75    -0.544969007056
169.875    -0.545339362988
170.0    -0.546450430782
170.125    -0.54539784024
170.25    -0.545436825075
170.375    -0.545436825075
170.5    -0.548614089119
170.625    -0.547951346926
170.75    -0.547561498577
170.875    -0.547756422752
171.0    -0.546216521773
171.125    -0.545456317493
171.25    -0.545456317493
171.375    -0.544754590464
171.5    -0.546703832209
171.625    -0.546508908035
171.75    -0.547951346926
171.875    -0.548653073954
172.0    -0.547347081985
172.125    -0.547288604733
172.25    -0.548282718023
172.375    -0.545085961561
172.5    -0.546411445948
172.625    -0.546411445948
172.75    -0.546411445948
172.875    -0.546099567268
173.0    -0.550115005263
173.125    -0.548925967799
173.25    -0.55036840669
173.375    -0.549647187244
173.5    -0.55212272426
173.625    -0.548984445051
173.75    -0.550602315699
173.875    -0.550309929437
174.0    -0.551323535145
174.125    -0.552181201513
174.25    -0.55029043702
174.375    -0.550836224709
174.5    -0.549413278235
174.625    -0.548419164945
174.75    -0.548419164945
174.875    -0.547990331761
175.0    -0.550582823282
175.125    -0.550251452185
175.25    -0.550251452185
175.375    -0.549608202409
175.5    -0.551479474484
175.625    -0.549530232739
175.75    -0.549393785817
175.875    -0.548555611867
176.0    -0.551596428989
176.125    -0.550641300534
176.25    -0.551245565475
176.375    -0.552707496784
176.5    -0.554149935675
176.625    -0.552941405793
176.75    -0.549978558341
176.875    -0.548419164945
177.0    -0.552454095357
177.125    -0.552454095357
177.25    -0.55212272426
177.375    -0.552454095357
177.5    -0.553506685899
177.625    -0.553253284472
177.75    -0.550387899107
177.875    -0.549861603836
178.0    -0.549939573506
178.125    -0.553097345133
178.25    -0.551693891076
178.375    -0.550602315699
178.5    -0.553019375463
178.625    -0.551615921407
178.75    -0.55144048965
178.875    -0.551537951737
179.0    -0.554442321937
179.125    -0.553701610074
179.25    -0.552551557444
179.375    -0.552551557444
180.0    -0.555475420062
180.125    -0.553916026666
180.25    -0.5522786636
180.375    -0.5522786636
180.5    -0.554149935675
180.625    -0.55303886788
180.75    -0.55327277689
180.875    -0.552668511949
181.0    -0.554052473588
181.125    -0.554227905345
181.25    -0.55434485985
181.375    -0.554364352267
181.5    -0.559529842891
181.625    -0.559529842891
181.75    -0.559822229153
181.875    -0.559607812561
182.0    -0.555338973139
182.125    -0.555611866984
182.25    -0.555299988305
182.375    -0.555299988305
182.5    -0.558145881252
182.625    -0.558145881252
182.75    -0.559705274648
182.875    -0.559822229153
183.0    -0.557151767962
183.125    -0.554637246111
183.25    -0.554637246111
183.375    -0.555124556548
183.5    -0.55717126038
183.625    -0.558438267514
183.75    -0.557970449495
183.875    -0.55892557795
184.0    -0.556956843788
184.125    -0.557034813458
184.25    -0.556547503021
184.375    -0.555923745663
184.5    -0.559549335309
184.625    -0.559763751901
184.75    -0.559861213988
184.875    -0.559861213988
185.0    -0.561186698374
185.125    -0.561615531558
185.25    -0.561674008811
185.375    -0.560426494094
185.5    -0.559062024872
185.625    -0.559217964212
185.75    -0.559549335309
185.875    -0.559393395969
186.0    -0.563213909789
186.125    -0.563174924954
186.25    -0.563018985615
186.375    -0.561089236287
186.5    -0.562434213091
186.625    -0.56198588749
186.75    -0.563272387041
186.875    -0.562590152431
187.0    -0.563525788468
187.125    -0.563506296051
187.25    -0.563525788468
187.375    -0.563506296051
187.5    -0.56366223539
187.625    -0.563564773303
187.75    -0.563486803633
187.875    -0.56366223539
188.0    -0.563311371876
188.125    -0.563428326381
188.25    -0.563428326381
188.375    -0.564753810768
188.5    -0.564909750107
188.625    -0.563779189895
188.75    -0.563233402207
188.875    -0.563116447702
189.0    -0.564052083739
189.125    -0.564052083739
189.25    -0.564052083739
189.375    -0.565611477135
189.5    -0.567248840201
189.625    -0.566215742076
189.75    -0.566215742076
189.875    -0.566098787572
190.0    -0.565591984718
190.125    -0.565377568126
190.25    -0.565767416475
190.375    -0.566059802737
190.5    -0.567190362949
190.625    -0.567053916027
190.75    -0.567053916027
190.875    -0.566820007017
191.0    -0.563798682313
191.125    -0.563798682313
191.25    -0.566079295154
191.375    -0.567073408444
191.5    -0.565514015048
191.625    -0.565669954388
191.75    -0.565669954388
191.875    -0.565669954388
192.0    -0.564227515496
192.125    -0.564169038244
192.25    -0.564597871428
192.375    -0.564597871428
192.5    -0.56763868855
192.625    -0.564149545827
192.75    -0.562921523527
192.875    -0.562921523527
193.0    -0.564383454836
193.125    -0.563779189895
193.25    -0.564344470001
193.375    -0.565475030213
193.5    -0.566975946357
193.625    -0.56687848427
193.75    -0.566410666251
193.875    -0.565319090874
194.0    -0.564714825933
194.125    -0.564714825933
194.25    -0.564208023079
194.375    -0.564208023079
194.5    -0.566917469105
194.625    -0.566703052513
194.75    -0.566703052513
194.875    -0.565630969553
195.0    -0.568301430743
195.125    -0.567599703715
195.25    -0.56779462789
195.375    -0.566820007017
195.5    -0.566508128338
195.625    -0.567170870531
195.75    -0.567131885696
195.875    -0.567229347784
196.0    -0.56489025769
196.125    -0.563935129235
196.25    -0.566196249659
196.375    -0.565903863397
196.5    -0.567073408444
196.625    -0.567736150637
196.75    -0.566956453939
196.875    -0.566975946357
197.0    -0.565241121204
197.125    -0.565533507466
197.25    -0.565533507466
197.375    -0.565572492301
197.5    -0.566488635921
197.625    -0.566098787572
197.75    -0.566098787572
197.875    -0.567385287123
198.0    -0.564597871428
198.125    -0.564558886593
198.25    -0.564383454836
198.375    -0.564383454836
198.5    -0.564480916923
198.625    -0.564539394176
198.75    -0.563993606487
198.875    -0.563174924954
199.0    -0.56580640131
199.125    -0.565436045378
199.25    -0.565436045378
199.375    -0.565514015048
199.5    -0.567970059647
199.625    -0.567599703715
199.75    -0.567599703715
199.875    -0.567599703715
200.0    -0.564461424506
200.125    -0.566274219329
200.25    -0.566274219329
200.375    -0.569724377217
200.5    -0.569763362052
200.625    -0.569763362052
200.75    -0.569159097111
200.875    -0.569159097111
201.0    -0.56672254493
201.125    -0.566586098008
201.25    -0.566586098008
201.375    -0.567014931192
201.5    -0.567775135472
201.625    -0.567131885696
201.75    -0.566820007017
201.875    -0.566157264824
202.0    -0.564071576157
202.125    -0.5638961444
202.25    -0.564013098905
202.375    -0.564013098905
202.5    -0.566196249659
202.625    -0.566313204164
202.75    -0.566157264824
202.875    -0.566118279989
203.0    -0.566040310319
203.125    -0.565397060543
203.25    -0.565611477135
203.375    -0.56656660559
203.5    -0.565182643952
203.625    -0.565124166699
203.75    -0.565455537796
203.875    -0.567658180968
204.0    -0.569022650189
204.125    -0.569022650189
204.25    -0.567424271958
204.375    -0.566605590425
204.5    -0.568320923161
204.625    -0.568457370083
204.75    -0.567248840201
204.875    -0.567073408444
205.0    -0.567248840201
205.125    -0.567892089977
205.25    -0.566742037347
205.375    -0.566742037347
205.5    -0.567287825036
205.625    -0.567287825036
205.75    -0.567326809871
205.875    -0.567326809871
206.0    -0.566547113173
206.125    -0.566547113173
206.25    -0.566547113173
206.375    -0.566586098008
206.5    -0.566683560095
206.625    -0.566683560095
206.75    -0.566098787572
206.875    -0.565825893727
207.0    -0.566196249659
207.125    -0.566137772407
207.25    -0.56947097579
207.375    -0.569938793809
207.5    -0.566488635921
207.625    -0.56687848427
207.75    -0.566936961522
207.875    -0.566936961522
208.0    -0.569412498538
208.125    -0.569412498538
208.25    -0.569412498538
208.375    -0.569529453043
208.5    -0.568808233597
208.625    -0.568749756345
208.75    -0.568749756345
208.875    -0.568749756345
209.0    -0.568398892831
209.125    -0.569607422713
209.25    -0.569685392382
209.375    -0.568028536899
209.5    -0.568379400413
209.625    -0.568379400413
209.75    -0.568048029317
209.875    -0.567502241628
210.0    -0.56763868855
210.125    -0.567502241628
210.25    -0.567053916027
210.375    -0.566547113173
210.5    -0.567911582394
210.625    -0.567892089977
210.75    -0.567892089977
210.875    -0.567892089977
211.0    -0.56496822736
211.125    -0.56496822736
211.25    -0.564948734942
211.375    -0.564948734942
211.5    -0.567736150637
211.625    -0.567658180968
211.75    -0.568730263927
211.875    -0.568203968656
212.0    -0.568691279092
212.125    -0.568691279092
212.25    -0.568691279092
212.375    -0.568691279092
212.5    -0.567385287123
212.625    -0.567385287123
212.75    -0.567385287123
212.875    -0.567092900862
213.0    -0.566781022182
213.125    -0.566781022182
213.25    -0.568925188102
213.375    -0.568905695684
213.5    -0.566897976687
213.625    -0.566508128338
213.75    -0.566508128338
213.875    -0.566586098008
214.0    -0.56863280184
214.125    -0.569022650189
214.25    -0.568769248762
214.375    -0.568769248762
214.5    -0.565163151534
214.625    -0.564714825933
214.75    -0.564948734942
214.875    -0.568457370083
215.0    -0.567443764376
215.125    -0.567443764376
215.25    -0.566703052513
215.375    -0.56672254493
215.5    -0.564617363845
215.625    -0.564169038244
215.75    -0.566527620756
215.875    -0.566625082843
216.0    -0.567658180968
216.125    -0.567326809871
216.25    -0.567326809871
216.375    -0.567170870531
216.5    -0.565591984718
216.625    -0.565591984718
216.75    -0.565591984718
216.875    -0.561459592219
217.0    -0.561518069471
217.125    -0.561518069471
217.25    -0.561576546723
217.375    -0.561420607384
217.5    -0.563759697478
217.625    -0.563759697478
217.75    -0.564149545827
217.875    -0.563857159565
218.0    -0.565864878562
218.125    -0.565864878562
218.25    -0.566098787572
218.375    -0.566098787572
218.5    -0.568262445909
218.625    -0.568262445909
218.75    -0.568262445909
218.875    -0.568262445909
219.0    -0.567755643055
219.125    -0.567755643055
219.25    -0.567931074812
219.375    -0.566742037347
219.5    -0.564773303185
219.625    -0.564773303185
219.75    -0.564773303185
219.875    -0.564695333515
220.0    -0.565611477135
220.125    -0.565494522631
220.25    -0.565494522631
220.375    -0.564773303185
220.5    -0.565065689447
220.625    -0.564948734942
220.75    -0.565358075709
220.875    -0.564948734942
221.0    -0.566391173833
221.125    -0.566391173833
221.25    -0.566391173833
221.375    -0.566391173833
221.5    -0.566352188998
221.625    -0.566352188998
221.75    -0.566352188998
221.875    -0.56481228802
222.0    -0.568359907996
222.125    -0.568613309423
222.25    -0.5684768625
222.375    -0.5684768625
222.5    -0.566352188998
222.625    -0.566020817902
222.75    -0.566020817902
222.875    -0.566079295154
223.0    -0.565085181864
223.125    -0.565026704612
223.25    -0.565923355815
223.375    -0.565708939223
223.5    -0.565416552961
223.625    -0.565182643952
223.75    -0.565182643952
223.875    -0.565591984718
224.0    -0.565358075709
224.125    -0.565143659117
224.25    -0.565143659117
224.375    -0.565163151534
224.5    -0.565689446805
224.625    -0.565358075709
224.75    -0.565358075709
224.875    -0.565358075709
225.0    -0.562492690343
225.125    -0.562492690343
225.25    -0.563701220225
225.375    -0.564480916923
225.5    -0.566137772407
225.625    -0.564091068574
225.75    -0.565864878562
225.875    -0.565864878562
226.0    -0.565630969553
226.125    -0.565630969553
226.25    -0.565630969553
226.375    -0.565533507466
226.5    -0.566118279989
226.625    -0.566118279989
226.75    -0.566118279989
226.875    -0.566118279989
227.0    -0.563876651982
227.125    -0.563876651982
227.25    -0.563837667147
227.375    -0.563506296051
227.5    -0.563837667147
227.625    -0.563837667147
227.75    -0.563837667147
227.875    -0.564383454836
228.0    -0.563993606487
228.125    -0.5638961444
228.25    -0.563623250556
228.375    -0.563350356711
228.5    -0.566176757241
228.625    -0.566176757241
228.75    -0.562648629683
228.875    -0.562278273752
229.0    -0.565689446805
229.125    -0.566352188998
229.25    -0.566391173833
229.375    -0.564344470001
229.5    -0.563272387041
229.625    -0.562843553858
229.75    -0.563135940119
229.875    -0.563135940119
230.0    -0.562492690343
230.125    -0.562492690343
230.25    -0.562492690343
230.375    -0.562492690343
230.5    -0.563759697478
230.625    -0.563077462867
230.75    -0.563759697478
230.875    -0.561888425403
231.0    -0.56175197848
231.125    -0.56106974387
231.25    -0.561518069471
231.375    -0.561518069471
231.5    -0.56007563058
231.625    -0.560445986511
231.75    -0.560445986511
231.875    -0.561654516393
232.0    -0.562083349577
232.125    -0.562083349577
232.25    -0.562219796499
232.375    -0.56198588749
232.5    -0.563077462867
232.625    -0.563077462867
232.75    -0.562648629683
232.875    -0.56282406144
233.0    -0.563876651982
233.125    -0.563876651982
233.25    -0.563876651982
233.375    -0.563876651982
233.5    -0.56274609177
233.625    -0.56274609177
233.75    -0.562278273752
233.875    -0.562278273752
234.0    -0.561401114966
234.125    -0.560601925851
234.25    -0.560738372773
234.375    -0.560738372773
234.5    -0.560445986511
234.625    -0.561050251452
234.75    -0.560679895521
234.875    -0.560679895521
235.0    -0.562239288917
235.125    -0.562239288917
235.25    -0.56206385716
235.375    -0.562258781334
235.5    -0.559958676075
235.625    -0.559958676075
235.75    -0.559958676075
235.875    -0.559295933882
236.0    -0.562999493197
236.125    -0.562336751004
236.25    -0.562336751004
236.375    -0.561596039141
236.5    -0.562921523527
236.625    -0.56083583486
236.75    -0.56083583486
236.875    -0.561868932985
237.0    -0.562785076605
237.125    -0.560543448599
237.25    -0.560251062337
237.375    -0.560309539589
237.5    -0.560796850025
237.625    -0.560796850025
237.75    -0.560796850025
237.875    -0.560874819695
238.0    -0.560134107832
238.125    -0.560134107832
238.25    -0.559568827726
238.375    -0.561167205957
238.5    -0.559724767066
238.625    -0.559802736735
238.75    -0.559802736735
238.875    -0.559802736735
239.0    -0.561440099801
239.125    -0.561440099801
239.25    -0.560523956181
239.375    -0.559276441464
240.0    -0.559373903552
240.125    -0.557834002573
240.25    -0.559373903552
240.375    -0.559373903552
240.5    -0.558535729601
240.625    -0.558535729601
240.75    -0.561050251452
240.875    -0.560562941016
241.0    -0.556917858953
241.125    -0.556859381701
241.25    -0.556703442361
241.375    -0.556508518186
241.5    -0.557288214884
241.625    -0.557268722467
241.75    -0.560231569919
241.875    -0.557190752797
242.0    -0.55709329071
242.125    -0.55709329071
242.25    -0.557034813458
242.375    -0.56015360025
242.5    -0.558984055203
242.625    -0.559120502125
242.75    -0.559120502125
242.875    -0.558672176523
243.0    -0.557034813458
243.125    -0.557034813458
243.25    -0.55991969124
243.375    -0.559217964212
243.5    -0.557795017738
243.625    -0.557795017738
243.75    -0.557795017738
243.875    -0.557795017738
244.0    -0.558516237184
244.125    -0.558516237184
244.25    -0.558340805427
244.375    -0.558438267514
244.5    -0.558457759931
244.625    -0.558243343339
244.75    -0.55908151729
244.875    -0.55908151729
245.0    -0.554871155121
245.125    -0.554871155121
245.25    -0.555611866984
245.375    -0.555611866984
245.5    -0.557892479825
245.625    -0.557483139059
245.75    -0.557483139059
245.875    -0.557483139059
246.0    -0.558087404
246.125    -0.55800943433
246.25    -0.558321313009
246.375    -0.557502631476
246.5    -0.557444154224
246.625    -0.557210245215
246.75    -0.557385676972
246.875    -0.557385676972
247.0    -0.560465478929
247.125    -0.560192585084
247.25    -0.559763751901
247.375    -0.559412888386
247.5    -0.556469533352
247.625    -0.556469533352
247.75    -0.556469533352
247.875    -0.556469533352
248.0    -0.558399282679
248.125    -0.558399282679
248.25    -0.558106896417
248.375    -0.55793146466
248.5    -0.55816537367
248.625    -0.557989941913
248.75    -0.557989941913
248.875    -0.558048419165
249.0    -0.555514404897
249.125    -0.554422829519
249.25    -0.555222018635
249.375    -0.555202526217
249.5    -0.555728821488
249.625    -0.555728821488
249.75    -0.555728821488
249.875    -0.555728821488
250.0    -0.556333086429
250.125    -0.556313594012
250.25    -0.556313594012
250.375    -0.556196639507
250.5    -0.556605980274
250.625    -0.556118669837
250.75    -0.555748313906
250.875    -0.555670344236
251.0    -0.553311761725
251.125    -0.553311761725
251.25    -0.553311761725
251.375    -0.553311761725
251.5    -0.55724923005
251.625    -0.55724923005
251.75    -0.557522123894
251.875    -0.557385676972
252.0    -0.55594323808
252.125    -0.555982222915
252.25    -0.555572882149
252.375    -0.554793185451
252.5    -0.554461814354
252.625    -0.554305875015
252.75    -0.554305875015
252.875    -0.554305875015
253.0    -0.555066079295
253.125    -0.55526100347
253.25    -0.554968617208
253.375    -0.554968617208
253.5    -0.554695723364
253.625    -0.554695723364
253.75    -0.554695723364
253.875    -0.554286382597
254.0    -0.553721102491
254.125    -0.553721102491
254.25    -0.553760087326
254.375    -0.552532065027
254.5    -0.555202526217
254.625    -0.555202526217
254.75    -0.555202526217
254.875    -0.554247397762
255.0    -0.55303886788
255.125    -0.553233792055
255.25    -0.553233792055
255.375    -0.55418892051
255.5    -0.554461814354
255.625    -0.554910139956
255.75    -0.553662625239
255.875    -0.554695723364
256.0    -0.55418892051
256.125    -0.553506685899
256.25    -0.554500799189
256.375    -0.554500799189
256.5    -0.556820396866
256.625    -0.556820396866
256.75    -0.55602120775
256.875    -0.556528010604
257.0    -0.554500799189
257.125    -0.555338973139
257.25    -0.555592374566
257.375    -0.555650851819
257.5    -0.551070133718
257.625    -0.551070133718
257.75    -0.551109118553
257.875    -0.55112861097
258.0    -0.554442321937
258.125    -0.554559276441
258.25    -0.554559276441
258.375    -0.555806791158
258.5    -0.55426689018
258.625    -0.55426689018
258.75    -0.557151767962
258.875    -0.553292269307
259.0    -0.555514404897
259.125    -0.555514404897
259.25    -0.555514404897
259.375    -0.555514404897
259.5    -0.555670344236
259.625    -0.552960898211
259.75    -0.555709329071
259.875    -0.555709329071
260.0    -0.553487193482
260.125    -0.553487193482
260.25    -0.553487193482
260.375    -0.554578768859
260.5    -0.552590542279
260.625    -0.552220186348
260.75    -0.552220186348
260.875    -0.551557444154
261.0    -0.553136329968
261.125    -0.553136329968
261.25    -0.553487193482
261.375    -0.553487193482
261.5    -0.551713383494
261.625    -0.551752368329
261.75    -0.551752368329
261.875    -0.556430548517
262.0    -0.55502709446
262.125    -0.553818564578
262.25    -0.553818564578
262.375    -0.554130443258
262.5    -0.551791353164
262.625    -0.55029043702
262.75    -0.550231959768
262.875    -0.550231959768
263.0    -0.549803126584
263.125    -0.54914038439
263.25    -0.549510740322
263.375    -0.549510740322
263.5    -0.552688004366
263.625    -0.552688004366
263.75    -0.552688004366
263.875    -0.552688004366
264.0    -0.552532065027
264.125    -0.552902420958
264.25    -0.552902420958
264.375    -0.552902420958
264.5    -0.54838018011
264.625    -0.548419164945
264.75    -0.54838018011
264.875    -0.54838018011
265.0    -0.550836224709
265.125    -0.550836224709
265.25    -0.548984445051
265.375    -0.549549725157
265.5    -0.550602315699
265.625    -0.55144048965
265.75    -0.550602315699
265.875    -0.550602315699
266.0    -0.549003937468
266.125    -0.549647187244
266.25    -0.549062414721
266.375    -0.549062414721
266.5    -0.549159876808
266.625    -0.549159876808
266.75    -0.548964952633
266.875    -0.550797239874
267.0    -0.551557444154
267.125    -0.551557444154
267.25    -0.551557444154
267.375    -0.551557444154
267.5    -0.548107286266
267.625    -0.548107286266
267.75    -0.548107286266
267.875    -0.548107286266
268.0    -0.549725156914
268.125    -0.549725156914
268.25    -0.549725156914
268.375    -0.549725156914
268.5    -0.553682117656
268.625    -0.550387899107
268.75    -0.553545670734
268.875    -0.553331254142
269.0    -0.548789520876
269.125    -0.548789520876
269.25    -0.548711551207
269.375    -0.548711551207
269.5    -0.550231959768
269.625    -0.549393785817
269.75    -0.549471755487
269.875    -0.549471755487
270.0    -0.549608202409
270.125    -0.549608202409
270.25    -0.549198861643
270.375    -0.551752368329
270.5    -0.547892869674
270.625    -0.547873377256
270.75    -0.547873377256
270.875    -0.547366574403
271.0    -0.551479474484
271.125    -0.549549725157
271.25    -0.549530232739
271.375    -0.549900588671
271.5    -0.550758255039
271.625    -0.550758255039
271.75    -0.550621808117
271.875    -0.550621808117
272.0    -0.548555611867
272.125    -0.547347081985
272.25    -0.54723012748
272.375    -0.548828505711
272.5    -0.547912362091
272.625    -0.547912362091
272.75    -0.547912362091
272.875    -0.547912362091
273.0    -0.548984445051
273.125    -0.548984445051
273.25    -0.548984445051
273.375    -0.548984445051
273.5    -0.546645354957
273.625    -0.546898756384
273.75    -0.546723324627
273.875    -0.546723324627
274.0    -0.548438657362
274.125    -0.548438657362
274.25    -0.548087793848
274.375    -0.548146271101
274.5    -0.54838018011
274.625    -0.54838018011
274.75    -0.54845814978
274.875    -0.54845814978
275.0    -0.548672566372
275.125    -0.549081907138
275.25    -0.549081907138
275.375    -0.549081907138
275.5    -0.54730809715
275.625    -0.54730809715
275.75    -0.546976726054
275.875    -0.546976726054
276.0    -0.546664847374
276.125    -0.546703832209
276.25    -0.5464699232
276.375    -0.546508908035
276.5    -0.546080074851
276.625    -0.546411445948
276.75    -0.546411445948
276.875    -0.546411445948
277.0    -0.546372461113
277.125    -0.546158044521
277.25    -0.546158044521
277.375    -0.546158044521
277.5    -0.542103621691
277.625    -0.541538341585
277.75    -0.541538341585
277.875    -0.546879263966
278.0    -0.546762309462
278.125    -0.546762309462
278.25    -0.546762309462
278.375    -0.546645354957
278.5    -0.545300378153
278.625    -0.544715605629
278.75    -0.544715605629
278.875    -0.544715605629
279.0    -0.543058750146
279.125    -0.543994386184
279.25    -0.543994386184
279.375    -0.543877431679
279.5    -0.546352968695
279.625    -0.546352968695
279.75    -0.547892869674
279.875    -0.547015710888
280.0    -0.545183423648
280.125    -0.545241900901
280.25    -0.544754590464
280.375    -0.544754590464
280.5    -0.545358855405
280.625    -0.545007991891
280.75    -0.544852052552
280.875    -0.544852052552
281.0    -0.544696113212
281.125    -0.54631398386
281.25    -0.546197029356
281.375    -0.545027484309
281.5    -0.543000272894
281.625    -0.543058750146
281.75    -0.542746871467
281.875    -0.542064636856
282.0    -0.546840279131
282.125    -0.546840279131
282.25    -0.546840279131
282.375    -0.546879263966
282.5    -0.544033371019
282.625    -0.54348758333
282.75    -0.544949514639
282.875    -0.545124946396
283.0    -0.546255506608
283.125    -0.545670734084
283.25    -0.545670734084
283.375    -0.545846165842
283.5    -0.541538341585
283.625    -0.541967174769
283.75    -0.541967174769
283.875    -0.543955401349
284.0    -0.542883318389
284.125    -0.542883318389
284.25    -0.542883318389
284.375    -0.542883318389
284.5    -0.544111340688
284.625    -0.543370628825
284.75    -0.542006159604
284.875    -0.542006159604
285.0    -0.54165529609
285.125    -0.541713773342
285.25    -0.541284940158
285.375    -0.541284940158
285.5    -0.541323924993
285.625    -0.541323924993
285.75    -0.541323924993
285.875    -0.541323924993
286.0    -0.542396007953
286.125    -0.542396007953
286.25    -0.544072355854
286.375    -0.543624030252
286.5    -0.542357023118
286.625    -0.542357023118
286.75    -0.54272737905
286.875    -0.542902810807
287.0    -0.540407781373
287.125    -0.540251842033
287.25    -0.540037425442
287.375    -0.545085961561
287.5    -0.539803516432
287.625    -0.539803516432
287.75    -0.539121281821
287.875    -0.53966706951
288.0    -0.540485751043
288.125    -0.539686561927
288.25    -0.538965342482
288.375    -0.538965342482
288.5    -0.540251842033
288.625    -0.540251842033
288.75    -0.537873767105
288.875    -0.540992553897
289.0    -0.539569607423
289.125    -0.539569607423
289.25    -0.539569607423
289.375    -0.539179759074
289.5    -0.540563720713
289.625    -0.541012046314
289.75    -0.540622197965
289.875    -0.540973061479
290.0    -0.53859498655
290.125    -0.538497524463
290.25    -0.539647577093
290.375    -0.540193364781
290.5    -0.538614478968
290.625    -0.538614478968
290.75    -0.538556001715
290.875    -0.538556001715
291.0    -0.537737320182
291.125    -0.539686561927
291.25    -0.53966706951
291.375    -0.538497524463
291.5    -0.539452652918
291.625    -0.537542396008
291.75    -0.53660675997
291.875    -0.538341585123
292.0    -0.53851701688
292.125    -0.537639858095
292.25    -0.5377568126
292.375    -0.5377568126
292.5    -0.536177926786
292.625    -0.536314373709
292.75    -0.536314373709
292.875    -0.536314373709
293.0    -0.538185645784
293.125    -0.538185645784
293.25    -0.538361077541
293.375    -0.538361077541
293.5    -0.541265447741
293.625    -0.541382402246
293.75    -0.538497524463
293.875    -0.537327979416
294.0    -0.537425441503
294.125    -0.537815289852
