0.0    0.11069578333
0.125    0.107528362516
0.25    0.108275952521
0.375    0.108439897698
0.5    0.104531444685
0.625    0.104905239688
0.75    0.105895468555
0.875    0.106328283822
1.0    0.107974293396
1.125    0.108675978753
1.25    0.105856121713
1.375    0.105475768903
1.5    0.108544822611
1.625    0.108557938225
1.75    0.107836579448
1.875    0.107777559184
2.0    0.112413928782
2.125    0.11156797167
2.25    0.109056331563
2.375    0.10754147813
2.5    0.105613482851
2.625    0.109246507968
2.75    0.10765296085
2.875    0.118086431897
3.0    0.11286641747
3.125    0.106144665224
3.25    0.108780903666
3.375    0.108308741557
3.5    0.108131680766
3.625    0.110269525871
3.75    0.109790805954
3.875    0.115660043282
4.0    0.110899075349
4.125    0.111043347105
4.25    0.108931733228
4.375    0.108584169454
4.5    0.109967866745
4.625    0.110531838153
4.75    0.113102498524
4.875    0.110735130172
5.0    0.108269394714
5.125    0.107502131287
5.25    0.107803790412
5.375    0.107784116991
5.5    0.108623516296
5.625    0.107738212342
5.75    0.104872450652
5.875    0.110125254115
6.0    0.105285592498
6.125    0.105285592498
6.25    0.105744638993
6.375    0.106157780838
6.5    0.0988523837629
6.625    0.108741556823
6.75    0.109220276739
6.875    0.108984195685
7.0    0.107902157519
7.125    0.107902157519
7.25    0.108485802348
7.375    0.1
7.5    0.112190963342
7.625    0.112249983605
7.75    0.109744901305
7.875    0.112433602203
8.0    0.106479113384
8.125    0.0988589415699
8.25    0.109403895337
8.375    0.109403895337
8.5    0.109390779723
8.625    0.108282510329
8.75    0.108249721293
8.875    0.110164600957
9.0    0.107593940586
9.125    0.108348088399
9.25    0.112118827464
9.375    0.112276214834
9.5    0.110610531838
9.625    0.110610531838
9.75    0.110826939471
9.875    0.110958095613
10.0    0.109377664109
10.125    0.109266181389
10.25    0.109836710604
10.375    0.106538133648
10.5    0.111390910879
10.625    0.109253065775
10.75    0.109298970424
10.875    0.106485671192
11.0    0.109659649813
11.125    0.109639976392
11.25    0.101750934488
11.375    0.10304282248
11.5    0.10917437209
11.625    0.109194045511
11.75    0.108839923929
11.875    0.108518591383
12.0    0.111390910879
12.125    0.109220276739
12.25    0.111463046757
12.375    0.111463046757
12.5    0.107692307692
12.625    0.107790674798
12.75    0.107528362516
12.875    0.107574267165
13.0    0.10754147813
13.125    0.107823463834
13.25    0.107823463834
13.375    0.108243163486
13.5    0.108643189717
13.625    0.108695652174
13.75    0.113968129058
13.875    0.113968129058
14.0    0.108577611647
14.125    0.109594071742
14.25    0.109548167093
14.375    0.108912059807
14.5    0.110072791658
14.625    0.110026887009
14.75    0.110118696308
14.875    0.110105580694
15.0    0.109758016919
15.125    0.109338317267
15.25    0.110420355433
15.375    0.109239950161
15.5    0.103613351695
15.625    0.104033051348
15.75    0.104603580563
15.875    0.114787854941
16.0    0.103698603187
16.125    0.10098367106
16.25    0.0987015542003
16.375    0.101705029838
16.5    0.103587120467
16.625    0.10857105384
16.75    0.108695652174
16.875    0.108551380418
17.0    0.108689094367
17.125    0.109836710604
17.25    0.109902288675
17.375    0.109659649813
17.5    0.111279428159
17.625    0.111279428159
17.75    0.109220276739
17.875    0.104426519772
18.0    0.109115351826
18.125    0.109148140862
18.25    0.109148140862
18.375    0.109298970424
18.5    0.108931733228
18.625    0.109921962096
18.75    0.109921962096
18.875    0.109718670077
19.0    0.109961308938
19.125    0.109961308938
19.25    0.109961308938
19.375    0.108898944193
19.5    0.103705160994
19.625    0.10369204538
19.75    0.105947931012
19.875    0.103862548364
20.0    0.1095547249
20.125    0.106315168208
20.25    0.10422978556
20.375    0.108479244541
20.5    0.102655911863
20.625    0.103626467309
20.75    0.105364286183
20.875    0.105377401797
21.0    0.106039740311
21.125    0.105672503115
21.25    0.104144534068
21.375    0.106302052594
21.5    0.110767919208
21.625    0.110820381664
21.75    0.110689225523
21.875    0.110649878681
22.0    0.105416748639
22.125    0.105410190832
22.25    0.105515115745
22.375    0.10537084399
22.5    0.105947931012
22.625    0.105941373205
22.75    0.111056462719
22.875    0.111135156404
23.0    0.104957702144
23.125    0.10461013837
23.25    0.106033182504
23.375    0.106485671192
23.5    0.106675847597
23.625    0.106984064529
23.75    0.106164338645
23.875    0.10563971408
24.0    0.103383828448
24.125    0.103842874943
24.25    0.11666994557
24.375    0.115214112401
24.5    0.106872581809
24.625    0.107239819005
24.75    0.106505344613
24.875    0.10613154961
25.0    0.106328283822
25.125    0.106203685488
25.25    0.106636500754
25.375    0.107036526985
25.5    0.105980720047
25.625    0.105980720047
25.75    0.105377401797
25.875    0.105849563906
26.0    0.106997180143
26.125    0.106944717686
26.25    0.108787461473
26.375    0.107443111024
26.5    0.10098367106
26.625    0.101659125189
26.75    0.101908321857
26.875    0.102065709227
27.0    0.111804052725
27.125    0.112204078956
27.25    0.112171289921
27.375    0.112072922815
27.5    0.107023411371
27.625    0.108275952521
27.75    0.108269394714
27.875    0.107403764181
28.0    0.100662338514
28.125    0.100655780707
28.25    0.116001049249
28.375    0.105770870221
28.5    0.108046429274
28.625    0.104747852318
28.75    0.105062627058
28.875    0.108223490065
29.0    0.106426650928
29.125    0.106433208735
29.25    0.106879139616
29.375    0.11226309922
29.5    0.107639845236
29.625    0.112761492557
29.75    0.112761492557
29.875    0.104256016788
30.0    0.103010033445
30.125    0.103292019149
30.25    0.108925175421
30.375    0.108426782084
30.5    0.108695652174
30.625    0.108551380418
30.75    0.0988982884124
30.875    0.107043084792
31.0    0.106315168208
31.125    0.106557807069
31.25    0.105665945308
31.375    0.108971080071
31.5    0.108171027608
31.625    0.107928388747
31.75    0.10102957571
31.875    0.108695652174
32.0    0.106649616368
32.125    0.106682405404
32.25    0.106472555577
32.375    0.106656174175
32.5    0.104301921437
32.625    0.104321594859
32.75    0.104970817759
32.875    0.104754410125
33.0    0.108348088399
33.125    0.109194045511
33.25    0.109213718932
33.375    0.101541084661
33.5    0.1031543052
33.625    0.108039871467
33.75    0.108275952521
33.875    0.108662863139
34.0    0.105528231359
34.125    0.106964391108
34.25    0.106308610401
34.375    0.106288936979
34.5    0.105993835661
34.625    0.106144665224
34.75    0.106662731982
34.875    0.106787330317
35.0    0.109233392354
35.125    0.109994097974
35.25    0.109738343498
35.375    0.10830218375
35.5    0.106177454259
35.625    0.106584038298
35.75    0.106636500754
35.875    0.106564364876
36.0    0.101698472031
36.125    0.10217063414
36.25    0.101842743786
36.375    0.114728834678
36.5    0.107620171815
36.625    0.10781034822
36.75    0.107836579448
36.875    0.108052987081
37.0    0.104360941701
37.125    0.105843006099
37.25    0.104662600826
37.375    0.103514984589
37.5    0.104970817759
37.625    0.104983933373
37.75    0.104492097842
37.875    0.104728178897
38.0    0.103646140731
38.125    0.103646140731
38.25    0.10346907994
38.375    0.10391501082
38.5    0.109194045511
38.625    0.105652829694
38.75    0.10689225523
38.875    0.105416748639
39.0    0.110164600957
39.125    0.110164600957
39.25    0.110190832186
39.375    0.110846612893
39.5    0.108269394714
39.625    0.10874811463
39.75    0.109030100334
39.875    0.109095678405
40.0    0.107574267165
40.125    0.107790674798
40.25    0.107803790412
40.375    0.108138238573
40.5    0.105744638993
40.625    0.105777428028
40.75    0.105888910748
40.875    0.105528231359
41.0    0.10570529215
41.125    0.10738409076
41.25    0.107390648567
41.375    0.106774214703
41.5    0.106426650928
41.625    0.106433208735
41.75    0.106433208735
41.875    0.106544691455
42.0    0.106393861893
42.125    0.103888779592
42.25    0.107521804708
42.375    0.108826808315
42.5    0.10586267952
42.625    0.106000393468
42.75    0.106000393468
42.875    0.103528100203
43.0    0.112112269657
43.125    0.107220145583
43.25    0.107102105056
43.375    0.106931602072
43.5    0.112715587907
43.625    0.10754147813
43.75    0.105042953636
43.875    0.105042953636
44.0    0.10384943275
44.125    0.104511771264
44.25    0.105141320742
44.375    0.104872450652
44.5    0.0996262049971
44.625    0.0989769820972
44.75    0.0989376352548
44.875    0.0997311299102
45.0    0.10570529215
45.125    0.106374188471
45.25    0.105580693816
45.375    0.104649485212
45.5    0.105279034691
45.625    0.105279034691
45.75    0.105921699784
45.875    0.107633287429
46.0    0.105928257591
46.125    0.10608564496
46.25    0.10373795003
46.375    0.104164207489
46.5    0.103842874943
46.625    0.104033051348
46.75    0.111764705882
46.875    0.111777821496
47.0    0.108551380418
47.125    0.108656305331
47.25    0.108721883402
47.375    0.107659518657
47.5    0.108426782084
47.625    0.107980851203
47.75    0.108544822611
47.875    0.101003344482
48.0    0.105403633025
48.125    0.105987277854
48.25    0.105534789166
48.375    0.108092333924
48.5    0.105272476884
48.625    0.107331628303
48.75    0.107266050233
48.875    0.107134894091
49.0    0.108059544888
49.125    0.109587513935
49.25    0.107148009706
49.375    0.107626729622
49.5    0.109135025248
49.625    0.101541084661
49.75    0.106557807069
49.875    0.104551118106
50.0    0.103390386255
50.125    0.103403501869
50.25    0.103403501869
50.375    0.10114105843
50.5    0.10798740901
50.625    0.108669420946
50.75    0.106997180143
50.875    0.107948062168
51.0    0.106984064529
51.125    0.106931602072
51.25    0.106931602072
51.375    0.106931602072
51.5    0.107423437602
51.625    0.107784116991
51.75    0.107823463834
51.875    0.108407108663
52.0    0.111397468686
52.125    0.110413797626
52.25    0.102347694931
52.375    0.106977506722
52.5    0.10939733753
52.625    0.109357990688
52.75    0.109626860778
52.875    0.109994097974
53.0    0.105121647321
53.125    0.106984064529
53.25    0.105442979868
53.375    0.105429864253
53.5    0.108728441209
53.625    0.108610400682
53.75    0.108151354187
53.875    0.108708767788
54.0    0.106984064529
54.125    0.10765296085
54.25    0.10727260804
54.375    0.10727260804
54.5    0.0958161190898
54.625    0.0957636566332
54.75    0.106957833301
54.875    0.106957833301
55.0    0.104642927405
55.125    0.112413928782
55.25    0.112413928782
55.375    0.113063151682
55.5    0.10102957571
55.625    0.114014033707
55.75    0.11416486327
55.875    0.113745163617
56.0    0.108131680766
56.125    0.106105318382
56.25    0.106223358909
56.375    0.106544691455
56.5    0.113482851335
56.625    0.114886222047
56.75    0.106820119352
56.875    0.112092596236
57.0    0.10754147813
57.125    0.105895468555
57.25    0.100183618598
57.375    0.100131156141
57.5    0.0997704767526
57.625    0.100432815267
57.75    0.106761099088
57.875    0.106807003738
58.0    0.110767919208
58.125    0.110335103941
58.25    0.112125385271
58.375    0.0997245721031
58.5    0.111745032461
58.625    0.110072791658
58.75    0.1120598072
58.875    0.123004787199
59.0    0.112184405535
59.125    0.112269657027
59.25    0.098583513673
59.375    0.0997376877172
59.5    0.109410453144
59.625    0.110951537806
59.75    0.111141714211
59.875    0.0993114302577
60.0    0.0981966030559
60.125    0.0986687651649
60.25    0.0988523837629
60.375    0.111036789298
60.5    0.107397206374
60.625    0.106715194439
60.75    0.110099022887
60.875    0.108098891731
61.0    0.102583775985
61.125    0.104682274247
61.25    0.104524886878
61.375    0.105698734343
61.5    0.109843268411
61.625    0.112027018165
61.75    0.102400157387
61.875    0.103298576956
62.0    0.101475506591
62.125    0.102183749754
62.25    0.0966030559381
62.375    0.105515115745
62.5    0.100163945177
62.625    0.107075873828
62.75    0.104465866614
62.875    0.106184012066
63.0    0.101331234835
63.125    0.101560758082
63.25    0.102446062037
63.375    0.0900845957112
63.5    0.101088595973
63.625    0.101200078694
63.75    0.108374319628
63.875    0.10015738737
64.0    0.101855859401
64.125    0.101383697292
64.25    0.101777165716
64.375    0.100563971408
64.5    0.102937897567
64.625    0.102806741426
64.75    0.10320020985
64.875    0.103246114499
65.0    0.102072267034
65.125    0.100393468424
65.25    0.100085251492
65.375    0.0998819594727
65.5    0.106138107417
65.625    0.106525018034
65.75    0.10156731589
65.875    0.0994688176274
66.0    0.103751065644
66.125    0.0985244934094
66.25    0.0986556495508
66.375    0.111607318513
66.5    0.110164600957
66.625    0.101705029838
66.75    0.102872319496
66.875    0.101770607909
67.0    0.103842874943
67.125    0.101685356417
67.25    0.0972719522592
67.375    0.0987933634992
67.5    0.102996917831
67.625    0.0978818283166
67.75    0.10487900846
67.875    0.104819988196
68.0    0.106702078825
68.125    0.103646140731
68.25    0.104892124074
68.375    0.105298708112
68.5    0.104406846351
68.625    0.104164207489
68.75    0.102544429143
68.875    0.104780641354
69.0    0.102800183619
69.125    0.102911666339
69.25    0.109764574726
69.375    0.0995737425405
69.5    0.103055938094
69.625    0.10293133976
69.75    0.102216538789
69.875    0.112623778608
70.0    0.105042953636
70.125    0.104741294511
70.25    0.102019804577
70.375    0.102367368352
70.5    0.105731523379
70.625    0.105547904781
70.75    0.104577349334
70.875    0.104249458981
71.0    0.11248606466
71.125    0.109430126566
71.25    0.109095678405
71.375    0.112295888255
71.5    0.104046166962
71.625    0.104321594859
71.75    0.106446324349
71.875    0.120834153059
72.0    0.103324808184
72.125    0.103547773624
72.25    0.103855990557
72.375    0.104616696177
72.5    0.0902157518526
72.625    0.0930421666995
72.75    0.0934225195095
72.875    0.106577480491
73.0    0.103108400551
73.125    0.105613482851
73.25    0.105731523379
73.375    0.0980588891075
73.5    0.103560889239
73.625    0.103816643714
73.75    0.102367368352
73.875    0.105206898813
74.0    0.0989310774477
74.125    0.0991146960456
74.25    0.0991212538527
74.375    0.0978424814742
74.5    0.104400288544
74.625    0.0885107220145
74.75    0.104865892845
74.875    0.104892124074
75.0    0.0986949963932
75.125    0.0991802741163
75.25    0.0966620762017
75.375    0.0966358449734
75.5    0.108689094367
75.625    0.0979080595449
75.75    0.0929437995934
75.875    0.108197258837
76.0    0.101383697292
76.125    0.10163289396
76.25    0.101318119221
76.375    0.100924650797
76.5    0.106957833301
76.625    0.104433077579
76.75    0.104616696177
76.875    0.105364286183
77.0    0.100255754476
77.125    0.10087218834
77.25    0.101836185979
77.375    0.11194832448
77.5    0.105646271887
77.625    0.106446324349
77.75    0.106741425667
77.875    0.11499114696
78.0    0.100400026231
78.125    0.100242638862
78.25    0.100826283691
78.375    0.10190176405
78.5    0.101960784314
78.625    0.102498524493
78.75    0.102498524493
78.875    0.102983802217
79.0    0.102531313529
79.125    0.101554200275
79.25    0.102288674667
79.375    0.101973899928
79.5    0.101809954751
79.625    0.101836185979
79.75    0.100432815267
79.875    0.101305003607
80.0    0.106688963211
80.125    0.101659125189
80.25    0.10167879861
80.375    0.10167879861
80.5    0.108249721293
80.625    0.10179028133
80.75    0.102196865368
80.875    0.104105187225
81.0    0.102695258705
81.125    0.103239556692
81.25    0.102426388616
81.375    0.102937897567
81.5    0.0956915207555
81.625    0.0958489081251
81.75    0.0984654731458
81.875    0.10015738737
82.0    0.103364155027
82.125    0.103364155027
82.25    0.102105056069
82.375    0.102937897567
82.5    0.102498524493
82.625    0.10212472949
82.75    0.111135156404
82.875    0.103488753361
83.0    0.0916584694078
83.125    0.107154567513
83.25    0.106793888124
83.375    0.106761099088
83.5    0.106157780838
83.625    0.106210243295
83.75    0.106302052594
83.875    0.106302052594
84.0    0.0993704505213
84.125    0.0994688176274
84.25    0.0994688176274
84.375    0.0995081644698
84.5    0.101114827202
84.625    0.101875532822
84.75    0.101875532822
84.875    0.102373926159
85.0    0.104426519772
85.125    0.104006820119
85.25    0.101613220539
85.375    0.101062364745
85.5    0.103777296872
85.625    0.0960981047938
85.75    0.103737950029
85.875    0.103921568627
86.0    0.100190176405
86.125    0.101331234835
86.25    0.101331234835
86.375    0.101226309922
86.5    0.101711587645
86.625    0.101809954751
86.75    0.101809954751
86.875    0.101836185979
87.0    0.0988720571841
87.125    0.0986622073579
87.25    0.108459571119
87.375    0.103705160994
87.5    0.101193520887
87.625    0.101462390976
87.75    0.0993966817496
87.875    0.100642665093
88.0    0.0996983408748
88.125    0.0993966817496
88.25    0.101482064398
88.375    0.102242770018
88.5    0.101606662732
88.625    0.103062495901
88.75    0.0991671585022
88.875    0.096406321726
89.0    0.101600104925
89.125    0.101600104925
89.25    0.101646009574
89.375    0.101770607909
89.5    0.103777296872
89.625    0.103993704505
89.75    0.102190307561
89.875    0.103659256345
90.0    0.10053774018
90.125    0.100721358778
90.25    0.100721358778
90.375    0.100944324218
90.5    0.101547642468
90.625    0.105987277854
90.75    0.106138107417
90.875    0.103344481605
91.0    0.102478851072
91.125    0.103029706866
91.25    0.103134631779
91.375    0.102832972654
91.5    0.100203292019
91.625    0.0996589940324
91.75    0.100249196669
91.875    0.0992196209587
92.0    0.0948062168011
92.125    0.105246245655
92.25    0.106636500754
92.375    0.0966620762017
92.5    0.103239556692
92.625    0.103724834415
92.75    0.0968850416421
92.875    0.104242901174
93.0    0.103869106171
93.125    0.103272345728
93.25    0.0987409010427
93.375    0.098767132271
93.5    0.113502524756
93.625    0.103895337399
93.75    0.1038035281
93.875    0.101245983343
94.0    0.101652567381
94.125    0.10125254115
94.25    0.101318119221
94.375    0.101357466063
94.5    0.0988851727982
94.625    0.0988261525346
94.75    0.0990360023608
94.875    0.0990360023608
95.0    0.099718014296
95.125    0.097160469539
95.25    0.0965833825169
95.375    0.0964259951472
95.5    0.099337661486
95.625    0.0992196209587
95.75    0.0996917830677
95.875    0.100032789035
96.0    0.10190176405
96.125    0.102046035806
96.25    0.102137845105
96.375    0.101829628172
96.5    0.101921437471
96.625    0.101350908256
96.75    0.101921437471
96.875    0.102118171683
97.0    0.0994622598203
97.125    0.107148009706
97.25    0.107095547249
97.375    0.107823463834
97.5    0.103272345728
97.625    0.100734474392
97.75    0.100714800971
97.875    0.099527837891
98.0    0.0997639189455
98.125    0.10060331825
98.25    0.0998688438586
98.375    0.102610007214
98.5    0.100236081054
98.625    0.100485277723
98.75    0.10042625746
98.875    0.100557413601
99.0    0.103731392222
99.125    0.103718276608
99.25    0.103796970293
99.375    0.0962751655846
99.5    0.100459046495
99.625    0.103101842744
99.75    0.10053774018
99.875    0.100616433865
100.0    0.100701685356
100.125    0.100701685356
100.25    0.100701685356
100.375    0.100859072726
100.5    0.0970096399764
100.625    0.0953701882091
100.75    0.0954160928585
100.875    0.105895468555
101.0    0.101718145452
101.125    0.101849301594
101.25    0.101934553085
101.375    0.101731261066
101.5    0.101698472031
101.625    0.101750934487
101.75    0.0997967079808
101.875    0.103724834415
102.0    0.0978949439308
102.125    0.0980457734933
102.25    0.0983212013902
102.375    0.0989376352548
102.5    0.0972785100662
102.625    0.0966686340088
102.75    0.0966096137452
102.875    0.109312086038
103.0    0.106439766542
103.125    0.101554200275
103.25    0.101888648436
103.375    0.101960784314
103.5    0.0996983408748
103.625    0.0998229392091
103.75    0.099908190701
103.875    0.101003344482
104.0    0.103777296872
104.125    0.0927864122237
104.25    0.0927864122237
104.375    0.103003475638
104.5    0.103049380287
104.625    0.103075611516
104.75    0.103075611516
104.875    0.10270837432
105.0    0.104374057315
105.125    0.104380615122
105.25    0.0985638402518
105.375    0.0927864122237
105.5    0.102721489934
105.625    0.102118171683
105.75    0.10190176405
105.875    0.101626336153
106.0    0.101803396944
106.125    0.0992720834153
106.25    0.101829628172
106.375    0.101954226507
106.5    0.0997376877172
106.625    0.0996852252607
106.75    0.0999803265788
106.875    0.0926159092399
107.0    0.0945832513607
107.125    0.0942553610073
107.25    0.0942553610073
107.375    0.094891468293
107.5    0.101023017903
107.625    0.101009902289
107.75    0.100327890353
107.875    0.100885303954
108.0    0.101495180012
108.125    0.101665682996
108.25    0.0979670798085
108.375    0.0924126172208
108.5    0.101960784314
108.625    0.102865761689
108.75    0.105220014427
108.875    0.102898550725
109.0    0.101154174044
109.125    0.10152141124
109.25    0.101468948784
109.375    0.101101711588
109.5    0.101200078694
109.625    0.0884123549085
109.75    0.0961440094432
109.875    0.0961440094432
110.0    0.101750934487
110.125    0.101927995278
110.25    0.101377139485
110.375    0.101337792642
110.5    0.101429601941
110.625    0.0997508033314
110.75    0.0998622860515
110.875    0.0991540428881
111.0    0.099718014296
111.125    0.0996130893829
111.25    0.0997048986819
111.375    0.101383697292
111.5    0.0968981572562
111.625    0.0969309462916
111.75    0.0969243884845
111.875    0.102557544757
112.0    0.101219752115
112.125    0.101468948784
112.25    0.101711587645
112.375    0.101626336153
112.5    0.100767263427
112.625    0.102872319496
112.75    0.103272345728
112.875    0.103272345728
113.0    0.103455964326
113.125    0.103554331432
113.25    0.103724834415
113.375    0.103711718801
113.5    0.0975080333137
113.625    0.0962358187422
113.75    0.0972129319955
113.875    0.0972457210309
114.0    0.102800183619
114.125    0.102911666339
114.25    0.0978031346318
114.375    0.103318250377
114.5    0.103449406518
114.625    0.103560889239
114.75    0.103901895206
114.875    0.103324808184
115.0    0.0975145911207
115.125    0.0971407961178
115.25    0.097160469539
115.375    0.0981638140206
115.5    0.0973244147157
115.625    0.0974227818218
115.75    0.0977441143681
115.875    0.105344612761
116.0    0.101586989311
116.125    0.101731261066
116.25    0.103541215817
116.375    0.103633025116
116.5    0.0978293658601
116.625    0.098019542265
116.75    0.0983802216539
116.875    0.0983802216539
117.0    0.0971080070824
117.125    0.096117778215
117.25    0.10727260804
117.375    0.109692438848
117.5    0.0984523575316
117.625    0.0987277854286
117.75    0.0992327365729
117.875    0.0992524099941
118.0    0.0945963669749
118.125    0.105062627058
118.25    0.105941373205
118.375    0.104957702144
118.5    0.0982228342842
118.625    0.0984589153387
118.75    0.0979933110368
118.875    0.0993770083284
119.0    0.0991146960456
119.125    0.0990753492032
119.25    0.0985703980589
119.375    0.0991737163093
120.0    0.101455833169
120.125    0.101652567381
120.25    0.101954226507
120.375    0.0897304741295
120.5    0.0946160403961
120.625    0.0954488818939
120.75    0.0940586267952
120.875    0.0926486982753
121.0    0.0944783264476
121.125    0.0944914420618
121.25    0.0937045052135
121.375    0.098865499377
121.5    0.10080661027
121.625    0.100275427897
121.75    0.100452488688
121.875    0.100452488688
122.0    0.0969243884845
122.125    0.0969243884845
122.25    0.0917633943209
122.375    0.0968588104138
122.5    0.0999278641222
122.625    0.0999278641222
122.75    0.0999737687717
122.875    0.10022296544
123.0    0.100196734212
123.125    0.100170502984
123.25    0.100177060791
123.375    0.100177060791
123.5    0.0974358974359
123.625    0.0974358974359
123.75    0.0971211226966
123.875    0.0971276805036
124.0    0.0937241786347
124.125    0.0937241786347
124.25    0.0930487245065
124.375    0.0945832513607
124.5    0.0897042429012
124.625    0.0896714538658
124.75    0.102459177651
124.875    0.0952193586465
125.0    0.0983802216539
125.125    0.0985441668306
125.25    0.0986228605154
125.375    0.0986425339366
125.5    0.0902878877303
125.625    0.0904649485212
125.75    0.0904583907141
125.875    0.0905174109778
126.0    0.100170502984
126.125    0.0950554134697
126.25    0.096314512427
126.375    0.0951078759263
126.5    0.0929765886287
126.625    0.0946816184668
126.75    0.0931536494196
126.875    0.103364155027
127.0    0.0936389271428
127.125    0.093658600564
127.25    0.0936913895993
127.375    0.0988589415699
127.5    0.0958685815463
127.625    0.0961112204079
127.75    0.096216145321
127.875    0.0952390320677
128.0    0.095363630402
128.125    0.0966817496229
128.25    0.0969375040986
128.375    0.0962095875139
128.5    0.0988982884123
128.625    0.0989179618335
128.75    0.0992196209587
128.875    0.0966620762017
129.0    0.096216145321
129.125    0.0961702406715
129.25    0.0962227031281
129.375    0.0967997901502
129.5    0.099429470785
129.625    0.0993901239425
129.75    0.0994688176274
129.875    0.0969112728703
130.0    0.0971539117319
130.125    0.0969506197128
130.25    0.0968325791855
130.375    0.0967276542724
130.5    0.0965505934815
130.625    0.0966686340088
130.75    0.0966620762017
130.875    0.0967145386583
131.0    0.094989835399
131.125    0.094989835399
131.25    0.094701291888
131.375    0.0949963932061
131.5    0.0965112466391
131.625    0.0967145386583
131.75    0.0967145386583
131.875    0.0968391369926
132.0    0.0983539904256
132.125    0.0984720309528
132.25    0.0984720309528
132.375    0.0984720309528
132.5    0.104006820119
132.625    0.0988917306053
132.75    0.0989245196406
132.875    0.0908190701029
133.0    0.0952062430323
133.125    0.0956325004918
133.25    0.0945570201325
133.375    0.0947144075021
133.5    0.0946422716244
133.625    0.0949963932061
133.75    0.0946488294314
133.875    0.0953439569808
134.0    0.0911338448423
134.125    0.0911338448423
134.25    0.0912190963342
134.375    0.0912190963342
134.5    0.0952259164535
134.625    0.095173453997
134.75    0.0953570725949
134.875    0.0954488818939
135.0    0.0958554659322
135.125    0.0958292347039
135.25    0.095934159617
135.375    0.0959276018099
135.5    0.0950882025051
135.625    0.0951472227687
135.75    0.0954423240868
135.875    0.095461997508
136.0    0.0985310512165
136.125    0.0987081120073
136.25    0.0987802478851
136.375    0.0991146960456
136.5    0.0993114302577
136.625    0.0992196209587
136.75    0.0992720834153
136.875    0.0980326578792
137.0    0.0945045576759
137.125    0.0949176995213
137.25    0.0949176995213
137.375    0.0949373729425
137.5    0.0925437733622
137.625    0.0925437733622
137.75    0.0925831202046
137.875    0.0925831202046
138.0    0.0938225457407
138.125    0.0939077972326
138.25    0.0949373729425
138.375    0.094891468293
138.5    0.0967276542724
138.625    0.0966948652371
138.75    0.0969243884845
138.875    0.0976129582268
139.0    0.0967145386583
139.125    0.0997573611384
139.25    0.0993048724506
139.375    0.0992983146436
139.5    0.0971867007673
139.625    0.0971867007673
139.75    0.0971867007673
139.875    0.0971867007673
140.0    0.0944717686406
140.125    0.0923142501148
140.25    0.0949045839071
140.375    0.0952849367172
140.5    0.0946947340809
140.625    0.0948849104859
140.75    0.0949701619778
140.875    0.0951078759263
141.0    0.0948849104859
141.125    0.0955210177716
141.25    0.0953505147879
141.375    0.0956849629484
141.5    0.0941963407437
141.625    0.0941963407437
141.75    0.0970161977835
141.875    0.0944520952194
142.0    0.0939602596892
142.125    0.0940914158305
142.25    0.0940914158305
142.375    0.0940914158305
142.5    0.0941176470588
142.625    0.094038953374
142.75    0.0938684503902
142.875    0.0946291560102
143.0    0.0965505934815
143.125    0.0972916256804
143.25    0.0966620762017
143.375    0.0968915994491
143.5    0.0947603121516
143.625    0.0938881238114
143.75    0.0964391107614
143.875    0.0974162240147
144.0    0.095081644698
144.125    0.0916453537937
144.25    0.0922814610794
144.375    0.0920716112532
144.5    0.0979998688439
144.625    0.0981834874418
144.75    0.0981310249852
144.875    0.0986097449013
145.0    0.0949439307496
145.125    0.095455439701
145.25    0.0954882287363
145.375    0.0951078759263
145.5    0.0950291822414
145.625    0.0953701882091
145.75    0.0953767460161
145.875    0.0956128270706
146.0    0.0949045839071
146.125    0.0948258902223
146.25    0.0952980523313
146.375    0.0945898091678
146.5    0.0959144861958
146.625    0.0968850416421
146.75    0.0956325004918
146.875    0.0958095612827
147.0    0.0886615515771
147.125    0.0886615515771
147.25    0.087795921044
147.375    0.096406321726
147.5    0.0912846744049
147.625    0.0913174634402
147.75    0.0924388484491
147.875    0.0913240212473
148.0    0.0915273132664
148.125    0.0904780641353
148.25    0.091487966424
148.375    0.0915601023018
148.5    0.092432290642
148.625    0.0925503311692
148.75    0.0926093514329
148.875    0.0994032395567
149.0    0.095553806807
149.125    0.0953111679454
149.25    0.0955997114565
149.375    0.0957702144403
149.5    0.0924519640632
149.625    0.0925175421339
149.75    0.0927405075743
149.875    0.0927929700308
150.0    0.0931077447701
150.125    0.093186438455
150.25    0.0931536494196
150.375    0.0924847530985
150.5    0.0930880713489
150.625    0.0923076923077
150.75    0.0974096662076
150.875    0.0977572299823
151.0    0.0924060594137
151.125    0.0925896780117
151.25    0.0919798019542
151.375    0.092340481343
151.5    0.0938618925831
151.625    0.0938618925831
151.75    0.0939799331104
151.875    0.101652567381
152.0    0.0894484884255
152.125    0.0897501475507
152.25    0.0896583382517
152.375    0.0896780116729
152.5    0.0937700832841
152.625    0.0937700832841
152.75    0.0930093776641
152.875    0.0937700832841
153.0    0.0916060069513
153.125    0.0917109318644
153.25    0.0918420880058
153.375    0.090163289396
153.5    0.091107613614
153.625    0.0909371106302
153.75    0.0910289199292
153.875    0.0910420355433
154.0    0.0995343956981
154.125    0.0996393206112
154.25    0.0945045576759
154.375    0.0935536756509
154.5    0.0860384287494
154.625    0.0885959735064
154.75    0.0888648435963
154.875    0.0896517804446
155.0    0.0935405600367
155.125    0.0934880975802
155.25    0.0868253655977
155.375    0.0945307889042
155.5    0.088458259558
155.625    0.088458259558
155.75    0.0884976064004
155.875    0.0910551511574
156.0    0.0947799855728
156.125    0.095173453997
156.25    0.100393468424
156.375    0.0901501737819
156.5    0.0910026887009
156.625    0.0910026887009
156.75    0.0913240212473
156.875    0.0911404026493
157.0    0.0944914420618
157.125    0.102544429143
157.25    0.100124598334
157.375    0.0992065053446
157.5    0.0901042691324
157.625    0.0886877828054
157.75    0.0893304478982
157.875    0.0893304478982
158.0    0.0925175421339
158.125    0.0921830939734
158.25    0.0930749557348
158.375    0.0919732441472
158.5    0.0939209128467
158.625    0.0864974752443
158.75    0.0945045576759
158.875    0.0948652370647
159.0    0.0956193848777
159.125    0.0944783264476
159.25    0.0947865433799
159.375    0.0948521214506
159.5    0.0900977113253
159.625    0.0874680306905
159.75    0.0876647649026
159.875    0.0874024526198
160.0    0.0932716899469
160.125    0.0934356351236
160.25    0.0934946553872
160.375    0.0922289986229
160.5    0.0883795658732
160.625    0.0893370057053
160.75    0.0893501213194
160.875    0.0894222571972
161.0    0.0897173585153
161.125    0.0898026100072
161.25    0.0876647649026
161.375    0.0873893370057
161.5    0.0935602334579
161.625    0.0859597350646
161.75    0.0859466194505
161.875    0.0862745098039
162.0    0.0929241261722
162.125    0.0933438258246
162.25    0.083159551446
162.375    0.0825234441603
162.5    0.0904190438717
162.625    0.0906747983474
162.75    0.0935405600367
162.875    0.093658600564
163.0    0.0885238376287
163.125    0.0886090891206
163.25    0.0885303954358
163.375    0.0885369532428
163.5    0.0911731916847
163.625    0.0908125122959
163.75    0.0912125385271
163.875    0.0904780641353
164.0    0.0901042691324
164.125    0.0901173847465
164.25    0.0906288936979
164.375    0.0912518853695
164.5    0.09413732048
164.625    0.0942947078497
164.75    0.0944914420618
164.875    0.0916125647583
165.0    0.0907207029969
165.125    0.0917371630927
165.25    0.0910748245787
165.375    0.0912190963342
165.5    0.0878155944652
165.625    0.0876516492885
165.75    0.0930552823136
165.875    0.0931077447701
166.0    0.0937110630205
166.125    0.0943143812709
166.25    0.0942750344285
166.375    0.0939077972326
166.5    0.0938422191619
166.625    0.0938946816185
166.75    0.0963538592695
166.875    0.0964128795331
167.0    0.0915601023018
167.125    0.0912322119483
167.25    0.0915207554594
167.375    0.0915928913371
167.5    0.0931995540691
167.625    0.0944586530264
167.75    0.094511115483
167.875    0.0942553610073
168.0    0.0866024001574
168.125    0.0943471703062
168.25    0.0866679782281
168.375    0.0843071676831
168.5    0.0925896780117
168.625    0.0923076923077
168.75    0.0926486982753
168.875    0.0925634467834
169.0    0.0898026100072
169.125    0.0898550724638
169.25    0.0899862286051
169.375    0.0899993442193
169.5    0.0903337923798
169.625    0.0902354252738
169.75    0.0887205718408
169.875    0.0906223358909
170.0    0.0938159879336
170.125    0.0886943406125
170.25    0.088930421667
170.375    0.088930421667
170.5    0.0899140927274
170.625    0.0899534395698
170.75    0.0898026100072
170.875    0.0898288412355
171.0    0.0886222047347
171.125    0.0929765886287
171.25    0.0942947078497
171.375    0.0944979998688
171.5    0.0872909698997
171.625    0.0901436159748
171.75    0.0909895730868
171.875    0.0909567840514
172.0    0.0923863859925
172.125    0.0936913895993
172.25    0.0922027673946
172.375    0.0897698209719
172.5    0.090635451505
172.625    0.0906485671191
172.75    0.0905698734343
172.875    0.090733818611
173.0    0.0718276608302
173.125    0.0717292937242
173.25    0.0852842809364
173.375    0.0952455898747
173.5    0.0906944717686
173.625    0.0906944717686
173.75    0.0908059544888
173.875    0.0908912059807
174.0    0.0878483835005
174.125    0.0878483835005
174.25    0.0879729818349
174.375    0.0944914420618
174.5    0.0916453537937
174.625    0.0902813299233
174.75    0.0905829890485
174.875    0.0931143025772
175.0    0.0900518066758
175.125    0.0901305003607
175.25    0.0906682405404
175.375    0.0906420093121
175.5    0.0988327103417
175.625    0.0976982097187
175.75    0.0979867532297
175.875    0.0968915994491
176.0    0.0922158830087
176.125    0.0990884648174
176.25    0.0897435897436
176.375    0.0901370581677
176.5    0.0943143812709
176.625    0.0994097973637
176.75    0.099337661486
176.875    0.0915732179159
177.0    0.0876254180602
177.125    0.0871401403371
177.25    0.0890615778084
177.375    0.0890746934225
177.5    0.0915404288806
177.625    0.0916125647583
177.75    0.0915732179159
177.875    0.0916650272149
178.0    0.0895271821103
178.125    0.0886943406125
178.25    0.0886746671913
178.375    0.0887205718408
178.5    0.0905239687848
178.625    0.0932520165257
178.75    0.0932979211752
178.875    0.0938750081972
179.0    0.091015804315
179.125    0.0904518329071
179.25    0.0909043215949
179.375    0.0811594202899
180.0    0.0886353203489
180.125    0.0886353203489
180.25    0.088648435963
180.375    0.0885828578923
180.5    0.0881566004328
180.625    0.0871073513017
180.75    0.0880516755197
180.875    0.0882943143813
181.0    0.0915207554594
181.125    0.0916519116007
181.25    0.0918027411633
181.375    0.091861761427
181.5    0.0916191225654
181.625    0.0919666863401
181.75    0.0903010033445
181.875    0.0907534920322
182.0    0.0944783264476
182.125    0.0945701357466
182.25    0.0949570463637
182.375    0.0950095088202
182.5    0.0917765099351
182.625    0.0907469342252
182.75    0.0906616827333
182.875    0.0914092727392
183.0    0.0904452751
183.125    0.0904256016788
183.25    0.0903403501869
183.375    0.0907469342252
183.5    0.0884713751721
183.625    0.0884910485933
183.75    0.088740245262
183.875    0.0884713751721
184.0    0.0808577611647
184.125    0.0964194373401
184.25    0.0964653419896
184.375    0.0964653419896
184.5    0.091199422913
184.625    0.0913109056331
184.75    0.0910354777362
184.875    0.0911600760706
185.0    0.0923995016066
185.125    0.0926814873106
185.25    0.0913961571251
185.375    0.0908912059807
185.5    0.0895271821103
185.625    0.0898681880779
185.75    0.0885107220145
185.875    0.0893829103548
186.0    0.0906485671191
186.125    0.0919338973047
186.25    0.0920847268673
186.375    0.0821955538068
186.5    0.0893566791265
186.625    0.0896189914093
186.75    0.0897370319365
186.875    0.0892058495639
187.0    0.0908125122959
187.125    0.0907797232605
187.25    0.09082562791
187.375    0.0909633418585
187.5    0.0884123549085
187.625    0.0887271296478
187.75    0.0890943668437
187.875    0.0891927339498
188.0    0.0938028723195
188.125    0.0888451701751
188.25    0.0904387172929
188.375    0.0904387172929
188.5    0.0899403239557
188.625    0.100170502984
188.75    0.0976129582268
188.875    0.0975998426126
189.0    0.0895337399174
189.125    0.0895337399174
189.25    0.0890812512296
189.375    0.0882484097318
189.5    0.0910813823857
189.625    0.0911272870352
189.75    0.0936979474064
189.875    0.0988917306053
190.0    0.0946881762738
190.125    0.0946881762738
190.25    0.0920650534461
190.375    0.0920650534461
190.5    0.0917174896714
190.625    0.0928257590662
190.75    0.0921699783592
190.875    0.0947471965375
191.0    0.0929175683651
191.125    0.0929569152075
191.25    0.0930618401207
191.375    0.0928323168732
191.5    0.0905829890485
191.625    0.0902485408879
191.75    0.0888189389468
191.875    0.0885959735064
192.0    0.0899665551839
192.125    0.0900845957112
192.25    0.0901764050102
192.375    0.0904124860647
192.5    0.0905895468555
192.625    0.0905633156273
192.75    0.0904911797495
192.875    0.090537084399
193.0    0.0898157256213
193.125    0.089874745885
193.25    0.0903731392222
193.375    0.0905108531707
193.5    0.0875467243754
193.625    0.08751393534
193.75    0.0904518329071
193.875    0.0903469079939
194.0    0.0903862548364
194.125    0.0907993966817
194.25    0.0897763787789
194.375    0.0897763787789
194.5    0.0945570201325
194.625    0.0890025575447
194.75    0.0889697685094
194.875    0.091579775723
195.0    0.0925109843268
195.125    0.0925437733622
195.25    0.0928257590662
195.375    0.0928257590662
195.5    0.0841366646993
195.625    0.0838350055741
195.75    0.0843137254902
195.875    0.084392419175
196.0    0.0921175159027
196.125    0.0916519116007
196.25    0.0912453275624
196.375    0.0936717161781
196.5    0.0904256016788
196.625    0.0896058757951
196.75    0.09006492229
196.875    0.0895337399174
197.0    0.0863728769099
197.125    0.0935733490721
197.25    0.0939405862679
197.375    0.0937963145124
197.5    0.0918486458128
197.625    0.094419306184
197.75    0.091861761427
197.875    0.0919273394977
198.0    0.0948652370647
198.125    0.0950488556627
198.25    0.0883271034166
198.375    0.0885959735064
198.5    0.0911863072988
198.625    0.0911863072988
198.75    0.0911863072988
198.875    0.0912453275624
199.0    0.0853957636566
199.125    0.0859859662929
199.25    0.0783920257066
199.375    0.0860646599777
199.5    0.0956390582989
199.625    0.0854088792708
199.75    0.0852646075152
199.875    0.0951406649616
200.0    0.0940520689881
200.125    0.0942815922355
200.25    0.0970424290117
200.375    0.0970161977835
200.5    0.0958751393534
200.625    0.0954423240868
200.75    0.0959210440029
200.875    0.0962948390058
201.0    0.0979474063873
201.125    0.0992589678012
201.25    0.0976195160338
201.375    0.0911797494918
201.5    0.0954751131222
201.625    0.084864581284
201.75    0.0849629483901
201.875    0.0855728244475
202.0    0.0901829628172
202.125    0.0905174109778
202.25    0.0899403239557
202.375    0.0900124598334
202.5    0.0849236015476
202.625    0.0975080333137
202.75    0.0898288412355
202.875    0.0898288412355
203.0    0.0940848580235
203.125    0.0941045314447
203.25    0.0942422453931
203.375    0.0944258639911
203.5    0.0998885172798
203.625    0.0999868843859
203.75    0.0983408748115
203.875    0.0985310512165
204.0    0.0920257066037
204.125    0.0919994753754
204.25    0.0919142238835
204.375    0.0919142238835
204.5    0.0897567053577
204.625    0.089691127287
204.75    0.0900386910617
204.875    0.0900321332546
205.0    0.0931995540691
205.125    0.0934487507377
205.25    0.0835333464489
205.375    0.0835136730277
205.5    0.0917896255492
205.625    0.0917896255492
205.75    0.0917109318644
205.875    0.0890419043872
206.0    0.0944258639911
206.125    0.094320939078
206.25    0.0937963145124
206.375    0.0933438258246
206.5    0.0862876254181
206.625    0.0862023739262
206.75    0.0938750081972
206.875    0.0826939471441
207.0    0.0873565479703
207.125    0.0873565479703
207.25    0.0873565479703
207.375    0.0976523050692
207.5    0.0965243622533
207.625    0.0942488032002
207.75    0.0941242048659
207.875    0.0942947078497
208.0    0.0871926027936
208.125    0.0873106433209
208.25    0.0873696635845
208.375    0.0924060594137
208.5    0.095652173913
208.625    0.0941569939012
208.75    0.0958816971605
208.875    0.0951668961899
209.0    0.0898353990426
209.125    0.0898616302708
209.25    0.0899993442193
209.375    0.0899927864122
209.5    0.0880123286773
209.625    0.0880647911338
209.75    0.088458259558
209.875    0.088832054561
210.0    0.0940520689881
210.125    0.0941045314447
210.25    0.084110433471
210.375    0.0948717948718
210.5    0.0942094563578
210.625    0.0947275231163
210.75    0.0940520689881
210.875    0.0933569414388
211.0    0.0962686077775
211.125    0.0962686077775
211.25    0.0963932061119
211.375    0.0963932061119
211.5    0.0925700045905
211.625    0.0926093514329
211.75    0.0930290510853
211.875    0.0930224932782
212.0    0.0917371630927
212.125    0.0919273394977
212.25    0.0919273394977
212.375    0.0920388222178
212.5    0.0929372417863
212.625    0.0929372417863
212.75    0.0930749557348
212.875    0.0931339759984
213.0    0.0934880975802
213.125    0.0933175945964
213.25    0.0935077710014
213.375    0.0935077710014
213.5    0.0941569939012
213.625    0.0941701095154
213.75    0.0930618401207
213.875    0.0930618401207
214.0    0.0823398255623
214.125    0.0820512820513
214.25    0.0820381664371
214.375    0.0826349268804
214.5    0.0909633418585
214.625    0.0911797494918
214.75    0.092806085645
214.875    0.0911272870352
215.0    0.0924585218703
215.125    0.0931143025772
215.25    0.0931208603843
215.375    0.0938815660043
215.5    0.0833169388157
215.625    0.0913436946685
215.75    0.0913961571251
215.875    0.0916978162502
216.0    0.0888714014034
216.125    0.0890484621942
216.25    0.090353465801
216.375    0.0903862548364
216.5    0.0875401665683
216.625    0.0874745884976
216.75    0.0865958423503
216.875    0.0970096399764
217.0    0.0942094563578
217.125    0.0943930749557
217.25    0.0859662928717
217.375    0.0858875991868
217.5    0.0873565479703
217.625    0.0876778805168
217.75    0.087507377533
217.875    0.0876254180602
218.0    0.0949111417142
218.125    0.0947209653092
218.25    0.0948717948718
218.375    0.0944979998688
218.5    0.0862941832251
218.625    0.0862613941898
218.75    0.0871204669159
218.875    0.0869171748967
219.0    0.0873434323562
219.125    0.0874090104269
219.25    0.0947340809233
219.375    0.0946357138173
219.5    0.0821627647715
219.625    0.0822808052987
219.75    0.0824447504754
219.875    0.0823463833694
220.0    0.0927601809955
220.125    0.0929241261722
220.25    0.0930880713489
220.375    0.0931274181914
220.5    0.0859728506787
220.625    0.0852711653223
220.75    0.0829365860056
220.875    0.0832382451308
221.0    0.0886156469277
221.125    0.0886287625418
221.25    0.0889697685094
221.375    0.0891599449144
221.5    0.0938618925831
221.625    0.0935733490721
221.75    0.0919666863401
221.875    0.0936454849498
222.0    0.092530657748
222.125    0.0927995278379
222.25    0.0929110105581
222.375    0.0929110105581
222.5    0.0910026887009
222.625    0.0901370581677
222.75    0.0919273394977
222.875    0.0901829628172
223.0    0.0924716374844
223.125    0.0921044002885
223.25    0.0904124860647
223.375    0.0922224408158
223.5    0.0931339759984
223.625    0.0931339759984
223.75    0.0927798544167
223.875    0.0928716637156
224.0    0.0918092989704
224.125    0.0932913633681
224.25    0.0955472489999
224.375    0.0957374254049
224.5    0.0894681618467
224.625    0.102308348088
224.75    0.0971932585743
224.875    0.0820316086301
225.0    0.0881172535904
225.125    0.103514984589
225.25    0.0880647911338
225.375    0.0883139878025
225.5    0.0894616040396
225.625    0.0895862023739
225.75    0.0897567053577
225.875    0.0900911535183
226.0    0.0835923667126
226.125    0.0941897829366
226.25    0.0942619188143
226.375    0.0840579710145
226.5    0.0949045839071
226.625    0.0871204669159
226.75    0.0873893370057
226.875    0.0873893370057
227.0    0.0905567578202
227.125    0.0905174109778
227.25    0.090733818611
227.375    0.089310774477
227.5    0.094793101187
227.625    0.095081644698
227.75    0.0984326841104
227.875    0.0985113777952
228.0    0.0882025050823
228.125    0.0882025050823
228.25    0.0882025050823
228.375    0.0882221785035
228.5    0.088740245262
228.625    0.0887795921044
228.75    0.0887140140337
228.875    0.0888779592104
229.0    0.086949963932
229.125    0.0867269984917
229.25    0.0817233916978
229.375    0.0824906551249
229.5    0.0875336087612
229.625    0.0874024526198
229.75    0.0875532821824
229.875    0.0875532821824
230.0    0.0875860712178
230.125    0.0875532821824
230.25    0.0879205193783
230.375    0.0879205193783
230.5    0.0848055610204
230.625    0.0872385074431
230.75    0.0846285002295
230.875    0.0856974227818
231.0    0.0868384812119
231.125    0.09706866024
231.25    0.0868384812119
231.375    0.0868384812119
231.5    0.0888779592104
231.625    0.0887271296478
231.75    0.0882746409601
231.875    0.0879729818349
232.0    0.0831070889894
232.125    0.098301527969
232.25    0.0828578923208
232.375    0.0821824381927
232.5    0.0895075086891
232.625    0.0899206505345
232.75    0.09006492229
232.875    0.0901895206243
233.0    0.0957964456686
233.125    0.0953964194373
233.25    0.085717096203
233.375    0.0854613417273
233.5    0.0957111941767
233.625    0.0957964456686
233.75    0.0928782215227
233.875    0.0944258639911
234.0    0.0849039281264
234.125    0.0842678208407
234.25    0.086851596826
234.375    0.0866417469998
234.5    0.0891796183356
234.625    0.0892320807922
234.75    0.0877696898157
234.875    0.0887205718408
235.0    0.0896714538658
235.125    0.0895599711456
235.25    0.0896714538658
235.375    0.0914223883533
235.5    0.0859466194505
235.625    0.0978752705095
235.75    0.0874286838481
235.875    0.0858613679586
236.0    0.0831792248672
236.125    0.0830218374975
236.25    0.0832972653944
236.375    0.0833103810086
236.5    0.0998294970162
236.625    0.0998294970162
236.75    0.0892058495639
236.875    0.0870483310381
237.0    0.0944389796052
237.125    0.0868975014755
237.25    0.0860449865565
237.375    0.0858351367303
237.5    0.087422126041
237.625    0.0875860712178
237.75    0.087704111745
237.875    0.0876909961309
238.0    0.0963013968129
238.125    0.0963013968129
238.25    0.097167027346
238.375    0.096498131025
238.5    0.0904190438717
238.625    0.0904256016788
238.75    0.0896648960587
238.875    0.0904518329071
239.0    0.0890025575447
239.125    0.0892320807922
239.25    0.0894681618467
239.375    0.0894681618467
240.0    0.0872188340219
240.125    0.0879729818349
240.25    0.0876778805168
240.375    0.0883730080661
240.5    0.0909043215949
240.625    0.0908321857171
240.75    0.0903600236081
240.875    0.0908321857171
241.0    0.0931798806479
241.125    0.0931405338055
241.25    0.0899140927274
241.375    0.0913109056331
241.5    0.0878418256935
241.625    0.0880320020985
241.75    0.0881500426257
241.875    0.0879729818349
242.0    0.0890878090366
242.125    0.0890550200013
242.25    0.0891796183356
242.375    0.0893042166699
242.5    0.0906092202767
242.625    0.0880123286773
242.75    0.0855203619909
242.875    0.0855138041839
243.0    0.100524624566
243.125    0.0877500163945
243.25    0.0876713227097
243.375    0.0879074037642
243.5    0.0883402190308
243.625    0.0863007410322
243.75    0.0861499114696
243.875    0.0932257852974
244.0    0.0838743524165
244.125    0.0838743524165
244.25    0.0919273394977
244.375    0.0921240737097
244.5    0.0925634467834
244.625    0.0925962358187
244.75    0.0925700045905
244.875    0.0951537805758
245.0    0.0915338710735
245.125    0.0918355301987
245.25    0.0919273394977
245.375    0.0908387435242
245.5    0.0879729818349
245.625    0.0881566004328
245.75    0.0856121712899
245.875    0.0756574201587
246.0    0.0894747196537
246.125    0.0887664764903
246.25    0.0951537805758
246.375    0.0943471703062
246.5    0.0889763263165
246.625    0.0880516755197
246.75    0.0880713489409
246.875    0.0891730605286
247.0    0.0875336087612
247.125    0.0875336087612
247.25    0.0867991343695
247.375    0.0874024526198
247.5    0.0898157256213
247.625    0.0896583382517
247.75    0.0897501475507
247.875    0.0899337661486
248.0    0.089218965178
248.125    0.0891468293003
248.25    0.0883402190308
248.375    0.0861958161191
248.5    0.087507377533
248.625    0.0874352416552
248.75    0.0874680306905
248.875    0.0873827791986
249.0    0.0896124336022
249.125    0.0895796445668
249.25    0.0894878352679
249.375    0.089592760181
249.5    0.0813889435373
249.625    0.0819725883665
249.75    0.0819070102958
249.875    0.0920388222178
250.0    0.0851400091809
250.125    0.0825824644239
250.25    0.0825824644239
250.375    0.0833038232015
250.5    0.0894288150043
250.625    0.0900059020264
250.75    0.0896452226375
250.875    0.0896452226375
251.0    0.0896124336022
251.125    0.0924781952915
251.25    0.0924650796774
251.375    0.0925109843268
251.5    0.0898157256213
251.625    0.0914945242311
251.75    0.0898878614991
251.875    0.0899075349203
252.0    0.0893894681618
252.125    0.0909764574726
252.25    0.0899665551839
252.375    0.0900845957112
252.5    0.090163289396
252.625    0.0898288412355
252.75    0.0913305790544
252.875    0.0899534395698
253.0    0.0789887861499
253.125    0.0843071676831
253.25    0.0843071676831
253.375    0.0819922617876
253.5    0.0899534395698
253.625    0.0917174896714
253.75    0.0916847006361
253.875    0.0917371630927
254.0    0.0878155944652
254.125    0.087887730343
254.25    0.0881369270116
254.375    0.0882549675388
254.5    0.086281067611
254.625    0.0858679257656
254.75    0.0833234966227
254.875    0.0838481211883
255.0    0.0859138304151
255.125    0.0860318709423
255.25    0.0860777755918
255.375    0.0862220473474
255.5    0.0915535444947
255.625    0.0921109580956
255.75    0.092150304938
255.875    0.0924388484491
256.0    0.0900190176405
256.125    0.0896780116729
256.25    0.0889173060528
256.375    0.0898026100072
256.5    0.089782936586
256.625    0.0896124336022
256.75    0.0897894943931
256.875    0.0899206505345
257.0    0.0886681093842
257.125    0.0887992655256
257.25    0.0879139615712
257.375    0.0880844645551
257.5    0.089022230966
257.625    0.0889828841235
257.75    0.102026362384
257.875    0.0891796183356
258.0    0.0888976326316
258.125    0.0893435635124
258.25    0.0893435635124
258.375    0.0896321070234
258.5    0.0889566528953
258.625    0.0894419306184
258.75    0.0890156731589
258.875    0.0890156731589
259.0    0.0937963145124
259.125    0.091487966424
259.25    0.0864646862089
259.375    0.0868450390189
259.5    0.107443111024
259.625    0.102295232474
259.75    0.102347694931
259.875    0.0890025575447
260.0    0.0879598662207
260.125    0.0882221785035
260.25    0.0882221785035
260.375    0.0873040855138
260.5    0.0876778805168
260.625    0.0881238113975
260.75    0.0879270771854
260.875    0.0882811987671
261.0    0.090255098695
261.125    0.090255098695
261.25    0.0907469342252
261.375    0.0902944455374
261.5    0.0930552823136
261.625    0.0931077447701
261.75    0.0908059544888
261.875    0.0961308938291
262.0    0.092904452751
262.125    0.0931995540691
262.25    0.0921437471309
262.375    0.0922355564299
262.5    0.0898944193062
262.625    0.0900386910617
262.75    0.0908977637878
262.875    0.0905305265919
263.0    0.0886681093842
263.125    0.0886681093842
263.25    0.0861630270837
263.375    0.087041773231
263.5    0.087986097449
263.625    0.087986097449
263.75    0.0896780116729
263.875    0.0896780116729
264.0    0.0932782477539
264.125    0.0937438520559
264.25    0.0945898091678
264.375    0.0854678995344
264.5    0.0888451701751
264.625    0.0889238638599
264.75    0.0895665289527
264.875    0.089691127287
265.0    0.0906157780838
265.125    0.0908059544888
265.25    0.0910223621221
265.375    0.0910354777362
265.5    0.0892779854417
265.625    0.0878549413076
265.75    0.0881303692045
265.875    0.0882221785035
266.0    0.0901305003607
266.125    0.0902288674667
266.25    0.0906551249262
266.375    0.0897763787789
266.5    0.0948717948718
266.625    0.0799003213325
266.75    0.0958423503181
266.875    0.095180011804
267.0    0.087986097449
267.125    0.089973112991
267.25    0.0898681880779
267.375    0.0902091940455
267.5    0.0944258639911
267.625    0.0944324217981
267.75    0.0944848842547
267.875    0.0894943930749
268.0    0.0888189389468
268.125    0.0892255229851
268.25    0.0886090891206
268.375    0.0876778805168
268.5    0.0791133844842
268.625    0.0868975014755
268.75    0.0886287625418
268.875    0.0887008984196
269.0    0.0900321332546
269.125    0.0900321332546
269.25    0.0903141189586
269.375    0.0917830677421
269.5    0.0920912846744
269.625    0.0918748770411
269.75    0.0920060331825
269.875    0.0921699783592
270.0    0.0853170699718
270.125    0.0933372680176
270.25    0.091678142829
270.375    0.0923142501148
270.5    0.0944717686406
270.625    0.09451767329
270.75    0.094609482589
270.875    0.0817365073119
271.0    0.0935799068791
271.125    0.0920388222178
271.25    0.0921699783592
271.375    0.0915207554594
271.5    0.0964128795331
271.625    0.0989179618335
271.75    0.0919338973047
271.875    0.0919076660765
272.0    0.0933241524034
272.125    0.0938159879336
272.25    0.0938750081972
272.375    0.0931077447701
272.5    0.0907993966817
272.625    0.0911731916847
272.75    0.0915338710735
272.875    0.0911863072988
273.0    0.0818676634533
273.125    0.0862941832251
273.25    0.0796445668568
273.375    0.0823529411765
273.5    0.0884517017509
273.625    0.0884976064004
273.75    0.0901698472031
273.875    0.0902485408879
274.0    0.0837038494328
274.125    0.0841825693488
274.25    0.0842678208407
274.375    0.0831923404813
274.5    0.0836776182045
274.625    0.0823004787199
274.75    0.0827923142501
274.875    0.0827923142501
275.0    0.0938159879336
275.125    0.0938750081972
275.25    0.0953439569808
275.375    0.0853170699718
275.5    0.0825103285461
275.625    0.0825168863532
275.75    0.0825103285461
275.875    0.0826939471441
276.0    0.085999081907
276.125    0.0862941832251
276.25    0.0861499114696
276.375    0.0862154895403
276.5    0.0923601547643
276.625    0.0920322644108
276.75    0.0924978687127
276.875    0.092432290642
277.0    0.0879008459571
277.125    0.0878287100793
277.25    0.0873303167421
277.375    0.0879795396419
277.5    0.0826086956522
277.625    0.0827005049511
277.75    0.0829300281986
277.875    0.0831005311824
278.0    0.0933897304741
278.125    0.0941701095154
278.25    0.0942094563578
278.375    0.0948062168011
278.5    0.0975670535773
278.625    0.0979146173519
278.75    0.0979408485802
278.875    0.0902157518526
279.0    0.0849432749689
279.125    0.0823857302118
279.25    0.0850941045314
279.375    0.0868843858614
279.5    0.0873827791986
279.625    0.0880844645551
279.75    0.085625286904
279.875    0.0844579972457
280.0    0.0883730080661
280.125    0.0883795658732
280.25    0.0861040068201
280.375    0.0873696635845
280.5    0.0905895468555
280.625    0.0908649747524
280.75    0.0905764312414
280.875    0.0917896255492
281.0    0.09006492229
281.125    0.087507377533
281.25    0.0960194111089
281.375    0.0960849891796
281.5    0.0904780641353
281.625    0.0907600498393
281.75    0.09120598072
281.875    0.0920584956391
282.0    0.0900845957112
282.125    0.0904911797495
282.25    0.0909239950161
282.375    0.101718145452
282.5    0.0879992130631
282.625    0.0878155944652
282.75    0.0982228342842
282.875    0.0997508033314
283.0    0.0951275493475
283.125    0.093186438455
283.25    0.0933044789822
283.375    0.09082562791
283.5    0.100498393337
283.625    0.0877434585874
283.75    0.0984457997246
283.875    0.0932061118762
284.0    0.0940258377598
284.125    0.0936848317922
284.25    0.0933438258246
284.375    0.0934356351236
284.5    0.0892386385993
284.625    0.0893697947406
284.75    0.089592760181
284.875    0.0975932848056
285.0    0.0936782739852
285.125    0.094701291888
285.25    0.0958095612827
285.375    0.0957111941767
285.5    0.0929306839793
285.625    0.101121385009
285.75    0.0931733228408
285.875    0.0979342907732
286.0    0.0928388746803
286.125    0.0921962095875
286.25    0.0923535969572
286.375    0.0925503311692
286.5    0.0879992130631
286.625    0.0879992130631
286.75    0.0955472489999
286.875    0.0929306839793
287.0    0.0891337136861
287.125    0.0891337136861
287.25    0.0883992392944
287.375    0.0871073513017
287.5    0.0972850678733
287.625    0.0969112728703
287.75    0.0971276805036
287.875    0.0973703193652
288.0    0.111987671323
288.125    0.109987540167
288.25    0.105279034691
288.375    0.0978031346318
288.5    0.0940783002164
288.625    0.0946947340809
288.75    0.10678077251
288.875    0.0920978424815
289.0    0.0987015542003
289.125    0.0988458259558
289.25    0.0990753492032
289.375    0.0990425601679
289.5    0.0823988458259
289.625    0.0890812512296
289.75    0.0898616302708
289.875    0.0902419830808
290.0    0.0962292609351
290.125    0.0962292609351
290.25    0.0968260213784
290.375    0.0966292871664
290.5    0.0931339759984
290.625    0.0958423503181
290.75    0.0958554659322
290.875    0.0958948127746
291.0    0.0945898091678
291.125    0.0967014230441
291.25    0.094701291888
291.375    0.0940455111811
291.5    0.0956784051413
291.625    0.0963407436553
291.75    0.0964522263755
291.875    0.0967407698865
292.0    0.0912912322119
292.125    0.0912584431766
292.25    0.0947537543445
292.375    0.0938094301266
292.5    0.0978424814742
292.625    0.0981310249852
292.75    0.0955734802282
292.875    0.0944324217981
293.0    0.0956193848777
293.125    0.0948980261001
293.25    0.0950619712768
293.375    0.0959735064594
293.5    0.0991015804315
293.625    0.0993114302577
293.75    0.0917371630926
293.875    0.0966555183946
294.0    0.0946816184668
294.125    0.095652173913
