0.0    0.0759427328552
0.125    0.072029419729
0.25    0.0760606563535
0.375    0.0755452869909
0.5    0.0780391506014
0.625    0.0718197779544
0.75    0.0720993003206
0.875    0.0717062219932
1.0    0.072496746185
1.125    0.0723744551498
1.25    0.0718328805653
1.375    0.0761960499996
1.5    0.0685310226151
1.625    0.0719333339157
1.75    0.0716931193823
1.875    0.0721779159861
2.0    0.0765760257161
2.125    0.0794979079498
2.25    0.078855880015
2.375    0.0781963819324
2.5    0.0754011582708
2.625    0.072798106236
2.75    0.0722303264297
2.875    0.0735755278168
3.0    0.0724399682043
3.125    0.0662817410749
3.25    0.0725491566286
3.375    0.0715926660319
3.5    0.0731693468785
3.625    0.0731344065828
3.75    0.0731999196373
3.875    0.0738637852569
4.0    0.0738332124981
4.125    0.0734794420035
4.25    0.0713044085918
4.375    0.0815375477153
4.5    0.0761174343341
4.625    0.076881753304
4.75    0.0714965802186
4.875    0.0715271529773
5.0    0.0700858657769
5.125    0.0771263353744
5.25    0.0766284361597
5.375    0.0757243560067
5.5    0.0760126134468
5.625    0.0689503061643
5.75    0.0685965356697
5.875    0.0716887518453
6.0    0.0766284361597
6.125    0.0766939492143
6.25    0.0667883753636
6.375    0.0664477074798
6.5    0.0708807575056
6.625    0.0726583450529
6.75    0.0778906543444
6.875    0.0783885535591
7.0    0.0745887963942
7.125    0.0808387418
7.25    0.0746237366899
7.375    0.074012281514
7.5    0.0673517876329
7.625    0.0757025183218
7.75    0.0699417370568
7.875    0.0694394703051
8.0    0.0771481730593
8.125    0.0730339532324
8.25    0.0733178431355
8.375    0.0736847162411
8.5    0.0776897476437
8.625    0.0692822389742
8.75    0.0693914273984
8.875    0.0727107554966
9.0    0.0771044976896
9.125    0.07840165617
9.25    0.0742787012692
9.375    0.074309274028
9.5    0.0786200330186
9.625    0.0793887195255
9.75    0.0810134432788
9.875    0.0804631336204
10.0    0.0743354792498
10.125    0.0735362199841
10.25    0.0743398467868
10.375    0.0744970781178
10.5    0.0782269546912
10.625    0.0742743337322
10.75    0.0746630445227
10.875    0.0710598265214
11.0    0.0774233278885
11.125    0.0735274849102
11.25    0.0720512574139
11.375    0.0722390615037
11.5    0.0643993326403
11.625    0.070064028092
11.75    0.0741214699382
11.875    0.0736759811672
12.0    0.0791485049921
12.125    0.0790524191787
12.25    0.0751216359046
12.375    0.0752701321617
12.5    0.0738201098872
12.625    0.0736366733344
12.75    0.0739555035333
12.875    0.0808081690412
13.0    0.0771787458181
13.125    0.0787335889798
13.25    0.0716974869192
13.375    0.0704134310497
13.5    0.074920729204
13.625    0.0752876023096
13.75    0.0707977743032
13.875    0.0728854569754
14.0    0.0795503183934
14.125    0.075069225461
14.25    0.0791397699182
14.375    0.0790567867157
14.5    0.0806422026362
14.625    0.0826250644212
14.75    0.0756413728042
14.875    0.076733257047
15.0    0.0703828582909
15.125    0.0699766773526
15.25    0.0704964142521
15.375    0.0715096828295
15.5    0.0704483713455
15.625    0.073558057669
15.75    0.0735798953538
15.875    0.0736323057975
16.0    0.0754273634926
16.125    0.0755889623606
16.25    0.0757767664503
16.375    0.0757767664503
16.5    0.0722041212079
16.625    0.0747329251142
16.75    0.0790305814939
16.875    0.075374953049
17.0    0.0734881770774
17.125    0.0737720669806
17.25    0.07385941772
17.375    0.074318009102
17.5    0.072029419729
17.625    0.0701557463684
17.75    0.0724268655934
17.875    0.0725142163328
18.0    0.0755409194539
18.125    0.0754011582708
18.25    0.0761218018711
18.375    0.074012281514
18.5    0.0759339977813
18.625    0.0801748761803
18.75    0.0748595836864
18.875    0.0753924231969
19.0    0.0717062219932
19.125    0.0717717350477
19.25    0.0737240240739
19.375    0.074466505359
19.5    0.0727587984032
19.625    0.0727762685511
19.75    0.0722827368734
19.875    0.0745844288572
20.0    0.0801661411064
20.125    0.0812230850534
20.25    0.081279863034
20.375    0.0762659305911
20.5    0.080978502983
20.625    0.0765367178833
20.75    0.0734576043186
20.875    0.0770520872459
21.0    0.0725491566286
21.125    0.073405193875
21.25    0.0733746211162
21.375    0.0733920912641
21.5    0.0684393043387
21.625    0.0766808466034
21.75    0.0704789441043
21.875    0.0704483713455
22.0    0.0728854569754
22.125    0.0725142163328
22.25    0.0771743782811
22.375    0.069758300504
22.5    0.0733484158943
22.625    0.0736497759453
22.75    0.0735798953538
22.875    0.0737982722024
23.0    0.0777683633092
23.125    0.0750954306828
23.25    0.0748814213712
23.375    0.0728592517536
23.5    0.0753443802902
23.625    0.0753924231969
23.75    0.0754055258078
23.875    0.075370585512
24.0    0.0733265782095
24.125    0.0737895371284
24.25    0.0777115853286
24.375    0.0738419475721
24.5    0.0732348599331
24.625    0.0738637852569
24.75    0.0740952647164
24.875    0.0736454084084
25.0    0.075073592998
25.125    0.0733833561901
25.25    0.0734226640228
25.375    0.0735973655017
25.5    0.0735274849102
25.625    0.0717586324368
25.75    0.0757592963024
25.875    0.0824678330902
26.0    0.0760082459098
26.125    0.0760300835947
26.25    0.0821053275216
26.375    0.0821315327434
26.5    0.0732130222482
26.625    0.0733920912641
26.75    0.0738375800351
26.875    0.0738856229418
27.0    0.0757330910806
27.125    0.0736628785563
27.25    0.0736628785563
27.375    0.0736279382605
27.5    0.0721648133751
27.625    0.077951799862
27.75    0.0715009477555
27.875    0.0713000410548
28.0    0.0760519212795
28.125    0.0761829473886
28.25    0.0753443802902
28.375    0.0738113748133
28.5    0.0769953092653
28.625    0.0771700107441
28.75    0.0779343297141
28.875    0.0772529939466
29.0    0.0750386527022
29.125    0.0751478411265
29.25    0.0751216359046
29.375    0.0729247648081
29.5    0.0768118727125
29.625    0.0728243114578
29.75    0.083262724819
29.875    0.0707322612486
30.0    0.0729684401778
30.125    0.073252330081
30.25    0.0732392274701
30.375    0.0736759811672
30.5    0.0733833561901
30.625    0.0734969121514
30.75    0.0735798953538
30.875    0.0754972440842
31.0    0.0715184179034
31.125    0.0736847162411
31.25    0.0724050279086
31.375    0.0742655986583
31.5    0.0750779605349
31.625    0.0754142608817
31.75    0.0703479179951
31.875    0.0726627125899
32.0    0.0714398022379
32.125    0.0712913059809
32.25    0.0713087761288
32.375    0.0756413728042
32.5    0.0730514233803
32.625    0.0731562442676
32.75    0.0728112088469
32.875    0.0722084887449
33.0    0.0718590857872
33.125    0.0722652667255
33.25    0.0730470558433
33.375    0.0728024737729
33.5    0.0756282701933
33.625    0.0755103466951
33.75    0.07658476079
33.875    0.0764930425136
34.0    0.0736716136302
34.125    0.0741389400861
34.25    0.073549322595
34.375    0.0729815427888
34.5    0.0680156532525
34.625    0.074313641565
34.75    0.0728767219015
34.875    0.0779168595662
35.0    0.076279033202
35.125    0.0698238135586
35.25    0.0765978634009
35.375    0.0704309011976
35.5    0.0737414942217
35.625    0.074012281514
35.75    0.0720163171181
35.875    0.0699286344459
36.0    0.0727500633293
36.125    0.0708632873577
36.25    0.0734270315598
36.375    0.0718066753435
36.5    0.0764668372918
36.625    0.0771656432072
36.75    0.0770739249308
36.875    0.0770564547829
37.0    0.0722172238188
37.125    0.074318009102
37.25    0.0698063434107
37.375    0.0720905652466
37.5    0.0725185838698
37.625    0.066727229846
37.75    0.0647356329871
37.875    0.0754535687145
38.0    0.0745931639311
38.125    0.0751172683677
38.25    0.0747853355579
38.375    0.0748115407797
38.5    0.0710947668172
38.625    0.0755627571387
38.75    0.0752744996986
38.875    0.0814501969759
39.0    0.0773752849818
39.125    0.0776373372001
39.25    0.0747329251142
39.375    0.0751915164962
39.5    0.0728505166796
39.625    0.0756108000454
39.75    0.0754098933447
39.875    0.0751653112744
40.0    0.0733833561901
40.125    0.0730077480106
40.25    0.0730383207694
40.375    0.0731256715088
40.5    0.0748159083167
40.625    0.0753050724574
40.75    0.0745625911723
40.875    0.0758772198007
41.0    0.0672207615237
41.125    0.0712913059809
41.25    0.0722608991885
41.375    0.0783448781894
41.5    0.073405193875
41.625    0.0748857889082
41.75    0.0719682742114
41.875    0.0721255055424
42.0    0.074772232947
42.125    0.0748726862973
42.25    0.0740777945685
42.375    0.0738681527939
42.5    0.0745101807287
42.625    0.0738157423503
42.75    0.0734139289489
42.875    0.0728374140687
43.0    0.0771612756702
43.125    0.0720512574139
43.25    0.0719114962308
43.375    0.0766852141403
43.5    0.0727238581075
43.625    0.0725797293874
43.75    0.0732042871743
43.875    0.0733877237271
44.0    0.0723569850019
44.125    0.0723919252977
44.25    0.0727282256444
44.375    0.0748159083167
44.5    0.0732654326919
44.625    0.074313641565
44.75    0.0732654326919
44.875    0.0732348599331
45.0    0.0721298730794
45.125    0.0764799399027
45.25    0.0775412513867
45.375    0.0774582681842
45.5    0.0749076265931
45.625    0.0748464810755
45.75    0.0750342851652
45.875    0.0754841414733
46.0    0.073396458801
46.125    0.0733615185053
46.25    0.0739424009224
46.375    0.0742175557516
46.5    0.0699373695198
46.625    0.0703173452363
46.75    0.0700552930181
46.875    0.0690900673474
47.0    0.0828565438806
47.125    0.0753312776793
47.25    0.074309274028
47.375    0.0732741677658
47.5    0.0742699661953
47.625    0.0763794865524
47.75    0.0741913505298
47.875    0.0685659629109
48.0    0.0762921358129
48.125    0.0762178876844
48.25    0.0741695128449
48.375    0.0700946008508
48.5    0.0760868615753
48.625    0.0708851250426
48.75    0.0773228745381
48.875    0.0714660074598
49.0    0.0781570740996
49.125    0.0779692700099
49.25    0.0779692700099
49.375    0.077038984635
49.5    0.0763183410348
49.625    0.0682165599532
49.75    0.0812318201274
49.875    0.0796333015959
50.0    0.0762397253693
50.125    0.0743005389541
50.25    0.074610634079
50.375    0.0750255500913
50.5    0.0706274403613
50.625    0.0748639512233
50.75    0.0746586769857
50.875    0.0742787012692
51.0    0.0713218787397
51.125    0.071575195884
51.25    0.0778950218814
51.375    0.0777028502546
51.5    0.0713611865724
51.625    0.0713000410548
51.75    0.0719158637678
51.875    0.0699373695198
52.0    0.0779081244923
52.125    0.0778120386789
52.25    0.0700552930181
52.375    0.0784715367616
52.5    0.0732217573222
52.625    0.0689066307946
52.75    0.0708589198208
52.875    0.0717629999738
53.0    0.0669892820643
53.125    0.0702736698666
53.25    0.0664695451647
53.375    0.0659891160979
53.5    0.0652684724976
53.625    0.06506319826
53.75    0.077501943554
53.875    0.074318009102
54.0    0.0698063434107
54.125    0.0789039229217
54.25    0.0708676548947
54.375    0.0709943134669
54.5    0.0741039997904
54.625    0.0754360985666
54.75    0.0741171024013
54.875    0.0746018990051
55.0    0.0704789441043
55.125    0.0760999641862
55.25    0.0762222552214
55.375    0.0765498204942
55.5    0.0758335444309
55.625    0.0702780374036
55.75    0.0766109660118
55.875    0.0771569081332
56.0    0.0752395594029
56.125    0.0703959609018
56.25    0.0715184179034
56.375    0.0699985150374
56.5    0.0683344834514
56.625    0.071431067164
56.75    0.0754011582708
56.875    0.0666442466435
57.0    0.070212524349
57.125    0.0705051493261
57.25    0.0753443802902
57.375    0.0709069627274
57.5    0.0774670032582
57.625    0.0738637852569
57.75    0.0741738803819
57.875    0.0751478411265
58.0    0.0758641171898
58.125    0.0770782924677
58.25    0.0768293428604
58.375    0.0777203204025
58.5    0.0726583450529
58.625    0.0725971995353
58.75    0.0687057240939
58.875    0.0792009154357
59.0    0.0716974869192
59.125    0.0773141394642
59.25    0.0786462382404
59.375    0.0785457848901
59.5    0.0778600815856
59.625    0.0786724434622
59.75    0.0789519658284
59.875    0.0795153780977
60.0    0.0768380779343
60.125    0.0769472663586
60.25    0.0761174343341
60.375    0.0773141394642
60.5    0.083262724819
60.625    0.0845904560582
60.75    0.0840314113259
60.875    0.084166804972
61.0    0.082804133437
61.125    0.0827997659
61.25    0.0831972117644
61.375    0.0783492457264
61.5    0.0749906097955
61.625    0.0814938723456
61.75    0.0821795756501
61.875    0.0827080476236
62.0    0.0768642831562
62.125    0.0770258820241
62.25    0.0767463596579
62.375    0.0804893388423
62.5    0.0865296424734
62.625    0.0809654003721
62.75    0.0801923463282
62.875    0.0821752081131
63.0    0.0846778067976
63.125    0.0855600492658
63.25    0.0865864204541
63.375    0.0855513141919
63.5    0.0820048741713
63.625    0.0830923908771
63.75    0.0833850158542
63.875    0.0823761148138
64.0    0.0778862868074
64.125    0.0768075051755
64.25    0.0840794542326
64.375    0.0873157991282
64.5    0.0792271206576
64.625    0.0882286143552
64.75    0.0783317755785
64.875    0.0852848944366
65.0    0.0790000087351
65.125    0.0794760702649
65.25    0.0883159650946
65.375    0.0884731964256
65.5    0.0855687843398
65.625    0.0842672583223
65.75    0.0850883552729
65.875    0.0809129899285
66.0    0.0817646596378
66.125    0.0800176448494
66.25    0.0806640403211
66.375    0.0806640403211
66.5    0.0879621946
66.625    0.0887265135699
66.75    0.0892637206174
66.875    0.0820834898367
67.0    0.0911723342738
67.125    0.0892287803216
67.25    0.0890671814537
67.375    0.090084817568
67.5    0.083258357282
67.625    0.0848219355177
67.75    0.0818738480621
67.875    0.0912247447175
68.0    0.0890104034731
68.125    0.0850665175881
68.25    0.0810178108158
68.375    0.080834374263
68.5    0.0854508608415
68.625    0.0839222229016
68.75    0.0827429879194
68.875    0.0836601706833
69.0    0.0864248215861
69.125    0.0864335566601
69.25    0.084324036303
69.375    0.0847040120195
69.5    0.0923078938863
69.625    0.0970947144068
69.75    0.0969462181497
69.875    0.0917226439322
70.0    0.0899843642176
70.125    0.0923209964972
70.25    0.0907923585573
70.375    0.0869270883378
70.5    0.0913863435854
70.625    0.0908884443707
70.75    0.0878617412496
70.875    0.0891021217495
71.0    0.0849879019226
71.125    0.0850970903469
71.25    0.0813541111626
71.375    0.0818782155991
71.5    0.0773665499079
71.625    0.0820136092452
71.75    0.0842847284702
71.875    0.0799652344057
72.0    0.0934871288685
72.125    0.0960596081446
72.25    0.0957233077978
72.375    0.0930896830042
72.5    0.0873070640543
72.625    0.0882024091334
72.75    0.0865645827692
72.875    0.0947755522751
73.0    0.0884644613517
73.125    0.088263554651
73.25    0.0926747669919
73.375    0.0930853154672
73.5    0.0876433644011
73.625    0.0877438177514
73.75    0.0853635101021
73.875    0.0837824617185
74.0    0.0864990697146
74.125    0.0860666835545
74.25    0.0873157991282
74.375    0.0829351595461
74.5    0.087656467012
74.625    0.0952647164158
74.75    0.0947013041465
74.875    0.0885954874608
75.0    0.086743651785
75.125    0.0893336012089
75.25    0.0892593530804
75.375    0.0897965601279
75.5    0.0861846070527
75.625    0.0891239594343
75.75    0.0892680881544
75.875    0.088560547165
76.0    0.0873944147937
76.125    0.0857041779859
76.25    0.0866213607498
76.375    0.0870231741512
76.5    0.0865645827692
76.625    0.0877001423817
76.75    0.0945790131113
76.875    0.0909321197404
77.0    0.0862501201073
77.125    0.082651269643
77.25    0.0823892174247
77.375    0.0827779282152
77.5    0.0877612878993
77.625    0.0861977096636
77.75    0.0910806159974
77.875    0.0860535809436
78.0    0.0799914396275
78.125    0.0892986609132
78.25    0.0953651697662
78.375    0.0970248338152
78.5    0.0846035586691
78.625    0.0914824293988
78.75    0.0849616967008
78.875    0.0842628907854
79.0    0.089176369878
79.125    0.0870843196688
79.25    0.0831972117644
79.375    0.0823630122029
79.5    0.0800525851451
79.625    0.0820616521519
79.75    0.0816074283069
79.875    0.0887614538657
80.0    0.0860011704999
80.125    0.0865383775474
80.25    0.0863680436055
80.375    0.0866082581389
80.5    0.0847607900001
80.625    0.0840750866956
80.75    0.0834723665936
80.875    0.0939282501026
81.0    0.0864073514382
81.125    0.0863898812903
81.25    0.0866956088783
81.375    0.0794105572104
81.5    0.0854945362113
81.625    0.0855425791179
81.75    0.0857041779859
81.875    0.0840314113259
82.0    0.0913164629939
82.125    0.0872764912955
82.25    0.083415588613
82.375    0.0882111442073
82.5    0.0868266349875
82.625    0.0858133664101
82.75    0.0858089988732
82.875    0.0858483067059
83.0    0.0845860885212
83.125    0.0843720792096
83.25    0.0903687074711
83.375    0.0903687074711
83.5    0.0846472340388
83.625    0.0862020772006
83.75    0.0839222229016
83.875    0.0839309579756
84.0    0.0758815873376
84.125    0.0791310348442
84.25    0.0797949004638
84.375    0.080070055293
84.5    0.0807863313563
84.625    0.0882810247989
84.75    0.0891501646561
84.875    0.0793974545994
85.0    0.0785021095204
85.125    0.0783536132633
85.25    0.0785719901119
85.375    0.0788165721823
85.5    0.0799914396275
85.625    0.0805985272665
85.75    0.0806640403211
85.875    0.0786724434622
86.0    0.0785239472052
86.125    0.079004376272
86.25    0.0784496990767
86.375    0.0786724434622
86.5    0.0793974545994
86.625    0.0793843519885
86.75    0.0751129008307
86.875    0.0758379119679
87.0    0.0744403001371
87.125    0.0723875577607
87.25    0.0725185838698
87.375    0.0723526174649
87.5    0.0792314881946
87.625    0.0794105572104
87.75    0.0798866187402
87.875    0.0778731841965
88.0    0.0838741799949
88.125    0.0838916501428
88.25    0.0843371389139
88.375    0.0850141071444
88.5    0.0760824940383
88.625    0.0793232064709
88.75    0.0840488814738
88.875    0.0831491688577
89.0    0.0782749975978
89.125    0.0848612433504
89.25    0.0825813890515
89.375    0.0822625588526
89.5    0.0777596282353
89.625    0.0783143054306
89.75    0.0781265013408
89.875    0.0761436395559
90.0    0.0741083673273
90.125    0.0736192031866
90.25    0.0746455743748
90.375    0.0740690594946
90.5    0.0773141394642
90.625    0.0769428988216
90.75    0.0775849267564
90.875    0.0776023969043
91.0    0.0803015347525
91.125    0.0762921358129
91.25    0.076427529459
91.375    0.0768686506931
91.5    0.0731518767306
91.625    0.0727631659402
91.75    0.0728898245124
91.875    0.0729029271233
92.0    0.071876555935
92.125    0.0758728522637
92.25    0.0702780374036
92.375    0.0704177985867
92.5    0.0719901118963
92.625    0.0762440929062
92.75    0.0760213485207
92.875    0.0761698447777
93.0    0.0749818747216
93.125    0.0764974100506
93.25    0.0744927105808
93.375    0.072789371162
93.5    0.0734445017077
93.625    0.0821315327434
93.75    0.0718459831762
93.875    0.06764441261
94.0    0.0731475091937
94.125    0.0731955521003
94.25    0.0713655541094
94.375    0.0725666267765
94.5    0.0725316864807
94.625    0.0723875577607
94.75    0.0724530708152
94.875    0.080834374263
95.0    0.071579563421
95.125    0.0723526174649
95.25    0.0717149570671
95.375    0.0701295411466
95.5    0.0702649347927
95.625    0.0681510468986
95.75    0.0671639835431
95.875    0.0676662502948
96.0    0.0767026842882
96.125    0.0739773412182
96.25    0.0745232833396
96.375    0.0718023078065
96.5    0.0745320184135
96.625    0.0746237366899
96.75    0.0727020204226
96.875    0.0727020204226
97.0    0.0762397253693
97.125    0.0745101807287
97.25    0.074313641565
97.375    0.0746761471336
97.5    0.0699548396677
97.625    0.0671421458583
97.75    0.0683606886732
97.875    0.0745538560984
98.0    0.0743529493977
98.125    0.0743791546195
98.25    0.068247132712
98.375    0.0702037892751
98.5    0.074606266542
98.625    0.0753007049205
98.75    0.0752613970877
98.875    0.0752613970877
99.0    0.0727238581075
99.125    0.0708851250426
99.25    0.0663341515186
99.375    0.0701819515902
99.5    0.0742000856037
99.625    0.0657882093972
99.75    0.0617613403098
99.875    0.0704483713455
100.0    0.0726845502747
100.125    0.0734139289489
100.25    0.0723045745582
100.375    0.0719508040636
100.5    0.0720206846551
100.625    0.0620583328238
100.75    0.0618137507534
100.875    0.0706274403613
101.0    0.0760475537425
101.125    0.0759951432989
101.25    0.0730819961391
101.375    0.0733440483574
101.5    0.0747460277251
101.625    0.068094268918
101.75    0.0737152889999
101.875    0.0691381102541
102.0    0.0746761471336
102.125    0.0751085332937
102.25    0.0730470558433
102.375    0.0752788672356
102.5    0.0708283470619
102.625    0.070679850805
102.75    0.0727587984032
102.875    0.0730732610652
103.0    0.0703959609018
103.125    0.0706143377504
103.25    0.0708851250426
103.375    0.0712126903154
103.5    0.0706842183419
103.625    0.066875726103
103.75    0.0669980171382
103.875    0.0670023846752
104.0    0.0711471772609
104.125    0.0711602798718
104.25    0.0713480839615
104.375    0.0715140503664
104.5    0.0689808789231
104.625    0.0690245542929
104.75    0.068998349071
104.875    0.0693302818808
105.0    0.0676618827578
105.125    0.0678365842367
105.25    0.0682252950271
105.375    0.0677623361082
105.5    0.0693346494178
105.625    0.0694831456748
105.75    0.069915531835
105.875    0.0698281810955
106.0    0.0736104681126
106.125    0.073702186389
106.25    0.0729859103257
106.375    0.0739729736812
106.5    0.0726277722941
106.625    0.0748377460015
106.75    0.0738026397394
106.875    0.0737808020545
107.0    0.0734969121514
107.125    0.0734881770774
107.25    0.0711471772609
107.375    0.0791048296224
107.5    0.0735667927429
107.625    0.0734663393926
107.75    0.0728417816057
107.875    0.0733222106725
108.0    0.0741389400861
108.125    0.074309274028
108.25    0.0737982722024
108.375    0.0677230282754
108.5    0.06764441261
108.625    0.0676269424621
108.75    0.0676487801469
108.875    0.0672950096523
109.0    0.0736585110193
109.125    0.0740428542728
109.25    0.074007913977
109.375    0.0741476751601
109.5    0.0716625466235
109.625    0.0716625466235
109.75    0.0717586324368
109.875    0.0698543863174
110.0    0.0722259588927
110.125    0.0725491566286
110.25    0.0704571064194
110.375    0.0727719010141
110.5    0.0707278937116
110.625    0.0709025951905
110.75    0.0708021418401
110.875    0.0708021418401
111.0    0.0706274403613
111.125    0.0706973209528
111.25    0.071125339576
111.375    0.0711471772609
111.5    0.0743354792498
111.625    0.0745189158026
111.75    0.0747241900403
111.875    0.0738899904788
112.0    0.0701164385356
112.125    0.0696360094688
112.25    0.0695180859706
112.375    0.0695704964143
112.5    0.0697888732628
112.625    0.0698805915392
112.75    0.0704964142521
112.875    0.0703959609018
113.0    0.0742131882146
113.125    0.0718197779544
113.25    0.0723133096322
113.375    0.0701819515902
113.5    0.0693171792699
113.625    0.0696534796167
113.75    0.0694656755269
113.875    0.0695748639512
114.0    0.0746848822075
114.125    0.0746848822075
114.25    0.0751478411265
114.375    0.075213354181
114.5    0.071889658546
114.625    0.0719464365266
114.75    0.0699330019829
114.875    0.0723089420952
115.0    0.0718066753435
115.125    0.067631309999
115.25    0.0670416925079
115.375    0.0673954630026
115.5    0.074313641565
115.625    0.0741957180668
115.75    0.0741957180668
115.875    0.0737982722024
116.0    0.0741476751601
116.125    0.0739030930897
116.25    0.0739729736812
116.375    0.0729946453997
116.5    0.0719682742114
116.625    0.0719464365266
116.75    0.0722914719473
116.875    0.0725142163328
117.0    0.0718023078065
117.125    0.0690725971995
117.25    0.0723482499279
117.375    0.0719639066745
117.5    0.0745276508766
117.625    0.0683781588211
117.75    0.074466505359
117.875    0.073855050183
118.0    0.0716800167713
118.125    0.0719377014526
118.25    0.0719726417484
118.375    0.0718285130284
118.5    0.0766153335488
118.625    0.075829176894
118.75    0.0758728522637
118.875    0.0758684847267
119.0    0.0740297516618
119.125    0.0719944794333
119.25    0.0723002070212
119.375    0.0723831902237
120.0    0.0722958394843
120.125    0.0723045745582
120.25    0.072182283523
120.375    0.0723700876128
120.5    0.0727762685511
120.625    0.0731649793416
120.75    0.0731649793416
120.875    0.0753924231969
121.0    0.0704833116412
121.125    0.070518251937
121.25    0.0707846716923
121.375    0.0706405429722
121.5    0.0755758597497
121.625    0.0747766004839
121.75    0.0757592963025
121.875    0.0686576811873
122.0    0.0718110428805
122.125    0.0729334998821
122.25    0.0727587984032
122.375    0.0711690149457
122.5    0.072488011111
122.625    0.0718634533241
122.75    0.0720993003206
122.875    0.0717761025847
123.0    0.0715053152925
123.125    0.0725273189438
123.25    0.0764668372918
123.375    0.0761436395559
123.5    0.0696229068579
123.625    0.0653470881631
123.75    0.065513054568
123.875    0.0655873026965
124.0    0.071728059678
124.125    0.0718110428805
124.25    0.0719158637678
124.375    0.072033787266
124.5    0.0740908971794
124.625    0.0741171024013
124.75    0.0738943580157
124.875    0.0741171024013
125.0    0.0658711925996
125.125    0.0651199762406
125.25    0.065364558311
125.375    0.066124509744
125.5    0.0763139734978
125.625    0.0763358111826
125.75    0.0721517107642
125.875    0.0703872258279
126.0    0.0675526943336
126.125    0.0675483267966
126.25    0.0738157423503
126.375    0.0759296302443
126.5    0.0712214253894
126.625    0.069159947939
126.75    0.0691031699583
126.875    0.0694918807488
127.0    0.0731911845634
127.125    0.0731562442676
127.25    0.0732785353028
127.375    0.0721342406164
127.5    0.070518251937
127.625    0.069753932967
127.75    0.0698587538544
127.875    0.063696159188
128.0    0.072343882391
128.125    0.0724181305195
128.25    0.0723657200758
128.375    0.0713873917943
128.5    0.0701863191272
128.625    0.075374953049
128.75    0.0763838540893
128.875    0.0735318524471
129.0    0.0726889178117
129.125    0.072802473773
129.25    0.0728199439208
129.375    0.0731169364349
129.5    0.0676924555166
129.625    0.0676924555166
129.75    0.0715227854404
129.875    0.0722259588927
130.0    0.0707934067662
130.125    0.0689197334056
130.25    0.0689634087753
130.375    0.0697189926713
130.5    0.0731868170264
130.625    0.0690114516819
130.75    0.0686751513352
130.875    0.0725884644613
131.0    0.0659541758021
131.125    0.0722608991885
131.25    0.0722608991885
131.375    0.0659934836348
131.5    0.0690376569038
131.625    0.0690376569038
131.75    0.0691119050323
131.875    0.0686795188721
132.0    0.0764231619221
132.125    0.0673779928547
132.25    0.0758553821158
132.375    0.0763052384239
132.5    0.0740341191988
132.625    0.0740341191988
132.75    0.070208156812
132.875    0.0704571064194
133.0    0.0664695451647
133.125    0.0666573492545
133.25    0.0663909294992
133.375    0.0663909294992
133.5    0.0732610651549
133.625    0.0734270315598
133.75    0.0735929979647
133.875    0.0738375800351
134.0    0.0728854569754
134.125    0.0720643600248
134.25    0.071431067164
134.375    0.0691337427171
134.5    0.0641241778112
134.625    0.0746936172815
134.75    0.0750211825543
134.875    0.0710336212996
135.0    0.0735056472253
135.125    0.0735405875211
135.25    0.0714529048488
135.375    0.0675395917226
135.5    0.0718066753435
135.625    0.0723788226867
135.75    0.0714922126816
135.875    0.0721080353945
136.0    0.0681073715289
136.125    0.0743704195456
136.25    0.0744053598414
136.375    0.0742481285104
136.5    0.0723788226867
136.625    0.0725054812589
136.75    0.0728548842166
136.875    0.0666617167914
137.0    0.0654737467353
137.125    0.0653994986068
137.25    0.0654912168831
137.375    0.0676706178318
137.5    0.0719377014526
137.625    0.0720163171181
137.75    0.0720512574139
137.875    0.0741389400861
138.0    0.0745669587093
138.125    0.0742655986583
138.25    0.0675570618705
138.375    0.0679763454198
138.5    0.0671683510801
138.625    0.0674478734463
138.75    0.067792908867
138.875    0.0720556249509
139.0    0.0659410731912
139.125    0.0721517107642
139.25    0.0658799276736
139.375    0.0680811663071
139.5    0.0662424332422
139.625    0.0662424332422
139.75    0.0672120264498
139.875    0.0661463474288
140.0    0.0754841414733
140.125    0.0749775071846
140.25    0.0751434735895
140.375    0.0696753173016
140.5    0.0681423118247
140.625    0.0683170133035
140.75    0.0683170133035
140.875    0.0683170133035
141.0    0.068395628969
141.125    0.0684130991169
141.25    0.0746761471336
141.375    0.0727020204226
141.5    0.0690769647365
141.625    0.0670198548231
141.75    0.0677536010342
141.875    0.067635677536
142.0    0.0687581345376
142.125    0.068849852814
142.25    0.0729553375669
142.375    0.0690638621256
142.5    0.06702422236
142.625    0.0737895371284
142.75    0.0737895371284
142.875    0.074920729204
143.0    0.0651505489994
143.125    0.0643731274185
143.25    0.0686838864091
143.375    0.068692621483
143.5    0.0694831456748
143.625    0.0696272743949
143.75    0.0695137184336
143.875    0.0695137184336
144.0    0.0628968999223
144.125    0.065665918362
144.25    0.0636219110595
144.375    0.0629798831247
144.5    0.071269468296
144.625    0.0715926660319
144.75    0.0714004944052
144.875    0.0695879665621
145.0    0.0718503507132
145.125    0.0718503507132
145.25    0.0714878451446
145.375    0.0719639066745
145.5    0.0756501078782
145.625    0.0693870598615
145.75    0.0694176326203
145.875    0.0676531476839
146.0    0.0674347708353
146.125    0.067491548816
146.25    0.0677404984233
146.375    0.0676138398511
146.5    0.0678365842367
146.625    0.0679283025131
146.75    0.067937037587
146.875    0.0679676103458
147.0    0.0692822389742
147.125    0.0701077034617
147.25    0.0692866065111
147.375    0.0755496545278
147.5    0.0703173452363
147.625    0.0701994217381
147.75    0.0702998750885
147.875    0.0703086101624
148.0    0.0696884199125
148.125    0.0695967016361
148.25    0.0695617613403
148.375    0.0694482053791
148.5    0.0697102575973
148.625    0.0697932407998
148.75    0.0698194460216
148.875    0.0699024292241
149.0    0.0703217127733
149.125    0.0702518321818
149.25    0.0706274403613
149.375    0.0709462705602
149.5    0.0703173452363
149.625    0.0705357220849
149.75    0.0709331679493
149.875    0.0707235261746
150.0    0.0725753618504
150.125    0.0663123138337
150.25    0.0704876791782
150.375    0.0697320952822
150.5    0.0670154872861
150.625    0.0670154872861
150.75    0.0670198548231
150.875    0.067334317485
151.0    0.0668495208812
151.125    0.0668495208812
151.25    0.0668975637879
151.375    0.0669281365467
151.5    0.0703784907539
151.625    0.0708327145989
151.75    0.0705444571588
151.875    0.0656790209729
152.0    0.0704309011976
152.125    0.0688280151292
152.25    0.0689372035534
152.375    0.0731125688979
152.5    0.072946602493
152.625    0.0723657200758
152.75    0.0723526174649
152.875    0.0723788226867
153.0    0.0690856998104
153.125    0.0691817856238
153.25    0.069452572916
153.375    0.068849852814
153.5    0.0709200653384
153.625    0.0709200653384
153.75    0.0708021418401
153.875    0.0683344834514
154.0    0.0709200653384
154.125    0.0710510914475
154.25    0.0710423563736
154.375    0.0709506380972
154.5    0.0702387295709
154.625    0.0702387295709
154.75    0.0706012351395
154.875    0.0707759366183
155.0    0.0692210934566
155.125    0.0692953415851
155.25    0.0701339086835
155.375    0.0692298285305
155.5    0.0723220447061
155.625    0.0716625466235
155.75    0.0716625466235
155.875    0.0706143377504
156.0    0.0735755278168
156.125    0.0736366733344
156.25    0.0673736253177
156.375    0.0671115730995
156.5    0.0689284684795
156.625    0.0689284684795
156.75    0.0690245542929
156.875    0.0690158192189
157.0    0.0772311562617
157.125    0.0766153335488
157.25    0.0769647365065
157.375    0.0769647365065
157.5    0.0712126903154
157.625    0.07127820337
157.75    0.0714572723858
157.875    0.0690988024214
158.0    0.0720818301727
158.125    0.0719289663787
158.25    0.0719289663787
158.375    0.0721255055424
158.5    0.0692385636044
158.625    0.0663254164447
158.75    0.0664040321101
158.875    0.0663690918144
159.0    0.0684087315799
159.125    0.0684087315799
159.25    0.0684786121715
159.375    0.0718285130284
159.5    0.0688804255728
159.625    0.0688847931098
159.75    0.0689503061643
159.875    0.0689503061643
160.0    0.0735842628908
160.125    0.0743442143238
160.25    0.0738725203309
160.375    0.0730252181585
160.5    0.0732872703767
160.625    0.0711733824827
160.75    0.0711733824827
160.875    0.0712388955372
161.0    0.0699286344459
161.125    0.0681117390659
161.25    0.0679676103458
161.375    0.067937037587
161.5    0.0702299944969
161.625    0.0708065093771
161.75    0.0703872258279
161.875    0.0746412068378
162.0    0.0715402555883
162.125    0.0715402555883
162.25    0.0715402555883
162.375    0.071435434701
162.5    0.070819611988
162.625    0.070819611988
162.75    0.0797861653899
162.875    0.0714616399228
163.0    0.0740341191988
163.125    0.0742306583625
163.25    0.0743180091019
163.375    0.0743180091019
163.5    0.0703086101624
163.625    0.0695967016361
163.75    0.0702998750885
163.875    0.0702605672557
164.0    0.06869698902
164.125    0.068849852814
164.25    0.0689459386274
164.375    0.0689459386274
164.5    0.0633249185454
164.625    0.0718241454914
164.75    0.0718241454914
164.875    0.0719901118963
165.0    0.0716057686428
165.125    0.0716581790865
165.25    0.0718634533241
165.375    0.072798106236
165.5    0.0705488246958
165.625    0.0703566530691
165.75    0.0706492780461
165.875    0.0666529817175
166.0    0.069155580402
166.125    0.069155580402
166.25    0.0691686830129
166.375    0.0692385636044
166.5    0.0732829028398
166.625    0.0733658860422
166.75    0.0733702535792
166.875    0.0733702535792
167.0    0.0692036233087
167.125    0.0650282579642
167.25    0.0691730505499
167.375    0.0692341960675
167.5    0.0695661288773
167.625    0.0697189926713
167.75    0.0697451978931
167.875    0.0739205632376
168.0    0.0734139289489
168.125    0.0736323057975
168.25    0.0734794420035
168.375    0.0725229514068
168.5    0.0686707837982
168.625    0.0688978957207
168.75    0.0706405429722
168.875    0.0663996645732
169.0    0.0691686830129
169.125    0.0706230728243
169.25    0.0706230728243
169.375    0.0695006158227
169.5    0.070666748194
169.625    0.0715489906622
169.75    0.0715358880513
169.875    0.0709331679493
170.0    0.0726190372202
170.125    0.0726190372202
170.25    0.0701863191272
170.375    0.07036975568
170.5    0.0719464365266
170.625    0.0712345280003
170.75    0.0713393488876
170.875    0.0715402555883
171.0    0.0719377014526
171.125    0.0719377014526
171.25    0.0720163171181
171.375    0.0731606118046
171.5    0.0746324717639
171.625    0.0746499419118
171.75    0.0749993448695
171.875    0.0770870275417
172.0    0.0687188267049
172.125    0.0685179200042
172.25    0.0686445785764
172.375    0.0685135524672
172.5    0.0690551270516
172.625    0.0691337427171
172.75    0.0696622146907
172.875    0.069758300504
173.0    0.069146845328
173.125    0.069146845328
173.25    0.0693564871027
173.375    0.0692254609935
173.5    0.0698718564653
173.625    0.0696491120797
173.75    0.069915531835
173.875    0.0699504721308
174.0    0.073252330081
174.125    0.0729946453997
174.25    0.0732960054507
174.375    0.0727063879596
174.5    0.0692472986784
174.625    0.067792908867
174.75    0.0741127348643
174.875    0.0734663393926
175.0    0.0685572278369
175.125    0.0685572278369
175.25    0.060206497148
175.375    0.0727325931814
175.5    0.0694220001572
175.625    0.0694220001572
175.75    0.0705619273067
175.875    0.0706056026764
176.0    0.069002716608
176.125    0.069002716608
176.25    0.0695617613403
176.375    0.0695835990252
176.5    0.0704702090303
176.625    0.0704134310497
176.75    0.0706885858789
176.875    0.0707147911007
177.0    0.0681423118247
177.125    0.0684786121715
177.25    0.0684393043387
177.375    0.0680331234004
177.5    0.0703828582909
177.625    0.0701644814423
177.75    0.0703042426254
177.875    0.0696840523755
178.0    0.0694482053791
178.125    0.0694482053791
178.25    0.0688323826661
178.375    0.0702998750885
178.5    0.0737458617587
178.625    0.0731431416567
178.75    0.0713087761288
178.875    0.0727719010141
179.0    0.0725185838698
179.125    0.0723788226867
179.25    0.072182283523
179.375    0.0704527388824
180.0    0.075829176894
180.125    0.0761916824626
180.25    0.0765192477354
180.375    0.0757156209327
180.5    0.0693695897136
180.625    0.0693695897136
180.75    0.0694875132118
180.875    0.0696622146907
181.0    0.0686445785764
181.125    0.0687668696116
181.25    0.0687843397594
181.375    0.068845485277
181.5    0.0715926660319
181.625    0.0714441697749
181.75    0.0710467239105
181.875    0.0719988469702
182.0    0.0716188712537
182.125    0.0697408303561
182.25    0.0697408303561
182.375    0.069911164298
182.5    0.072798106236
182.625    0.0663821944253
182.75    0.0663996645732
182.875    0.0668276831963
183.0    0.0713830242573
183.125    0.0709855783929
183.25    0.07036975568
183.375    0.0641984259397
183.5    0.0702474646448
183.625    0.0689808789231
183.75    0.0691948882347
183.875    0.0686882539461
184.0    0.0709462705602
184.125    0.0712476306112
184.25    0.0703435504582
184.375    0.0703915933648
184.5    0.0755147142321
184.625    0.0754055258078
184.75    0.0751041657568
184.875    0.0751129008307
185.0    0.0756064325085
185.125    0.0797817978529
185.25    0.0789738035133
185.375    0.0727369607184
185.5    0.0696578471537
185.625    0.0698631213913
185.75    0.0698631213913
185.875    0.0700989683878
186.0    0.0745320184135
186.125    0.0744403001371
186.25    0.0744097273783
186.375    0.0747503952621
186.5    0.0746848822075
186.625    0.0744053598414
186.75    0.0731518767306
186.875    0.0730557909173
187.0    0.0709593731711
187.125    0.0710554589845
187.25    0.071129707113
187.375    0.0710030485408
187.5    0.0697976083367
187.625    0.0697976083367
187.75    0.0698456512434
187.875    0.0698107109477
188.0    0.0698369161695
188.125    0.0709069627274
188.25    0.0709419030232
188.375    0.0711646474087
188.5    0.0705488246958
188.625    0.0706536455831
188.75    0.0710467239105
188.875    0.0706187052873
189.0    0.0712257929263
189.125    0.0713524514985
189.25    0.067177086154
189.375    0.0669237690097
189.5    0.0725447890916
189.625    0.0725447890916
189.75    0.0739729736812
189.875    0.0739030930897
190.0    0.0709156978014
190.125    0.0717542648999
190.25    0.0709156978014
190.375    0.0710860317433
190.5    0.0663254164447
190.625    0.0663865619622
190.75    0.0665088529974
190.875    0.0665088529974
191.0    0.0684305692648
191.125    0.0684305692648
191.25    0.0677667036451
191.375    0.0684873472454
191.5    0.0713742891834
191.625    0.071426699627
191.75    0.071426699627
191.875    0.0737939046654
192.0    0.0769472663586
192.125    0.0748159083167
192.25    0.0747940706318
192.375    0.0682121924162
192.5    0.0710205186887
192.625    0.0670460600449
192.75    0.0678846271434
192.875    0.0722390615037
193.0    0.0680243883264
193.125    0.0681728845835
193.25    0.0683213808405
193.375    0.0684524069496
193.5    0.0708676548947
193.625    0.0751696788113
193.75    0.073243595007
193.875    0.0742918038801
194.0    0.0747241900403
194.125    0.074920729204
194.25    0.074462137822
194.375    0.0684567744866
194.5    0.0720730950988
194.625    0.0681990898053
194.75    0.0683825263581
194.875    0.0682252950271
195.0    0.0661943903355
195.125    0.0686358435024
195.25    0.0689372035534
195.375    0.0691075374953
195.5    0.0694438378421
195.625    0.0666922895502
195.75    0.0664695451647
195.875    0.066722862309
196.0    0.0737502292957
196.125    0.0742262908255
196.25    0.0721124029315
196.375    0.0667796402897
196.5    0.0669674443794
196.625    0.0669587093055
196.75    0.0671508809322
196.875    0.0672775395044
197.0    0.0664651776277
197.125    0.0672600693565
197.25    0.0670678977298
197.375    0.0674478734463
197.5    0.0685703304479
197.625    0.0690988024214
197.75    0.0695268210445
197.875    0.0696578471537
198.0    0.0743747870826
198.125    0.0743747870826
198.25    0.0743485818607
198.375    0.0745975314681
198.5    0.07309509875
198.625    0.0731780819525
198.75    0.0731256715088
198.875    0.0668582559551
199.0    0.0737196565369
199.125    0.0678453193106
199.25    0.0678453193106
199.375    0.067185821228
199.5    0.066277373538
199.625    0.0667053921612
199.75    0.066727229846
199.875    0.0668014779745
200.0    0.066727229846
200.125    0.0669499742315
200.25    0.0670198548231
200.375    0.0668058455115
200.5    0.0733134755986
200.625    0.0740341191988
200.75    0.0733440483574
200.875    0.0737633319066
201.0    0.0732304923961
201.125    0.0732654326919
201.25    0.0736104681126
201.375    0.0736672460932
201.5    0.0767463596579
201.625    0.0769909417283
201.75    0.0769472663586
201.875    0.0767681973428
202.0    0.0748071732427
202.125    0.0747897030948
202.25    0.0685266550781
202.375    0.0748988915191
202.5    0.0677142932015
202.625    0.0675745320184
202.75    0.0675570618705
202.875    0.0675090189638
203.0    0.0764493671439
203.125    0.0760606563534
203.25    0.0760606563534
203.375    0.0697451978931
203.5    0.069155580402
203.625    0.0693433844917
203.75    0.0690245542929
203.875    0.0691992557717
204.0    0.0652728400346
204.125    0.0655392597898
204.25    0.0657401664905
204.375    0.0657052261948
204.5    0.0704789441043
204.625    0.0707846716923
204.75    0.0687887072964
204.875    0.0688978957207
205.0    0.0742961714171
205.125    0.0769909417283
205.25    0.0706099702134
205.375    0.0708720224317
205.5    0.0688847931098
205.625    0.0688847931098
205.75    0.0686882539461
205.875    0.0667184947721
206.0    0.067784173793
206.125    0.0749556694997
206.25    0.0705007817891
206.375    0.0701033359247
206.5    0.0703566530691
206.625    0.0706187052873
206.75    0.0710336212996
206.875    0.0709899459299
207.0    0.0686052707436
207.125    0.0686707837982
207.25    0.0646351796368
207.375    0.0689677763122
207.5    0.0779037569553
207.625    0.0699548396677
207.75    0.0698281810956
207.875    0.0781789117845
208.0    0.0687756046855
208.125    0.0625693346494
208.25    0.0653252504783
208.375    0.0694744106009
208.5    0.0669325040836
208.625    0.0669674443794
208.75    0.0671028380255
208.875    0.0673998305396
209.0    0.0665481608302
209.125    0.0661507149658
209.25    0.0664870153126
209.375    0.0665918361999
209.5    0.0690289218298
209.625    0.0691075374953
209.75    0.0691075374953
209.875    0.0692036233087
210.0    0.0689852464601
210.125    0.0668975637879
210.25    0.0669325040836
210.375    0.0713873917943
210.5    0.0675090189638
210.625    0.0675614294075
210.75    0.0677536010342
210.875    0.0676968230536
211.0    0.0702343620339
211.125    0.0684043640429
211.25    0.0684043640429
211.375    0.0760126134468
211.5    0.0719726417484
211.625    0.0721124029315
211.75    0.0721342406164
211.875    0.0721124029315
212.0    0.0703173452363
212.125    0.0703042426254
212.25    0.0701644814423
212.375    0.0704003284388
212.5    0.0701382762205
212.625    0.0702605672557
212.75    0.070815244451
212.875    0.0708676548947
213.0    0.0726277722941
213.125    0.0763227085717
213.25    0.0763663839414
213.375    0.0764843074397
213.5    0.0696578471537
213.625    0.0698718564653
213.75    0.0698238135586
213.875    0.0700378228702
214.0    0.0691643154759
214.125    0.0691643154759
214.25    0.0692210934566
214.375    0.0692822389742
214.5    0.0683432185253
214.625    0.0685572278369
214.75    0.068399996506
214.875    0.0676051047772
215.0    0.0655305247159
215.125    0.0660633642264
215.25    0.071876555935
215.375    0.072789371162
215.5    0.0711777500196
215.625    0.0690900673474
215.75    0.0690245542929
215.875    0.0692822389742
216.0    0.0696884199125
216.125    0.0698194460216
216.25    0.0698107109477
216.375    0.0698587538544
216.5    0.0672731719674
216.625    0.066425869795
216.75    0.0663909294992
216.875    0.0663079462968
217.0    0.0717629999738
217.125    0.0714048619422
217.25    0.0669936496012
217.375    0.0676837204427
217.5    0.0723526174649
217.625    0.0713873917943
217.75    0.0692866065111
217.875    0.0696622146907
218.0    0.0722128562818
218.125    0.0681073715289
218.25    0.0682602353229
218.375    0.0684043640429
218.5    0.0776941151807
218.625    0.0734925446144
218.75    0.0734139289489
218.875    0.0735929979647
219.0    0.0654606441244
219.125    0.0780304155275
219.25    0.0780653558232
219.375    0.0737982722024
219.5    0.0691948882347
219.625    0.0691948882347
219.75    0.068849852814
219.875    0.0688760580358
220.0    0.0704221661236
220.125    0.070361020606
220.25    0.0701033359247
220.375    0.0720643600248
220.5    0.0701601139054
220.625    0.0701426437575
220.75    0.0701426437575
220.875    0.0699679422786
221.0    0.0701120709987
221.125    0.0704658414933
221.25    0.0708589198208
221.375    0.0706536455831
221.5    0.0677448659603
221.625    0.0674609760572
221.75    0.06764441261
221.875    0.0677448659603
222.0    0.0716101361798
222.125    0.0717673675108
222.25    0.072033787266
222.375    0.0722608991885
222.5    0.0724006603716
222.625    0.0722914719473
222.75    0.0722914719473
222.875    0.0722914719473
223.0    0.0709855783929
223.125    0.0709855783929
223.25    0.0715446231252
223.375    0.0717193246041
223.5    0.0693346494178
223.625    0.0693346494178
223.75    0.0693346494178
223.875    0.0732829028398
224.0    0.0682646028599
224.125    0.0684218341908
224.25    0.0685615953739
224.375    0.0685615953739
224.5    0.0671639835431
224.625    0.0664346048689
224.75    0.0790305814939
224.875    0.0713568190355
225.0    0.0678671569955
225.125    0.0681204741398
225.25    0.0704527388824
225.375    0.0682209274901
225.5    0.0703479179951
225.625    0.0703915933648
225.75    0.070522619474
225.875    0.0703959609018
226.0    0.0691905206978
226.125    0.0693652221766
226.25    0.0692866065111
226.375    0.0696185393209
226.5    0.0759252627074
226.625    0.0759252627074
226.75    0.0760519212795
226.875    0.0762440929063
227.0    0.0713349813506
227.125    0.0708851250426
227.25    0.0710729291323
227.375    0.0707934067662
227.5    0.0677317633494
227.625    0.0675832670924
227.75    0.0681379442877
227.875    0.0681510468986
228.0    0.0709375354862
228.125    0.0709375354862
228.25    0.0707497313965
228.375    0.0701077034617
228.5    0.0684960823193
228.625    0.0687493994637
228.75    0.0688847931098
228.875    0.0688891606467
229.0    0.0717935727326
229.125    0.0717935727326
229.25    0.0718678208611
229.375    0.0617569727728
229.5    0.0698369161695
229.625    0.0719202313048
229.75    0.0700552930181
229.875    0.0694875132118
230.0    0.0669412391576
230.125    0.0682777054708
230.25    0.0663734593513
230.375    0.0665132205344
230.5    0.0707409963225
230.625    0.0709331679493
230.75    0.070968108245
230.875    0.0709593731711
231.0    0.0728112088469
231.125    0.0719857443593
231.25    0.0719988469702
231.375    0.0719420689896
231.5    0.0738375800351
231.625    0.0739991789031
231.75    0.0738419475721
231.875    0.0738419475721
232.0    0.07036975568
232.125    0.0691774180869
232.25    0.0694176326203
232.375    0.0692167259196
232.5    0.0692778714372
232.625    0.067190188765
232.75    0.0672163939868
232.875    0.067635677536
233.0    0.0737764345175
233.125    0.0738725203309
233.25    0.0733571509683
233.375    0.074156410234
233.5    0.0701688489793
233.625    0.0701906866642
233.75    0.0681030039919
233.875    0.0681030039919
234.0    0.0659192355063
234.125    0.065962910876
234.25    0.0660022187088
234.375    0.0661288772809
234.5    0.0666879220133
234.625    0.0656135079184
234.75    0.0655436273268
234.875    0.0654519090504
235.0    0.0733484158943
235.125    0.0734794420035
235.25    0.0734794420035
235.375    0.0734794420035
235.5    0.0690813322735
235.625    0.0731911845634
235.75    0.0734095614119
235.875    0.0720643600248
236.0    0.0707890392292
236.125    0.0707191586377
236.25    0.0651330788515
236.375    0.0566644246643
236.5    0.0662380657052
236.625    0.0663035787598
236.75    0.0704789441043
236.875    0.0726801827377
237.0    0.0680418584743
237.125    0.0681204741398
237.25    0.0681335767507
237.375    0.0680636961592
237.5    0.0693739572505
237.625    0.0693390169548
237.75    0.0695268210445
237.875    0.0736672460932
238.0    0.0653208829413
238.125    0.0654824818092
238.25    0.0654824818092
238.375    0.0654824818092
238.5    0.0680505935483
238.625    0.0692079908457
238.75    0.0693477520287
238.875    0.0683694237472
239.0    0.0671072055625
239.125    0.0672993771892
239.25    0.0672993771892
239.375    0.0735624252059
240.0    0.0609926538028
240.125    0.0610887396162
240.25    0.0608747303046
240.375    0.0606214131603
240.5    0.0664127671841
240.625    0.0656222429923
240.75    0.0661070395961
240.875    0.0700116176483
241.0    0.0696403770058
241.125    0.0696403770058
241.25    0.069762668041
241.375    0.069762668041
241.5    0.0668320507333
241.625    0.067334317485
241.75    0.0670067522122
241.875    0.0667796402897
242.0    0.0681685170465
242.125    0.068395628969
242.25    0.0682165599532
242.375    0.0666049388108
242.5    0.0696884199125
242.625    0.069767035578
242.75    0.0701339086835
242.875    0.0709637407081
243.0    0.0705488246958
243.125    0.070365388143
243.25    0.070365388143
243.375    0.0641023401263
243.5    0.0614774504066
243.625    0.0619709820844
243.75    0.062027760065
243.875    0.0619360417886
244.0    0.069007084145
244.125    0.0692866065111
244.25    0.0691643154759
244.375    0.0696534796167
244.5    0.0692866065111
244.625    0.0692647688263
244.75    0.0689459386274
244.875    0.0675133865008
245.0    0.0732173897852
245.125    0.0732173897852
245.25    0.0732173897852
245.375    0.073103833824
245.5    0.0727631659402
245.625    0.0728068413099
245.75    0.0728068413099
245.875    0.0730121155476
246.0    0.0682121924162
246.125    0.0682121924162
246.25    0.0661376123549
246.375    0.0688236475922
246.5    0.0692167259196
246.625    0.0690463919777
246.75    0.0692778714372
246.875    0.0694394703051
247.0    0.0678191140888
247.125    0.0678453193106
247.25    0.0676575152209
247.375    0.0683519535993
247.5    0.0716625466235
247.625    0.0716363414016
247.75    0.071880923472
247.875    0.072339514854
248.0    0.068998349071
248.125    0.0692604012893
248.25    0.0689765113862
248.375    0.0683039106926
248.5    0.0679326700501
248.625    0.0679501401979
248.75    0.0677536010342
248.875    0.0676706178318
249.0    0.0717848376587
249.125    0.0717848376587
249.25    0.0720250521921
249.375    0.0718285130284
249.5    0.0626173775561
249.625    0.0626173775561
249.75    0.0621675212481
249.875    0.0623771630227
250.0    0.0743835221565
250.125    0.0769123260628
250.25    0.0772136861139
250.375    0.0773534472969
250.5    0.0718547182502
250.625    0.0717193246041
250.75    0.0655348922529
250.875    0.0594683833999
251.0    0.06324630288
251.125    0.06324630288
251.25    0.0634035342109
251.375    0.0634603121915
251.5    0.069007084145
251.625    0.0692953415851
251.75    0.0692735039002
251.875    0.0693390169548
252.0    0.0738463151091
252.125    0.0717586324368
252.25    0.0725229514068
252.375    0.0724050279086
252.5    0.0702911400145
252.625    0.0693783247875
252.75    0.0693783247875
252.875    0.0705138844
253.0    0.0696840523755
253.125    0.0743267441759
253.25    0.0722477965776
253.375    0.0721080353945
253.5    0.0697757706519
253.625    0.0696403770058
253.75    0.0699286344459
253.875    0.0698762240022
254.0    0.067640045073
254.125    0.0676924555166
254.25    0.0680505935483
254.375    0.0688891606467
254.5    0.0681335767507
254.625    0.0682689703968
254.75    0.0686052707436
254.875    0.0688149125182
255.0    0.0742350258995
255.125    0.0742350258995
255.25    0.0744140949153
255.375    0.0700247202593
255.5    0.0713087761288
255.625    0.0715096828295
255.75    0.0713131436658
255.875    0.0715140503664
256.0    0.0679719778828
256.125    0.0681292092138
256.25    0.0682864405447
256.375    0.068399996506
256.5    0.0714048619422
256.625    0.0692560337523
256.75    0.0693302818808
256.875    0.0693608546396
257.0    0.0667709052157
257.125    0.0673648902438
257.25    0.0682689703968
257.375    0.0687668696116
257.5    0.0692909740481
257.625    0.0693521195657
257.75    0.0714572723858
257.875    0.0714398022379
258.0    0.0731955521003
258.125    0.0690201867559
258.25    0.0752832347726
258.375    0.075226456792
258.5    0.0626916256846
258.625    0.0691293751802
258.75    0.0628663271635
258.875    0.0692341960675
259.0    0.0712388955373
259.125    0.0712388955373
259.25    0.0712388955373
259.375    0.0695792314882
259.5    0.0666267764957
259.625    0.0651549165364
259.75    0.0735056472253
259.875    0.0739991789031
260.0    0.0682165599532
260.125    0.0682165599532
260.25    0.0687144591679
260.375    0.070216891886
260.5    0.0707235261746
260.625    0.0710641940584
260.75    0.0710641940584
260.875    0.0686140058176
261.0    0.0700421904072
261.125    0.070374123217
261.25    0.070374123217
261.375    0.071129707113
261.5    0.0655960377705
261.625    0.065661550825
261.75    0.0655043194941
261.875    0.0655043194941
262.0    0.0719377014526
262.125    0.0713218787397
262.25    0.0713218787397
262.375    0.0716931193823
262.5    0.0733702535792
262.625    0.0733178431355
262.75    0.0733265782095
262.875    0.0733265782095
263.0    0.0707890392292
263.125    0.0707497313965
263.25    0.0621587861741
263.375    0.0603113180353
263.5    0.0698936941501
263.625    0.0698150784846
263.75    0.0699723098156
263.875    0.0699723098156
264.0    0.0719682742114
264.125    0.0756239026563
264.25    0.0747067198924
264.375    0.0737676994436
264.5    0.07127820337
264.625    0.073553690132
264.75    0.0715271529774
264.875    0.0714965802186
265.0    0.0730863636761
265.125    0.0730863636761
265.25    0.0729990129366
265.375    0.0730164830845
265.5    0.0721473432273
265.625    0.0722172238188
265.75    0.0766109660118
265.875    0.0725011137219
266.0    0.0712083227784
266.125    0.071273835833
266.25    0.0714223320901
266.375    0.0732872703767
266.5    0.0665481608302
266.625    0.0666748194024
266.75    0.067478446205
266.875    0.0671159406364
267.0    0.0669980171382
267.125    0.0674609760572
267.25    0.0675788995554
267.375    0.0759296302443
267.5    0.068098636455
267.625    0.0682034573423
267.75    0.068098636455
267.875    0.068098636455
268.0    0.0738987255527
268.125    0.0736192031866
268.25    0.0740297516618
268.375    0.0739074606267
268.5    0.066417134721
268.625    0.0663472541295
268.75    0.0664957503865
268.875    0.0665918361999
269.0    0.067334317485
269.125    0.0675963697033
269.25    0.0684393043387
269.375    0.0689372035534
269.5    0.0741826154558
269.625    0.0733003729876
269.75    0.073697818852
269.875    0.0731431416567
270.0    0.0681423118247
270.125    0.0683126457665
270.25    0.0684305692648
270.375    0.0686838864091
270.5    0.0637485696316
270.625    0.0720818301727
270.75    0.0720206846551
270.875    0.0680680636962
271.0    0.0749513019628
271.125    0.0745276508766
271.25    0.0747154549663
271.375    0.0666267764957
271.5    0.0679850804937
271.625    0.0681597819726
271.75    0.0722346939667
271.875    0.0720905652466
272.0    0.0663734593513
272.125    0.0662336981683
272.25    0.0666791869393
272.375    0.0664433399429
272.5    0.0663952970362
272.625    0.066421502258
272.75    0.0665350582193
272.875    0.0638664931299
273.0    0.0743922572305
273.125    0.0742612311213
273.25    0.0750517553131
273.375    0.0751653112744
273.5    0.0717892051956
273.625    0.0729990129366
273.75    0.064150383033
273.875    0.064146015496
274.0    0.0670984704886
274.125    0.0671508809322
274.25    0.0730776286021
274.375    0.06946130799
274.5    0.0736279382605
274.625    0.0736279382605
274.75    0.0738987255527
274.875    0.0736628785563
275.0    0.0667796402897
275.125    0.0665831011259
275.25    0.0668320507333
275.375    0.0674478734463
275.5    0.0690594945886
275.625    0.0691905206978
275.75    0.0733658860422
275.875    0.0732654326919
276.0    0.064753103135
276.125    0.0648317188005
276.25    0.0649278046139
276.375    0.0632856107127
276.5    0.0652728400346
276.625    0.0652728400346
276.75    0.065211694517
276.875    0.0660065862458
277.0    0.0675526943336
277.125    0.0676793529057
277.25    0.0674391383723
277.375    0.0679151999022
277.5    0.0662642709271
277.625    0.0665656309781
277.75    0.0668189481224
277.875    0.0652553698867
278.0    0.0698150784846
278.125    0.0700378228702
278.25    0.0700989683878
278.375    0.0700552930181
278.5    0.0698936941501
278.625    0.070068395629
278.75    0.0694307352312
278.875    0.0695355561185
279.0    0.0682340301011
279.125    0.0682340301011
279.25    0.0682340301011
279.375    0.0690638621256
279.5    0.0687625020746
279.625    0.0690682296626
279.75    0.0691424777911
279.875    0.0682864405447
280.0    0.0681335767507
280.125    0.0681292092138
280.25    0.0682908080817
280.375    0.0687581345376
280.5    0.066425869795
280.625    0.0665306906823
280.75    0.0668538884182
280.875    0.0669674443794
281.0    0.0673474200959
281.125    0.0679632428088
281.25    0.0612372358732
281.375    0.0672120264498
281.5    0.0655610974747
281.625    0.0635039875613
281.75    0.0641809557918
281.875    0.0648273512635
282.0    0.0655217896419
282.125    0.0655217896419
282.25    0.0656833885099
282.375    0.0663690918144
282.5    0.0674959163529
282.625    0.0675570618705
282.75    0.0677710711821
282.875    0.067491548816
283.0    0.0670067522122
283.125    0.0669936496012
283.25    0.0669936496012
283.375    0.0674478734463
283.5    0.0738681527939
283.625    0.0738681527939
283.75    0.0738812554048
283.875    0.0739030930897
284.0    0.0698412837065
284.125    0.0703872258279
284.25    0.0753531153641
284.375    0.07142233209
284.5    0.0669019313248
284.625    0.0672120264498
284.75    0.0675920021663
284.875    0.0681292092138
285.0    0.0651985919061
285.125    0.0647268979132
285.25    0.062783343961
285.375    0.0630279260314
285.5    0.0635520304679
285.625    0.0636786890401
285.75    0.0636262785964
285.875    0.0657052261948
286.0    0.0641416479591
286.125    0.0641416479591
286.25    0.0647181628392
286.375    0.064901599392
286.5    0.0664782802386
286.625    0.0644255378622
286.75    0.0647006926914
286.875    0.0646919576174
287.0    0.0683170133035
287.125    0.0684262017278
287.25    0.0679283025131
287.375    0.0679850804937
287.5    0.0655829351596
287.625    0.0655829351596
287.75    0.069758300504
287.875    0.0656135079184
288.0    0.0692079908457
288.125    0.0674653435941
288.25    0.0652946777195
288.375    0.0652597374237
288.5    0.0691293751802
288.625    0.0691206401062
288.75    0.0688411177401
288.875    0.068849852814
289.0    0.065364558311
289.125    0.0717935727326
289.25    0.0718066753435
289.375    0.0720599924878
289.5    0.068395628969
289.625    0.0683694237472
289.75    0.0703129776994
289.875    0.0699635747417
290.0    0.0678584219215
290.125    0.0680724312331
290.25    0.0672644368935
290.375    0.0671945563019
290.5    0.0690245542929
290.625    0.0606825586779
290.75    0.0718241454914
290.875    0.0718241454914
291.0    0.0740428542728
291.125    0.073706553926
291.25    0.0738419475721
291.375    0.0676094723142
291.5    0.0726190372202
291.625    0.0726190372202
291.75    0.0741695128449
291.875    0.0746281042269
292.0    0.0661507149658
292.125    0.06611577467
292.25    0.0661900227985
292.375    0.0702955075515
292.5    0.0718328805653
292.625    0.0686576811873
292.75    0.0673823603917
292.875    0.0677361308864
293.0    0.074619369153
293.125    0.074619369153
293.25    0.074759130336
293.375    0.0744271975262
293.5    0.0657401664905
293.625    0.0659192355063
293.75    0.0700946008508
293.875    0.0681379442877
294.0    0.0635607655419
294.125    0.0640193569239
