0.0    0.426742637265
0.125    0.4321444428
0.25    0.432347935474
0.375    0.429943022051
0.5    0.426520645257
0.625    0.431367470771
0.75    0.431274974101
0.875    0.4276861033
1.0    0.428944058014
1.125    0.428944058014
1.25    0.428944058014
1.375    0.428944058014
1.5    0.430165014059
1.625    0.4258916679
1.75    0.4258916679
1.875    0.430183513394
2.0    0.429443540033
2.125    0.429443540033
2.25    0.429406541365
2.375    0.429406541365
2.5    0.42883306201
2.625    0.42883306201
2.75    0.42883306201
2.875    0.42883306201
3.0    0.419250406985
3.125    0.419250406985
3.25    0.419250406985
3.375    0.419213408317
3.5    0.429406541365
3.625    0.431182477431
3.75    0.431182477431
3.875    0.429406541365
4.0    0.429554536037
4.125    0.429554536037
4.25    0.429517537369
4.375    0.429517537369
4.5    0.428352079325
4.625    0.428352079325
4.75    0.428352079325
4.875    0.428796063342
5.0    0.429906023383
5.125    0.429906023383
5.25    0.429906023383
5.375    0.430128015391
5.5    0.428870060678
5.625    0.428870060678
5.75    0.428870060678
5.875    0.428870060678
6.0    0.428278081989
6.125    0.428278081989
6.25    0.428278081989
6.375    0.428278081989
6.5    0.419398401658
6.625    0.419398401658
6.75    0.425392185881
6.875    0.425392185881
7.0    0.420378866361
7.125    0.420378866361
7.25    0.420378866361
7.375    0.420378866361
7.5    0.422728281782
7.625    0.422728281782
7.75    0.422321296433
7.875    0.42295027379
8.0    0.421044842386
8.125    0.421044842386
8.25    0.421044842386
8.375    0.42115583839
8.5    0.429702530709
8.625    0.429702530709
8.75    0.42740861329
8.875    0.429166050022
9.0    0.430054018055
9.125    0.430054018055
9.25    0.430054018055
9.375    0.430054018055
9.5    0.429258546692
9.625    0.429258546692
9.75    0.422117803759
9.875    0.422117803759
10.0    0.431071481427
10.125    0.431071481427
10.25    0.421784815747
10.375    0.421784815747
10.5    0.421581323072
10.625    0.421581323072
10.75    0.420989344384
10.875    0.420933846382
11.0    0.421729317745
11.125    0.421747817079
11.25    0.419157910315
11.375    0.420896847713
11.5    0.422746781116
11.625    0.422746781116
11.75    0.422746781116
11.875    0.422746781116
12.0    0.422839277786
12.125    0.422839277786
12.25    0.422839277786
12.375    0.420859849045
12.5    0.421451827734
12.625    0.421451827734
12.75    0.421451827734
12.875    0.421451827734
13.0    0.4232277638
13.125    0.4232277638
13.25    0.4232277638
13.375    0.4232277638
13.5    0.420952345716
13.625    0.420952345716
13.75    0.420952345716
13.875    0.420952345716
14.0    0.41793695427
14.125    0.41793695427
14.25    0.41793695427
14.375    0.41793695427
14.5    0.421655320408
14.625    0.421655320408
14.75    0.421655320408
14.875    0.421655320408
15.0    0.422025307089
15.125    0.422080805091
15.25    0.422080805091
15.375    0.422080805091
15.5    0.424356223176
15.625    0.424356223176
15.75    0.422173301761
15.875    0.422173301761
16.0    0.42465221252
16.125    0.42465221252
16.25    0.42465221252
16.375    0.424689211188
16.5    0.423098268462
16.625    0.423098268462
16.75    0.422987272458
16.875    0.422987272458
17.0    0.4240972325
17.125    0.4240972325
17.25    0.424152730502
17.375    0.424152730502
17.5    0.42152582507
17.625    0.423579251147
17.75    0.42152582507
17.875    0.42152582507
18.0    0.422987272458
18.125    0.422987272458
18.25    0.422987272458
18.375    0.422987272458
18.5    0.422173301761
18.625    0.422210300429
18.75    0.422210300429
18.875    0.425133195205
19.0    0.425151694539
19.125    0.424837205861
19.25    0.424837205861
19.375    0.424837205861
19.5    0.42097084505
19.625    0.42097084505
19.75    0.418232943614
19.875    0.42097084505
20.0    0.422820778452
20.125    0.422820778452
20.25    0.422820778452
20.375    0.422802279118
20.5    0.423320260471
20.625    0.423320260471
20.75    0.423320260471
20.875    0.423320260471
21.0    0.419398401658
21.125    0.419398401658
21.25    0.419231907651
21.375    0.419231907651
21.5    0.423172265798
21.625    0.425225691875
21.75    0.423172265798
21.875    0.423172265798
22.0    0.425299689211
22.125    0.425299689211
22.25    0.425281189877
22.375    0.425281189877
22.5    0.423745745153
22.625    0.423745745153
22.75    0.423745745153
22.875    0.423745745153
23.0    0.421081841054
23.125    0.421081841054
23.25    0.421081841054
23.375    0.421081841054
23.5    0.416364510878
23.625    0.418195944946
23.75    0.418195944946
23.875    0.418195944946
24.0    0.422524789108
24.125    0.415809530857
24.25    0.415809530857
24.375    0.415809530857
24.5    0.419805387006
24.625    0.419805387006
24.75    0.419583394998
24.875    0.419583394998
25.0    0.423153766464
25.125    0.424929702531
25.25    0.424929702531
25.375    0.423431256475
25.5    0.420989344384
25.625    0.420989344384
25.75    0.42097084505
25.875    0.42097084505
26.0    0.419768388338
26.125    0.419768388338
26.25    0.419768388338
26.375    0.419768388338
26.5    0.419398401658
26.625    0.419398401658
26.75    0.419379902324
26.875    0.419305904987
27.0    0.418547432292
27.125    0.418547432292
27.25    0.418547432292
27.375    0.418547432292
27.5    0.419139410981
27.625    0.419139410981
27.75    0.420859849045
27.875    0.418547432292
28.0    0.420582359035
28.125    0.420434364363
28.25    0.420434364363
28.375    0.420434364363
28.5    0.420582359035
28.625    0.420582359035
28.75    0.420582359035
28.875    0.420582359035
29.0    0.416845493562
29.125    0.434012875536
29.25    0.41688249223
29.375    0.416900991564
29.5    0.420952345716
29.625    0.420952345716
29.75    0.420952345716
29.875    0.420952345716
30.0    0.419842385674
30.125    0.419842385674
30.25    0.419842385674
30.375    0.419527896996
30.5    0.421081841054
30.625    0.421081841054
30.75    0.421081841054
30.875    0.421100340388
31.0    0.422728281782
31.125    0.422802279118
31.25    0.422802279118
31.375    0.422802279118
31.5    0.424078733166
31.625    0.425262690543
31.75    0.425262690543
31.875    0.414292585467
32.0    0.416475506882
32.125    0.416475506882
32.25    0.433642888856
32.375    0.432884416161
32.5    0.424763208524
32.625    0.424781707859
32.75    0.424781707859
32.875    0.424763208524
33.0    0.418047950274
33.125    0.418047950274
33.25    0.418047950274
33.375    0.418047950274
33.5    0.422247299097
33.625    0.422247299097
33.75    0.422247299097
33.875    0.422247299097
34.0    0.416919490898
34.125    0.416919490898
34.25    0.416845493562
34.375    0.416845493562
34.5    0.422894775788
34.625    0.422894775788
34.75    0.422839277786
34.875    0.422839277786
35.0    0.422302797099
35.125    0.422302797099
35.25    0.421377830398
35.375    0.421377830398
35.5    0.421322332396
35.625    0.421322332396
35.75    0.421322332396
35.875    0.421322332396
36.0    0.418047950274
36.125    0.417326476247
36.25    0.417326476247
36.375    0.417326476247
36.5    0.417899955602
36.625    0.417899955602
36.75    0.418158946278
36.875    0.418140446944
37.0    0.41858443096
37.125    0.41858443096
37.25    0.41858443096
37.375    0.41858443096
37.5    0.421322332396
37.625    0.421322332396
37.75    0.421322332396
37.875    0.421322332396
38.0    0.419879384342
38.125    0.419879384342
38.25    0.419879384342
38.375    0.419879384342
38.5    0.418917418973
38.625    0.418917418973
38.75    0.418917418973
38.875    0.420600858369
39.0    0.418528932958
39.125    0.418528932958
39.25    0.418528932958
39.375    0.418454935622
39.5    0.422413793103
39.625    0.422413793103
39.75    0.422413793103
39.875    0.422413793103
40.0    0.419287405653
40.125    0.419287405653
40.25    0.419287405653
40.375    0.419287405653
40.5    0.418898919639
40.625    0.417381974249
40.75    0.417381974249
40.875    0.417381974249
41.0    0.420619357703
41.125    0.418898919639
41.25    0.421229835726
41.375    0.421229835726
41.5    0.415199052834
41.625    0.415199052834
41.75    0.415199052834
41.875    0.415199052834
42.0    0.414477578807
42.125    0.414459079473
42.25    0.414459079473
42.375    0.414459079473
42.5    0.415939026195
42.625    0.415939026195
42.75    0.415939026195
42.875    0.415939026195
43.0    0.414570075477
43.125    0.414570075477
43.25    0.414570075477
43.375    0.416272014207
43.5    0.419361402989
43.625    0.419342903655
43.75    0.419361402989
43.875    0.419361402989
44.0    0.418454935622
44.125    0.418454935622
44.25    0.420508361699
44.375    0.420600858369
44.5    0.41632751221
44.625    0.41632751221
44.75    0.41632751221
44.875    0.41632751221
45.0    0.419934882344
45.125    0.419934882344
45.25    0.419934882344
45.375    0.419934882344
45.5    0.415772532189
45.625    0.415772532189
45.75    0.415772532189
45.875    0.415772532189
46.0    0.419398401658
46.125    0.419416900992
46.25    0.419416900992
46.375    0.419416900992
46.5    0.416272014207
46.625    0.416272014207
46.75    0.416272014207
46.875    0.416272014207
47.0    0.416290513542
47.125    0.416290513542
47.25    0.416235015539
47.375    0.416235015539
47.5    0.418288441616
47.625    0.418288441616
47.75    0.418325440284
47.875    0.417400473583
48.0    0.421396329732
48.125    0.421396329732
48.25    0.421396329732
48.375    0.421396329732
48.5    0.412035666716
48.625    0.412035666716
48.75    0.412035666716
48.875    0.412035666716
49.0    0.427945093977
49.125    0.428056089981
49.25    0.428056089981
49.375    0.428056089981
49.5    0.416494006216
49.625    0.416494006216
49.75    0.416494006216
49.875    0.416494006216
50.0    0.416346011544
50.125    0.416346011544
50.25    0.416346011544
50.375    0.416346011544
50.5    0.413367618766
50.625    0.413367618766
50.75    0.420249371023
50.875    0.420249371023
51.0    0.42124833506
51.125    0.42124833506
51.25    0.42124833506
51.375    0.42124833506
51.5    0.413867100784
51.625    0.413867100784
51.75    0.413867100784
51.875    0.413867100784
52.0    0.418787923635
52.125    0.418787923635
52.25    0.418787923635
52.375    0.418787923635
52.5    0.416272014207
52.625    0.416272014207
52.75    0.416272014207
52.875    0.416272014207
53.0    0.415476542844
53.125    0.415476542844
53.25    0.415476542844
53.375    0.415476542844
53.5    0.418343939618
53.625    0.418343939618
53.75    0.418343939618
53.875    0.418343939618
54.0    0.417825958265
54.125    0.417825958265
54.25    0.417899955602
54.375    0.417825958265
54.5    0.418713926299
54.625    0.418769424301
54.75    0.418769424301
54.875    0.418769424301
55.0    0.418010951606
55.125    0.419102412313
55.25    0.414570075477
55.375    0.414570075477
55.5    0.417196980909
55.625    0.417196980909
55.75    0.417196980909
55.875    0.417196980909
56.0    0.421747817079
56.125    0.421747817079
56.25    0.421747817079
56.375    0.421747817079
56.5    0.417474470919
56.625    0.417474470919
56.75    0.417566967589
56.875    0.417474470919
57.0    0.415902027527
57.125    0.413774604114
57.25    0.415994524197
57.375    0.416013023531
57.5    0.417825958265
57.625    0.417825958265
57.75    0.417825958265
57.875    0.417825958265
58.0    0.417196980909
58.125    0.417196980909
58.25    0.417196980909
58.375    0.418288441616
58.5    0.417455971585
58.625    0.417455971585
58.75    0.417437472251
58.875    0.417437472251
59.0    0.425281189877
59.125    0.425281189877
59.25    0.425318188545
59.375    0.423024271126
59.5    0.422247299097
59.625    0.422247299097
59.75    0.422247299097
59.875    0.422339795767
60.0    0.418880420305
60.125    0.418880420305
60.25    0.418880420305
60.375    0.418880420305
60.5    0.419564895664
60.625    0.419786887672
60.75    0.420693355039
60.875    0.420693355039
61.0    0.412516649401
61.125    0.425022199201
61.25    0.425022199201
61.375    0.429314044694
61.5    0.418880420305
61.625    0.414588574811
61.75    0.414588574811
61.875    0.414588574811
62.0    0.420674855705
62.125    0.420674855705
62.25    0.420674855705
62.375    0.421044842386
62.5    0.415384046174
62.625    0.415384046174
62.75    0.415384046174
62.875    0.415384046174
63.0    0.420841349711
63.125    0.420082877016
63.25    0.420748853041
63.375    0.420526861033
63.5    0.419971881012
63.625    0.419971881012
63.75    0.419971881012
63.875    0.420267870357
64.0    0.421803315081
64.125    0.421803315081
64.25    0.422062305757
64.375    0.422154802427
64.5    0.421266834394
64.625    0.421322332396
64.75    0.42134083173
64.875    0.42134083173
65.0    0.417714962261
65.125    0.417714962261
65.25    0.417714962261
65.375    0.417714962261
65.5    0.412165162054
65.625    0.412165162054
65.75    0.41205416605
65.875    0.411018203345
66.0    0.421655320408
66.125    0.421599822406
66.25    0.423986236495
66.375    0.424041734498
66.5    0.418084948942
66.625    0.418084948942
66.75    0.418084948942
66.875    0.418084948942
67.0    0.421007843718
67.125    0.421007843718
67.25    0.421007843718
67.375    0.421007843718
67.5    0.419805387006
67.625    0.419805387006
67.75    0.419805387006
67.875    0.419805387006
68.0    0.419028414977
68.125    0.419028414977
68.25    0.419028414977
68.375    0.419028414977
68.5    0.421562823738
68.625    0.421562823738
68.75    0.421562823738
68.875    0.421562823738
69.0    0.420378866361
69.125    0.420378866361
69.25    0.420378866361
69.375    0.420397365695
69.5    0.41177667604
69.625    0.41177667604
69.75    0.413534112772
69.875    0.411813674708
70.0    0.411517685363
70.125    0.411517685363
70.25    0.411517685363
70.375    0.411517685363
70.5    0.41329362143
70.625    0.41329362143
70.75    0.41329362143
70.875    0.41329362143
71.0    0.422376794435
71.125    0.41205416605
71.25    0.41205416605
71.375    0.421488826402
71.5    0.408946277934
71.625    0.408946277934
71.75    0.408946277934
71.875    0.408946277934
72.0    0.413330620098
72.125    0.412553648069
72.25    0.412553648069
72.375    0.413145626757
72.5    0.412979132751
72.625    0.412979132751
72.75    0.412979132751
72.875    0.413349119432
73.0    0.413774604114
73.125    0.413774604114
73.25    0.413515613438
73.375    0.413552612106
73.5    0.409741749297
73.625    0.409741749297
73.75    0.410481722658
73.875    0.410481722658
74.0    0.410740713334
74.125    0.410740713334
74.25    0.410740713334
74.375    0.410740713334
74.5    0.414496078141
74.625    0.413423116768
74.75    0.413626609442
74.875    0.413497114104
75.0    0.415735533521
75.125    0.415735533521
75.25    0.415291549504
75.375    0.415939026195
75.5    0.409445759953
75.625    0.409445759953
75.75    0.410426224656
75.875    0.410426224656
76.0    0.409427260619
76.125    0.409390261951
76.25    0.410907207341
76.375    0.409815746633
76.5    0.410130235312
76.625    0.410703714666
76.75    0.410703714666
76.875    0.411906171378
77.0    0.412498150067
77.125    0.412609146071
77.25    0.412609146071
77.375    0.412479650733
77.5    0.41490306349
77.625    0.41490306349
77.75    0.41490306349
77.875    0.41490306349
78.0    0.415532040847
78.125    0.415532040847
78.25    0.415532040847
78.375    0.415550540181
78.5    0.406319372503
78.625    0.406300873169
78.75    0.406115879828
78.875    0.406115879828
79.0    0.411203196685
79.125    0.411314192689
79.25    0.411184697351
79.375    0.411147698683
79.5    0.407854817227
79.625    0.40731833654
79.75    0.407521829214
79.875    0.407429332544
80.0    0.407429332544
80.125    0.407059345864
80.25    0.40911277194
80.375    0.40911277194
80.5    0.409797247299
80.625    0.409797247299
80.75    0.409889743969
80.875    0.407836317893
81.0    0.414274086133
81.125    0.414274086133
81.25    0.413904099452
81.375    0.411850673376
81.5    0.413904099452
81.625    0.413904099452
81.75    0.413904099452
81.875    0.416198016871
82.0    0.40911277194
82.125    0.40911277194
82.25    0.40911277194
82.375    0.409131271274
82.5    0.408909279266
82.625    0.411332692023
82.75    0.41205416605
82.875    0.412220660056
83.0    0.405597898476
83.125    0.406652360515
83.25    0.406652360515
83.375    0.406652360515
83.5    0.416623501554
83.625    0.41669749889
83.75    0.40409945242
83.875    0.408169305905
84.0    0.411388190025
84.125    0.411647180701
84.25    0.409815746633
84.375    0.409815746633
84.5    0.411369690691
84.625    0.413737605446
84.75    0.413737605446
84.875    0.415828030191
85.0    0.40750332988
85.125    0.407910315229
85.25    0.407910315229
85.375    0.407059345864
85.5    0.410222731982
85.625    0.410222731982
85.75    0.410944206009
85.875    0.410574219328
86.0    0.411258694687
86.125    0.411258694687
86.25    0.411203196685
86.375    0.411166198017
86.5    0.413275122096
86.625    0.412609146071
86.75    0.412590646737
86.875    0.412590646737
87.0    0.412368654728
87.125    0.412368654728
87.25    0.412442652065
87.375    0.409797247299
87.5    0.409519757289
87.625    0.409741749297
87.75    0.410370726654
87.875    0.410370726654
88.0    0.408724285926
88.125    0.41347861477
88.25    0.41347861477
88.375    0.41347861477
88.5    0.415236051502
88.625    0.415236051502
88.75    0.417973952938
88.875    0.418972916975
89.0    0.417067485571
89.125    0.417067485571
89.25    0.417067485571
89.375    0.417881456268
89.5    0.414829066154
89.625    0.414829066154
89.75    0.414385082137
89.875    0.414459079473
90.0    0.413219624094
90.125    0.413330620098
90.25    0.413330620098
90.375    0.4133861181
90.5    0.409723249963
90.625    0.409723249963
90.75    0.409723249963
90.875    0.409723249963
91.0    0.413275122096
91.125    0.413034630753
91.25    0.412831138079
91.375    0.413608110108
91.5    0.409945241971
91.625    0.410851709338
91.75    0.410851709338
91.875    0.410962705343
92.0    0.410148734646
92.125    0.41025973065
92.25    0.41025973065
92.375    0.411203196685
92.5    0.409926742637
92.625    0.409926742637
92.75    0.409926742637
92.875    0.409926742637
93.0    0.416253514873
93.125    0.416863992896
93.25    0.416826994228
93.375    0.417640964925
93.5    0.415735533521
93.625    0.415624537517
93.75    0.415846529525
93.875    0.415883528193
94.0    0.414792067486
94.125    0.416087020867
94.25    0.416142518869
94.375    0.416142518869
94.5    0.422709782448
94.625    0.422728281782
94.75    0.414033594791
94.875    0.414144590795
95.0    0.407299837206
95.125    0.407299837206
95.25    0.407170341868
95.375    0.4089277786
95.5    0.406800355187
95.625    0.406800355187
95.75    0.406800355187
95.875    0.406800355187
96.0    0.411295693355
96.125    0.411295693355
96.25    0.411277194021
96.375    0.414477578807
96.5    0.417770460263
96.625    0.417770460263
96.75    0.405024419121
96.875    0.417714962261
97.0    0.411499186029
97.125    0.412091164718
97.25    0.411980168714
97.375    0.412387154062
97.5    0.414237087465
97.625    0.414237087465
97.75    0.414181589463
97.875    0.414181589463
98.0    0.414385082137
98.125    0.414385082137
98.25    0.414385082137
98.375    0.414607074145
98.5    0.412960633417
98.625    0.4133861181
98.75    0.4133861181
98.875    0.413441616102
99.0    0.411129199349
99.125    0.410426224656
99.25    0.411573183365
99.375    0.411573183365
99.5    0.419305904987
99.625    0.419305904987
99.75    0.419305904987
99.875    0.415550540181
100.0    0.416586502886
100.125    0.416586502886
100.25    0.415384046174
100.375    0.416586502886
100.5    0.411406689359
100.625    0.411406689359
100.75    0.411406689359
100.875    0.411462187361
101.0    0.410463223324
101.125    0.41081471067
101.25    0.41081471067
101.375    0.411147698683
101.5    0.411536184697
101.625    0.410870208672
101.75    0.411887672044
101.875    0.4089277786
102.0    0.409223767944
102.125    0.409223767944
102.25    0.409649252627
102.375    0.409686251295
102.5    0.414107592127
102.625    0.414311084801
102.75    0.415310048838
102.875    0.41536554684
103.0    0.407614325884
103.125    0.407614325884
103.25    0.407725321888
103.375    0.412942134083
103.5    0.407484830546
103.625    0.407540328548
103.75    0.407540328548
103.875    0.407891815895
104.0    0.411110700015
104.125    0.409704750629
104.25    0.412535148735
104.375    0.410093236643
104.5    0.420489862365
104.625    0.418658428297
104.75    0.414662572147
104.875    0.414681071481
105.0    0.410648216664
105.125    0.41347861477
105.25    0.417178481575
105.375    0.414477578807
105.5    0.411221696019
105.625    0.411832174042
105.75    0.41168417937
105.875    0.41168417937
106.0    0.407188841202
106.125    0.40883528193
106.25    0.407928814563
106.375    0.410093236643
106.5    0.415735533521
106.625    0.414440580139
106.75    0.414477578807
106.875    0.417252478911
107.0    0.401380050318
107.125    0.401787035667
107.25    0.402508509694
107.375    0.402656504366
107.5    0.418602930294
107.625    0.419231907651
107.75    0.420859849045
107.875    0.420859849045
108.0    0.414015095457
108.125    0.415069557496
108.25    0.41499556016
108.375    0.415069557496
108.5    0.417751960929
108.625    0.417751960929
108.75    0.418251442948
108.875    0.417233979577
109.0    0.409871244635
109.125    0.409871244635
109.25    0.409760248631
109.375    0.409760248631
109.5    0.412202160722
109.625    0.411110700015
109.75    0.411147698683
109.875    0.412220660056
110.0    0.407632825218
110.125    0.408354299245
110.25    0.416826994228
110.375    0.409353263283
110.5    0.411832174042
110.625    0.411628681367
110.75    0.412165162054
110.875    0.412165162054
111.0    0.413737605446
111.125    0.413737605446
111.25    0.413978096789
111.375    0.414533076809
111.5    0.409094272606
111.625    0.409094272606
111.75    0.409556755957
111.875    0.410056237975
112.0    0.409926742637
112.125    0.409223767944
112.25    0.411351191357
112.375    0.413645108776
112.5    0.399863104928
112.625    0.405264910463
112.75    0.404820926447
112.875    0.405246411129
113.0    0.401620541661
113.125    0.40097306497
113.25    0.41536554684
113.375    0.415476542844
113.5    0.415162054166
113.625    0.414588574811
113.75    0.41481056682
113.875    0.41347861477
114.0    0.4151805535
114.125    0.4151805535
114.25    0.416900991564
114.375    0.418843421637
114.5    0.407207340536
114.625    0.416013023531
114.75    0.410518721326
114.875    0.410574219328
115.0    0.424541216516
115.125    0.424596714518
115.25    0.424430220512
115.375    0.424430220512
115.5    0.402508509694
115.625    0.402545508362
115.75    0.40258250703
115.875    0.403266982389
116.0    0.411110700015
116.125    0.411813674708
116.25    0.41205416605
116.375    0.412368654728
116.5    0.411369690691
116.625    0.411480686695
116.75    0.412350155394
116.875    0.41242415273
117.0    0.415976024863
117.125    0.416013023531
117.25    0.415217552168
117.375    0.412646144739
117.5    0.415902027527
117.625    0.415902027527
117.75    0.417825958265
117.875    0.418510433624
118.0    0.41053722066
118.125    0.410685215332
118.25    0.410759212668
118.375    0.418140446944
118.5    0.414033594791
118.625    0.414015095457
118.75    0.413996596123
118.875    0.414292585467
119.0    0.409741749297
119.125    0.410148734646
119.25    0.410130235312
119.375    0.41035222732
120.0    0.419879384342
120.125    0.420027379014
120.25    0.420378866361
120.375    0.420767352375
120.5    0.406689359183
120.625    0.408021311233
120.75    0.411480686695
120.875    0.412590646737
121.0    0.413090128755
121.125    0.414829066154
121.25    0.415051058162
121.375    0.414755068818
121.5    0.418195944946
121.625    0.417048986236
121.75    0.417770460263
121.875    0.417770460263
122.0    0.411610182033
122.125    0.415291549504
122.25    0.415680035519
122.375    0.415680035519
122.5    0.425336687879
122.625    0.425373686547
122.75    0.425873168566
122.875    0.426243155246
123.0    0.414200088797
123.125    0.414181589463
123.25    0.413978096789
123.375    0.416438508214
123.5    0.412276158058
123.625    0.412294657392
123.75    0.412350155394
123.875    0.412553648069
124.0    0.409908243303
124.125    0.411129199349
124.25    0.412091164718
124.375    0.410685215332
124.5    0.413053130087
124.625    0.413367618766
124.75    0.421451827734
124.875    0.42161832174
125.0    0.412479650733
125.125    0.411721178038
125.25    0.41223915939
125.375    0.411147698683
125.5    0.414440580139
125.625    0.414459079473
125.75    0.414588574811
125.875    0.414477578807
126.0    0.411092200681
126.125    0.411240195353
126.25    0.411240195353
126.375    0.410222731982
126.5    0.408816782596
126.625    0.408816782596
126.75    0.409760248631
126.875    0.409501257955
127.0    0.400159094273
127.125    0.399382122244
127.25    0.412350155394
127.375    0.413922598786
127.5    0.412812638745
127.625    0.412812638745
127.75    0.41233165606
127.875    0.412849637413
128.0    0.409371762617
128.125    0.409704750629
128.25    0.407336835874
128.375    0.40731833654
128.5    0.422432292437
128.625    0.422173301761
128.75    0.423005771792
128.875    0.421858813083
129.0    0.405634897144
129.125    0.406411869173
129.25    0.407170341868
129.375    0.407114843866
129.5    0.405486902472
129.625    0.405486902472
129.75    0.422691283114
129.875    0.401454047654
130.0    0.402175521681
130.125    0.40304499038
130.25    0.406707858517
130.375    0.39366582803
130.5    0.406744857185
130.625    0.406744857185
130.75    0.406245375166
130.875    0.406226875832
131.0    0.405949385822
131.125    0.406134379162
131.25    0.406134379162
131.375    0.406356371171
131.5    0.406004883824
131.625    0.405745893148
131.75    0.405653396478
131.875    0.403544472399
132.0    0.40125055498
132.125    0.401805535001
132.25    0.401213556312
132.375    0.401084060974
132.5    0.406689359183
132.625    0.406689359183
132.75    0.406097380494
132.875    0.405209412461
133.0    0.406356371171
133.125    0.406282373835
133.25    0.403988456416
133.375    0.404635933106
133.5    0.404950421785
133.625    0.404950421785
133.75    0.405024419121
133.875    0.405005919787
134.0    0.406097380494
134.125    0.406115879828
134.25    0.403858961077
134.375    0.403858961077
134.5    0.402693503034
134.625    0.404950421785
134.75    0.4026750037
134.875    0.402915495042
135.0    0.401731537665
135.125    0.401731537665
135.25    0.401731537665
135.375    0.401731537665
135.5    0.408724285926
135.625    0.408705786592
135.75    0.407725321888
135.875    0.407725321888
136.0    0.402841497706
136.125    0.402138523013
136.25    0.401898031671
136.375    0.401898031671
136.5    0.40313748705
136.625    0.40313748705
136.75    0.4008805683
136.875    0.400695574959
137.0    0.398549652213
137.125    0.41053722066
137.25    0.411443688027
137.375    0.411443688027
137.5    0.408557791919
137.625    0.408428296581
137.75    0.408687287258
137.875    0.408687287258
138.0    0.404025455084
138.125    0.404025455084
138.25    0.40400695575
138.375    0.404691431108
138.5    0.402878496374
138.625    0.40285999704
138.75    0.398568151547
138.875    0.402841497706
139.0    0.397624685511
139.125    0.396810714814
139.25    0.397254698831
139.375    0.397698682847
139.5    0.408039810567
139.625    0.407466331212
139.75    0.402157022347
139.875    0.402027527009
140.0    0.403174485719
140.125    0.402508509694
140.25    0.402360515021
140.375    0.402360515021
140.5    0.403155986384
140.625    0.40428444576
140.75    0.40428444576
140.875    0.404413941098
141.0    0.404117951754
141.125    0.404395441764
141.25    0.403488974397
141.375    0.403562971733
141.5    0.400399585615
141.625    0.400399585615
141.75    0.400399585615
141.875    0.400399585615
142.0    0.403988456416
142.125    0.403988456416
142.25    0.404302945094
142.375    0.404154950422
142.5    0.404117951754
142.625    0.404136451088
142.75    0.403803463075
142.875    0.405560899808
143.0    0.402896995708
143.125    0.40295249371
143.25    0.402120023679
143.375    0.401972029007
143.5    0.401028562972
143.625    0.401028562972
143.75    0.402120023679
143.875    0.401084060974
144.0    0.40580139115
144.125    0.40580139115
144.25    0.40580139115
144.375    0.40580139115
144.5    0.401787035667
144.625    0.401805535001
144.75    0.401805535001
144.875    0.400492082285
145.0    0.395497262099
145.125    0.395497262099
145.25    0.395497262099
145.375    0.409482758621
145.5    0.401139558976
145.625    0.401176557644
145.75    0.399271126239
145.875    0.401491046322
146.0    0.401380050318
146.125    0.403155986384
146.25    0.402545508362
146.375    0.402545508362
146.5    0.402138523013
146.625    0.401750036999
146.75    0.401935030339
146.875    0.401787035667
147.0    0.401602042326
147.125    0.401602042326
147.25    0.401454047654
147.375    0.402508509694
147.5    0.402212520349
147.625    0.402212520349
147.75    0.402046026343
147.875    0.402046026343
148.0    0.398919638893
148.125    0.394627793399
148.25    0.394627793399
148.375    0.394664792067
148.5    0.401639040995
148.625    0.40152804499
148.75    0.40152804499
148.875    0.40152804499
149.0    0.403340979725
149.125    0.403340979725
149.25    0.403340979725
149.375    0.403322480391
149.5    0.399419120912
149.625    0.399678111588
149.75    0.399678111588
149.875    0.400103596271
150.0    0.397458191505
150.125    0.397458191505
150.25    0.397458191505
150.375    0.397458191505
150.5    0.401972029007
150.625    0.402194021015
150.75    0.402231019683
150.875    0.40276750037
151.0    0.398586650881
151.125    0.397791179518
151.25    0.396810714814
151.375    0.39679221548
151.5    0.398179665532
151.625    0.398882640225
151.75    0.398882640225
151.875    0.399104632233
152.0    0.399252626905
152.125    0.399252626905
152.25    0.399308124907
152.375    0.394942282078
152.5    0.402749001036
152.625    0.40295249371
152.75    0.402896995708
152.875    0.4026750037
153.0    0.407392333876
153.125    0.407614325884
153.25    0.407614325884
153.375    0.407614325884
153.5    0.403192985053
153.625    0.403192985053
153.75    0.400621577623
153.875    0.403636969069
154.0    0.403507473731
154.125    0.403507473731
154.25    0.403507473731
154.375    0.403507473731
154.5    0.400862068966
154.625    0.400788071629
154.75    0.4008805683
154.875    0.398420156874
155.0    0.40276750037
155.125    0.398771644221
155.25    0.400732573627
155.375    0.399215628237
155.5    0.396755216812
155.625    0.397347195501
155.75    0.397347195501
155.875    0.397347195501
156.0    0.39679221548
156.125    0.39679221548
156.25    0.399678111588
156.375    0.399696610922
156.5    0.404210448424
156.625    0.404210448424
156.75    0.404228947758
156.875    0.404228947758
157.0    0.410925706675
157.125    0.408428296581
157.25    0.408428296581
157.375    0.40874278526
157.5    0.401491046322
157.625    0.401694538997
157.75    0.401694538997
157.875    0.402545508362
158.0    0.400029598934
158.125    0.403766464407
158.25    0.404321444428
158.375    0.400251590943
158.5    0.399474618914
158.625    0.39973360959
158.75    0.399715110256
158.875    0.399789107592
159.0    0.403507473731
159.125    0.403081989048
159.25    0.403081989048
159.375    0.403396477727
159.5    0.394294805387
159.625    0.394627793399
159.75    0.394701790736
159.875    0.394609294065
160.0    0.398253662868
160.125    0.399197128903
160.25    0.398679147551
160.375    0.398642148883
160.5    0.40106556164
160.625    0.404043954418
160.75    0.404062453752
160.875    0.402138523013
161.0    0.401676039663
161.125    0.40249001036
161.25    0.402268018351
161.375    0.402305017019
161.5    0.395404765428
161.625    0.39660722214
161.75    0.396773716146
161.875    0.396681219476
162.0    0.400788071629
162.125    0.400473582951
162.25    0.398346159538
162.375    0.402730501702
162.5    0.401990528341
162.625    0.401842533669
162.75    0.401842533669
162.875    0.401842533669
163.0    0.398179665532
163.125    0.398179665532
163.25    0.398179665532
163.375    0.398179665532
163.5    0.399678111588
163.625    0.399770608258
163.75    0.399770608258
163.875    0.401657540329
164.0    0.398679147551
164.125    0.398679147551
164.25    0.398993636229
164.375    0.398993636229
164.5    0.400066597602
164.625    0.400066597602
164.75    0.400307088945
164.875    0.400362586947
165.0    0.40456193577
165.125    0.403507473731
165.25    0.398901139559
165.375    0.394923782744
165.5    0.398753144887
165.625    0.398642148883
165.75    0.398531152878
165.875    0.399067633565
166.0    0.402619505698
166.125    0.402619505698
166.25    0.402619505698
166.375    0.402249519017
166.5    0.397199200829
166.625    0.397458191505
166.75    0.397458191505
166.875    0.397458191505
167.0    0.400196092941
167.125    0.402027527009
167.25    0.402064525677
167.375    0.400233091609
167.5    0.406319372503
167.625    0.406319372503
167.75    0.406319372503
167.875    0.406319372503
168.0    0.397402693503
168.125    0.394331804055
168.25    0.394794287406
168.375    0.394794287406
168.5    0.398290661536
168.625    0.400492082285
168.75    0.400492082285
168.875    0.400492082285
169.0    0.400381086281
169.125    0.400381086281
169.25    0.400381086281
169.375    0.400381086281
169.5    0.400048098268
169.625    0.400048098268
169.75    0.400307088945
169.875    0.400307088945
170.0    0.400529080953
170.125    0.400196092941
170.25    0.400140594939
170.375    0.400214592275
170.5    0.399271126239
170.625    0.399271126239
170.75    0.399271126239
170.875    0.402601006364
171.0    0.400954565636
171.125    0.400954565636
171.25    0.400954565636
171.375    0.400954565636
171.5    0.400991564304
171.625    0.400991564304
171.75    0.40097306497
171.875    0.40097306497
172.0    0.400862068966
172.125    0.408576291254
172.25    0.404783927779
172.375    0.40465443244
172.5    0.400788071629
172.625    0.40143554832
172.75    0.401213556312
172.875    0.401213556312
173.0    0.395682255439
173.125    0.395682255439
173.25    0.395811750777
173.375    0.395571259435
173.5    0.409057273938
173.625    0.397217700163
173.75    0.397957673524
173.875    0.395719254107
174.0    0.398623649549
174.125    0.403692467071
174.25    0.399937102264
174.375    0.400547580287
174.5    0.39660722214
174.625    0.39660722214
174.75    0.39660722214
174.875    0.39660722214
175.0    0.404136451088
175.125    0.404691431108
175.25    0.404358443096
175.375    0.405153914459
175.5    0.401491046322
175.625    0.401491046322
175.75    0.401491046322
175.875    0.401491046322
176.0    0.401861033003
176.125    0.399585614918
176.25    0.402064525677
176.375    0.402064525677
176.5    0.397495190173
176.625    0.39849415421
176.75    0.39784667752
176.875    0.397809678852
177.0    0.409723249963
177.125    0.409593754625
177.25    0.408372798579
177.375    0.41035222732
177.5    0.401565043658
177.625    0.401546544324
177.75    0.399567115584
177.875    0.399511617582
178.0    0.407965813231
178.125    0.407965813231
178.25    0.405967885156
178.375    0.388726505846
178.5    0.389299985201
178.625    0.406800355187
178.75    0.406670859849
178.875    0.406670859849
179.0    0.401916531005
179.125    0.399863104928
179.25    0.399863104928
179.375    0.399863104928
180.0    0.401472546988
180.125    0.401472546988
180.25    0.40143554832
180.375    0.40143554832
180.5    0.39803167086
180.625    0.39803167086
180.75    0.39803167086
180.875    0.397735681515
181.0    0.40143554832
181.125    0.401787035667
181.25    0.400307088945
181.375    0.400307088945
181.5    0.399178629569
181.625    0.401010063638
181.75    0.401010063638
181.875    0.403063489714
182.0    0.40313748705
182.125    0.40304499038
182.25    0.401324552316
182.375    0.40304499038
182.5    0.401047062306
182.625    0.398864140891
182.75    0.399567115584
182.875    0.399567115584
183.0    0.396995708155
183.125    0.396995708155
183.25    0.401287553648
183.375    0.401287553648
183.5    0.397069705491
183.625    0.396866212816
183.75    0.397550688175
183.875    0.397661684179
184.0    0.397347195501
184.125    0.397088204825
184.25    0.397199200829
184.375    0.397180701495
184.5    0.396440728134
184.625    0.396440728134
184.75    0.397032706823
184.875    0.396940210152
185.0    0.399049134231
185.125    0.407447831878
185.25    0.407447831878
185.375    0.409538256623
185.5    0.404487938434
185.625    0.405024419121
185.75    0.405764392482
185.875    0.405375906467
186.0    0.397402693503
186.125    0.397402693503
186.25    0.397347195501
186.375    0.399086132899
186.5    0.398235163534
186.625    0.399215628237
186.75    0.399215628237
186.875    0.398845641557
187.0    0.400677075625
187.125    0.400621577623
187.25    0.398845641557
187.375    0.403100488382
187.5    0.389762468551
187.625    0.389762468551
187.75    0.389762468551
187.875    0.389762468551
188.0    0.404210448424
188.125    0.404302945094
188.25    0.40428444576
188.375    0.40428444576
188.5    0.399345123576
188.625    0.399345123576
188.75    0.399345123576
188.875    0.399345123576
189.0    0.403118987716
189.125    0.403525973065
189.25    0.403525973065
189.375    0.403525973065
189.5    0.397495190173
189.625    0.397495190173
189.75    0.398142666864
189.875    0.398142666864
190.0    0.384730649697
190.125    0.384934142371
190.25    0.385174633713
190.375    0.406633861181
190.5    0.388763504514
190.625    0.389318484535
190.75    0.389595974545
190.875    0.389595974545
191.0    0.399844605594
191.125    0.399844605594
191.25    0.404080953086
191.375    0.404080953086
191.5    0.390095456564
191.625    0.390613437916
191.75    0.391445907947
191.875    0.391445907947
192.0    0.392278377978
192.125    0.392074885304
192.25    0.39205638597
192.375    0.39205638597
192.5    0.400066597602
192.625    0.400066597602
192.75    0.400066597602
192.875    0.400066597602
193.0    0.400233091609
193.125    0.399715110256
193.25    0.400085096937
193.375    0.401269054314
193.5    0.401620541661
193.625    0.401620541661
193.75    0.39954861625
193.875    0.39954861625
194.0    0.401139558976
194.125    0.401139558976
194.25    0.401139558976
194.375    0.404580435104
194.5    0.392703862661
194.625    0.392703862661
194.75    0.392703862661
194.875    0.392703862661
195.0    0.401454047654
195.125    0.401454047654
195.25    0.401454047654
195.375    0.401454047654
195.5    0.391908391298
195.625    0.391945389966
195.75    0.391908391298
195.875    0.391926890632
196.0    0.404339943762
196.125    0.404339943762
196.25    0.404339943762
196.375    0.404339943762
196.5    0.39936362291
196.625    0.39936362291
196.75    0.40115805831
196.875    0.401380050318
197.0    0.394535296729
197.125    0.394609294065
197.25    0.394609294065
197.375    0.395034778748
197.5    0.401787035667
197.625    0.401824034335
197.75    0.401731537665
197.875    0.401731537665
198.0    0.392389373983
198.125    0.392389373983
198.25    0.39224137931
198.375    0.392167381974
198.5    0.388985496522
198.625    0.388985496522
198.75    0.388985496522
198.875    0.388985496522
199.0    0.392296877312
199.125    0.394442800059
199.25    0.394442800059
199.375    0.394442800059
199.5    0.39536776676
199.625    0.39536776676
199.75    0.39536776676
199.875    0.39536776676
200.0    0.394738789404
200.125    0.394738789404
200.25    0.393277342016
200.375    0.393277342016
200.5    0.393647328696
200.625    0.393647328696
200.75    0.393647328696
200.875    0.393739825366
201.0    0.401842533669
201.125    0.40115805831
201.25    0.401195056978
201.375    0.401195056978
201.5    0.394923782744
201.625    0.394923782744
201.75    0.394923782744
201.875    0.394627793399
202.0    0.393129347343
202.125    0.393129347343
202.25    0.392888856001
202.375    0.392888856001
202.5    0.403266982389
202.625    0.403266982389
202.75    0.403266982389
202.875    0.403562971733
203.0    0.396200236791
203.125    0.396200236791
203.25    0.3964222288
203.375    0.396477726802
203.5    0.396847713482
203.625    0.396847713482
203.75    0.396847713482
203.875    0.396847713482
204.0    0.393369838686
204.125    0.393369838686
204.25    0.393369838686
204.375    0.39490528341
204.5    0.3982166642
204.625    0.396163238123
204.75    0.396163238123
204.875    0.396163238123
205.0    0.402989492378
205.125    0.402989492378
205.25    0.407614325884
205.375    0.407355335208
205.5    0.39035444724
205.625    0.390298949238
205.75    0.390835429925
205.875    0.390835429925
206.0    0.397254698831
206.125    0.397254698831
206.25    0.397199200829
206.375    0.397199200829
206.5    0.388486014503
206.625    0.388486014503
206.75    0.388486014503
206.875    0.388486014503
207.0    0.395719254107
207.125    0.395996744117
207.25    0.396015243451
207.375    0.396015243451
207.5    0.387968033151
207.625    0.388153026491
207.75    0.388005031819
207.875    0.387801539145
208.0    0.39623723546
208.125    0.396274234128
208.25    0.391982388634
208.375    0.386765576439
208.5    0.395571259435
208.625    0.395589758769
208.75    0.395608258103
208.875    0.395608258103
209.0    0.393129347343
209.125    0.393129347343
209.25    0.393129347343
209.375    0.393129347343
209.5    0.391982388634
209.625    0.392037886636
209.75    0.392037886636
209.875    0.3919638893
210.0    0.391519905283
210.125    0.391519905283
210.25    0.39177889596
210.375    0.39168639929
210.5    0.391353411277
210.625    0.391667899956
210.75    0.391667899956
210.875    0.391667899956
211.0    0.393795323368
211.125    0.398087168862
211.25    0.394109812047
211.375    0.394109812047
211.5    0.392703862661
211.625    0.392703862661
211.75    0.393813822702
211.875    0.393813822702
212.0    0.389725469883
212.125    0.389725469883
212.25    0.390668935918
212.375    0.390668935918
212.5    0.395127275418
212.625    0.39536776676
212.75    0.39536776676
212.875    0.39536776676
213.0    0.391297913275
213.125    0.391353411277
213.25    0.391353411277
213.375    0.391353411277
213.5    0.392537368655
213.625    0.392537368655
213.75    0.392870356667
213.875    0.405727393814
214.0    0.39688471215
214.125    0.39688471215
214.25    0.39688471215
214.375    0.39688471215
214.5    0.395034778748
214.625    0.395034778748
214.75    0.395034778748
214.875    0.395034778748
215.0    0.393055350007
215.125    0.393055350007
215.25    0.392740861329
215.375    0.392740861329
215.5    0.392907355335
215.625    0.392907355335
215.75    0.392759360663
215.875    0.392759360663
216.0    0.397883676188
216.125    0.397920674856
216.25    0.397920674856
216.375    0.397920674856
216.5    0.392648364659
216.625    0.392648364659
216.75    0.392666863993
216.875    0.392685363327
217.0    0.391371910611
217.125    0.391371910611
217.25    0.391371910611
217.375    0.393813822702
217.5    0.389669971881
217.625    0.389669971881
217.75    0.389669971881
217.875    0.389669971881
218.0    0.393221844014
218.125    0.393277342016
218.25    0.393277342016
218.375    0.394479798727
218.5    0.393813822702
218.625    0.393813822702
218.75    0.393813822702
218.875    0.393906319372
219.0    0.393277342016
219.125    0.393998816043
219.25    0.395330768092
219.375    0.394350303389
219.5    0.389688471215
219.625    0.389725469883
219.75    0.389725469883
219.875    0.389725469883
220.0    0.389521977209
220.125    0.389336983869
220.25    0.389336983869
220.375    0.390113955898
220.5    0.394516797395
220.625    0.394516797395
220.75    0.394479798727
220.875    0.394479798727
221.0    0.392574367323
221.125    0.392574367323
221.25    0.392592866657
221.375    0.392611365991
221.5    0.394831286074
221.625    0.394831286074
221.75    0.394831286074
221.875    0.394831286074
222.0    0.402896995708
222.125    0.402896995708
222.25    0.402896995708
222.375    0.405375906467
222.5    0.390816930591
222.625    0.390816930591
222.75    0.390816930591
222.875    0.391020423265
223.0    0.397495190173
223.125    0.397495190173
223.25    0.397495190173
223.375    0.395127275418
223.5    0.394202308717
223.625    0.394257806719
223.75    0.394387302057
223.875    0.394387302057
224.0    0.396015243451
224.125    0.396052242119
224.25    0.396089240787
224.375    0.398161166198
224.5    0.391057421933
224.625    0.391057421933
224.75    0.391057421933
224.875    0.391020423265
225.0    0.390502441912
225.125    0.390502441912
225.25    0.390502441912
225.375    0.392944354003
225.5    0.390428444576
225.625    0.390428444576
225.75    0.390428444576
225.875    0.391168417937
226.0    0.386321592423
226.125    0.386321592423
226.25    0.386377090425
226.375    0.386377090425
226.5    0.409834245967
226.625    0.402138523013
226.75    0.402138523013
226.875    0.39964111292
227.0    0.391519905283
227.125    0.391982388634
227.25    0.391982388634
227.375    0.391982388634
227.5    0.390409945242
227.625    0.389947461891
227.75    0.390002959893
227.875    0.390002959893
228.0    0.389762468551
228.125    0.392500369987
228.25    0.392518869321
228.375    0.390465443244
228.5    0.392814858665
228.625    0.392814858665
228.75    0.392814858665
228.875    0.392814858665
229.0    0.395034778748
229.125    0.395034778748
229.25    0.395034778748
229.375    0.395034778748
229.5    0.392759360663
229.625    0.392759360663
229.75    0.392759360663
229.875    0.392759360663
230.0    0.396958709486
230.125    0.394646292733
230.25    0.394553796063
230.375    0.395164274086
230.5    0.391223915939
230.625    0.391223915939
230.75    0.391223915939
230.875    0.3901694539
231.0    0.393462335356
231.125    0.386247595087
231.25    0.385100636377
231.375    0.385674115732
231.5    0.388060529821
231.625    0.388060529821
231.75    0.388060529821
231.875    0.390798431256
232.0    0.390150954566
232.125    0.390150954566
232.25    0.3901694539
232.375    0.3901694539
232.5    0.38920748853
232.625    0.39338833802
232.75    0.393462335356
232.875    0.393462335356
233.0    0.393776824034
233.125    0.393776824034
233.25    0.393184845346
233.375    0.393184845346
233.5    0.388634009176
233.625    0.388634009176
233.75    0.390983424597
233.875    0.390983424597
234.0    0.387579547136
234.125    0.387579547136
234.25    0.384841645701
234.375    0.384841645701
234.5    0.387635045138
234.625    0.387635045138
234.75    0.387635045138
234.875    0.387061565784
235.0    0.392222879976
235.125    0.392222879976
235.25    0.392222879976
235.375    0.392888856001
235.5    0.389059493858
235.625    0.389077993192
235.75    0.389059493858
235.875    0.388892999852
236.0    0.383213704307
236.125    0.383213704307
236.25    0.383213704307
236.375    0.383676187657
236.5    0.386950569779
236.625    0.386950569779
236.75    0.387579547136
236.875    0.387579547136
237.0    0.391427408613
237.125    0.391427408613
237.25    0.391501405949
237.375    0.391501405949
237.5    0.385008139707
237.625    0.385008139707
237.75    0.385008139707
237.875    0.384545656356
238.0    0.392703862661
238.125    0.39338833802
238.25    0.39338833802
238.375    0.393628829362
238.5    0.388190025159
238.625    0.388190025159
238.75    0.387857037147
238.875    0.387857037147
239.0    0.389281485866
239.125    0.389281485866
239.25    0.389281485866
239.375    0.396126239455
240.0    0.392000887968
240.125    0.392000887968
240.25    0.392000887968
240.375    0.383102708303
240.5    0.385840609738
240.625    0.385840609738
240.75    0.385840609738
240.875    0.385877608406
241.0    0.393166346012
241.125    0.393166346012
241.25    0.400473582951
241.375    0.400529080953
241.5    0.396995708155
241.625    0.384120171674
241.75    0.384120171674
241.875    0.384120171674
242.0    0.392444871985
242.125    0.392814858665
242.25    0.392796359331
242.375    0.392796359331
242.5    0.396459227468
242.625    0.396459227468
242.75    0.396459227468
242.875    0.396459227468
243.0    0.395867248779
243.125    0.395867248779
243.25    0.395867248779
243.375    0.395848749445
243.5    0.387653544472
243.625    0.389429480539
243.75    0.389429480539
243.875    0.389429480539
244.0    0.388467515169
244.125    0.388467515169
244.25    0.388430516501
244.375    0.388504513838
244.5    0.389854965221
244.625    0.39007695723
244.75    0.39007695723
244.875    0.389854965221
245.0    0.389780967885
245.125    0.389780967885
245.25    0.389780967885
245.375    0.389133491194
245.5    0.386765576439
245.625    0.386765576439
245.75    0.386765576439
245.875    0.386765576439
246.0    0.393314340684
246.125    0.393332840018
246.25    0.393332840018
246.375    0.391630901288
246.5    0.3937583247
246.625    0.385415125056
246.75    0.385415125056
246.875    0.385396625721
247.0    0.387487050466
247.125    0.387487050466
247.25    0.387487050466
247.375    0.387487050466
247.5    0.38892999852
247.625    0.388504513838
247.75    0.388708006512
247.875    0.388708006512
248.0    0.38598860441
248.125    0.38598860441
248.25    0.38598860441
248.375    0.38598860441
248.5    0.389410981205
248.625    0.389410981205
248.75    0.389410981205
248.875    0.389410981205
249.0    0.389577475211
249.125    0.389577475211
249.25    0.389577475211
249.375    0.388578511174
249.5    0.389521977209
249.625    0.389521977209
249.75    0.389521977209
249.875    0.388338019831
250.0    0.385785111736
250.125    0.385914607074
250.25    0.385914607074
250.375    0.385914607074
250.5    0.386488086429
250.625    0.386488086429
250.75    0.386488086429
250.875    0.386488086429
251.0    0.381382270238
251.125    0.381382270238
251.25    0.381419268906
251.375    0.381918750925
251.5    0.389059493858
251.625    0.389558975877
251.75    0.389558975877
251.875    0.389558975877
252.0    0.402841497706
252.125    0.402841497706
252.25    0.403081989048
252.375    0.403285481723
252.5    0.386303093089
252.625    0.386303093089
252.75    0.386303093089
252.875    0.386303093089
253.0    0.384323664348
253.125    0.384323664348
253.25    0.384323664348
253.375    0.384323664348
253.5    0.389392481871
253.625    0.389392481871
253.75    0.389392481871
253.875    0.389355483203
254.0    0.403858961077
254.125    0.403858961077
254.25    0.400270090277
254.375    0.394516797395
254.5    0.386876572443
254.625    0.386876572443
254.75    0.386876572443
254.875    0.386876572443
255.0    0.383269202309
255.125    0.383269202309
255.25    0.383269202309
255.375    0.383269202309
255.5    0.390761432588
255.625    0.390761432588
255.75    0.389614473879
255.875    0.389614473879
256.0    0.390243451236
256.125    0.390243451236
256.25    0.39026195057
256.375    0.39026195057
256.5    0.389651472547
256.625    0.389706970549
256.75    0.389965961225
256.875    0.389873464555
257.0    0.390113955898
257.125    0.390132455232
257.25    0.390132455232
257.375    0.390150954566
257.5    0.386673079769
257.625    0.386691579103
257.75    0.386691579103
257.875    0.386451087761
258.0    0.382381234276
258.125    0.382381234276
258.25    0.382381234276
258.375    0.382381234276
258.5    0.390964925263
258.625    0.390964925263
258.75    0.391001923931
258.875    0.391001923931
259.0    0.387709042474
259.125    0.387709042474
259.25    0.388116027823
259.375    0.386765576439
259.5    0.386340091757
259.625    0.385581619062
259.75    0.385563119728
259.875    0.385563119728
260.0    0.385785111736
260.125    0.385785111736
260.25    0.385785111736
260.375    0.386506585763
260.5    0.387283557792
260.625    0.387283557792
260.75    0.387283557792
260.875    0.386876572443
261.0    0.380845789552
261.125    0.382566227616
261.25    0.382233239603
261.375    0.382233239603
261.5    0.386802575107
261.625    0.386802575107
261.75    0.386802575107
261.875    0.386802575107
262.0    0.392685363327
262.125    0.392685363327
262.25    0.392685363327
262.375    0.392685363327
262.5    0.386469587095
262.625    0.386562083765
262.75    0.386562083765
262.875    0.386562083765
263.0    0.386784075773
263.125    0.386784075773
263.25    0.386784075773
263.375    0.386821074441
263.5    0.377959893444
263.625    0.377959893444
263.75    0.377922894776
263.875    0.377922894776
264.0    0.387209560456
264.125    0.386858073109
264.25    0.386858073109
264.375    0.389040994524
264.5    0.388227023827
264.625    0.388227023827
264.75    0.388227023827
264.875    0.388227023827
265.0    0.387191061122
265.125    0.387191061122
265.25    0.387191061122
265.375    0.387191061122
265.5    0.391815894628
265.625    0.391815894628
265.75    0.392037886636
265.875    0.392037886636
266.0    0.39224137931
266.125    0.39224137931
266.25    0.392481870653
266.375    0.392481870653
266.5    0.387783039811
266.625    0.392019387302
266.75    0.392019387302
266.875    0.392019387302
267.0    0.38704306645
267.125    0.386099600414
267.25    0.386062601746
267.375    0.388116027823
267.5    0.38865250851
267.625    0.38865250851
267.75    0.38865250851
267.875    0.38865250851
268.0    0.378625869469
268.125    0.400066597602
268.25    0.387191061122
268.375    0.387191061122
268.5    0.388319520497
268.625    0.388319520497
268.75    0.388319520497
268.875    0.388319520497
269.0    0.381918750925
269.125    0.381918750925
269.25    0.381918750925
269.375    0.381918750925
269.5    0.388245523161
269.625    0.388245523161
269.75    0.388245523161
269.875    0.388800503182
270.0    0.380031818855
270.125    0.380031818855
270.25    0.380031818855
270.375    0.388615509842
270.5    0.393832322036
270.625    0.393832322036
270.75    0.389595974545
270.875    0.389595974545
271.0    0.390465443244
271.125    0.390465443244
271.25    0.390372946574
271.375    0.39007695723
271.5    0.37518499334
271.625    0.37518499334
271.75    0.383676187657
271.875    0.383713186325
272.0    0.382917714962
272.125    0.382917714962
272.25    0.382640224952
272.375    0.382640224952
272.5    0.390095456564
272.625    0.390095456564
272.75    0.390095456564
272.875    0.390465443244
273.0    0.386765576439
273.125    0.386765576439
273.25    0.38741305313
273.375    0.387672043806
273.5    0.39168639929
273.625    0.39168639929
273.75    0.39168639929
273.875    0.391131419269
274.0    0.388412017167
274.125    0.388412017167
274.25    0.388412017167
274.375    0.388338019831
274.5    0.388874500518
274.625    0.388874500518
274.75    0.388874500518
274.875    0.388874500518
275.0    0.379569335504
275.125    0.379569335504
275.25    0.379569335504
275.375    0.379846825514
275.5    0.389521977209
275.625    0.389614473879
275.75    0.389614473879
275.875    0.389614473879
276.0    0.388597010508
276.125    0.388597010508
276.25    0.388504513838
276.375    0.388504513838
276.5    0.382307236939
276.625    0.382307236939
276.75    0.382381234276
276.875    0.382103744265
277.0    0.389484978541
277.125    0.389484978541
277.25    0.389484978541
277.375    0.389484978541
277.5    0.390224951902
277.625    0.390224951902
277.75    0.39026195057
277.875    0.39026195057
278.0    0.38106778156
278.125    0.38116027823
278.25    0.38116027823
278.375    0.381086280894
278.5    0.381752256919
278.625    0.381752256919
278.75    0.381752256919
278.875    0.381752256919
279.0    0.391353411277
279.125    0.391760396626
279.25    0.391760396626
279.375    0.391760396626
279.5    0.394313304721
279.625    0.394313304721
279.75    0.39357333136
279.875    0.39357333136
280.0    0.38286221696
280.125    0.38286221696
280.25    0.38286221696
280.375    0.38286221696
280.5    0.382973212964
280.625    0.382973212964
280.75    0.382973212964
280.875    0.382973212964
281.0    0.407114843866
281.125    0.407114843866
281.25    0.402822998372
281.375    0.402822998372
281.5    0.375240491342
281.625    0.375240491342
281.75    0.373612549948
281.875    0.375887968033
282.0    0.378366878792
282.125    0.378366878792
282.25    0.378366878792
282.375    0.378366878792
282.5    0.378699866805
282.625    0.378699866805
282.75    0.378699866805
282.875    0.378699866805
283.0    0.380124315525
283.125    0.380124315525
283.25    0.380124315525
283.375    0.380124315525
283.5    0.383435696315
283.625    0.383435696315
283.75    0.383435696315
283.875    0.383435696315
284.0    0.378477874796
284.125    0.378477874796
284.25    0.378477874796
284.375    0.380845789552
284.5    0.383028710966
284.625    0.383028710966
284.75    0.382991712298
284.875    0.3830472103
285.0    0.382122243599
285.125    0.382122243599
285.25    0.382122243599
285.375    0.382122243599
285.5    0.386321592423
285.625    0.382029746929
285.75    0.382418232944
285.875    0.382418232944
286.0    0.376997928075
286.125    0.376997928075
286.25    0.379291845494
286.375    0.379291845494
286.5    0.380642296877
286.625    0.380642296877
286.75    0.380642296877
286.875    0.380642296877
287.0    0.381141778896
287.125    0.381141778896
287.25    0.381141778896
287.375    0.381141778896
287.5    0.386673079769
287.625    0.386673079769
287.75    0.386673079769
287.875    0.386599082433
288.0    0.381197276898
288.125    0.381197276898
288.25    0.381197276898
288.375    0.381197276898
288.5    0.379199348823
288.625    0.379199348823
288.75    0.378810862809
288.875    0.379088352819
289.0    0.383417196981
289.125    0.383417196981
289.25    0.383028710966
289.375    0.383028710966
289.5    0.383306200977
289.625    0.383306200977
289.75    0.382177741601
289.875    0.382177741601
290.0    0.381659760249
290.125    0.381659760249
290.25    0.381807754921
290.375    0.38153026491
290.5    0.383176705639
290.625    0.383176705639
290.75    0.383176705639
290.875    0.383176705639
291.0    0.380827290218
291.125    0.381271274234
291.25    0.381900251591
291.375    0.38088278822
291.5    0.383102708303
291.625    0.383102708303
291.75    0.382973212964
291.875    0.382973212964
292.0    0.380623797543
292.125    0.380623797543
292.25    0.380679295545
292.375    0.380679295545
292.5    0.374334023975
292.625    0.374334023975
292.75    0.374241527305
292.875    0.374241527305
293.0    0.380457303537
293.125    0.380457303537
293.25    0.380808790884
293.375    0.38134527157
293.5    0.382344235608
293.625    0.382344235608
293.75    0.382362734942
293.875    0.382362734942
294.0    0.381326772236
294.125    0.381141778896
