0.0    0.231302049968
0.125    0.254564381807
0.25    0.255084881486
0.375    0.255044843049
0.5    0.24921925048
0.625    0.253763613069
0.75    0.239249679693
0.875    0.256646380525
1.0    0.241131486227
1.125    0.247777866752
1.25    0.25632607303
1.375    0.254804612428
1.5    0.251341287636
1.625    0.251341287636
1.75    0.251621556694
1.875    0.251521460602
2.0    0.255024823831
2.125    0.255705477258
2.25    0.253403267136
2.375    0.254304131967
2.5    0.238228699552
2.625    0.25722693786
2.75    0.238288757207
2.875    0.256446188341
3.0    0.250300288277
3.125    0.250440422806
3.25    0.250440422806
3.375    0.251601537476
3.5    0.255645419603
3.625    0.238088565022
3.75    0.234084721332
3.875    0.250980941704
4.0    0.261611146701
4.125    0.261871396541
4.25    0.261410954516
4.375    0.250200192185
4.5    0.247317424728
4.625    0.247317424728
4.75    0.252001921845
4.875    0.247897982063
5.0    0.246957078796
5.125    0.249239269699
5.25    0.249239269699
5.375    0.249239269699
5.5    0.246216367713
5.625    0.247517616912
5.75    0.247517616912
5.875    0.247857943626
6.0    0.24831838565
6.125    0.24831838565
6.25    0.248458520179
6.375    0.248798846893
6.5    0.248018097373
6.625    0.248018097373
6.75    0.246756886611
6.875    0.249139173607
7.0    0.239810217809
7.125    0.239810217809
7.25    0.239810217809
7.375    0.248678731582
7.5    0.232082799488
7.625    0.228319186419
7.75    0.228319186419
7.875    0.241371716848
8.0    0.252962844331
8.125    0.253203074952
8.25    0.253923766816
8.375    0.253243113389
8.5    0.254304131967
8.625    0.240691063421
8.75    0.250500480461
8.875    0.24741752082
9.0    0.248078155029
9.125    0.250740711083
9.25    0.250740711083
9.375    0.250740711083
9.5    0.240791159513
9.625    0.254784593209
9.75    0.237447950032
9.875    0.249599615631
10.0    0.258808456118
10.125    0.258808456118
10.25    0.258187860346
10.375    0.259308936579
10.5    0.249279308136
10.625    0.247457559257
10.75    0.247457559257
10.875    0.2479380205
11.0    0.248438500961
11.125    0.249199231262
11.25    0.250860826393
11.375    0.251261210762
11.5    0.249939942345
11.625    0.250700672646
11.75    0.250240230621
11.875    0.250760730301
12.0    0.253923766816
12.125    0.253863709161
12.25    0.249179212044
12.375    0.249179212044
12.5    0.239610025625
12.625    0.239750160154
12.75    0.239529948751
12.875    0.239690102498
13.0    0.242452754644
13.125    0.242672966047
13.25    0.240731101858
13.375    0.241171524664
13.5    0.250720691864
13.625    0.251961883408
13.75    0.250940903267
13.875    0.250940903267
14.0    0.241952274183
14.125    0.241952274183
14.25    0.241952274183
14.375    0.232843529789
14.5    0.243333600256
14.625    0.239590006406
14.75    0.239389814222
14.875    0.238809256887
15.0    0.255825592569
15.125    0.232923606662
15.25    0.255144939142
15.375    0.251181133889
15.5    0.25632607303
15.625    0.2554252082
15.75    0.2554252082
15.875    0.250800768738
16.0    0.256386130685
16.125    0.258087764254
16.25    0.256626361307
16.375    0.254324151185
16.5    0.250720691864
16.625    0.251341287636
16.75    0.251321268418
16.875    0.251321268418
17.0    0.252642536835
17.125    0.252402306214
17.25    0.243433696349
17.375    0.24367392697
17.5    0.259749359385
17.625    0.255084881486
17.75    0.250540518898
17.875    0.250880845612
18.0    0.235506085842
18.125    0.232703395259
18.25    0.232703395259
18.375    0.232703395259
18.5    0.244474695708
18.625    0.24277306214
18.75    0.242112427931
18.875    0.245255445227
19.0    0.240430813581
19.125    0.253663516976
19.25    0.256205957719
19.375    0.256205957719
19.5    0.240330717489
19.625    0.240651024984
19.75    0.24651665599
19.875    0.24651665599
20.0    0.246756886611
20.125    0.246756886611
20.25    0.246756886611
20.375    0.246756886611
20.5    0.252542440743
20.625    0.243633888533
20.75    0.240010409994
20.875    0.230741511851
21.0    0.24561579116
21.125    0.24561579116
21.25    0.263072549648
21.375    0.263072549648
21.5    0.232943625881
21.625    0.234725336323
21.75    0.232943625881
21.875    0.24599615631
22.0    0.249559577194
22.125    0.249559577194
22.25    0.249559577194
22.375    0.244434657271
22.5    0.24303331198
22.625    0.24303331198
22.75    0.24303331198
22.875    0.24303331198
23.0    0.256746476618
23.125    0.244795003203
23.25    0.240490871236
23.375    0.244875080077
23.5    0.246316463805
23.625    0.239910313901
23.75    0.243113388853
23.875    0.243493754004
24.0    0.248178251121
24.125    0.248178251121
24.25    0.247057174888
24.375    0.248438500961
24.5    0.244414638053
24.625    0.258207879564
24.75    0.240170563741
24.875    0.240610986547
25.0    0.244514734145
25.125    0.248398462524
25.25    0.248278347213
25.375    0.246736867393
25.5    0.248858904548
25.625    0.248858904548
25.75    0.24883888533
25.875    0.249019058296
26.0    0.242672966047
26.125    0.242672966047
26.25    0.242672966047
26.375    0.242672966047
26.5    0.257587283792
26.625    0.257587283792
26.75    0.257767456759
26.875    0.257887572069
27.0    0.243373638693
27.125    0.243373638693
27.25    0.243914157591
27.375    0.243914157591
27.5    0.241111467008
27.625    0.240691063421
27.75    0.240651024984
27.875    0.258187860346
28.0    0.245455637412
28.125    0.246736867393
28.25    0.244554772582
28.375    0.245395579757
28.5    0.245815983344
28.625    0.245815983344
28.75    0.245815983344
28.875    0.245936098655
29.0    0.249859865471
29.125    0.250100096092
29.25    0.241311659193
29.375    0.241311659193
29.5    0.241571909033
29.625    0.227638532992
29.75    0.228899743754
29.875    0.233884529148
30.0    0.241391736067
30.125    0.245395579757
30.25    0.246236386931
30.375    0.244254484305
30.5    0.260430012812
30.625    0.247297405509
30.75    0.247297405509
30.875    0.248678731582
31.0    0.247217328636
31.125    0.246877001922
31.25    0.242873158232
31.375    0.24277306214
31.5    0.2479380205
31.625    0.24677690583
31.75    0.242072389494
31.875    0.241211563101
32.0    0.249079115951
32.125    0.231001761691
32.25    0.239489910314
32.375    0.243754003844
32.5    0.249539557976
32.625    0.249959961563
32.75    0.244955156951
32.875    0.244955156951
33.0    0.23850896861
33.125    0.252522421525
33.25    0.243613869315
33.375    0.242292600897
33.5    0.238909352979
33.625    0.248658712364
33.75    0.244674887892
33.875    0.247477578475
34.0    0.250620595772
34.125    0.254304131967
34.25    0.250300288277
34.375    0.247377482383
34.5    0.244254484305
34.625    0.244254484305
34.75    0.241872197309
34.875    0.243974215247
35.0    0.242432735426
35.125    0.243193465727
35.25    0.243333600256
35.375    0.243333600256
35.5    0.248898942985
35.625    0.248878923767
35.75    0.248878923767
35.875    0.248938981422
36.0    0.242152466368
36.125    0.242472773863
36.25    0.242272581678
36.375    0.244134368994
36.5    0.244895099295
36.625    0.243954196028
36.75    0.244774983985
36.875    0.245075272261
37.0    0.248878923767
37.125    0.248878923767
37.25    0.248758808456
37.375    0.248658712364
37.5    0.243834080717
37.625    0.247457559257
37.75    0.247457559257
37.875    0.242833119795
38.0    0.245275464446
38.125    0.245275464446
38.25    0.236346893017
38.375    0.237327834721
38.5    0.245876040999
38.625    0.245876040999
38.75    0.246056213965
38.875    0.246116271621
39.0    0.244875080077
39.125    0.244594811019
39.25    0.2425128123
39.375    0.243954196028
39.5    0.243093369635
39.625    0.237067584881
39.75    0.240130525304
39.875    0.239529948751
40.0    0.243073350416
40.125    0.249159192825
40.25    0.250840807175
40.375    0.250240230621
40.5    0.243473734785
40.625    0.244334561179
40.75    0.244634849455
40.875    0.244714926329
41.0    0.245815983344
41.125    0.245815983344
41.25    0.244294522742
41.375    0.248638693145
41.5    0.255225016015
41.625    0.254924727739
41.75    0.254924727739
41.875    0.250560538117
42.0    0.244134368994
42.125    0.244234465086
42.25    0.249199231262
42.375    0.242532831518
42.5    0.245255445227
42.625    0.245535714286
42.75    0.247057174888
42.875    0.247057174888
43.0    0.234364990391
43.125    0.234224855862
43.25    0.252081998719
43.375    0.248238308776
43.5    0.241111467008
43.625    0.240971332479
43.75    0.242112427931
43.875    0.241872197309
44.0    0.242172485586
44.125    0.242032351057
44.25    0.242492793081
44.375    0.242492793081
44.5    0.241952274183
44.625    0.243213484946
44.75    0.243653907751
44.875    0.245175368354
45.0    0.246156310058
45.125    0.246156310058
45.25    0.246156310058
45.375    0.246156310058
45.5    0.24535554132
45.625    0.246556694427
45.75    0.244094330557
45.875    0.244795003203
46.0    0.241231582319
46.125    0.238829276105
46.25    0.251921844971
46.375    0.238689141576
46.5    0.245595771941
46.625    0.245155349135
46.75    0.244174407431
46.875    0.244935137732
47.0    0.24173206278
47.125    0.243914157591
47.25    0.243493754004
47.375    0.240430813581
47.5    0.252822709801
47.625    0.246356502242
47.75    0.25142136451
47.875    0.242793081358
48.0    0.247958039718
48.125    0.248478539398
48.25    0.248758808456
48.375    0.248758808456
48.5    0.240530909673
48.625    0.242012331839
48.75    0.241712043562
48.875    0.241692024343
49.0    0.230561338885
49.125    0.24819827034
49.25    0.24819827034
49.375    0.24819827034
49.5    0.253563420884
49.625    0.245035233824
49.75    0.244594811019
49.875    0.2445747918
50.0    0.236787315823
50.125    0.236887411915
50.25    0.243774023062
50.375    0.249719730942
50.5    0.241131486227
50.625    0.241872197309
50.75    0.237528026906
50.875    0.250620595772
51.0    0.236807335042
51.125    0.233924567585
51.25    0.235385970532
51.375    0.237027546445
51.5    0.238408872518
51.625    0.237808295964
51.75    0.237808295964
51.875    0.237808295964
52.0    0.237207719411
52.125    0.237307815503
52.25    0.237007527226
52.375    0.245936098655
52.5    0.24599615631
52.625    0.245876040999
52.75    0.245015214606
52.875    0.248498558616
53.0    0.242032351057
53.125    0.241511851377
53.25    0.241271620756
53.375    0.251641575913
53.5    0.242592889174
53.625    0.24289317745
53.75    0.243193465727
53.875    0.243193465727
54.0    0.24483504164
54.125    0.240490871236
54.25    0.243954196028
54.375    0.243113388853
54.5    0.246316463805
54.625    0.24573590647
54.75    0.246396540679
54.875    0.243233504164
55.0    0.238528987828
55.125    0.238528987828
55.25    0.238528987828
55.375    0.238528987828
55.5    0.228399263293
55.625    0.228399263293
55.75    0.245335522101
55.875    0.245335522101
56.0    0.24303331198
56.125    0.242873158232
56.25    0.242873158232
56.375    0.242873158232
56.5    0.240871236387
56.625    0.239890294683
56.75    0.253863709161
56.875    0.242833119795
57.0    0.260049647662
57.125    0.242933215887
57.25    0.243433696349
57.375    0.243313581038
57.5    0.227518417681
57.625    0.241491832159
57.75    0.241331678411
57.875    0.241331678411
58.0    0.233123798847
58.125    0.233103779628
58.25    0.233103779628
58.375    0.232663356823
58.5    0.234364990391
58.625    0.234364990391
58.75    0.234364990391
58.875    0.203415278668
59.0    0.226137091608
59.125    0.242212524023
59.25    0.242052370275
59.375    0.23993033312
59.5    0.227598494555
59.625    0.253783632287
59.75    0.252102017937
59.875    0.252102017937
60.0    0.242692985266
60.125    0.242692985266
60.25    0.242933215887
60.375    0.243313581038
60.5    0.225096092249
60.625    0.226777706598
60.75    0.252642536835
60.875    0.248358424087
61.0    0.235706278027
61.125    0.236467008328
61.25    0.243073350416
61.375    0.243073350416
61.5    0.243754003844
61.625    0.243754003844
61.75    0.243874119154
61.875    0.261631165919
62.0    0.227218129404
62.125    0.249719730942
62.25    0.231882607303
62.375    0.231882607303
62.5    0.245775944907
62.625    0.245775944907
62.75    0.245695868033
62.875    0.241752081999
63.0    0.238949391416
63.125    0.238909352979
63.25    0.2391495836
63.375    0.234985586163
63.5    0.242733023703
63.625    0.241832158873
63.75    0.241832158873
63.875    0.241692024343
64.0    0.235986547085
64.125    0.235986547085
64.25    0.235986547085
64.375    0.234304932735
64.5    0.232863549007
64.625    0.23230301089
64.75    0.214065502883
64.875    0.232423126201
65.0    0.231942664958
65.125    0.231942664958
65.25    0.241371716848
65.375    0.242432735426
65.5    0.231522261371
65.625    0.249039077514
65.75    0.240110506086
65.875    0.239870275464
66.0    0.237708199872
66.125    0.236266816143
66.25    0.236907431134
66.375    0.236907431134
66.5    0.237147661755
66.625    0.237147661755
66.75    0.241511851377
66.875    0.228779628443
67.0    0.237427930814
67.125    0.245035233824
67.25    0.244654868674
67.375    0.244654868674
67.5    0.227978859705
67.625    0.229660474055
67.75    0.229660474055
67.875    0.229660474055
68.0    0.240931294042
68.125    0.242012331839
68.25    0.24031069827
68.375    0.24109144779
68.5    0.237508007687
68.625    0.238088565022
68.75    0.237508007687
68.875    0.236947469571
69.0    0.234905509289
69.125    0.236386931454
69.25    0.228519378603
69.375    0.230701473414
69.5    0.233023702755
69.625    0.217428731582
69.75    0.218189461883
69.875    0.234004644459
70.0    0.244214445868
70.125    0.243273542601
70.25    0.240791159513
70.375    0.240791159513
70.5    0.234324951954
70.625    0.234284913517
70.75    0.233404067905
70.875    0.23386450993
71.0    0.24741752082
71.125    0.245555733504
71.25    0.247097213325
71.375    0.248098174247
71.5    0.233644298527
71.625    0.233644298527
71.75    0.230841607944
71.875    0.235185778347
72.0    0.240090486867
72.125    0.240090486867
72.25    0.238569026265
72.375    0.234004644459
72.5    0.236767296605
72.625    0.237487988469
72.75    0.236767296605
72.875    0.23760810378
73.0    0.243113388853
73.125    0.228579436259
73.25    0.237588084561
73.375    0.237648142217
73.5    0.24341367713
73.625    0.24341367713
73.75    0.230341127482
73.875    0.225576553491
74.0    0.241431774504
74.125    0.228339205637
74.25    0.228339205637
74.375    0.228419282511
74.5    0.235185778347
74.625    0.236066623959
74.75    0.231502242152
74.875    0.232102818706
75.0    0.227678571429
75.125    0.241111467008
75.25    0.241211563101
75.375    0.241211563101
75.5    0.245755925689
75.625    0.229139974375
75.75    0.237227738629
75.875    0.236867392697
76.0    0.214405829596
76.125    0.23746796925
76.25    0.237888372838
76.375    0.237868353619
76.5    0.243954196028
76.625    0.243954196028
76.75    0.243954196028
76.875    0.243954196028
77.0    0.246576713645
77.125    0.219951153107
77.25    0.220131326073
77.375    0.229780589366
77.5    0.235446028187
77.625    0.235586162716
77.75    0.235586162716
77.875    0.235586162716
78.0    0.232683376041
78.125    0.232943625881
78.25    0.235686258808
78.375    0.236106662396
78.5    0.244114349776
78.625    0.239469891095
78.75    0.235345932095
78.875    0.235305893658
79.0    0.241051409353
79.125    0.238749199231
79.25    0.23888933376
79.375    0.236426969891
79.5    0.235285874439
79.625    0.240010409994
79.75    0.237868353619
79.875    0.235385970532
80.0    0.220211402947
80.125    0.234385009609
80.25    0.234385009609
80.375    0.233664317745
80.5    0.235285874439
80.625    0.232603299167
80.75    0.236967488789
80.875    0.23644698911
81.0    0.235185778347
81.125    0.235626201153
81.25    0.235626201153
81.375    0.235626201153
81.5    0.231762491992
81.625    0.231762491992
81.75    0.231762491992
81.875    0.231762491992
82.0    0.24199231262
82.125    0.229740550929
82.25    0.229500320307
82.375    0.2296004164
82.5    0.216467809097
82.625    0.213745195388
82.75    0.233924567585
82.875    0.23218289558
83.0    0.236006566304
83.125    0.237107623318
83.25    0.234144778988
83.375    0.234144778988
83.5    0.230361146701
83.625    0.230361146701
83.75    0.232062780269
83.875    0.232883568226
84.0    0.23424487508
84.125    0.234084721332
84.25    0.234084721332
84.375    0.234084721332
84.5    0.235846412556
84.625    0.236406950673
84.75    0.236406950673
84.875    0.235846412556
85.0    0.231382126842
85.125    0.233444106342
85.25    0.232222934017
85.375    0.232222934017
85.5    0.220051249199
85.625    0.21953074952
85.75    0.218189461883
85.875    0.218369634849
86.0    0.224615631006
86.125    0.229580397181
86.25    0.22559657271
86.375    0.22559657271
86.5    0.23334401025
86.625    0.234104740551
86.75    0.234144778988
86.875    0.233504163997
87.0    0.235846412556
87.125    0.235846412556
87.25    0.239770179372
87.375    0.236467008328
87.5    0.224895900064
87.625    0.231302049968
87.75    0.229540358744
87.875    0.226997918001
88.0    0.237668161435
88.125    0.227938821268
88.25    0.213204676489
88.375    0.218349615631
88.5    0.226817745035
88.625    0.226817745035
88.75    0.226817745035
88.875    0.226737668161
89.0    0.223534593209
89.125    0.228719570788
89.25    0.228719570788
89.375    0.234845451634
89.5    0.243874119154
89.625    0.243874119154
89.75    0.229240070468
89.875    0.233664317745
90.0    0.228859705317
90.125    0.228779628443
90.25    0.239329756566
90.375    0.230521300448
90.5    0.237367873158
90.625    0.237508007687
90.75    0.237508007687
90.875    0.237848334401
91.0    0.239970371557
91.125    0.231061819347
91.25    0.231902626521
91.375    0.231502242152
91.5    0.239449871877
91.625    0.239449871877
91.75    0.237948430493
91.875    0.2221132287
92.0    0.22159272902
92.125    0.220511691224
92.25    0.221953074952
92.375    0.234725336323
92.5    0.225316303652
92.625    0.22907991672
92.75    0.22301409353
92.875    0.22301409353
93.0    0.221812940423
93.125    0.226317264574
93.25    0.223514573991
93.375    0.221913036515
93.5    0.226217168482
93.625    0.226257206919
93.75    0.226377322229
93.875    0.225936899423
94.0    0.230100896861
94.125    0.230100896861
94.25    0.230100896861
94.375    0.230100896861
94.5    0.230341127482
94.625    0.228098975016
94.75    0.228118994234
94.875    0.229139974375
95.0    0.228359224856
95.125    0.227878763613
95.25    0.244214445868
95.375    0.227638532992
95.5    0.228199071108
95.625    0.228659513133
95.75    0.229520339526
95.875    0.229520339526
96.0    0.228879724536
96.125    0.227978859705
96.25    0.228399263293
96.375    0.227818705958
96.5    0.222453555413
96.625    0.222513613069
96.75    0.222353459321
96.875    0.222853939782
97.0    0.226457399103
97.125    0.224775784753
97.25    0.239229660474
97.375    0.225516495836
97.5    0.229920723895
97.625    0.229920723895
97.75    0.230281069827
97.875    0.229880685458
98.0    0.23656710442
98.125    0.228739590006
98.25    0.229500320307
98.375    0.247817905189
98.5    0.227037956438
98.625    0.227358263933
98.75    0.227338244715
98.875    0.22597693786
99.0    0.220151345291
99.125    0.224655669443
99.25    0.225256245996
99.375    0.225316303652
99.5    0.219610826393
99.625    0.221212363869
99.75    0.22986066624
99.875    0.22986066624
100.0    0.221812940423
100.125    0.220992152466
100.25    0.221832959641
100.375    0.222533632287
100.5    0.228999839846
100.625    0.224635650224
100.75    0.230541319667
100.875    0.225816784113
101.0    0.226557495195
101.125    0.205857623318
101.25    0.227818705958
101.375    0.229260089686
101.5    0.225116111467
101.625    0.225116111467
101.75    0.223454516336
101.875    0.2241752082
102.0    0.224395419603
102.125    0.223154228059
102.25    0.224395419603
102.375    0.224615631006
102.5    0.227738629084
102.625    0.227778667521
102.75    0.227578475336
102.875    0.228959801409
103.0    0.230921684817
103.125    0.227218129404
103.25    0.227218129404
103.375    0.225916880205
103.5    0.224215246637
103.625    0.225696668802
103.75    0.224675688661
103.875    0.226357303011
104.0    0.228799647662
104.125    0.22017136451
104.25    0.215947309417
104.375    0.216147501602
104.5    0.22701793722
104.625    0.22701793722
104.75    0.22701793722
104.875    0.227618513773
105.0    0.217608904548
105.125    0.218149423447
105.25    0.218149423447
105.375    0.218529788597
105.5    0.210802370275
105.625    0.233103779628
105.75    0.22365470852
105.875    0.210321909033
106.0    0.227418321589
106.125    0.227418321589
106.25    0.229039878283
106.375    0.228739590006
106.5    0.230301089045
106.625    0.230381165919
106.75    0.230661434978
106.875    0.213444907111
107.0    0.2296004164
107.125    0.225016015375
107.25    0.225016015375
107.375    0.2241752082
107.5    0.222313420884
107.625    0.222393497758
107.75    0.228118994234
107.875    0.22765855221
108.0    0.231161915439
108.125    0.217188500961
108.25    0.214065502883
108.375    0.214065502883
108.5    0.230281069827
108.625    0.231462203716
108.75    0.2316623959
108.875    0.223714766176
109.0    0.219110345932
109.125    0.219210442024
109.25    0.219210442024
109.375    0.219210442024
109.5    0.223374439462
109.625    0.224075112108
109.75    0.224155188981
109.875    0.224375400384
110.0    0.221092248559
110.125    0.221112267777
110.25    0.221112267777
110.375    0.221692825112
110.5    0.203815663037
110.625    0.227077994875
110.75    0.227037956438
110.875    0.227037956438
111.0    0.229260089686
111.125    0.211743273543
111.25    0.215947309417
111.375    0.232623318386
111.5    0.226397341448
111.625    0.222153267136
111.75    0.228299167201
111.875    0.21410554132
112.0    0.226777706598
112.125    0.226977898783
112.25    0.227298206278
112.375    0.227077994875
112.5    0.224615631006
112.625    0.224635650224
112.75    0.224635650224
112.875    0.224895900064
113.0    0.238048526586
113.125    0.235966527867
113.25    0.237748238309
113.375    0.236386931454
113.5    0.220591768097
113.625    0.220591768097
113.75    0.220591768097
113.875    0.220591768097
114.0    0.227258167841
114.125    0.227618513773
114.25    0.22791880205
114.375    0.228579436259
114.5    0.220992152466
114.625    0.220771941063
114.75    0.220791960282
114.875    0.220791960282
115.0    0.211703235106
115.125    0.212083600256
115.25    0.212083600256
115.375    0.212083600256
115.5    0.209521140295
115.625    0.209561178732
115.75    0.209561178732
115.875    0.208860506086
116.0    0.220131326073
116.125    0.220131326073
116.25    0.221512652146
116.375    0.221612748238
116.5    0.225156149904
116.625    0.225156149904
116.75    0.224055092889
116.875    0.224055092889
117.0    0.221032190903
117.125    0.221032190903
117.25    0.21965086483
117.375    0.221372517617
117.5    0.236727258168
117.625    0.236727258168
117.75    0.232903587444
117.875    0.233904548366
118.0    0.21474615631
118.125    0.21564702114
118.25    0.21564702114
118.375    0.214285714286
118.5    0.22313420884
118.625    0.22301409353
118.75    0.222893978219
118.875    0.224095131326
119.0    0.218790038437
119.125    0.219410634209
119.25    0.219330557335
119.375    0.218709961563
120.0    0.228319186419
120.125    0.230000800769
120.25    0.230000800769
120.375    0.230000800769
120.5    0.218850096092
120.625    0.218850096092
120.75    0.218289557976
120.875    0.235586162716
121.0    0.224375400384
121.125    0.223954996797
121.25    0.224675688661
121.375    0.223534593209
121.5    0.219710922486
121.625    0.219630845612
121.75    0.220051249199
121.875    0.220231422165
122.0    0.214966367713
122.125    0.213985426009
122.25    0.213985426009
122.375    0.213985426009
122.5    0.222913997438
122.625    0.223034112748
122.75    0.223034112748
122.875    0.223034112748
123.0    0.21901024984
123.125    0.21901024984
123.25    0.21901024984
123.375    0.21901024984
123.5    0.220912075593
123.625    0.220912075593
123.75    0.220912075593
123.875    0.220151345291
124.0    0.231602338245
124.125    0.231822549648
124.25    0.227418321589
124.375    0.226837764254
124.5    0.225696668802
124.625    0.225356342088
124.75    0.22571668802
124.875    0.224875880846
125.0    0.22907991672
125.125    0.22881966688
125.25    0.21152306214
125.375    0.227838725176
125.5    0.224935938501
125.625    0.225036034593
125.75    0.225236226778
125.875    0.225236226778
126.0    0.217909192825
126.125    0.221752882767
126.25    0.223194266496
126.375    0.222373478539
126.5    0.224375400384
126.625    0.224355381166
126.75    0.228759609225
126.875    0.228219090327
127.0    0.228899743754
127.125    0.224495515695
127.25    0.224495515695
127.375    0.237588084561
127.5    0.223214285714
127.625    0.223194266496
127.75    0.223194266496
127.875    0.223234304933
128.0    0.219490711083
128.125    0.219210442024
128.25    0.219210442024
128.375    0.219210442024
128.5    0.225036034593
128.625    0.225036034593
128.75    0.225036034593
128.875    0.225036034593
129.0    0.224995996156
129.125    0.22443545804
129.25    0.22443545804
129.375    0.226036995516
129.5    0.226157110826
129.625    0.224535554132
129.75    0.224535554132
129.875    0.224975976938
130.0    0.217488789238
130.125    0.213865310698
130.25    0.214265695067
130.375    0.215106502242
130.5    0.230601377322
130.625    0.229760570147
130.75    0.212303811659
130.875    0.226517456759
131.0    0.228299167201
131.125    0.228299167201
131.25    0.228299167201
131.375    0.22791880205
131.5    0.214866271621
131.625    0.214866271621
131.75    0.224095131326
131.875    0.224375400384
132.0    0.215286675208
132.125    0.215326713645
132.25    0.228739590006
132.375    0.241892216528
132.5    0.235285874439
132.625    0.235285874439
132.75    0.221812940423
132.875    0.223554612428
133.0    0.224675688661
133.125    0.224675688661
133.25    0.222994074311
133.375    0.223434497117
133.5    0.222613709161
133.625    0.223474535554
133.75    0.223474535554
133.875    0.221933055734
134.0    0.22817905189
134.125    0.233063741192
134.25    0.215246636771
134.375    0.215246636771
134.5    0.222693786035
134.625    0.222473574632
134.75    0.222473574632
134.875    0.222473574632
135.0    0.219250480461
135.125    0.219250480461
135.25    0.218910153748
135.375    0.218910153748
135.5    0.229440262652
135.625    0.229220051249
135.75    0.229220051249
135.875    0.229220051249
136.0    0.213565022422
136.125    0.213605060858
136.25    0.213104580397
136.375    0.214165598975
136.5    0.22107222934
136.625    0.22107222934
136.75    0.22107222934
136.875    0.22107222934
137.0    0.221552690583
137.125    0.207339045484
137.25    0.220371556694
137.375    0.220371556694
137.5    0.215246636771
137.625    0.232703395259
137.75    0.233003683536
137.875    0.233003683536
138.0    0.22559657271
138.125    0.225876841768
138.25    0.22559657271
138.375    0.225096092249
138.5    0.219310538117
138.625    0.219310538117
138.75    0.219951153107
138.875    0.220051249199
139.0    0.223674727739
139.125    0.223674727739
139.25    0.223674727739
139.375    0.228159032671
139.5    0.225496476618
139.625    0.225656630365
139.75    0.225836803331
139.875    0.226077033953
140.0    0.22585682255
140.125    0.225916880205
140.25    0.2262371877
140.375    0.2262371877
140.5    0.210522101217
140.625    0.208740390775
140.75    0.209280909673
140.875    0.211302850737
141.0    0.222873959001
141.125    0.222873959001
141.25    0.223374439462
141.375    0.223374439462
141.5    0.244154388213
141.625    0.24393417681
141.75    0.244174407431
141.875    0.218129404228
142.0    0.217408712364
142.125    0.217408712364
142.25    0.222553651505
142.375    0.222553651505
142.5    0.239770179372
142.625    0.239910313901
142.75    0.218089365791
142.875    0.226817745035
143.0    0.219190422806
143.125    0.21927049968
143.25    0.21927049968
143.375    0.21927049968
143.5    0.225196188341
143.625    0.225196188341
143.75    0.225196188341
143.875    0.225196188341
144.0    0.211082639334
144.125    0.211082639334
144.25    0.211082639334
144.375    0.211082639334
144.5    0.227458360026
144.625    0.227458360026
144.75    0.226897821909
144.875    0.22159272902
145.0    0.234845451634
145.125    0.234845451634
145.25    0.234805413197
145.375    0.234805413197
145.5    0.223054131967
145.625    0.223054131967
145.75    0.222833920564
145.875    0.223054131967
146.0    0.224455477258
146.125    0.224455477258
146.25    0.224455477258
146.375    0.224455477258
146.5    0.220992152466
146.625    0.221712844331
146.75    0.221712844331
146.875    0.221232383088
147.0    0.221352498398
147.125    0.220791960282
147.25    0.221352498398
147.375    0.222053171044
147.5    0.227098014094
147.625    0.227098014094
147.75    0.227098014094
147.875    0.226477418322
148.0    0.226077033953
148.125    0.226077033953
148.25    0.225176169122
148.375    0.227198110186
148.5    0.215707078796
148.625    0.215707078796
148.75    0.216367713004
148.875    0.216367713004
149.0    0.229139974375
149.125    0.229139974375
149.25    0.229139974375
149.375    0.227057975657
149.5    0.224415438821
149.625    0.224315342729
149.75    0.224315342729
149.875    0.219210442024
150.0    0.220051249199
150.125    0.220051249199
150.25    0.220051249199
150.375    0.220051249199
150.5    0.225276265215
150.625    0.225276265215
150.75    0.225276265215
150.875    0.225276265215
151.0    0.215727098014
151.125    0.215887251762
151.25    0.211703235106
151.375    0.229800608584
151.5    0.227778667521
151.625    0.227958840487
151.75    0.227958840487
151.875    0.223894939142
152.0    0.220231422165
152.125    0.220231422165
152.25    0.219670884049
152.375    0.220191383728
152.5    0.223234304933
152.625    0.222673766816
152.75    0.222793882127
152.875    0.222313420884
153.0    0.221092248559
153.125    0.221092248559
153.25    0.221092248559
153.375    0.221092248559
153.5    0.223414477899
153.625    0.223414477899
153.75    0.225196188341
153.875    0.222693786035
154.0    0.210822389494
154.125    0.210822389494
154.25    0.212403907751
154.375    0.212403907751
154.5    0.226016976297
154.625    0.226677610506
154.75    0.226677610506
154.875    0.226777706598
155.0    0.215506886611
155.125    0.232963645099
155.25    0.215506886611
155.375    0.215026425368
155.5    0.220311499039
155.625    0.220311499039
155.75    0.220731902627
155.875    0.220311499039
156.0    0.221192344651
156.125    0.221172325432
156.25    0.221172325432
156.375    0.220531710442
156.5    0.223174247277
156.625    0.223174247277
156.75    0.223174247277
156.875    0.224375400384
157.0    0.224215246637
157.125    0.224215246637
157.25    0.225836803331
157.375    0.224795803972
157.5    0.22365470852
157.625    0.223975016015
157.75    0.225176169122
157.875    0.225176169122
158.0    0.222713805253
158.125    0.222713805253
158.25    0.209621236387
158.375    0.219630845612
158.5    0.218790038437
158.625    0.219210442024
158.75    0.219210442024
158.875    0.218349615631
159.0    0.222513613069
159.125    0.222513613069
159.25    0.222513613069
159.375    0.2241752082
159.5    0.224515534914
159.625    0.224515534914
159.75    0.224515534914
159.875    0.224515534914
160.0    0.213905349135
160.125    0.213905349135
160.25    0.213905349135
160.375    0.213905349135
160.5    0.224355381166
160.625    0.224355381166
160.75    0.224355381166
160.875    0.224355381166
161.0    0.223614670083
161.125    0.223614670083
161.25    0.223614670083
161.375    0.223614670083
161.5    0.224575592569
161.625    0.224635650224
161.75    0.224855861627
161.875    0.224855861627
162.0    0.220791960282
162.125    0.218830076874
162.25    0.219510730301
162.375    0.219510730301
162.5    0.224715727098
162.625    0.224715727098
162.75    0.224795803972
162.875    0.224795803972
163.0    0.225356342088
163.125    0.225356342088
163.25    0.225356342088
163.375    0.225356342088
163.5    0.21953074952
163.625    0.21953074952
163.75    0.220771941063
163.875    0.220771941063
164.0    0.224155188981
164.125    0.224155188981
164.25    0.224155188981
164.375    0.224155188981
164.5    0.22223334401
164.625    0.222573670724
164.75    0.222573670724
164.875    0.222573670724
165.0    0.226877802691
165.125    0.226897821909
165.25    0.227258167841
165.375    0.222934016656
165.5    0.224395419603
165.625    0.224355381166
165.75    0.224355381166
165.875    0.224355381166
166.0    0.220872037156
166.125    0.220872037156
166.25    0.220872037156
166.375    0.220872037156
166.5    0.221913036515
166.625    0.221913036515
166.75    0.221913036515
166.875    0.221913036515
167.0    0.219851057015
167.125    0.219851057015
167.25    0.219851057015
167.375    0.219851057015
167.5    0.225396380525
167.625    0.225756726457
167.75    0.225756726457
167.875    0.226397341448
168.0    0.219670884049
168.125    0.220511691224
168.25    0.219670884049
168.375    0.237127642537
168.5    0.210401985906
168.625    0.210401985906
168.75    0.209781390135
168.875    0.209781390135
169.0    0.220932094811
169.125    0.221112267777
169.25    0.221913036515
169.375    0.221352498398
169.5    0.225376361307
169.625    0.225376361307
169.75    0.225416399744
169.875    0.225416399744
170.0    0.222553651505
170.125    0.222473574632
170.25    0.222473574632
170.375    0.222473574632
170.5    0.220011210762
170.625    0.220011210762
170.75    0.220011210762
170.875    0.220011210762
171.0    0.219851057015
171.125    0.219851057015
171.25    0.223694746957
171.375    0.219851057015
171.5    0.222613709161
171.625    0.222934016656
171.75    0.227178090967
171.875    0.227178090967
172.0    0.214425848815
172.125    0.214425848815
172.25    0.214425848815
172.375    0.214425848815
172.5    0.225696668802
172.625    0.225696668802
172.75    0.225696668802
172.875    0.225696668802
173.0    0.223114189622
173.125    0.223114189622
173.25    0.223114189622
173.375    0.223114189622
173.5    0.221472613709
173.625    0.221472613709
173.75    0.221472613709
173.875    0.221472613709
174.0    0.224935938501
174.125    0.226197149263
174.25    0.226197149263
174.375    0.227037956438
174.5    0.222033151826
174.625    0.222033151826
174.75    0.222033151826
174.875    0.222033151826
175.0    0.223554612428
175.125    0.22313420884
175.25    0.22313420884
175.375    0.223554612428
175.5    0.222593689942
175.625    0.222593689942
175.75    0.2221132287
175.875    0.222913997438
176.0    0.222313420884
176.125    0.223254324151
176.25    0.223254324151
176.375    0.223254324151
176.5    0.234665278668
176.625    0.229960762332
176.75    0.230080877643
176.875    0.230080877643
177.0    0.227238148623
177.125    0.226397341448
177.25    0.224955957719
177.375    0.226457399103
177.5    0.21810938501
177.625    0.21810938501
177.75    0.21810938501
177.875    0.218169442665
178.0    0.22443545804
178.125    0.22443545804
178.25    0.22443545804
178.375    0.224095131326
178.5    0.219630845612
178.625    0.219630845612
178.75    0.219630845612
178.875    0.219630845612
179.0    0.216087443946
179.125    0.216087443946
179.25    0.216087443946
179.375    0.216087443946
180.0    0.224015054452
180.125    0.224015054452
180.25    0.224015054452
180.375    0.224015054452
180.5    0.219851057015
180.625    0.219851057015
180.75    0.219851057015
180.875    0.219851057015
181.0    0.2221132287
181.125    0.222193305573
181.25    0.222193305573
181.375    0.222613709161
181.5    0.225476457399
181.625    0.224875880846
181.75    0.224875880846
181.875    0.225796764894
182.0    0.225296284433
182.125    0.225296284433
182.25    0.225296284433
182.375    0.225296284433
182.5    0.217829115951
182.625    0.217829115951
182.75    0.217829115951
182.875    0.218589846252
183.0    0.225776745676
183.125    0.225776745676
183.25    0.225776745676
183.375    0.225776745676
183.5    0.232423126201
183.625    0.23386450993
183.75    0.220371556694
183.875    0.225576553491
184.0    0.220852017937
184.125    0.220852017937
184.25    0.220872037156
184.375    0.221032190903
184.5    0.216848174247
184.625    0.217008327995
184.75    0.207579276105
184.875    0.207579276105
185.0    0.22055172966
185.125    0.220131326073
185.25    0.22017136451
185.375    0.220271460602
185.5    0.211122677771
185.625    0.211122677771
185.75    0.211122677771
185.875    0.211122677771
186.0    0.218429692505
186.125    0.218429692505
186.25    0.218429692505
186.375    0.218429692505
186.5    0.216287636131
186.625    0.216327674568
186.75    0.216327674568
186.875    0.216327674568
187.0    0.226257206919
187.125    0.226257206919
187.25    0.226257206919
187.375    0.230100896861
187.5    0.22055172966
187.625    0.22055172966
187.75    0.22055172966
187.875    0.22055172966
188.0    0.219610826393
188.125    0.219931133889
188.25    0.219690903267
188.375    0.219690903267
188.5    0.220952114029
188.625    0.220952114029
188.75    0.220952114029
188.875    0.220952114029
189.0    0.227618513773
189.125    0.227618513773
189.25    0.223674727739
189.375    0.223674727739
189.5    0.217308616272
189.625    0.217308616272
189.75    0.217308616272
189.875    0.217308616272
190.0    0.221812940423
190.125    0.221832959641
190.25    0.221832959641
190.375    0.221832959641
190.5    0.220191383728
190.625    0.220191383728
190.75    0.220191383728
190.875    0.220191383728
191.0    0.22443545804
191.125    0.22443545804
191.25    0.224015054452
191.375    0.224775784753
191.5    0.220611787316
191.625    0.220611787316
191.75    0.220611787316
191.875    0.220611787316
192.0    0.217749039078
192.125    0.217749039078
192.25    0.218309577194
192.375    0.219851057015
192.5    0.216868193466
192.625    0.214766175529
192.75    0.214766175529
192.875    0.214766175529
193.0    0.219330557335
193.125    0.21927049968
193.25    0.219230461243
193.375    0.217608904548
193.5    0.220852017937
193.625    0.220852017937
193.75    0.22507607303
193.875    0.22507607303
194.0    0.22533632287
194.125    0.21901024984
194.25    0.219210442024
194.375    0.219210442024
194.5    0.22972053171
194.625    0.22972053171
194.75    0.22972053171
194.875    0.22972053171
195.0    0.224955957719
195.125    0.224955957719
195.25    0.224955957719
195.375    0.224955957719
195.5    0.223154228059
195.625    0.22327434337
195.75    0.223374439462
195.875    0.223374439462
196.0    0.218910153748
196.125    0.218910153748
196.25    0.217388693145
196.375    0.219190422806
196.5    0.202033952595
196.625    0.224635650224
196.75    0.224635650224
196.875    0.224635650224
197.0    0.217248558616
197.125    0.217248558616
197.25    0.217248558616
197.375    0.217248558616
197.5    0.226157110826
197.625    0.23256326073
197.75    0.23256326073
197.875    0.236406950673
198.0    0.217749039078
198.125    0.222553651505
198.25    0.217749039078
198.375    0.216047405509
198.5    0.2153867713
198.625    0.2153867713
198.75    0.221112267777
198.875    0.221112267777
199.0    0.217688981422
199.125    0.204256085842
199.25    0.222433536195
199.375    0.222433536195
199.5    0.223114189622
199.625    0.223114189622
199.75    0.223114189622
199.875    0.222954035874
200.0    0.224075112108
200.125    0.224075112108
200.25    0.224075112108
200.375    0.224715727098
200.5    0.222473574632
200.625    0.217809096733
200.75    0.217809096733
200.875    0.218009288917
201.0    0.219030269058
201.125    0.219310538117
201.25    0.219310538117
201.375    0.219670884049
201.5    0.203835682255
201.625    0.203835682255
201.75    0.203955797566
201.875    0.203935778347
202.0    0.219811018578
202.125    0.22043161435
202.25    0.22043161435
202.375    0.222353459321
202.5    0.211062620115
202.625    0.220071268418
202.75    0.220071268418
202.875    0.220231422165
203.0    0.220591768097
203.125    0.221152306214
203.25    0.221152306214
203.375    0.220892056374
203.5    0.204516335682
203.625    0.204516335682
203.75    0.203054932735
203.875    0.203054932735
204.0    0.225096092249
204.125    0.225096092249
204.25    0.225096092249
204.375    0.20763933376
204.5    0.211863388853
204.625    0.212343850096
204.75    0.212343850096
204.875    0.212343850096
205.0    0.212784272902
205.125    0.210081678411
205.25    0.214806213965
205.375    0.214806213965
205.5    0.20505685458
205.625    0.20505685458
205.75    0.20505685458
205.875    0.20505685458
206.0    0.211563100577
206.125    0.211563100577
206.25    0.211563100577
206.375    0.211322869955
206.5    0.22533632287
206.625    0.22585682255
206.75    0.22585682255
206.875    0.22585682255
207.0    0.210241832159
207.125    0.210241832159
207.25    0.210241832159
207.375    0.210241832159
207.5    0.214005445227
207.625    0.214205637412
207.75    0.214205637412
207.875    0.214205637412
208.0    0.212443946188
208.125    0.212443946188
208.25    0.216928251121
208.375    0.211282831518
208.5    0.214706117873
208.625    0.214706117873
208.75    0.220631806534
208.875    0.220631806534
209.0    0.213565022422
209.125    0.213565022422
209.25    0.213565022422
209.375    0.213805253043
209.5    0.214325752723
209.625    0.216567905189
209.75    0.217128443306
209.875    0.217128443306
210.0    0.211543081358
210.125    0.211663196669
210.25    0.211723254324
210.375    0.212343850096
210.5    0.216107463165
210.625    0.216107463165
210.75    0.214145579757
210.875    0.215286675208
211.0    0.212363869315
211.125    0.216708039718
211.25    0.217168481742
211.375    0.217168481742
211.5    0.216888212684
211.625    0.216888212684
211.75    0.216888212684
211.875    0.216888212684
212.0    0.21410554132
212.125    0.214065502883
212.25    0.21474615631
212.375    0.21474615631
212.5    0.214646060218
212.625    0.214646060218
212.75    0.214646060218
212.875    0.215286675208
213.0    0.214325752723
213.125    0.214325752723
213.25    0.214325752723
213.375    0.214325752723
213.5    0.215727098014
213.625    0.215727098014
213.75    0.215727098014
213.875    0.215546925048
214.0    0.206458199872
214.125    0.206458199872
214.25    0.206458199872
214.375    0.206458199872
214.5    0.206177930814
214.625    0.206177930814
214.75    0.215366752082
214.875    0.215366752082
215.0    0.216227578475
215.125    0.220471652787
215.25    0.220491672005
215.375    0.220391575913
215.5    0.21642777066
215.625    0.218029308136
215.75    0.218029308136
215.875    0.219750960922
216.0    0.197469570788
216.125    0.197769859065
216.25    0.219991191544
216.375    0.219991191544
216.5    0.213925368354
216.625    0.213504964766
216.75    0.213504964766
216.875    0.216407751441
217.0    0.215987347854
217.125    0.215446828956
217.25    0.215166559898
217.375    0.215406790519
217.5    0.213905349135
217.625    0.215046444587
217.75    0.216227578475
217.875    0.216227578475
218.0    0.2133247918
218.125    0.21152306214
218.25    0.21152306214
218.375    0.212003523382
218.5    0.225636611147
218.625    0.225796764894
218.75    0.225316303652
218.875    0.224935938501
219.0    0.214305733504
219.125    0.214425848815
219.25    0.214505925689
219.375    0.217308616272
219.5    0.201553491352
219.625    0.218970211403
219.75    0.201513452915
219.875    0.20015214606
220.0    0.214045483664
220.125    0.212203715567
220.25    0.214005445227
220.375    0.214545964126
220.5    0.217148462524
220.625    0.217148462524
220.75    0.216047405509
220.875    0.216788116592
221.0    0.208640294683
221.125    0.208059737348
221.25    0.208219891095
221.375    0.20763933376
221.5    0.20467648943
221.625    0.204516335682
221.75    0.205217008328
221.875    0.206858584241
222.0    0.208119795003
222.125    0.208119795003
222.25    0.208119795003
222.375    0.207579276105
222.5    0.22559657271
222.625    0.225036034593
222.75    0.22713805253
222.875    0.231842568866
223.0    0.220131326073
223.125    0.220131326073
223.25    0.218269538757
223.375    0.219750960922
223.5    0.20673846893
223.625    0.20673846893
223.75    0.20777946829
223.875    0.207979660474
224.0    0.209040679052
224.125    0.209040679052
224.25    0.196628763613
224.375    0.196088244715
224.5    0.194366591928
224.625    0.205937700192
224.75    0.224515534914
224.875    0.228719570788
225.0    0.218389654068
225.125    0.220491672005
225.25    0.220411595131
225.375    0.21694827034
225.5    0.20932094811
225.625    0.20932094811
225.75    0.218129404228
225.875    0.218729980782
226.0    0.217508808456
226.125    0.215186579116
226.25    0.214846252402
226.375    0.236226777707
226.5    0.222253363229
226.625    0.209340967329
226.75    0.208380044843
226.875    0.210722293402
227.0    0.204996796925
227.125    0.205217008328
227.25    0.204496316464
227.375    0.209521140295
227.5    0.209961563101
227.625    0.209240871236
227.75    0.210261851377
227.875    0.210261851377
228.0    0.200612588085
228.125    0.200612588085
228.25    0.204296124279
228.375    0.208660313901
228.5    0.21164317745
228.625    0.212343850096
228.75    0.212483984625
228.875    0.213124599616
229.0    0.218029308136
229.125    0.218549807816
229.25    0.217709000641
229.375    0.217709000641
229.5    0.205217008328
229.625    0.218910153748
229.75    0.222453555413
229.875    0.221612748238
230.0    0.212083600256
230.125    0.212083600256
230.25    0.235806374119
230.375    0.209541159513
230.5    0.187399903908
230.625    0.196388532992
230.75    0.200572549648
230.875    0.202654548366
231.0    0.216868193466
231.125    0.220391575913
231.25    0.218950192185
231.375    0.227077994875
231.5    0.216928251121
231.625    0.217268577835
231.75    0.219170403587
231.875    0.222773862908
232.0    0.21242392697
232.125    0.21242392697
232.25    0.216507847534
232.375    0.212183696349
232.5    0.216968289558
232.625    0.215987347854
232.75    0.216027386291
232.875    0.21474615631
233.0    0.202694586803
233.125    0.20235426009
233.25    0.220331518258
233.375    0.220331518258
233.5    0.212724215247
233.625    0.214465887252
233.75    0.214826233184
233.875    0.215486867393
234.0    0.216988308776
234.125    0.218009288917
234.25    0.210422005125
234.375    0.210241832159
234.5    0.209881486227
234.625    0.23114189622
234.75    0.23114189622
234.875    0.207419122357
235.0    0.22481582319
235.125    0.22481582319
235.25    0.224855861627
235.375    0.225636611147
235.5    0.212744234465
235.625    0.21268417681
235.75    0.21074231262
235.875    0.210942504805
236.0    0.216127482383
236.125    0.204696508648
236.25    0.220111306855
236.375    0.21706838565
236.5    0.202194106342
236.625    0.202194106342
236.75    0.202194106342
236.875    0.207138853299
237.0    0.203675528507
237.125    0.203675528507
237.25    0.203435297886
237.375    0.203295163357
237.5    0.209280909673
237.625    0.209280909673
237.75    0.209240871236
237.875    0.208560217809
238.0    0.220251441384
238.125    0.220251441384
238.25    0.219670884049
238.375    0.220211402947
238.5    0.208319987188
238.625    0.209561178732
238.75    0.211242793081
238.875    0.22327434337
239.0    0.216107463165
239.125    0.189261691224
239.25    0.193745996156
239.375    0.220591768097
240.0    0.206858584241
240.125    0.205817584882
240.25    0.205697469571
240.375    0.205637411915
240.5    0.209220852018
240.625    0.209220852018
240.75    0.213685137732
240.875    0.207138853299
241.0    0.202053971813
241.125    0.204216047406
241.25    0.206338084561
241.375    0.204656470211
241.5    0.204476297245
241.625    0.205176969891
241.75    0.206778507367
241.875    0.206438180653
242.0    0.208640294683
242.125    0.214666079436
242.25    0.21010169763
242.375    0.201113068546
242.5    0.206157911595
242.625    0.206157911595
242.75    0.205797565663
242.875    0.206378122998
243.0    0.202314221653
243.125    0.202454356182
243.25    0.202974855862
243.375    0.202834721332
243.5    0.214165598975
243.625    0.21358504164
243.75    0.208720371557
243.875    0.209821428571
244.0    0.204256085842
244.125    0.205277065983
244.25    0.205277065983
244.375    0.204916720051
244.5    0.20777946829
244.625    0.207539237668
244.75    0.207138853299
244.875    0.202594490711
245.0    0.203815663037
245.125    0.203955797566
245.25    0.221792921204
245.375    0.21100256246
245.5    0.203835682255
245.625    0.203615470852
245.75    0.208279948751
245.875    0.207739429853
246.0    0.213184657271
246.125    0.213184657271
246.25    0.213184657271
246.375    0.213304772582
246.5    0.204696508648
246.625    0.211763292761
246.75    0.209901505445
246.875    0.209120755926
247.0    0.216447789878
247.125    0.214465887252
247.25    0.215767136451
247.375    0.210962524023
247.5    0.20467648943
247.625    0.18285554132
247.75    0.217949231262
247.875    0.209601217168
248.0    0.20906069827
248.125    0.20906069827
248.25    0.20906069827
248.375    0.208900544523
248.5    0.181153907751
248.625    0.203675528507
248.75    0.207819506726
248.875    0.211382927611
249.0    0.201713645099
249.125    0.203094971172
249.25    0.2037756246
249.375    0.203455317104
249.5    0.207819506726
249.625    0.207819506726
249.75    0.207919602819
249.875    0.203655509289
250.0    0.200292280589
250.125    0.200912876361
250.25    0.200212203716
250.375    0.200912876361
250.5    0.202454356182
250.625    0.202534433056
250.75    0.202534433056
250.875    0.201933856502
251.0    0.204196028187
251.125    0.204196028187
251.25    0.203535393978
251.375    0.203535393978
251.5    0.205617392697
251.625    0.211322869955
251.75    0.20699871877
251.875    0.205917680974
252.0    0.205597373479
252.125    0.205437219731
252.25    0.204296124279
252.375    0.208460121717
252.5    0.210982543242
252.625    0.210261851377
252.75    0.196949071108
252.875    0.210582158873
253.0    0.201693625881
253.125    0.201693625881
253.25    0.201693625881
253.375    0.202794682896
253.5    0.208860506086
253.625    0.208860506086
253.75    0.208860506086
253.875    0.208860506086
254.0    0.208099775785
254.125    0.20842008328
254.25    0.194466688021
254.375    0.199691704036
254.5    0.205877642537
254.625    0.206057815503
254.75    0.20621796925
254.875    0.204636450993
255.0    0.214846252402
255.125    0.210662235746
255.25    0.214846252402
255.375    0.214846252402
255.5    0.211683215887
255.625    0.212504003844
255.75    0.21268417681
255.875    0.212243754004
256.0    0.202454356182
256.125    0.204376201153
256.25    0.204376201153
256.375    0.204376201153
256.5    0.200692664958
256.625    0.200872837924
256.75    0.200952914798
256.875    0.195827994875
257.0    0.202294202434
257.125    0.202294202434
257.25    0.204216047406
257.375    0.204216047406
257.5    0.213885329917
257.625    0.213885329917
257.75    0.213885329917
257.875    0.210702274183
258.0    0.21036194747
258.125    0.21022181294
258.25    0.21036194747
258.375    0.21022181294
258.5    0.208460121717
258.625    0.224655669443
258.75    0.224535554132
258.875    0.22055172966
259.0    0.200312299808
259.125    0.199311338885
259.25    0.199951953876
259.375    0.200572549648
259.5    0.221612748238
259.625    0.203835682255
259.75    0.217148462524
259.875    0.199691704036
260.0    0.202154067905
260.125    0.202574471493
260.25    0.202574471493
260.375    0.203355221012
260.5    0.210201793722
260.625    0.210201793722
260.75    0.210201793722
260.875    0.210201793722
261.0    0.204176008969
261.125    0.204176008969
261.25    0.204176008969
261.375    0.220391575913
261.5    0.196788917361
261.625    0.196949071108
261.75    0.194066303652
261.875    0.196868994234
262.0    0.197889974375
262.125    0.211823350416
262.25    0.211182735426
262.375    0.211823350416
262.5    0.202174087124
262.625    0.202174087124
262.75    0.202174087124
262.875    0.229560377963
263.0    0.210902466368
263.125    0.224315342729
263.25    0.224475496477
263.375    0.224475496477
263.5    0.198230301089
263.625    0.197749839846
263.75    0.197749839846
263.875    0.197749839846
264.0    0.208199871877
264.125    0.207419122357
264.25    0.205156950673
264.375    0.205257046765
264.5    0.215366752082
264.625    0.215586963485
264.75    0.215586963485
264.875    0.193766015375
265.0    0.209220852018
265.125    0.209300928892
265.25    0.207619314542
265.375    0.207619314542
265.5    0.203615470852
265.625    0.222013132607
265.75    0.22107222934
265.875    0.22107222934
266.0    0.220311499039
266.125    0.220311499039
266.25    0.203715566944
266.375    0.203715566944
266.5    0.214045483664
266.625    0.214045483664
266.75    0.214045483664
266.875    0.213885329917
267.0    0.211923446509
267.125    0.211923446509
267.25    0.211923446509
267.375    0.210642216528
267.5    0.204856662396
267.625    0.204856662396
267.75    0.202954836643
267.875    0.208299967969
268.0    0.220771941063
268.125    0.221152306214
268.25    0.221092248559
268.375    0.221092248559
268.5    0.210081678411
268.625    0.209781390135
268.75    0.210942504805
268.875    0.211362908392
269.0    0.205717488789
269.125    0.205717488789
269.25    0.205817584882
269.375    0.207579276105
269.5    0.199851857783
269.625    0.199851857783
269.75    0.217308616272
269.875    0.217308616272
270.0    0.219831037796
270.125    0.204816623959
270.25    0.204816623959
270.375    0.204256085842
270.5    0.222593689942
270.625    0.207299007047
270.75    0.208299967969
270.875    0.207178891736
271.0    0.188681133889
271.125    0.201673606662
271.25    0.207078795644
271.375    0.202714606022
271.5    0.207939622037
271.625    0.207939622037
271.75    0.20868033312
271.875    0.20441623959
272.0    0.216668001281
272.125    0.215606982703
272.25    0.215606982703
272.375    0.211442985266
272.5    0.206298046124
272.625    0.206298046124
272.75    0.206298046124
272.875    0.206298046124
273.0    0.203435297886
273.125    0.203435297886
273.25    0.20261450993
273.375    0.190442825112
273.5    0.2112628123
273.625    0.212984465086
273.75    0.212984465086
273.875    0.212984465086
274.0    0.208099775785
274.125    0.208099775785
274.25    0.208099775785
274.375    0.208099775785
274.5    0.208780429212
274.625    0.208780429212
274.75    0.208780429212
274.875    0.208780429212
275.0    0.206818545804
275.125    0.206818545804
275.25    0.206818545804
275.375    0.204015855221
275.5    0.202554452274
275.625    0.201553491352
275.75    0.201553491352
275.875    0.203235105701
276.0    0.211162716208
276.125    0.211162716208
276.25    0.211162716208
276.375    0.20609785394
276.5    0.207879564382
276.625    0.208840486867
276.75    0.20894058296
276.875    0.20894058296
277.0    0.205337123639
277.125    0.205337123639
277.25    0.205116912236
277.375    0.20557735426
277.5    0.209280909673
277.625    0.207959641256
277.75    0.208079756566
277.875    0.208079756566
278.0    0.19873078155
278.125    0.199151185138
278.25    0.200132126842
278.375    0.200132126842
278.5    0.199911915439
278.625    0.199911915439
278.75    0.201953875721
278.875    0.201973894939
279.0    0.196969090327
279.125    0.196969090327
279.25    0.196969090327
279.375    0.196969090327
279.5    0.204396220372
279.625    0.204396220372
279.75    0.204396220372
279.875    0.195627802691
280.0    0.205417200512
280.125    0.205417200512
280.25    0.205417200512
280.375    0.206258007687
280.5    0.215867232543
280.625    0.21216367713
280.75    0.21216367713
280.875    0.212323830878
281.0    0.211422966047
281.125    0.211823350416
281.25    0.211823350416
281.375    0.202914798206
281.5    0.206758488149
281.625    0.206758488149
281.75    0.206758488149
281.875    0.206758488149
282.0    0.206898622678
282.125    0.206898622678
282.25    0.206898622678
282.375    0.205357142857
282.5    0.194927130045
282.625    0.194927130045
282.75    0.197849935939
282.875    0.199791800128
283.0    0.208079756566
283.125    0.206157911595
283.25    0.205597373479
283.375    0.205597373479
283.5    0.211963484946
283.625    0.211963484946
283.75    0.211963484946
283.875    0.211963484946
284.0    0.208600256246
284.125    0.208600256246
284.25    0.207198910955
284.375    0.208319987188
284.5    0.193886130685
284.625    0.194526745676
284.75    0.193886130685
284.875    0.193886130685
285.0    0.209621236387
285.125    0.209120755926
285.25    0.209120755926
285.375    0.207118834081
285.5    0.194486707239
285.625    0.194486707239
285.75    0.194486707239
285.875    0.194486707239
286.0    0.209681294042
286.125    0.209681294042
286.25    0.209681294042
286.375    0.209160794363
286.5    0.185898462524
286.625    0.185898462524
286.75    0.185898462524
286.875    0.185898462524
287.0    0.203315182575
287.125    0.203995836003
287.25    0.203995836003
287.375    0.202334240871
287.5    0.206137892377
287.625    0.205797565663
287.75    0.206037796284
287.875    0.206037796284
288.0    0.211943465727
288.125    0.211943465727
288.25    0.211943465727
288.375    0.211943465727
288.5    0.206698430493
288.625    0.206077834721
288.75    0.206077834721
288.875    0.206077834721
289.0    0.211042600897
289.125    0.211142696989
289.25    0.198050128123
289.375    0.202554452274
289.5    0.213184657271
289.625    0.213184657271
289.75    0.213785233824
289.875    0.213785233824
290.0    0.220111306855
290.125    0.220111306855
290.25    0.215807174888
290.375    0.215807174888
290.5    0.2112628123
290.625    0.2112628123
290.75    0.205497277386
290.875    0.2078995836
291.0    0.197909993594
291.125    0.19744955157
291.25    0.205857623318
291.375    0.207299007047
291.5    0.202154067905
291.625    0.202154067905
291.75    0.200892857143
291.875    0.200172165279
292.0    0.207619314542
292.125    0.207619314542
292.25    0.207619314542
292.375    0.206898622678
292.5    0.203315182575
292.625    0.203315182575
292.75    0.203315182575
292.875    0.20415598975
293.0    0.199531550288
293.125    0.199531550288
293.25    0.210321909033
293.375    0.210722293402
293.5    0.203295163357
293.625    0.203755605381
293.75    0.203595451634
293.875    0.203955797566
294.0    0.206498238309
294.125    0.206458199872
