0.0    0.227589596926
0.125    0.221279828403
0.25    0.223192421128
0.375    0.222531057288
0.5    0.219268924837
0.625    0.219724729645
0.75    0.210733756368
0.875    0.222995799446
1.0    0.22579318974
1.125    0.226150683707
1.25    0.225498257217
1.375    0.232406828135
1.5    0.219787291089
1.625    0.223272857271
1.75    0.221959066941
1.875    0.223371168112
2.0    0.222799177764
2.125    0.22109214407
2.25    0.224756457235
2.375    0.223496291
2.5    0.224327464474
2.625    0.224050406649
2.75    0.224336401823
2.875    0.226079184914
3.0    0.223433729556
3.125    0.224515148807
3.25    0.225730628296
3.375    0.226588613817
3.5    0.220412905532
3.625    0.220457592278
3.75    0.22174457056
3.875    0.221110018768
4.0    0.226320493342
4.125    0.225837876486
4.25    0.226758423452
4.375    0.214987934579
4.5    0.232692823309
4.625    0.231539905264
4.75    0.227938153544
4.875    0.226105996961
5.0    0.219769416391
5.125    0.228125837876
5.25    0.228912324605
5.375    0.22611493431
5.5    0.230297613728
5.625    0.234292608812
5.75    0.225069264456
5.875    0.225194387345
6.0    0.222057377782
6.125    0.222817052462
6.25    0.223952095808
6.375    0.223228170525
6.5    0.227607471624
6.625    0.229895433015
6.75    0.227419787291
6.875    0.226222182501
7.0    0.226767360801
7.125    0.227687907767
7.25    0.227384037894
7.375    0.228036464385
7.5    0.228170524622
7.625    0.229251943873
7.75    0.22939494146
7.875    0.229269818572
8.0    0.225766377692
8.125    0.226597551166
8.25    0.228125837876
8.375    0.222700866923
8.5    0.222665117526
8.625    0.222879613907
8.75    0.223201358477
8.875    0.212172669586
9.0    0.22087764769
9.125    0.224220216284
9.25    0.23038698722
9.375    0.230065242649
9.5    0.222066315131
9.625    0.222227187416
9.75    0.220967021182
9.875    0.213084279203
10.0    0.225936187327
10.125    0.225927249978
10.25    0.223675037984
10.375    0.220019662168
10.5    0.219376173027
10.625    0.220743587452
10.75    0.225623380105
10.875    0.226651175261
11.0    0.224345339172
11.125    0.218214317633
11.25    0.220386093485
11.375    0.217311645366
11.5    0.219876664581
11.625    0.220010724819
11.75    0.219769416391
11.875    0.220234158549
12.0    0.218169630887
12.125    0.219259987488
12.25    0.219259987488
12.375    0.219465546519
12.5    0.227848780052
12.625    0.224899454822
12.75    0.225283760837
12.875    0.226534989722
13.0    0.218509250156
13.125    0.218116006792
13.25    0.217865761015
13.375    0.217365269461
13.5    0.218053445348
13.625    0.218124944142
13.75    0.217383144159
13.875    0.217695951381
14.0    0.219027616409
14.125    0.220466529627
14.25    0.220475466977
14.375    0.221145768165
14.5    0.219143801948
14.625    0.222155688623
14.75    0.222111001877
14.875    0.222754491018
15.0    0.217776387523
15.125    0.216462597194
15.25    0.220278845294
15.375    0.221476450085
15.5    0.218178568237
15.625    0.218062382697
15.75    0.215640361069
15.875    0.218625435696
16.0    0.214004826169
16.125    0.213432835821
16.25    0.213432835821
16.375    0.213915452677
16.5    0.219867727232
16.625    0.220645276611
16.75    0.219930288676
16.875    0.220466529627
17.0    0.217785324873
17.125    0.21803557065
17.25    0.217392081509
17.375    0.216265975512
17.5    0.223120922334
17.625    0.214183573152
17.75    0.215023683975
17.875    0.215023683975
18.0    0.21759764054
18.125    0.21759764054
18.25    0.216748592368
18.375    0.216766467066
18.5    0.214514255072
18.625    0.216587720082
18.75    0.216855840558
18.875    0.217275895969
19.0    0.21573867191
19.125    0.215997855036
19.25    0.215997855036
19.375    0.215997855036
19.5    0.209321655197
19.625    0.2092859058
19.75    0.212842970775
19.875    0.212369291268
20.0    0.217588703191
20.125    0.217588703191
20.25    0.216694968272
20.375    0.213709893646
20.5    0.217141835732
20.625    0.217141835732
20.75    0.217383144159
20.875    0.217383144159
21.0    0.212753597283
21.125    0.209974081687
21.25    0.209634462418
21.375    0.212834033426
21.5    0.210188578068
21.625    0.211019751542
21.75    0.211001876843
21.875    0.210152828671
22.0    0.219760479042
22.125    0.219760479042
22.25    0.219760479042
22.375    0.220037536867
22.5    0.21715971043
22.625    0.21715971043
22.75    0.201885780677
22.875    0.21715971043
23.0    0.211216373224
23.125    0.211815175619
23.25    0.210921440701
23.375    0.210921440701
23.5    0.217758512825
23.625    0.214773438198
23.75    0.21377245509
23.875    0.213843953883
24.0    0.21191348646
24.125    0.213897577978
24.25    0.213897577978
24.375    0.213495397265
24.5    0.214800250246
24.625    0.217633389937
24.75    0.217633389937
24.875    0.203029761373
25.0    0.219528107963
25.125    0.219537045312
25.25    0.219537045312
25.375    0.219537045312
25.5    0.219796228439
25.625    0.220502279024
25.75    0.219537045312
25.875    0.219429797122
26.0    0.213263026186
26.125    0.210572884083
26.25    0.210572884083
26.375    0.210108141925
26.5    0.220734650103
26.625    0.220734650103
26.75    0.220734650103
26.875    0.221101081419
27.0    0.214264009295
27.125    0.214701939405
27.25    0.214701939405
27.375    0.214701939405
27.5    0.211931361158
27.625    0.211967110555
27.75    0.211681115381
27.875    0.211681115381
28.0    0.214880686388
28.125    0.214880686388
28.25    0.214880686388
28.375    0.213557958709
28.5    0.214558941818
28.625    0.214558941818
28.75    0.214415944231
28.875    0.214415944231
29.0    0.211010814193
29.125    0.210528197337
29.25    0.210528197337
29.375    0.210528197337
29.5    0.220859772991
29.625    0.219108052552
29.75    0.217123961033
29.875    0.211153811779
30.0    0.211752614175
30.125    0.211716864778
30.25    0.216757529717
30.375    0.215640361069
30.5    0.209366341943
30.625    0.206613638395
30.75    0.208043614264
30.875    0.207292876933
31.0    0.215613549021
31.125    0.214299758692
31.25    0.214764500849
31.375    0.214693002056
31.5    0.205380284208
31.625    0.205219411922
31.75    0.205219411922
31.875    0.21715971043
32.0    0.212002859952
32.125    0.211636428635
32.25    0.212002859952
32.375    0.210957190097
32.5    0.210295826258
32.625    0.210662257574
32.75    0.210662257574
32.875    0.210885691304
33.0    0.217481455
33.125    0.214496380374
33.25    0.214496380374
33.375    0.214496380374
33.5    0.221360264546
33.625    0.212405040665
33.75    0.212503351506
33.875    0.212503351506
34.0    0.216641344177
34.125    0.216641344177
34.25    0.216641344177
34.375    0.216641344177
34.5    0.211958173206
34.625    0.211958173206
34.75    0.211841987666
34.875    0.211350433461
35.0    0.205728840826
35.125    0.205728840826
35.25    0.205728840826
35.375    0.217821074269
35.5    0.218527124855
35.625    0.218527124855
35.75    0.218527124855
35.875    0.218527124855
36.0    0.217365269461
36.125    0.217365269461
36.25    0.210948252748
36.375    0.211493431048
36.5    0.211207435875
36.625    0.211207435875
36.75    0.211207435875
36.875    0.213995888819
37.0    0.21967110555
37.125    0.213978014121
37.25    0.213978014121
37.375    0.2136652069
37.5    0.214237197247
37.625    0.20229689874
37.75    0.20229689874
37.875    0.21125212262
38.0    0.214407006882
38.125    0.216730717669
38.25    0.215899544195
38.375    0.213745643042
38.5    0.206854946823
38.625    0.216301724908
38.75    0.207346501028
38.875    0.207409062472
39.0    0.215399052641
39.125    0.213808204487
39.25    0.213808204487
39.375    0.216596657431
39.5    0.207918491375
39.625    0.205192599875
39.75    0.218562874252
39.875    0.217132898382
40.0    0.209107158817
40.125    0.210438823845
40.25    0.209223344356
40.375    0.210617570829
40.5    0.213343462329
40.625    0.213343462329
40.75    0.213343462329
40.875    0.213343462329
41.0    0.211931361158
41.125    0.211931361158
41.25    0.211949235857
41.375    0.211949235857
41.5    0.206926445616
41.625    0.206926445616
41.75    0.206962195013
41.875    0.206935382965
42.0    0.21300384306
42.125    0.213414961123
42.25    0.225775315042
42.375    0.213870765931
42.5    0.206497452855
42.625    0.20731968898
42.75    0.20731968898
42.875    0.207855929931
43.0    0.208338546787
43.125    0.207015819108
43.25    0.207015819108
43.375    0.204030744481
43.5    0.207069443203
43.625    0.208079363661
43.75    0.209303780499
43.875    0.20786486728
44.0    0.201278040933
44.125    0.214067387613
44.25    0.214067387613
44.375    0.214978997229
44.5    0.206113146841
44.625    0.208946286531
44.75    0.208955223881
44.875    0.209026722674
45.0    0.217454642953
45.125    0.217463580302
45.25    0.216784341764
45.375    0.218312628474
45.5    0.217999821253
45.625    0.217999821253
45.75    0.217329520064
45.875    0.218008758602
46.0    0.209160782912
46.125    0.209160782912
46.25    0.208383233533
46.375    0.208383233533
46.5    0.20929484315
46.625    0.20929484315
46.75    0.209303780499
46.875    0.209151845563
47.0    0.208722852802
47.125    0.208722852802
47.25    0.208722852802
47.375    0.208722852802
47.5    0.208052551613
47.625    0.208052551613
47.75    0.208052551613
47.875    0.209482527482
48.0    0.216578782733
48.125    0.216578782733
48.25    0.215220305657
48.375    0.215220305657
48.5    0.215256055054
48.625    0.215247117705
48.75    0.215247117705
48.875    0.215247117705
49.0    0.205710966127
49.125    0.208696040754
49.25    0.208481544374
49.375    0.208481544374
49.5    0.210304763607
49.625    0.208669228707
49.75    0.209008847976
49.875    0.209008847976
50.0    0.208061488962
50.125    0.208061488962
50.25    0.207587809456
50.375    0.207444811869
50.5    0.221780319957
50.625    0.221190454911
50.75    0.215202430959
50.875    0.215801233354
51.0    0.209938332291
51.125    0.209866833497
51.25    0.209884708196
51.375    0.209884708196
51.5    0.204575922781
51.625    0.20470104567
51.75    0.20470104567
51.875    0.216641344177
52.0    0.222861739208
52.125    0.224220216284
52.25    0.21825006703
52.375    0.217999821253
52.5    0.206649387792
52.625    0.206649387792
52.75    0.206649387792
52.875    0.206649387792
53.0    0.216757529717
53.125    0.215908481544
53.25    0.206953257664
53.375    0.20775761909
53.5    0.219617481455
53.625    0.219599606757
53.75    0.219840915185
53.875    0.217168647779
54.0    0.210134953973
54.125    0.210134953973
54.25    0.210117079274
54.375    0.210117079274
54.5    0.211305746716
54.625    0.211305746716
54.75    0.211305746716
54.875    0.211171686478
55.0    0.21791938511
55.125    0.21791938511
55.25    0.21791938511
55.375    0.219009741711
55.5    0.209661274466
55.625    0.210313700956
55.75    0.198373402449
55.875    0.197881848244
56.0    0.2054696577
56.125    0.202448833676
56.25    0.20841898293
56.375    0.208696040754
56.5    0.207158816695
56.625    0.207668245598
56.75    0.20721244079
56.875    0.208320672089
57.0    0.206828134775
57.125    0.206828134775
57.25    0.20786486728
57.375    0.208106175708
57.5    0.210572884083
57.625    0.201617660202
57.75    0.201617660202
57.875    0.204227366163
58.0    0.209473590133
58.125    0.209804272053
58.25    0.221664134418
58.375    0.221664134418
58.5    0.205782464921
58.625    0.211752614175
58.75    0.211752614175
58.875    0.212950218965
59.0    0.20961658772
59.125    0.209080346769
59.25    0.209008847976
59.375    0.209080346769
59.5    0.207918491375
59.625    0.207918491375
59.75    0.207989990169
59.875    0.207918491375
60.0    0.208016802216
60.125    0.208016802216
60.25    0.208016802216
60.375    0.205889713111
60.5    0.206899633569
60.625    0.206899633569
60.75    0.206899633569
60.875    0.206899633569
61.0    0.203941370989
61.125    0.203941370989
61.25    0.203941370989
61.375    0.203834122799
61.5    0.207400125123
61.625    0.207400125123
61.75    0.2076503709
61.875    0.2076503709
62.0    0.204665296273
62.125    0.204665296273
62.25    0.204647421575
62.375    0.205782464921
62.5    0.206953257664
62.625    0.207248190187
62.75    0.207364375726
62.875    0.209232281705
63.0    0.204468674591
63.125    0.205156850478
63.25    0.20557690589
63.375    0.205067476986
63.5    0.205076414336
63.625    0.205076414336
63.75    0.205094289034
63.875    0.207337563679
64.0    0.209428903387
64.125    0.209428903387
64.25    0.20830279739
64.375    0.20907140942
64.5    0.208070426312
64.625    0.207927428725
64.75    0.207927428725
64.875    0.208052551613
65.0    0.2153007418
65.125    0.217016712843
65.25    0.217579765841
65.375    0.214684064706
65.5    0.206032710698
65.625    0.206032710698
65.75    0.206050585396
65.875    0.208052551613
66.0    0.208830100992
66.125    0.209241219054
66.25    0.202779515596
66.375    0.205925462508
66.5    0.208284922692
66.625    0.211269997319
66.75    0.211269997319
66.875    0.212467602109
67.0    0.205880775762
67.125    0.208865850389
67.25    0.208910537135
67.375    0.208213423898
67.5    0.210984002145
67.625    0.210474573242
67.75    0.210510322638
67.875    0.210224327464
68.0    0.20437036375
68.125    0.210563946733
68.25    0.210563946733
68.375    0.212029671999
68.5    0.207248190187
68.625    0.205782464921
68.75    0.205719903477
68.875    0.205666279382
69.0    0.205442845652
69.125    0.205442845652
69.25    0.223523103048
69.375    0.206041648047
69.5    0.202538207168
69.625    0.208508356421
69.75    0.205523281795
69.875    0.205666279382
70.0    0.206470640808
70.125    0.206953257664
70.25    0.20699794441
70.375    0.206488515506
70.5    0.210653320225
70.625    0.210358387702
70.75    0.211636428635
70.875    0.211439806953
71.0    0.206399142014
71.125    0.209384216641
71.25    0.209384216641
71.375    0.197443918134
71.5    0.206595763696
71.625    0.209580838323
71.75    0.212530163553
71.875    0.2065600143
72.0    0.20568415408
72.125    0.205827151667
72.25    0.213727768344
72.375    0.211797300921
72.5    0.206622575744
72.625    0.206247207078
72.75    0.206247207078
72.875    0.206247207078
73.0    0.204236303512
73.125    0.204236303512
73.25    0.204236303512
73.375    0.204236303512
73.5    0.195155956743
73.625    0.19529895433
73.75    0.213280900885
73.875    0.204057556529
74.0    0.204182679417
74.125    0.204298864957
74.25    0.204298864957
74.375    0.204361426401
74.5    0.210984002145
74.625    0.198990079542
74.75    0.199490571097
74.875    0.198730896416
75.0    0.205621592636
75.125    0.205889713111
75.25    0.206524264903
75.375    0.206711949236
75.5    0.206917508267
75.625    0.204647421575
75.75    0.204459737242
75.875    0.204736795067
76.0    0.205943337206
76.125    0.205943337206
76.25    0.205943337206
76.375    0.204280990258
76.5    0.207266064885
76.625    0.207266064885
76.75    0.208329609438
76.875    0.193681294128
77.0    0.205630529985
77.125    0.205630529985
77.25    0.205630529985
77.375    0.204173742068
77.5    0.200017874698
77.625    0.209026722674
77.75    0.214943247833
77.875    0.208919474484
78.0    0.200187684333
78.125    0.200866922871
78.25    0.200688175887
78.375    0.20294932523
78.5    0.208034676915
78.625    0.208034676915
78.75    0.208124050407
78.875    0.208043614264
79.0    0.200017874698
79.125    0.200017874698
79.25    0.201447850568
79.375    0.201036732505
79.5    0.201188667441
79.625    0.201188667441
79.75    0.201188667441
79.875    0.201537224059
80.0    0.206586826347
80.125    0.20940209134
80.25    0.20940209134
80.375    0.209303780499
80.5    0.212985968362
80.625    0.212851908124
80.75    0.212154794888
80.875    0.212154794888
81.0    0.20218965055
81.125    0.20218965055
81.25    0.201555098758
81.375    0.201975154169
81.5    0.211234247922
81.625    0.203646438466
81.75    0.201921530074
81.875    0.201921530074
82.0    0.199070515685
82.125    0.199070515685
82.25    0.199070515685
82.375    0.199070515685
82.5    0.214174635803
82.625    0.213379211726
82.75    0.203592814371
82.875    0.203592814371
83.0    0.201689158995
83.125    0.200795424077
83.25    0.200795424077
83.375    0.200795424077
83.5    0.20218965055
83.625    0.20218965055
83.75    0.203637501117
83.875    0.203637501117
84.0    0.202529269819
84.125    0.202520332469
84.25    0.201510412012
84.375    0.201510412012
84.5    0.201680221646
84.625    0.201680221646
84.75    0.201680221646
84.875    0.201680221646
85.0    0.20689069622
85.125    0.207239252838
85.25    0.207632496202
85.375    0.192447939941
85.5    0.202314773438
85.625    0.202314773438
85.75    0.202314773438
85.875    0.202314773438
86.0    0.199678255429
86.125    0.199624631334
86.25    0.199651443382
86.375    0.200116185539
86.5    0.214129949057
86.625    0.214129949057
86.75    0.21114487443
86.875    0.199579944588
87.0    0.199374385557
87.125    0.199848065064
87.25    0.199320761462
87.375    0.199445884351
87.5    0.198069532577
87.625    0.198069532577
87.75    0.198069532577
87.875    0.195030833855
88.0    0.209536151577
88.125    0.210197515417
88.25    0.210152828671
88.375    0.210867816606
88.5    0.197506479578
88.625    0.197408168737
88.75    0.197354544642
88.875    0.203905621593
89.0    0.20404861918
89.125    0.210018768433
89.25    0.210018768433
89.375    0.201823219233
89.5    0.202529269819
89.625    0.201278040933
89.75    0.201152918045
89.875    0.202475645723
90.0    0.188730002681
90.125    0.188765752078
90.25    0.197801412101
90.375    0.197738850657
90.5    0.196094378407
90.625    0.195075520601
90.75    0.19541513987
90.875    0.196460809724
91.0    0.207248190187
91.125    0.207498435964
91.25    0.20743587452
91.375    0.207471623916
91.5    0.202091339709
91.625    0.202055590312
91.75    0.201501474663
91.875    0.204486549289
92.0    0.205970149254
92.125    0.203163821611
92.25    0.20317275896
92.375    0.20338725534
92.5    0.205398158906
92.625    0.20328000715
92.75    0.204272052909
92.875    0.20535347216
93.0    0.20459379748
93.125    0.205666279382
93.25    0.201188667441
93.375    0.211198498525
93.5    0.201456787917
93.625    0.200777549379
93.75    0.200777549379
93.875    0.205308785414
94.0    0.205121101081
94.125    0.20393243364
94.25    0.207006881759
94.375    0.208436857628
94.5    0.203137009563
94.625    0.203137009563
94.75    0.202922513183
94.875    0.204638484226
95.0    0.200598802395
95.125    0.200589865046
95.25    0.200589865046
95.375    0.215568862275
95.5    0.197005988024
95.625    0.196898739834
95.75    0.196898739834
95.875    0.197479667531
96.0    0.20075967468
96.125    0.198748771114
96.25    0.188667441237
96.375    0.200518366253
96.5    0.203530252927
96.625    0.203530252927
96.75    0.203530252927
96.875    0.203521315578
97.0    0.216400035749
97.125    0.210751631066
97.25    0.207900616677
97.375    0.216855840558
97.5    0.206819197426
97.625    0.206819197426
97.75    0.200849048172
97.875    0.200714987935
98.0    0.198489587988
98.125    0.201474662615
98.25    0.201474662615
98.375    0.204459737242
98.5    0.20742693717
98.625    0.20742693717
98.75    0.208079363661
98.875    0.203762624006
99.0    0.207140941997
99.125    0.202931450532
99.25    0.204003932434
99.375    0.204003932434
99.5    0.202556081866
99.625    0.202556081866
99.75    0.202556081866
99.875    0.20262758066
100.0    0.211296809366
100.125    0.213012780409
100.25    0.211296809366
100.375    0.211225310573
100.5    0.200393243364
100.625    0.198820269908
100.75    0.200402180713
100.875    0.199615693985
101.0    0.204987040844
101.125    0.205988023952
101.25    0.205648404683
101.375    0.205559031191
101.5    0.202279024041
101.625    0.202323710787
101.75    0.20403968183
101.875    0.202046652963
102.0    0.209089284118
102.125    0.209107158817
102.25    0.204397175798
102.375    0.212333541871
102.5    0.196264188042
102.625    0.196219501296
102.75    0.196219501296
102.875    0.195969255519
103.0    0.203029761373
103.125    0.1912592725
103.25    0.203199571007
103.375    0.200902672267
103.5    0.197479667531
103.625    0.197479667531
103.75    0.197479667531
103.875    0.197220484404
104.0    0.203762624006
104.125    0.203530252927
104.25    0.203521315578
104.375    0.203458754134
104.5    0.201045669854
104.625    0.201045669854
104.75    0.200947359013
104.875    0.200965233712
105.0    0.198435963893
105.125    0.198820269908
105.25    0.198820269908
105.375    0.199061578336
105.5    0.203449816784
105.625    0.202127089105
105.75    0.210027705782
105.875    0.209348467245
106.0    0.210170703369
106.125    0.189275180981
106.25    0.19989275181
106.375    0.204397175798
106.5    0.203262132452
106.625    0.203092322817
106.75    0.203083385468
106.875    0.203101260166
107.0    0.205514344445
107.125    0.206980069711
107.25    0.20579140227
107.375    0.204486549289
107.5    0.205532219144
107.625    0.206854946823
107.75    0.207721869693
107.875    0.206166770936
108.0    0.192698185718
108.125    0.202529269819
108.25    0.208821163643
108.375    0.208821163643
108.5    0.20480829386
108.625    0.210778443114
108.75    0.21126105997
108.875    0.21126105997
109.0    0.193788542318
109.125    0.193788542318
109.25    0.209393153991
109.375    0.194440968809
109.5    0.194512467602
109.625    0.194592903745
109.75    0.203038698722
109.875    0.202127089105
110.0    0.201358477076
110.125    0.200491554205
110.25    0.203467691483
110.375    0.203467691483
110.5    0.194271159174
110.625    0.19497720976
110.75    0.203851997498
110.875    0.203950308339
111.0    0.198927518098
111.125    0.200464742157
111.25    0.200491554205
111.375    0.200518366253
111.5    0.200303869872
111.625    0.200303869872
111.75    0.202457771025
111.875    0.200384306015
112.0    0.191643578515
112.125    0.20360175172
112.25    0.209562963625
112.375    0.209580838323
112.5    0.194226472428
112.625    0.194226472428
112.75    0.194396282063
112.875    0.194691214586
113.0    0.195138082045
113.125    0.196451872375
113.25    0.195093395299
113.375    0.196451872375
113.5    0.195147019394
113.625    0.195933506122
113.75    0.195227455537
113.875    0.19519170614
114.0    0.195138082045
114.125    0.195245330235
114.25    0.207775493789
114.375    0.207775493789
114.5    0.202153901153
114.625    0.201117168648
114.75    0.201117168648
114.875    0.201242291536
115.0    0.207444811869
115.125    0.20503172759
115.25    0.205228349272
115.375    0.204960228796
115.5    0.194771650728
115.625    0.200741799982
115.75    0.200661363839
115.875    0.200849048172
116.0    0.204093305925
116.125    0.201072481902
116.25    0.201072481902
116.375    0.210197515417
116.5    0.210447761194
116.625    0.21180623827
116.75    0.210832067209
116.875    0.210769505765
117.0    0.195441951917
117.125    0.20142103852
117.25    0.202967199929
117.375    0.202144963804
117.5    0.196621682009
117.625    0.196621682009
117.75    0.196630619358
117.875    0.196621682009
118.0    0.201045669854
118.125    0.203726874609
118.25    0.203726874609
118.375    0.203771561355
118.5    0.191715077308
118.625    0.193618732684
118.75    0.192331754402
118.875    0.191384395388
119.0    0.205049602288
119.125    0.205049602288
119.25    0.204870855304
119.375    0.203780498704
120.0    0.205290910716
120.125    0.205290910716
120.25    0.205603717937
120.375    0.205603717937
120.5    0.196380373581
120.625    0.197166860309
120.75    0.197148985611
120.875    0.18819376173
121.0    0.20403968183
121.125    0.195147019394
121.25    0.195147019394
121.375    0.194557154348
121.5    0.206095272142
121.625    0.205996961301
121.75    0.217293770668
121.875    0.214800250246
122.0    0.205049602288
122.125    0.205264098668
122.25    0.204942354098
122.375    0.204468674591
122.5    0.1868799714
122.625    0.201876843328
122.75    0.21365626955
122.875    0.214344445437
123.0    0.202064527661
123.125    0.202064527661
123.25    0.202100277058
123.375    0.202171775851
123.5    0.195147019394
123.625    0.195772633837
123.75    0.195853069979
123.875    0.197989096434
124.0    0.195799445884
124.125    0.196880865135
124.25    0.197631602467
124.375    0.197667351863
124.5    0.192313879703
124.625    0.192313879703
124.75    0.19245687729
124.875    0.19268031102
125.0    0.202216462597
125.125    0.201957279471
125.25    0.202082402359
125.375    0.202082402359
125.5    0.19399410135
125.625    0.194047725445
125.75    0.194056662794
125.875    0.193350612208
126.0    0.192439002592
126.125    0.193913665207
126.25    0.194235409777
126.375    0.192671373671
126.5    0.203226383055
126.625    0.20600589865
126.75    0.203449816784
126.875    0.202439896327
127.0    0.197390294039
127.125    0.197390294039
127.25    0.197354544642
127.375    0.19759585307
127.5    0.194807400125
127.625    0.193699168827
127.75    0.194226472428
127.875    0.193734918223
128.0    0.204227366163
128.125    0.204397175798
128.25    0.195388327822
128.375    0.195004021807
128.5    0.204173742068
128.625    0.204173742068
128.75    0.20338725534
128.875    0.202082402359
129.0    0.193538296541
129.125    0.193538296541
129.25    0.193502547145
129.375    0.193216551971
129.5    0.197005988024
129.625    0.196970238627
129.75    0.199106265082
129.875    0.199159889177
130.0    0.198167843418
130.125    0.20404861918
130.25    0.213942264724
130.375    0.19901689159
130.5    0.193100366431
130.625    0.193261238717
130.75    0.208258110644
130.875    0.208168737153
131.0    0.194843149522
131.125    0.206944320315
131.25    0.207310751631
131.375    0.187237465368
131.5    0.20458486013
131.625    0.204611672178
131.75    0.204861917955
131.875    0.204227366163
132.0    0.194110286889
132.125    0.20306551077
132.25    0.20306551077
132.375    0.206050585396
132.5    0.200473679507
132.625    0.199007954241
132.75    0.198087407275
132.875    0.188837250871
133.0    0.191929573688
133.125    0.194414156761
133.25    0.19584413263
133.375    0.198820269908
133.5    0.198981142193
133.625    0.198981142193
133.75    0.198981142193
133.875    0.198981142193
134.0    0.198301903655
134.125    0.198873894003
134.25    0.20076861203
134.375    0.200741799982
134.5    0.209697023863
134.625    0.206711949236
134.75    0.200670301189
134.875    0.204629546876
135.0    0.190454911073
135.125    0.190454911073
135.25    0.205380284208
135.375    0.205407096255
135.5    0.199410134954
135.625    0.199642506033
135.75    0.199812315667
135.875    0.199812315667
136.0    0.196103315757
136.125    0.206354455269
136.25    0.2
136.375    0.2
136.5    0.20579140227
136.625    0.20579140227
136.75    0.20579140227
136.875    0.20579140227
137.0    0.195656448297
137.125    0.195656448297
137.25    0.199177763875
137.375    0.199428009652
137.5    0.200974171061
137.625    0.200974171061
137.75    0.200956296363
137.875    0.201027795156
138.0    0.206846009474
138.125    0.206846009474
138.25    0.194905710966
138.375    0.206846009474
138.5    0.193699168827
138.625    0.193699168827
138.75    0.194887836268
138.875    0.208579855215
139.0    0.20600589865
139.125    0.209303780499
139.25    0.206354455269
139.375    0.206354455269
139.5    0.194503530253
139.625    0.194503530253
139.75    0.19442309411
139.875    0.194566091697
140.0    0.197872910895
140.125    0.209303780499
140.25    0.199839127715
140.375    0.199731879525
140.5    0.198623648226
140.625    0.198239342211
140.75    0.198051657878
140.875    0.198051657878
141.0    0.20075967468
141.125    0.201778532487
141.25    0.201778532487
141.375    0.198864956654
141.5    0.193475735097
141.625    0.193618732684
141.75    0.193940477254
141.875    0.208865850389
142.0    0.198212530164
142.125    0.199258200018
142.25    0.198212530164
142.375    0.199928501207
142.5    0.201930467423
142.625    0.201930467423
142.75    0.20185896863
142.875    0.201930467423
143.0    0.202001966217
143.125    0.187076593082
143.25    0.192340691751
143.375    0.192340691751
143.5    0.199848065064
143.625    0.199848065064
143.75    0.198990079542
143.875    0.199097327733
144.0    0.196514433819
144.125    0.196514433819
144.25    0.19781034945
144.375    0.196925551881
144.5    0.195674322996
144.625    0.196693180803
144.75    0.202663330056
144.875    0.196693180803
145.0    0.199705067477
145.125    0.199499508446
145.25    0.196809366342
145.375    0.208749664849
145.5    0.20798105282
145.625    0.20798105282
145.75    0.20798105282
145.875    0.20798105282
146.0    0.198659397623
146.125    0.198891768701
146.25    0.200536240951
146.375    0.19158995442
146.5    0.199526320493
146.625    0.199597819287
146.75    0.199767628921
146.875    0.200125122889
147.0    0.193511484494
147.125    0.193511484494
147.25    0.193511484494
147.375    0.194718026633
147.5    0.197140048262
147.625    0.197086424167
147.75    0.197140048262
147.875    0.197140048262
148.0    0.202261149343
148.125    0.193359549558
148.25    0.193538296541
148.375    0.201474662615
148.5    0.195307891679
148.625    0.195307891679
148.75    0.19529895433
148.875    0.195808383234
149.0    0.195111269997
149.125    0.195388327822
149.25    0.195388327822
149.375    0.194521404951
149.5    0.190481723121
149.625    0.190481723121
149.75    0.190481723121
149.875    0.190428099026
150.0    0.20361068907
150.125    0.20361068907
150.25    0.200428992761
150.375    0.200509428903
150.5    0.197577978372
150.625    0.197577978372
150.75    0.197577978372
150.875    0.194700151935
151.0    0.195674322996
151.125    0.196192689248
151.25    0.196514433819
151.375    0.196514433819
151.5    0.192528376084
151.625    0.192528376084
151.75    0.192528376084
151.875    0.192376441148
152.0    0.194280096523
152.125    0.194280096523
152.25    0.194280096523
152.375    0.19726517115
152.5    0.19683617839
152.625    0.19683617839
152.75    0.195727947091
152.875    0.19617481455
153.0    0.199901689159
153.125    0.196916614532
153.25    0.193949414604
153.375    0.193949414604
153.5    0.193368486907
153.625    0.193368486907
153.75    0.193976226651
153.875    0.194029850746
154.0    0.192117258021
154.125    0.191393332738
154.25    0.191893824292
154.375    0.201286978282
154.5    0.19355617124
154.625    0.193574045938
154.75    0.193574045938
154.875    0.193574045938
155.0    0.195388327822
155.125    0.195388327822
155.25    0.195209580838
155.375    0.195209580838
155.5    0.18917687014
155.625    0.210072392528
155.75    0.201135043346
155.875    0.201242291536
156.0    0.201036732505
156.125    0.201715971043
156.25    0.200661363839
156.375    0.200607739744
156.5    0.209089284118
156.625    0.200134060238
156.75    0.199991062651
156.875    0.199991062651
157.0    0.201251228886
157.125    0.201295915631
157.25    0.201295915631
157.375    0.201295915631
157.5    0.19496827241
157.625    0.194923585664
157.75    0.194923585664
157.875    0.195155956743
158.0    0.20010724819
158.125    0.20010724819
158.25    0.196764679596
158.375    0.198739833765
158.5    0.199865939762
158.625    0.201519349361
158.75    0.200688175887
158.875    0.200688175887
159.0    0.199195638574
159.125    0.197533291626
159.25    0.197443918134
159.375    0.197443918134
159.5    0.1945303423
159.625    0.1945303423
159.75    0.1945303423
159.875    0.19464652784
160.0    0.194289033873
160.125    0.194378407364
160.25    0.194378407364
160.375    0.194378407364
160.5    0.193967289302
160.625    0.193940477254
160.75    0.197041737421
160.875    0.198194655465
161.0    0.198462775941
161.125    0.201456787917
161.25    0.201447850568
161.375    0.201447850568
161.5    0.197327732595
161.625    0.197327732595
161.75    0.197274108499
161.875    0.197363481991
162.0    0.198409151846
162.125    0.198453838591
162.25    0.198453838591
162.375    0.199571007239
162.5    0.195683260345
162.625    0.189713111091
162.75    0.192850120654
162.875    0.195835195281
163.0    0.214031638216
163.125    0.196121190455
163.25    0.196049691661
163.375    0.196049691661
163.5    0.193127178479
163.625    0.20491554205
163.75    0.189990168916
163.875    0.189990168916
164.0    0.193681294128
164.125    0.193180802574
164.25    0.193180802574
164.375    0.193180802574
164.5    0.191160961659
164.625    0.189158995442
164.75    0.201170792743
164.875    0.201000983108
165.0    0.198194655465
165.125    0.198194655465
165.25    0.198123156672
165.375    0.198123156672
165.5    0.201555098758
165.625    0.201555098758
165.75    0.201707033694
165.875    0.201707033694
166.0    0.211412994906
166.125    0.196487621771
166.25    0.211412994906
166.375    0.196487621771
166.5    0.198301903655
166.625    0.198301903655
166.75    0.198239342211
166.875    0.183474841362
167.0    0.192993118241
167.125    0.192993118241
167.25    0.192993118241
167.375    0.192993118241
167.5    0.193654482081
167.625    0.193618732684
167.75    0.192689248369
167.875    0.193761730271
168.0    0.193252301367
168.125    0.193270176066
168.25    0.193270176066
168.375    0.193270176066
168.5    0.190338725534
168.625    0.196621682009
168.75    0.196621682009
168.875    0.196621682009
169.0    0.201501474663
169.125    0.185744928054
169.25    0.186030923228
169.375    0.186030923228
169.5    0.189748860488
169.625    0.201689158995
169.75    0.201912592725
169.875    0.201724908392
170.0    0.192912682098
170.125    0.192912682098
170.25    0.192912682098
170.375    0.192912682098
170.5    0.200339619269
170.625    0.200339619269
170.75    0.200339619269
170.875    0.199722942175
171.0    0.194038788095
171.125    0.194038788095
171.25    0.194128161587
171.375    0.203047636071
171.5    0.197765662704
171.625    0.198462775941
171.75    0.198391277147
171.875    0.198391277147
172.0    0.194244347127
172.125    0.194467780856
172.25    0.194467780856
172.375    0.194485655555
172.5    0.191679327911
172.625    0.191679327911
172.75    0.191679327911
172.875    0.191679327911
173.0    0.194003038699
173.125    0.194003038699
173.25    0.192930556797
173.375    0.194003038699
173.5    0.196764679596
173.625    0.196568057914
173.75    0.193636607382
173.875    0.193636607382
174.0    0.195066583251
174.125    0.195066583251
174.25    0.195066583251
174.375    0.195066583251
174.5    0.194405219412
174.625    0.192403253195
174.75    0.193574045938
174.875    0.194172848333
175.0    0.194485655555
175.125    0.193127178479
175.25    0.17934578604
175.375    0.19759585307
175.5    0.191652515864
175.625    0.191652515864
175.75    0.191652515864
175.875    0.194637590491
176.0    0.18557511842
176.125    0.18557511842
176.25    0.18557511842
176.375    0.194387344714
176.5    0.197801412101
176.625    0.185861113594
176.75    0.186424166592
176.875    0.183805523282
177.0    0.203878809545
177.125    0.203181696309
177.25    0.203181696309
177.375    0.202484583073
177.5    0.192966306194
177.625    0.192966306194
177.75    0.192796496559
177.875    0.192796496559
178.0    0.193314862812
178.125    0.193314862812
178.25    0.193627670033
178.375    0.193261238717
178.5    0.194878898919
178.625    0.194878898919
178.75    0.194878898919
178.875    0.193368486907
179.0    0.194691214586
179.125    0.194512467602
179.25    0.194896773617
179.375    0.192742872464
180.0    0.200393243364
180.125    0.198418089195
180.25    0.198418089195
180.375    0.198418089195
180.5    0.190642595406
180.625    0.202797390294
180.75    0.190857091787
180.875    0.190642595406
181.0    0.192322817052
181.125    0.193520421843
181.25    0.194950397712
181.375    0.193752792922
181.5    0.1857896148
181.625    0.186397354545
181.75    0.186397354545
181.875    0.196228438645
182.0    0.200268120475
182.125    0.200268120475
182.25    0.197283045849
182.375    0.197247296452
182.5    0.201438913218
182.625    0.189498614711
182.75    0.186540352132
182.875    0.186540352132
183.0    0.196139065153
183.125    0.196139065153
183.25    0.196139065153
183.375    0.196139065153
183.5    0.198650460273
183.625    0.198650460273
183.75    0.19868620967
183.875    0.19868620967
184.0    0.194217535079
184.125    0.194217535079
184.25    0.193591920636
184.375    0.192832245956
184.5    0.180498704084
184.625    0.184565197962
184.75    0.184565197962
184.875    0.184583072661
185.0    0.199651443382
185.125    0.200026812048
185.25    0.200026812048
185.375    0.200044686746
185.5    0.206193582983
185.625    0.206586826347
185.75    0.198114219323
185.875    0.198114219323
186.0    0.188077576191
186.125    0.188292072571
186.25    0.194047725445
186.375    0.194047725445
186.5    0.187273214765
186.625    0.187273214765
186.75    0.187273214765
186.875    0.188238448476
187.0    0.19257306283
187.125    0.19464652784
187.25    0.191741889356
187.375    0.191741889356
187.5    0.186790597909
187.625    0.186790597909
187.75    0.187371525605
187.875    0.187371525605
188.0    0.189024935204
188.125    0.189078559299
188.25    0.189346679775
188.375    0.189346679775
188.5    0.188229511127
188.625    0.197720975959
188.75    0.197720975959
188.875    0.198829207257
189.0    0.198561086782
189.125    0.198489587988
189.25    0.197193672357
189.375    0.19847171329
189.5    0.192689248369
189.625    0.186933595496
189.75    0.186933595496
189.875    0.186933595496
190.0    0.187273214765
190.125    0.187282152114
190.25    0.187282152114
190.375    0.187282152114
190.5    0.197783537403
190.625    0.198167843418
190.75    0.198489587988
190.875    0.198856019305
191.0    0.18819376173
191.125    0.188506568952
191.25    0.188506568952
191.375    0.188506568952
191.5    0.184332826884
191.625    0.184332826884
191.75    0.184332826884
191.875    0.184851193136
192.0    0.185172937707
192.125    0.185172937707
192.25    0.185172937707
192.375    0.185172937707
192.5    0.196246313343
192.625    0.196246313343
192.75    0.196246313343
192.875    0.196246313343
193.0    0.198623648226
193.125    0.198623648226
193.25    0.198695147019
193.375    0.198382339798
193.5    0.187657520779
193.625    0.187657520779
193.75    0.187675395478
193.875    0.190660470105
194.0    0.194271159174
194.125    0.194271159174
194.25    0.194271159174
194.375    0.19355617124
194.5    0.187639646081
194.625    0.187639646081
194.75    0.186960407543
194.875    0.186960407543
195.0    0.197944409688
195.125    0.197944409688
195.25    0.197944409688
195.375    0.197944409688
195.5    0.189579050854
195.625    0.191223523103
195.75    0.191223523103
195.875    0.191223523103
196.0    0.187121279828
196.125    0.187121279828
196.25    0.189114308696
196.375    0.186263294307
196.5    0.185164000358
196.625    0.185164000358
196.75    0.185164000358
196.875    0.185164000358
197.0    0.200160872285
197.125    0.200473679507
197.25    0.191518455626
197.375    0.186173920815
197.5    0.187353650907
197.625    0.18764858343
197.75    0.18776476897
197.875    0.18776476897
198.0    0.196237375994
198.125    0.196237375994
198.25    0.195826257932
198.375    0.189695236393
198.5    0.189480740013
198.625    0.189480740013
198.75    0.189480740013
198.875    0.189480740013
199.0    0.18677272321
199.125    0.189757797837
199.25    0.189757797837
199.375    0.187845205112
199.5    0.187800518366
199.625    0.187800518366
199.75    0.187800518366
199.875    0.18787201716
200.0    0.185807489499
200.125    0.185807489499
200.25    0.185807489499
200.375    0.185807489499
200.5    0.184547323264
200.625    0.184600947359
200.75    0.184600947359
200.875    0.18459201001
201.0    0.191009026723
201.125    0.189936544821
201.25    0.189936544821
201.375    0.189936544821
201.5    0.186987219591
201.625    0.186987219591
201.75    0.186987219591
201.875    0.201912592725
202.0    0.204218428814
202.125    0.204218428814
202.25    0.204218428814
202.375    0.204218428814
202.5    0.19387791581
202.625    0.19387791581
202.75    0.19387791581
202.875    0.193940477254
203.0    0.192957368844
203.125    0.190946465278
203.25    0.186942532845
203.375    0.186942532845
203.5    0.191563142372
203.625    0.191384395388
203.75    0.203360443293
203.875    0.200375368666
204.0    0.186602913576
204.125    0.186638662973
204.25    0.18721065332
204.375    0.18721065332
204.5    0.184252390741
204.625    0.184252390741
204.75    0.183179908839
204.875    0.183179908839
205.0    0.193359549558
205.125    0.193341674859
205.25    0.193341674859
205.375    0.193341674859
205.5    0.191661453213
205.625    0.191661453213
205.75    0.191661453213
205.875    0.191661453213
206.0    0.188694253284
206.125    0.188363571365
206.25    0.18950755206
206.375    0.18950755206
206.5    0.18929305568
206.625    0.189587988203
206.75    0.189078559299
206.875    0.18906962195
207.0    0.196407185629
207.125    0.196407185629
207.25    0.195486638663
207.375    0.196594869962
207.5    0.180480829386
207.625    0.179292161945
207.75    0.18349271606
207.875    0.18393958352
208.0    0.186057735276
208.125    0.186057735276
208.25    0.186057735276
208.375    0.187451961748
208.5    0.18808651354
208.625    0.188140137635
208.75    0.188140137635
208.875    0.185155063008
209.0    0.189015997855
209.125    0.189015997855
209.25    0.189015997855
209.375    0.189015997855
209.5    0.192689248369
209.625    0.191670390562
209.75    0.191670390562
209.875    0.191670390562
210.0    0.192367503798
210.125    0.192367503798
210.25    0.192367503798
210.375    0.193055679685
210.5    0.194950397712
210.625    0.191965323085
210.75    0.193037804987
210.875    0.193037804987
211.0    0.186477790687
211.125    0.186495665386
211.25    0.183582089552
211.375    0.183582089552
211.5    0.196630619358
211.625    0.196630619358
211.75    0.196630619358
211.875    0.196630619358
212.0    0.193520421843
212.125    0.19552238806
212.25    0.195665385647
212.375    0.192582000179
212.5    0.187425149701
212.625    0.187425149701
212.75    0.187425149701
212.875    0.190401286978
213.0    0.196800428993
213.125    0.195781571186
213.25    0.196800428993
213.375    0.196800428993
213.5    0.190204665296
213.625    0.190204665296
213.75    0.1901689159
213.875    0.190231477344
214.0    0.181169005273
214.125    0.181169005273
214.25    0.181169005273
214.375    0.181169005273
214.5    0.19136652069
214.625    0.19136652069
214.75    0.192036821879
214.875    0.192036821879
215.0    0.193734918223
215.125    0.193734918223
215.25    0.193734918223
215.375    0.193734918223
215.5    0.188283135222
215.625    0.188283135222
215.75    0.188283135222
215.875    0.188283135222
216.0    0.192867995353
216.125    0.193145053177
216.25    0.193145053177
216.375    0.193145053177
216.5    0.190428099026
216.625    0.190043793011
216.75    0.190043793011
216.875    0.190043793011
217.0    0.193922602556
217.125    0.193922602556
217.25    0.193922602556
217.375    0.193922602556
217.5    0.192948431495
217.625    0.195933506122
217.75    0.195933506122
217.875    0.195933506122
218.0    0.18764858343
218.125    0.18764858343
218.25    0.188470819555
218.375    0.188470819555
218.5    0.195567074806
218.625    0.195567074806
218.75    0.195567074806
218.875    0.195567074806
219.0    0.187371525605
219.125    0.187371525605
219.25    0.187371525605
219.375    0.187371525605
219.5    0.186710161766
219.625    0.186710161766
219.75    0.186710161766
219.875    0.196684243453
220.0    0.182447046206
220.125    0.182518545
220.25    0.182518545
220.375    0.19147376888
220.5    0.191357583341
220.625    0.191357583341
220.75    0.191357583341
220.875    0.190204665296
221.0    0.1868799714
221.125    0.1868799714
221.25    0.1868799714
221.375    0.190553221914
221.5    0.19158995442
221.625    0.19158995442
221.75    0.190910715882
221.875    0.190839217088
222.0    0.189820359281
222.125    0.189856108678
222.25    0.189856108678
222.375    0.189856108678
222.5    0.197032800071
222.625    0.197032800071
222.75    0.197032800071
222.875    0.197032800071
223.0    0.18492269193
223.125    0.184958441326
223.25    0.184958441326
223.375    0.187943515953
223.5    0.189659486996
223.625    0.191017964072
223.75    0.191303959246
223.875    0.189963356868
224.0    0.192823308607
224.125    0.194825274823
224.25    0.194825274823
224.375    0.194825274823
224.5    0.1836089016
224.625    0.18350165341
224.75    0.183448029315
224.875    0.183537402806
225.0    0.190240414693
225.125    0.190240414693
225.25    0.190204665296
225.375    0.190204665296
225.5    0.188461882206
225.625    0.188461882206
225.75    0.188444007507
225.875    0.188515506301
226.0    0.190874966485
226.125    0.187889891858
226.25    0.178934667977
226.375    0.189319867727
226.5    0.184994190723
226.625    0.185530431674
226.75    0.18634373045
226.875    0.185566181071
227.0    0.193136115828
227.125    0.193136115828
227.25    0.193198677272
227.375    0.193270176066
227.5    0.184341764233
227.625    0.184341764233
227.75    0.184878005184
227.875    0.184878005184
228.0    0.188149074984
228.125    0.188149074984
228.25    0.188149074984
228.375    0.188149074984
228.5    0.178103494504
228.625    0.178103494504
228.75    0.178103494504
228.875    0.189990168916
229.0    0.204531236035
229.125    0.204531236035
229.25    0.204727857717
229.375    0.190285101439
229.5    0.188363571365
229.625    0.188095450889
229.75    0.188095450889
229.875    0.188113325588
230.0    0.186906783448
230.125    0.186906783448
230.25    0.186906783448
230.375    0.186906783448
230.5    0.183868084726
230.625    0.185494682277
230.75    0.185825364197
230.875    0.185825364197
231.0    0.187353650907
231.125    0.187353650907
231.25    0.187353650907
231.375    0.187702207525
231.5    0.188479756904
231.625    0.188479756904
231.75    0.188479756904
231.875    0.188479756904
232.0    0.179551345071
232.125    0.179149164358
232.25    0.179149164358
232.375    0.179551345071
232.5    0.185333809992
232.625    0.185333809992
232.75    0.185298060595
232.875    0.185298060595
233.0    0.186030923228
233.125    0.186030923228
233.25    0.186030923228
233.375    0.186030923228
233.5    0.196791491644
233.625    0.197515416927
233.75    0.197515416927
233.875    0.197515416927
234.0    0.195388327822
234.125    0.195388327822
234.25    0.198373402449
234.375    0.19715792296
234.5    0.189900795424
234.625    0.189900795424
234.75    0.189900795424
234.875    0.189972294218
235.0    0.191178836357
235.125    0.191178836357
235.25    0.191241397801
235.375    0.191241397801
235.5    0.18536062204
235.625    0.18536062204
235.75    0.18535168469
235.875    0.185986236482
236.0    0.187523460542
236.125    0.187523460542
236.25    0.190508535168
236.375    0.190508535168
236.5    0.192546250782
236.625    0.192546250782
236.75    0.192447939941
236.875    0.192707123067
237.0    0.191983197784
237.125    0.191983197784
237.25    0.191983197784
237.375    0.191992135133
237.5    0.183680400393
237.625    0.183680400393
237.75    0.183680400393
237.875    0.182849226919
238.0    0.190285101439
238.125    0.190285101439
238.25    0.190285101439
238.375    0.190285101439
238.5    0.196139065153
238.625    0.181213692019
238.75    0.181213692019
238.875    0.181213692019
239.0    0.194548216999
239.125    0.194548216999
239.25    0.194619715792
239.375    0.194619715792
240.0    0.184743944946
240.125    0.184672446152
240.25    0.185861113594
240.375    0.185861113594
240.5    0.187014031638
240.625    0.187014031638
240.75    0.187014031638
240.875    0.187308964161
241.0    0.18196442935
241.125    0.18196442935
241.25    0.181991241398
241.375    0.182000178747
241.5    0.181660559478
241.625    0.181669496827
241.75    0.181669496827
241.875    0.181669496827
242.0    0.186754848512
242.125    0.186754848512
242.25    0.180784699258
242.375    0.193922602556
242.5    0.188381446063
242.625    0.189060684601
242.75    0.189060684601
242.875    0.189114308696
243.0    0.188873000268
243.125    0.189337742426
243.25    0.189337742426
243.375    0.189337742426
243.5    0.188452944857
243.625    0.188452944857
243.75    0.188452944857
243.875    0.188452944857
244.0    0.182035928144
244.125    0.182035928144
244.25    0.182035928144
244.375    0.182035928144
244.5    0.182098489588
244.625    0.182098489588
244.75    0.182098489588
244.875    0.182098489588
245.0    0.182786665475
245.125    0.182786665475
245.25    0.182786665475
245.375    0.182786665475
245.5    0.183412279918
245.625    0.183367593172
245.75    0.182357672714
245.875    0.182348735365
246.0    0.191178836357
246.125    0.191178836357
246.25    0.191178836357
246.375    0.191178836357
246.5    0.191625703816
246.625    0.191554205023
246.75    0.191554205023
246.875    0.191554205023
247.0    0.182992224506
247.125    0.182992224506
247.25    0.182992224506
247.375    0.183153096791
247.5    0.189811421932
247.625    0.189811421932
247.75    0.189954419519
247.875    0.189954419519
248.0    0.189954419519
248.125    0.189954419519
248.25    0.187988202699
248.375    0.182018053445
248.5    0.181124318527
248.625    0.181124318527
248.75    0.181124318527
248.875    0.181124318527
249.0    0.189623737599
249.125    0.189623737599
249.25    0.188819376173
249.375    0.176879077666
249.5    0.180936634194
249.625    0.180936634194
249.75    0.180936634194
249.875    0.180936634194
250.0    0.184198766646
250.125    0.184198766646
250.25    0.185592993118
250.375    0.185592993118
250.5    0.180936634194
250.625    0.179542407722
250.75    0.183090535347
250.875    0.183090535347
251.0    0.197238359103
251.125    0.197238359103
251.25    0.197345607293
251.375    0.197345607293
251.5    0.182679417285
251.625    0.182679417285
251.75    0.182911788364
251.875    0.182911788364
252.0    0.193377424256
252.125    0.193377424256
252.25    0.193734918223
252.375    0.193734918223
252.5    0.189570113504
252.625    0.189570113504
252.75    0.189570113504
252.875    0.189570113504
253.0    0.184761819644
253.125    0.184761819644
253.25    0.184761819644
253.375    0.182777728126
253.5    0.183376530521
253.625    0.183376530521
253.75    0.183376530521
253.875    0.183376530521
254.0    0.193386361605
254.125    0.193386361605
254.25    0.193386361605
254.375    0.193386361605
254.5    0.184547323264
254.625    0.184547323264
254.75    0.184547323264
254.875    0.184547323264
255.0    0.181285190812
255.125    0.181285190812
255.25    0.181285190812
255.375    0.181285190812
255.5    0.185494682277
255.625    0.197434980785
255.75    0.197569041022
255.875    0.197640539816
256.0    0.184270265439
256.125    0.184270265439
256.25    0.184270265439
256.375    0.184270265439
256.5    0.18164268478
256.625    0.18164268478
256.75    0.18164268478
256.875    0.18164268478
257.0    0.193690231477
257.125    0.19377066762
257.25    0.192733935115
257.375    0.19399410135
257.5    0.1841540799
257.625    0.185172937707
257.75    0.19114308696
257.875    0.190124229154
258.0    0.182125301636
258.125    0.182125301636
258.25    0.182125301636
258.375    0.182143176334
258.5    0.182482795603
258.625    0.182482795603
258.75    0.182482795603
258.875    0.182482795603
259.0    0.178335865582
259.125    0.178335865582
259.25    0.179739029404
259.375    0.179739029404
259.5    0.191187773706
259.625    0.190678344803
259.75    0.184735007597
259.875    0.184627759407
260.0    0.181973366699
260.125    0.181973366699
260.25    0.181973366699
260.375    0.181973366699
260.5    0.182304048619
260.625    0.182304048619
260.75    0.182464920904
260.875    0.182464920904
261.0    0.193109303781
261.125    0.193109303781
261.25    0.193323800161
261.375    0.193404236304
261.5    0.192313879703
261.625    0.192662436321
261.75    0.192662436321
261.875    0.186692287068
262.0    0.18011439807
262.125    0.18011439807
262.25    0.18011439807
262.375    0.18011439807
262.5    0.185959424435
262.625    0.186620788274
262.75    0.186620788274
262.875    0.186620788274
263.0    0.18350165341
263.125    0.1836089016
263.25    0.1836089016
263.375    0.1836089016
263.5    0.194494592904
263.625    0.194494592904
263.75    0.194494592904
263.875    0.194494592904
264.0    0.183591026901
264.125    0.183474841362
264.25    0.183474841362
264.375    0.18240235946
264.5    0.180507641434
264.625    0.180507641434
264.75    0.180507641434
264.875    0.180507641434
265.0    0.185744928054
265.125    0.185744928054
265.25    0.185744928054
265.375    0.185744928054
265.5    0.184064706408
265.625    0.184064706408
265.75    0.183555277505
265.875    0.183555277505
266.0    0.181821431763
266.125    0.181821431763
266.25    0.181821431763
266.375    0.185217624453
266.5    0.183796585933
266.625    0.182688354634
266.75    0.183796585933
266.875    0.183197783537
267.0    0.183010099205
267.125    0.183081597998
267.25    0.183081597998
267.375    0.183081597998
267.5    0.184940566628
267.625    0.184994190723
267.75    0.184994190723
267.875    0.184940566628
268.0    0.194655465189
268.125    0.194655465189
268.25    0.194655465189
268.375    0.194655465189
268.5    0.184886942533
268.625    0.181901867906
268.75    0.181901867906
268.875    0.181901867906
269.0    0.18229511127
269.125    0.18229511127
269.25    0.182062740191
269.375    0.182062740191
269.5    0.18874787738
269.625    0.18874787738
269.75    0.197917597641
269.875    0.197944409688
270.0    0.187863079811
270.125    0.187863079811
270.25    0.187863079811
270.375    0.187836267763
270.5    0.178872106533
270.625    0.178872106533
270.75    0.178872106533
270.875    0.187827330414
271.0    0.183269282331
271.125    0.195209580838
271.25    0.195209580838
271.375    0.195209580838
271.5    0.188444007507
271.625    0.188444007507
271.75    0.189516489409
271.875    0.189516489409
272.0    0.196782554294
272.125    0.196782554294
272.25    0.196782554294
272.375    0.198757708464
272.5    0.183179908839
272.625    0.183179908839
272.75    0.183179908839
272.875    0.183179908839
273.0    0.180409330593
273.125    0.189364554473
273.25    0.189364554473
273.375    0.189364554473
273.5    0.181303065511
273.625    0.179095540263
273.75    0.179095540263
273.875    0.179077665564
274.0    0.183305031728
274.125    0.183305031728
274.25    0.183305031728
274.375    0.183305031728
274.5    0.180123335419
274.625    0.180123335419
274.75    0.180123335419
274.875    0.180123335419
275.0    0.189641612298
275.125    0.189641612298
275.25    0.189641612298
275.375    0.189784609885
275.5    0.180552328179
275.625    0.180552328179
275.75    0.180623826973
275.875    0.180597014925
276.0    0.181830369113
276.125    0.181186879971
276.25    0.181186879971
276.375    0.181481812494
276.5    0.185673429261
276.625    0.185664491912
276.75    0.183456966664
276.875    0.183456966664
277.0    0.18710340513
277.125    0.184189829297
277.25    0.184189829297
277.375    0.184189829297
277.5    0.182706229332
277.625    0.182438108857
277.75    0.182429171508
277.875    0.181347752257
278.0    0.185065689516
278.125    0.185065689516
278.25    0.185065689516
278.375    0.184994190723
278.5    0.187988202699
278.625    0.187988202699
278.75    0.187988202699
278.875    0.187988202699
279.0    0.179265349897
279.125    0.179265349897
279.25    0.179265349897
279.375    0.179265349897
279.5    0.176119402985
279.625    0.176119402985
279.75    0.176119402985
279.875    0.176083653588
280.0    0.183010099205
280.125    0.183010099205
280.25    0.183233532934
280.375    0.183233532934
280.5    0.180176959514
280.625    0.180176959514
280.75    0.186147108768
280.875    0.186218607561
281.0    0.180748949861
281.125    0.180748949861
281.25    0.177647689695
281.375    0.17737956922
281.5    0.185637679864
281.625    0.185637679864
281.75    0.185637679864
281.875    0.185923675038
282.0    0.182125301636
282.125    0.182125301636
282.25    0.182125301636
282.375    0.182053802842
282.5    0.1852444365
282.625    0.185342747341
282.75    0.182009116096
282.875    0.182009116096
283.0    0.187666458129
283.125    0.187666458129
283.25    0.187666458129
283.375    0.187729019573
283.5    0.182679417285
283.625    0.176709268031
283.75    0.176709268031
283.875    0.177540441505
284.0    0.183698275092
284.125    0.184431137725
284.25    0.184431137725
284.375    0.18480650639
284.5    0.182330860667
284.625    0.182330860667
284.75    0.182518545
284.875    0.182518545
285.0    0.183591026901
285.125    0.183591026901
285.25    0.183591026901
285.375    0.183591026901
285.5    0.183403342569
285.625    0.183403342569
285.75    0.183403342569
285.875    0.182044865493
286.0    0.18459201001
286.125    0.18426132809
286.25    0.18426132809
286.375    0.18426132809
286.5    0.183868084726
286.625    0.183868084726
286.75    0.183868084726
286.875    0.183868084726
287.0    0.180972383591
287.125    0.180972383591
287.25    0.180972383591
287.375    0.184100455805
287.5    0.184234516043
287.625    0.1841540799
287.75    0.1841540799
287.875    0.184341764233
288.0    0.189105371347
288.125    0.183135222093
288.25    0.183135222093
288.375    0.183135222093
288.5    0.18382339798
288.625    0.18382339798
288.75    0.18382339798
288.875    0.188220573778
289.0    0.181571185986
289.125    0.181571185986
289.25    0.181571185986
289.375    0.181571185986
289.5    0.18688890875
289.625    0.187174903924
289.75    0.187174903924
289.875    0.187174903924
290.0    0.176959513808
290.125    0.176959513808
290.25    0.177031012602
290.375    0.181410313701
290.5    0.179283224596
290.625    0.179283224596
290.75    0.179283224596
290.875    0.179283224596
291.0    0.185146125659
291.125    0.185146125659
291.25    0.185146125659
291.375    0.185146125659
291.5    0.185539369023
291.625    0.185539369023
291.75    0.185592993118
291.875    0.185628742515
292.0    0.181508624542
292.125    0.181508624542
292.25    0.181508624542
292.375    0.181508624542
292.5    0.179810528197
292.625    0.179810528197
292.75    0.179810528197
292.875    0.179810528197
293.0    0.179604969166
293.125    0.179604969166
293.25    0.181347752257
293.375    0.181347752257
293.5    0.180909822147
293.625    0.180909822147
293.75    0.180909822147
293.875    0.180909822147
294.0    0.188551255698
294.125    0.188551255698
