0.0    0.147829956851
0.125    0.139200092877
0.25    0.150964571119
0.375    0.147220448521
0.5    0.145401598266
0.625    0.147926704205
0.75    0.156372748205
0.875    0.14940693872
1.0    0.145904684507
1.125    0.145953058184
1.25    0.147404268493
1.375    0.147384919022
1.5    0.146959230665
1.625    0.149097347188
1.75    0.14951336081
1.875    0.146698012809
2.0    0.141705849345
2.125    0.141570403049
2.25    0.141744548287
2.375    0.141425282019
2.5    0.137952052011
2.625    0.14684313384
2.75    0.146920531723
2.875    0.149968073373
3.0    0.14060292951
3.125    0.140215940094
3.25    0.14060292951
3.375    0.14096089472
3.5    0.146069155009
3.625    0.147849306321
3.75    0.141454306225
3.875    0.142402430294
4.0    0.148304018885
4.125    0.148449139916
4.25    0.147278496933
4.375    0.146978580136
4.5    0.142112188232
4.625    0.142228285056
4.75    0.142605599737
4.875    0.142083164025
5.0    0.151932044659
5.125    0.139596757029
5.25    0.139828950678
5.375    0.139683829647
5.5    0.143408602775
5.625    0.140515856891
5.75    0.140554555833
5.875    0.147094676961
6.0    0.147404268493
6.125    0.147829956851
6.25    0.141618776726
6.375    0.135127029276
6.5    0.139074321317
6.625    0.138638958224
6.75    0.13900659817
6.875    0.138948549757
7.0    0.141802596699
7.125    0.149213444012
7.25    0.141047967338
7.375    0.14207348929
7.5    0.143834291132
7.625    0.14232503241
7.75    0.143215108067
7.875    0.137516688919
8.0    0.138048799365
8.125    0.141425282019
8.25    0.140109518005
8.375    0.140090168534
8.5    0.142750720768
8.625    0.149494011339
8.75    0.148807105126
8.875    0.149010274569
9.0    0.141773572493
9.125    0.14158975252
9.25    0.141396257812
9.375    0.141725198816
9.5    0.143921363751
9.625    0.144124533194
9.75    0.142653973414
9.875    0.143244132273
10.0    0.143128035448
10.125    0.143834291132
10.25    0.144559896287
10.375    0.150084170198
10.5    0.136452468025
10.625    0.138609934018
10.75    0.140264313771
10.875    0.137584412066
11.0    0.139142044465
11.125    0.138213269867
11.25    0.142170236644
11.375    0.141705849345
11.5    0.139238791819
11.625    0.142102513496
11.75    0.141222112575
11.875    0.142528201854
12.0    0.139083996053
12.125    0.14329250595
12.25    0.142208935586
12.375    0.140303012713
12.5    0.144705017318
12.625    0.141783247228
12.75    0.142276658733
12.875    0.150742052205
13.0    0.140032120122
13.125    0.137100675297
13.25    0.15075172694
13.375    0.144724366789
13.5    0.143679495366
13.625    0.141318859929
13.75    0.142489502912
13.875    0.141976741936
14.0    0.145072657263
14.125    0.145072657263
14.25    0.144859813084
14.375    0.144501847874
14.5    0.145740214005
14.625    0.143234457538
14.75    0.143195758596
14.875    0.148342717827
15.0    0.142441129235
15.125    0.142441129235
15.25    0.142944215476
15.375    0.142547551324
15.5    0.143215108067
15.625    0.143747218514
15.75    0.142083164025
15.875    0.137042626884
16.0    0.141976741936
16.125    0.14171552408
16.25    0.132698670691
16.375    0.139857974884
16.5    0.139558058087
16.625    0.139645130706
16.75    0.139751552795
16.875    0.139751552795
17.0    0.138755055049
17.125    0.142441129235
17.25    0.143727869043
17.375    0.133482324258
17.5    0.137845629922
17.625    0.137487664712
17.75    0.134072483118
17.875    0.140554555833
18.0    0.143263481744
18.125    0.143814941661
18.25    0.143814941661
18.375    0.143128035448
18.5    0.144521197345
18.625    0.143408602775
18.75    0.141018943132
18.875    0.141754223022
19.0    0.14486948782
19.125    0.145295176177
19.25    0.145159729881
19.375    0.144743716259
19.5    0.141222112575
19.625    0.140989918926
19.75    0.141009268397
19.875    0.141270486252
20.0    0.144598595228
20.125    0.143437626981
20.25    0.143108685977
20.375    0.143427952246
20.5    0.143979412163
20.625    0.144414775256
20.75    0.143350554362
20.875    0.144463148933
21.0    0.146514192837
21.125    0.145517695091
21.25    0.144695342582
21.375    0.140999593661
21.5    0.141812271434
21.625    0.144879162555
21.75    0.14486948782
21.875    0.145208103558
22.0    0.144056810046
22.125    0.143989086898
22.25    0.144056810046
22.375    0.143447301716
22.5    0.138019775159
22.625    0.13839708984
22.75    0.140535206362
22.875    0.145333875119
23.0    0.14304096283
23.125    0.141115690486
23.25    0.140390085331
23.375    0.140254639036
23.5    0.140138542211
23.625    0.14585631083
23.75    0.143369903833
23.875    0.143814941661
24.0    0.146262649717
24.125    0.139045297111
24.25    0.139219442348
24.375    0.139461310733
24.5    0.141783247228
24.625    0.141986416672
24.75    0.141773572493
24.875    0.140090168534
25.0    0.136471817496
25.125    0.137187747915
25.25    0.137061976355
25.375    0.142247634527
25.5    0.146668988603
25.625    0.145740214005
25.75    0.136423443819
25.875    0.1452468025
26.0    0.145285501442
26.125    0.140670652658
26.25    0.141531704108
26.375    0.139054971847
26.5    0.144714692053
26.625    0.143989086898
26.75    0.135746212341
26.875    0.140293337977
27.0    0.13963545597
27.125    0.140032120122
27.25    0.137623111008
27.375    0.137419941565
27.5    0.141028617867
27.625    0.140825448424
27.75    0.138996923434
27.875    0.139519359146
28.0    0.142895841799
28.125    0.139596757029
28.25    0.135339873454
28.375    0.135630115516
28.5    0.143631121689
28.625    0.143660145895
28.75    0.144646968905
28.875    0.144646968905
29.0    0.143379578569
29.125    0.143824616397
29.25    0.133946711557
29.375    0.141202763104
29.5    0.139625781235
29.625    0.13841643931
29.75    0.137971401482
29.875    0.135871983901
30.0    0.13902594764
30.125    0.13925814129
30.25    0.139113020259
30.375    0.139674154912
30.5    0.144443799462
30.625    0.135204427159
30.75    0.13608482808
30.875    0.13682010797
31.0    0.139345213908
31.125    0.139142044465
31.25    0.1391517192
31.375    0.138300342486
31.5    0.13780693098
31.625    0.138880826609
31.75    0.138784079255
31.875    0.126216597976
32.0    0.143379578569
32.125    0.140622278981
32.25    0.140989918926
32.375    0.141415607283
32.5    0.129476983805
32.625    0.1385228614
32.75    0.139683829647
32.875    0.123256128945
33.0    0.136510516437
33.125    0.139180743407
33.25    0.138213269867
33.375    0.140873822101
33.5    0.138929200286
33.625    0.138958224493
33.75    0.138832452932
33.875    0.139964396974
34.0    0.13976122753
34.125    0.14011919274
34.25    0.139190418142
34.375    0.139238791819
34.5    0.140099843269
34.625    0.140099843269
34.75    0.140448133744
34.875    0.139354888644
35.0    0.140564230568
35.125    0.14402778584
35.25    0.141638126197
35.375    0.143456976452
35.5    0.140864147366
35.625    0.139732203324
35.75    0.142237959792
35.875    0.139848300149
36.0    0.140448133744
36.125    0.141551053579
36.25    0.138871151874
36.375    0.141841295641
36.5    0.139974071709
36.625    0.139558058087
36.75    0.139848300149
36.875    0.146185251833
37.0    0.140844797895
37.125    0.140719026335
37.25    0.140148216946
37.375    0.140254639036
37.5    0.138174570925
37.625    0.147771908438
37.75    0.125074979199
37.875    0.125674812794
38.0    0.148516863064
38.125    0.148603935682
38.25    0.146165902363
38.375    0.145217778294
38.5    0.143679495366
38.625    0.144801764672
38.75    0.141531704108
38.875    0.138551885606
39.0    0.137990750953
39.125    0.137700508891
39.25    0.140680327393
39.375    0.141386583077
39.5    0.139238791819
39.625    0.139113020259
39.75    0.139683829647
39.875    0.142160561909
40.0    0.138503511929
40.125    0.138716356108
40.25    0.139113020259
40.375    0.13974187806
40.5    0.142576575531
40.625    0.138967899228
40.75    0.13192469186
40.875    0.143582748012
41.0    0.142131537702
41.125    0.143718194307
41.25    0.14329250595
41.375    0.140157891682
41.5    0.143689170101
41.625    0.132031113949
41.75    0.132021439214
41.875    0.13205046342
42.0    0.138232619338
42.125    0.132166560245
42.25    0.138571235077
42.375    0.138929200286
42.5    0.139790251737
42.625    0.139790251737
42.75    0.139906348561
42.875    0.13950968441
43.0    0.140931870513
43.125    0.138126197249
43.25    0.139674154912
43.375    0.139925698032
43.5    0.140670652658
43.625    0.150567906968
43.75    0.140593254774
43.875    0.139335539173
44.0    0.143843965868
44.125    0.143843965868
44.25    0.14390201428
44.375    0.144588920493
44.5    0.144124533194
44.625    0.143282831215
44.75    0.143553723806
44.875    0.140332036919
45.0    0.139770902266
45.125    0.140341711654
45.25    0.141367233606
45.375    0.135185077688
45.5    0.150529208026
45.625    0.147239797992
45.75    0.147975077882
45.875    0.148497513593
46.0    0.132795418045
46.125    0.145237127765
46.25    0.145111356204
46.375    0.129012596505
46.5    0.134362725179
46.625    0.134236953619
46.75    0.133937036822
46.875    0.136626613262
47.0    0.142692672355
47.125    0.143263481744
47.25    0.140438459008
47.375    0.139819275943
47.5    0.141763897757
47.625    0.142818443916
47.75    0.132321356011
47.875    0.13291151487
48.0    0.135107679805
48.125    0.135446295544
48.25    0.135581741839
48.375    0.13682010797
48.5    0.140128867475
48.625    0.127580735667
48.75    0.134353050444
48.875    0.134894835626
49.0    0.127096998897
49.125    0.142663648149
49.25    0.136481492231
49.375    0.133714517908
49.5    0.14293454074
49.625    0.138716356108
49.75    0.142866817593
49.875    0.141241462046
50.0    0.13474003986
50.125    0.13669433641
50.25    0.136733035351
50.375    0.136733035351
50.5    0.138551885606
50.625    0.138068148836
50.75    0.135291499777
50.875    0.138619608754
51.0    0.137835955187
51.125    0.137661809949
51.25    0.138319691956
51.375    0.138851802403
51.5    0.137981076218
51.625    0.137864979393
51.75    0.13486581142
51.875    0.135049631393
52.0    0.136597589056
52.125    0.135784911283
52.25    0.133308179021
52.375    0.136752384822
52.5    0.132340705482
52.625    0.136578239585
52.75    0.127377566224
52.875    0.143263481744
53.0    0.146639964397
53.125    0.13486581142
53.25    0.137603761537
53.375    0.135871983901
53.5    0.141676825139
53.625    0.132998587489
53.75    0.129786575337
53.875    0.133182407461
54.0    0.140457808479
54.125    0.140631953716
54.25    0.14096089472
54.375    0.139074321317
54.5    0.132824442252
54.625    0.132930864341
54.75    0.136616938527
54.875    0.134333700973
55.0    0.138938875022
55.125    0.136162225963
55.25    0.136162225963
55.375    0.137390917358
55.5    0.131015266732
55.625    0.13059925311
55.75    0.13047348155
55.875    0.130309011049
56.0    0.134062808382
56.125    0.137661809949
56.25    0.136394419613
56.375    0.137545713125
56.5    0.134149881001
56.625    0.132214933922
56.75    0.144753390995
56.875    0.13768115942
57.0    0.137516688919
57.125    0.137835955187
57.25    0.138803428726
57.375    0.137584412066
57.5    0.13705230162
57.625    0.137284495269
57.75    0.137110350032
57.875    0.137671484685
58.0    0.128325690292
58.125    0.133830614733
58.25    0.130357384726
58.375    0.129892997427
58.5    0.133375902169
58.625    0.133327528492
58.75    0.132195584451
58.875    0.13255354966
59.0    0.136258973317
59.125    0.138010100424
59.25    0.139248466554
59.375    0.126448791626
59.5    0.130744374141
59.625    0.136578239585
59.75    0.136597589056
59.875    0.133182407461
60.0    0.13511735454
60.125    0.135978405991
60.25    0.135678489193
60.375    0.137932702541
60.5    0.136375070142
60.625    0.136907180589
60.75    0.137110350032
60.875    0.137110350032
61.0    0.137439291035
61.125    0.137003927943
61.25    0.137197422651
61.375    0.127754880904
61.5    0.132756719104
61.625    0.134430448327
61.75    0.130928194114
61.875    0.138029449895
62.0    0.13717807318
62.125    0.136733035351
62.25    0.135407596602
62.375    0.137623111008
62.5    0.138068148836
62.625    0.137013602678
62.75    0.137845629922
62.875    0.135417271338
63.0    0.127222770457
63.125    0.13009616687
63.25    0.141909018788
63.375    0.139558058087
63.5    0.136471817496
63.625    0.13694587953
63.75    0.136829782705
63.875    0.136578239585
64.0    0.135301174513
64.125    0.13585263443
64.25    0.134749714595
64.375    0.135001257716
64.5    0.134091832588
64.625    0.138010100424
64.75    0.140815773689
64.875    0.13509800507
65.0    0.13217623498
65.125    0.132456802306
65.25    0.132718020162
65.375    0.1324277781
65.5    0.136142876492
65.625    0.136249298582
65.75    0.136616938527
65.875    0.137100675297
66.0    0.140806098953
66.125    0.144192256342
66.25    0.134875486155
66.375    0.144879162555
66.5    0.136317021729
66.625    0.138435788781
66.75    0.138445463517
66.875    0.138813103462
67.0    0.135620440781
67.125    0.135291499777
67.25    0.136674986939
67.375    0.137835955187
67.5    0.14085447263
67.625    0.14121243784
67.75    0.131866643447
67.875    0.133985410499
68.0    0.142528201854
68.125    0.135320523984
68.25    0.135185077688
68.375    0.133811265262
68.5    0.133927362087
68.625    0.132079487626
68.75    0.13511735454
68.875    0.135407596602
69.0    0.136152551228
69.125    0.135301174513
69.25    0.134411098856
69.375    0.135281825042
69.5    0.133221106403
69.625    0.142770070239
69.75    0.133327528492
69.875    0.121601749192
70.0    0.134827112478
70.125    0.127155047309
70.25    0.121708171282
70.375    0.14011919274
70.5    0.137265145798
70.625    0.136452468025
70.75    0.136607263791
70.875    0.139393587585
71.0    0.143814941661
71.125    0.137265145798
71.25    0.137477989977
71.375    0.136471817496
71.5    0.136762059558
71.625    0.13646214276
71.75    0.136558890114
71.875    0.135659139723
72.0    0.137661809949
72.125    0.136810433235
72.25    0.137671484685
72.375    0.138242294073
72.5    0.136955554266
72.625    0.136955554266
72.75    0.136733035351
72.875    0.137458640506
73.0    0.13595905652
73.125    0.136829782705
73.25    0.136771734293
73.375    0.137729533097
73.5    0.134817437743
73.625    0.134585244094
73.75    0.134769064066
73.875    0.123855962539
74.0    0.123333526828
74.125    0.145266151971
74.25    0.136317021729
74.375    0.136491166967
74.5    0.133714517908
74.625    0.133985410499
74.75    0.12278206691
74.875    0.13608482808
75.0    0.134024109441
75.125    0.136365395406
75.25    0.140544881097
75.375    0.140399760067
75.5    0.138677657166
75.625    0.139374238115
75.75    0.13864863296
75.875    0.138687331901
76.0    0.129593080629
76.125    0.129951045839
76.25    0.130937868849
76.375    0.128993247035
76.5    0.135146378747
76.625    0.136423443819
76.75    0.134933534568
76.875    0.135252800836
77.0    0.144734041524
77.125    0.130038118457
77.25    0.126506840038
77.375    0.137565062596
77.5    0.142518527118
77.625    0.140506182156
77.75    0.125065304464
77.875    0.145179079352
78.0    0.135804260753
78.125    0.135813935489
78.25    0.137981076218
78.375    0.136907180589
78.5    0.136433118554
78.625    0.136510516437
78.75    0.136858806912
78.875    0.139016272905
79.0    0.136520191173
79.125    0.13644279329
79.25    0.137129699503
79.375    0.137236121592
79.5    0.137661809949
79.625    0.130821772025
79.75    0.129892997427
79.875    0.129834949014
80.0    0.137100675297
80.125    0.136936204795
80.25    0.135214101894
80.375    0.13595905652
80.5    0.137458640506
80.625    0.138677657166
80.75    0.138242294073
80.875    0.138010100424
81.0    0.12778390511
81.125    0.129980070045
81.25    0.128664306031
81.375    0.12923511542
81.5    0.138203595132
81.625    0.139325864438
81.75    0.137294170004
81.875    0.137468315242
82.0    0.130821772025
82.125    0.138890501345
82.25    0.130163890018
82.375    0.130666976258
82.5    0.128683655502
82.625    0.129089994389
82.75    0.12875137865
82.875    0.12875137865
83.0    0.130057467928
83.125    0.131915017124
83.25    0.130560554169
83.375    0.130560554169
83.5    0.12887715021
83.625    0.128799752327
83.75    0.133085660107
83.875    0.131537702444
84.0    0.136626613262
84.125    0.13717807318
84.25    0.137091000561
84.375    0.137129699503
84.5    0.137574737331
84.625    0.137574737331
84.75    0.139422611792
84.875    0.139935372768
85.0    0.133327528492
85.125    0.135572067104
85.25    0.133105009578
85.375    0.133782241056
85.5    0.140196590623
85.625    0.140235289565
85.75    0.140419109537
85.875    0.130202588959
86.0    0.134652967241
86.125    0.135204427159
86.25    0.134904510362
86.375    0.133346877963
86.5    0.135165728217
86.625    0.135920357578
86.75    0.133211431667
86.875    0.136413769083
87.0    0.136239623846
87.125    0.1324277781
87.25    0.133192082197
87.375    0.131866643447
87.5    0.136191250169
87.625    0.13644279329
87.75    0.136491166967
87.875    0.136607263791
88.0    0.134033784176
88.125    0.133221106403
88.25    0.134788413537
88.375    0.1357075134
88.5    0.132069812891
88.625    0.131866643447
88.75    0.131053965674
88.875    0.131150713028
89.0    0.136965229001
89.125    0.136674986939
89.25    0.137013602678
89.375    0.13707165109
89.5    0.131237785647
89.625    0.130231613165
89.75    0.130908844643
89.875    0.130666976258
90.0    0.127396915694
90.125    0.131131363557
90.25    0.137632785743
90.375    0.137894003599
90.5    0.131856968712
90.625    0.134846461949
90.75    0.134846461949
90.875    0.136191250169
91.0    0.134827112478
91.125    0.13499158298
91.25    0.134633617771
91.375    0.136239623846
91.5    0.138251968809
91.625    0.138251968809
91.75    0.13730384474
91.875    0.129496333275
92.0    0.132572899131
92.125    0.132572899131
92.25    0.131905342389
92.375    0.132031113949
92.5    0.134769064066
92.625    0.134053133647
92.75    0.132669646485
92.875    0.134014434705
93.0    0.132843791722
93.125    0.134556219887
93.25    0.135194752424
93.375    0.135001257716
93.5    0.131276484588
93.625    0.131760221358
93.75    0.139703179118
93.875    0.132611598073
94.0    0.131615100327
94.125    0.132031113949
94.25    0.132108511832
94.375    0.131866643447
94.5    0.132621272808
94.625    0.132582573867
94.75    0.131731197152
94.875    0.13976122753
95.0    0.133201756932
95.125    0.1335210232
95.25    0.134198254678
95.375    0.133966061028
95.5    0.134033784176
95.625    0.134314351502
95.75    0.133782241056
95.875    0.134120856795
96.0    0.132418103365
96.125    0.132572899131
96.25    0.132060138155
96.375    0.131508678238
96.5    0.133085660107
96.625    0.133356552698
96.75    0.133453300052
96.875    0.135533368162
97.0    0.132727694898
97.125    0.132863141193
97.25    0.132727694898
97.375    0.133008262224
97.5    0.128325690292
97.625    0.137729533097
97.75    0.137139374238
97.875    0.137419941565
98.0    0.134585244094
98.125    0.132805092781
98.25    0.132863141193
98.375    0.134440123063
98.5    0.13339525164
98.625    0.133501673729
98.75    0.134140206265
98.875    0.143563398541
99.0    0.136936204795
99.125    0.137110350032
99.25    0.134053133647
99.375    0.133472649523
99.5    0.134556219887
99.625    0.13389833788
99.75    0.134246628355
99.875    0.136278322788
100.0    0.1296124301
100.125    0.135204427159
100.25    0.136587914321
100.375    0.135339873454
100.5    0.130105841605
100.625    0.130018768987
100.75    0.130047793193
100.875    0.130028443722
101.0    0.129583405894
101.125    0.128770728121
101.25    0.129273814361
101.375    0.130560554169
101.5    0.136704011145
101.625    0.137855304657
101.75    0.137632785743
101.875    0.138184245661
102.0    0.137468315242
102.125    0.137719858362
102.25    0.136781409028
102.375    0.133666144231
102.5    0.13707165109
102.625    0.137110350032
102.75    0.138619608754
102.875    0.139229117084
103.0    0.137110350032
103.125    0.138077823572
103.25    0.138803428726
103.375    0.138706681372
103.5    0.135813935489
103.625    0.135813935489
103.75    0.135862309166
103.875    0.134178905207
104.0    0.131179737234
104.125    0.131295834059
104.25    0.130057467928
104.375    0.130541204698
104.5    0.134295002032
104.625    0.13438207465
104.75    0.134353050444
104.875    0.133869313674
105.0    0.137942377276
105.125    0.13841643931
105.25    0.136287997523
105.375    0.13829066775
105.5    0.13585263443
105.625    0.136713685881
105.75    0.137216772121
105.875    0.136539540644
106.0    0.132495501248
106.125    0.132843791722
106.25    0.132708345427
106.375    0.132708345427
106.5    0.135794586018
106.625    0.136317021729
106.75    0.135697838664
106.875    0.137584412066
107.0    0.135156053482
107.125    0.135185077688
107.25    0.134981908245
107.375    0.134981908245
107.5    0.136771734293
107.625    0.134565894623
107.75    0.134565894623
107.875    0.143718194307
108.0    0.138087498307
108.125    0.136055803874
108.25    0.138813103462
108.375    0.133946711557
108.5    0.134769064066
108.625    0.134652967241
108.75    0.134962558774
108.875    0.135059306128
109.0    0.133105009578
109.125    0.134120856795
109.25    0.134120856795
109.375    0.128103171378
109.5    0.138058474101
109.625    0.138145546719
109.75    0.138251968809
109.875    0.138387415104
110.0    0.138726030843
110.125    0.138755055049
110.25    0.138658307695
110.375    0.139122694994
110.5    0.136907180589
110.625    0.137236121592
110.75    0.137361893152
110.875    0.137448965771
111.0    0.141560728314
111.125    0.14169617461
111.25    0.141967067201
111.375    0.141744548287
111.5    0.129680153248
111.625    0.129012596505
111.75    0.127812929316
111.875    0.127261469399
112.0    0.14096089472
112.125    0.14146398096
112.25    0.142092838761
112.375    0.139567732823
112.5    0.135668814458
112.625    0.136433118554
112.75    0.136558890114
112.875    0.136375070142
113.0    0.13585263443
113.125    0.13644279329
113.25    0.130231613165
113.375    0.127271144134
113.5    0.127696832492
113.625    0.127754880904
113.75    0.140332036919
113.875    0.140438459008
114.0    0.135407596602
114.125    0.135504343956
114.25    0.135320523984
114.375    0.135001257716
114.5    0.129873647956
114.625    0.130183239488
114.75    0.130560554169
114.875    0.130560554169
115.0    0.136094502815
115.125    0.135688163929
115.25    0.136007430197
115.375    0.135949381784
115.5    0.138619608754
115.625    0.137381242623
115.75    0.138513186664
115.875    0.137361893152
116.0    0.134681991448
116.125    0.134498171475
116.25    0.134952884039
116.375    0.135068980863
116.5    0.131586076121
116.625    0.131489328767
116.75    0.129322188038
116.875    0.1324277781
117.0    0.128335365028
117.125    0.128480486059
117.25    0.128480486059
117.375    0.130792747818
117.5    0.139219442348
117.625    0.139519359146
117.75    0.131179737234
117.875    0.130589578375
118.0    0.132988912753
118.125    0.131905342389
118.25    0.131905342389
118.375    0.131905342389
118.5    0.138000425688
118.625    0.138097173042
118.75    0.138261643544
118.875    0.138658307695
119.0    0.136674986939
119.125    0.136868481647
119.25    0.137023277413
119.375    0.137042626884
120.0    0.135001257716
120.125    0.135272150307
120.25    0.1363363712
120.375    0.136278322788
120.5    0.129409260657
120.625    0.129689827983
120.75    0.129689827983
120.875    0.130028443722
121.0    0.131073315145
121.125    0.131044290939
121.25    0.130502505756
121.375    0.131508678238
121.5    0.13156672665
121.625    0.13156672665
121.75    0.131856968712
121.875    0.132205259186
122.0    0.129060970182
122.125    0.128848126004
122.25    0.130386408932
122.375    0.130899169908
122.5    0.130608927846
122.625    0.13083144676
122.75    0.130986242526
122.875    0.130947543585
123.0    0.134246628355
123.125    0.136800758499
123.25    0.136916855324
123.375    0.135010932451
123.5    0.133433950581
123.625    0.133433950581
123.75    0.133414601111
123.875    0.133134033784
124.0    0.132147210774
124.125    0.131885992918
124.25    0.138987248699
124.375    0.13816489619
124.5    0.13400475997
124.625    0.13400475997
124.75    0.13400475997
124.875    0.134043458911
125.0    0.132805092781
125.125    0.132921189605
125.25    0.133134033784
125.375    0.133579071612
125.5    0.131653799269
125.625    0.131237785647
125.75    0.131392581413
125.875    0.131750546623
126.0    0.134372399915
126.125    0.133849964203
126.25    0.13425630309
126.375    0.134295002032
126.5    0.133124359049
126.625    0.132998587489
126.75    0.13291151487
126.875    0.13291151487
127.0    0.133811265262
127.125    0.132253632863
127.25    0.13230200654
127.375    0.132234283392
127.5    0.133414601111
127.625    0.133414601111
127.75    0.133540372671
127.875    0.133540372671
128.0    0.129544706952
128.125    0.130995917262
128.25    0.132456802306
128.375    0.132476151777
128.5    0.13265997175
128.625    0.132601923337
128.75    0.132930864341
128.875    0.133501673729
129.0    0.12803544823
129.125    0.128180569261
129.25    0.128074147172
129.375    0.128074147172
129.5    0.133811265262
129.625    0.134362725179
129.75    0.134207929413
129.875    0.134072483118
130.0    0.131092664616
130.125    0.134517520946
130.25    0.135204427159
130.375    0.135175402953
130.5    0.133201756932
130.625    0.132456802306
130.75    0.133569396877
130.875    0.133869313674
131.0    0.131779570829
131.125    0.131905342389
131.25    0.132930864341
131.375    0.13120876144
131.5    0.132147210774
131.625    0.132205259186
131.75    0.132882490664
131.875    0.131237785647
132.0    0.130899169908
132.125    0.131005591997
132.25    0.131005591997
132.375    0.131005591997
132.5    0.129960720574
132.625    0.129999419516
132.75    0.130937868849
132.875    0.131179737234
133.0    0.131557051915
133.125    0.132727694898
133.25    0.131750546623
133.375    0.131982740272
133.5    0.133240455874
133.625    0.130134865811
133.75    0.13034770999
133.875    0.124184903543
134.0    0.135252800836
134.125    0.134798088272
134.25    0.135165728217
134.375    0.13486581142
134.5    0.129022271241
134.625    0.129109343859
134.75    0.130192914224
134.875    0.130192914224
135.0    0.130483156286
135.125    0.129186741743
135.25    0.129186741743
135.375    0.129467309069
135.5    0.133579071612
135.625    0.132940539076
135.75    0.132166560245
135.875    0.134111182059
136.0    0.129331862774
136.125    0.129476983805
136.25    0.129554381688
136.375    0.129476983805
136.5    0.129312513303
136.625    0.12900292177
136.75    0.129051295447
136.875    0.130028443722
137.0    0.128635281825
137.125    0.128886824945
137.25    0.129302838567
137.375    0.129302838567
137.5    0.12862560709
137.625    0.128973897564
137.75    0.129293163832
137.875    0.130415433138
138.0    0.132776068575
138.125    0.132766393839
138.25    0.132021439214
138.375    0.132756719104
138.5    0.127116348368
138.625    0.127116348368
138.75    0.126497165303
138.875    0.114510168147
139.0    0.132601923337
139.125    0.132601923337
139.25    0.133550047406
139.375    0.133540372671
139.5    0.128635281825
139.625    0.130870145702
139.75    0.130870145702
139.875    0.131450629825
140.0    0.122569222732
140.125    0.122569222732
140.25    0.128054797701
140.375    0.129370561715
140.5    0.127077649426
140.625    0.127464638842
140.75    0.127687157756
140.875    0.12778390511
141.0    0.126787407364
141.125    0.136065478609
141.25    0.128722354444
141.375    0.128122520849
141.5    0.131053965674
141.625    0.131053965674
141.75    0.131053965674
141.875    0.131053965674
142.0    0.130434782609
142.125    0.130434782609
142.25    0.130434782609
142.375    0.130434782609
142.5    0.126632611598
142.625    0.126748708423
142.75    0.126748708423
142.875    0.127309843076
143.0    0.128228942938
143.125    0.128199918732
143.25    0.128615932354
143.375    0.129225440684
143.5    0.125897331708
143.625    0.12618757377
143.75    0.12618757377
143.875    0.125994079062
144.0    0.133192082197
144.125    0.133192082197
144.25    0.132814767516
144.375    0.133182407461
144.5    0.122491824849
144.625    0.122482150113
144.75    0.135136704011
144.875    0.135136704011
145.0    0.12608115168
145.125    0.12608115168
145.25    0.125926355914
145.375    0.12459124243
145.5    0.123923685687
145.625    0.123923685687
145.75    0.123923685687
145.875    0.124658965577
146.0    0.130715349935
146.125    0.130270312107
146.25    0.130357384726
146.375    0.130889495172
146.5    0.126729358952
146.625    0.127067974691
146.75    0.126506840038
146.875    0.128170894526
147.0    0.128615932354
147.125    0.128364389234
147.25    0.128325690292
147.375    0.128673980767
147.5    0.131992415007
147.625    0.131992415007
147.75    0.132166560245
147.875    0.131856968712
148.0    0.12801609876
148.125    0.128238617674
148.25    0.128548209206
148.375    0.12803544823
148.5    0.124755712931
148.625    0.125210425495
148.75    0.125258799172
148.875    0.12532652232
149.0    0.126448791626
149.125    0.125800584354
149.25    0.125907006443
149.375    0.129515682746
149.5    0.119831272615
149.625    0.119782898938
149.75    0.119782898938
149.875    0.125984404327
150.0    0.129467309069
150.125    0.129467309069
150.25    0.129351212244
150.375    0.129351212244
150.5    0.131537702444
150.625    0.128470811323
150.75    0.128741703914
150.875    0.122840115323
151.0    0.129380236451
151.125    0.129554381688
151.25    0.129641454306
151.375    0.129718852189
151.5    0.128112846114
151.625    0.126980902072
151.75    0.127067974691
151.875    0.127880652464
152.0    0.123691492038
152.125    0.12349799733
152.25    0.12349799733
152.375    0.124436446663
152.5    0.124407422457
152.625    0.125065304464
152.75    0.125307172849
152.875    0.125287823378
153.0    0.125123352876
153.125    0.125365221261
153.25    0.125442619144
153.375    0.125442619144
153.5    0.125471643351
153.625    0.127009926279
153.75    0.126129525357
153.875    0.126100501151
154.0    0.113194404133
154.125    0.113194404133
154.25    0.119782898938
154.375    0.119782898938
154.5    0.130870145702
154.625    0.130870145702
154.75    0.130870145702
154.875    0.131266809853
155.0    0.131092664616
155.125    0.131015266732
155.25    0.131102339351
155.375    0.131102339351
155.5    0.126293995859
155.625    0.12631334533
155.75    0.125810259089
155.875    0.12582960856
156.0    0.128973897564
156.125    0.129351212244
156.25    0.129389911186
156.375    0.126352044272
156.5    0.124784737137
156.625    0.124784737137
156.75    0.124678315048
156.875    0.124678315048
157.0    0.126961552602
157.125    0.127377566224
157.25    0.127261469399
157.375    0.127648458815
157.5    0.1267970821
157.625    0.126980902072
157.75    0.126719684217
157.875    0.126980902072
158.0    0.129805924808
158.125    0.129805924808
158.25    0.129980070045
158.375    0.130192914224
158.5    0.128683655502
158.625    0.128596582883
158.75    0.128577233413
158.875    0.128577233413
159.0    0.130038118457
159.125    0.130038118457
159.25    0.130115516341
159.375    0.130115516341
159.5    0.129012596505
159.625    0.129012596505
159.75    0.129012596505
159.875    0.129283489097
160.0    0.126381068478
160.125    0.12643911689
160.25    0.126477815832
160.375    0.126477815832
160.5    0.127967725083
160.625    0.127967725083
160.75    0.127841953523
160.875    0.127841953523
161.0    0.128432112382
161.125    0.128122520849
161.25    0.128741703914
161.375    0.128886824945
161.5    0.127387240959
161.625    0.127387240959
161.75    0.127367891488
161.875    0.127367891488
162.0    0.12887715021
162.125    0.12923511542
162.25    0.129467309069
162.375    0.130270312107
162.5    0.126990576808
162.625    0.126197248505
162.75    0.113803912463
162.875    0.113794237728
163.0    0.123362551034
163.125    0.123362551034
163.25    0.123362551034
163.375    0.12349799733
163.5    0.125152377083
163.625    0.124465470869
163.75    0.124465470869
163.875    0.124775062402
164.0    0.131005591997
164.125    0.131160387763
164.25    0.131160387763
164.375    0.131160387763
164.5    0.127145372574
164.625    0.126980902072
164.75    0.126168224299
164.875    0.126255296918
165.0    0.125510342292
165.125    0.125916681179
165.25    0.123546371007
165.375    0.124204253014
165.5    0.125316847584
165.625    0.125316847584
165.75    0.125587740175
165.875    0.125587740175
166.0    0.128325690292
166.125    0.128325690292
166.25    0.128325690292
166.375    0.128374063969
166.5    0.126303670595
166.625    0.126303670595
166.75    0.126332694801
166.875    0.124571892959
167.0    0.133308179021
167.125    0.133027611695
167.25    0.133008262224
167.375    0.124165554072
167.5    0.127977399818
167.625    0.127977399818
167.75    0.128509510265
167.875    0.128509510265
168.0    0.126584237921
168.125    0.12459124243
168.25    0.123207755268
168.375    0.124126855131
168.5    0.127716181962
168.625    0.128412762911
168.75    0.128151545055
168.875    0.126787407364
169.0    0.129293163832
169.125    0.129293163832
169.25    0.128451461853
169.375    0.128451461853
169.5    0.125026605522
169.625    0.125026605522
169.75    0.129302838567
169.875    0.129564056423
170.0    0.129728526925
170.125    0.129728526925
170.25    0.129689827983
170.375    0.129709177454
170.5    0.124639616107
170.625    0.124639616107
170.75    0.124639616107
170.875    0.124639616107
171.0    0.129215765949
171.125    0.1167934057
171.25    0.117325516147
171.375    0.11738356456
171.5    0.122917513206
171.625    0.125316847584
171.75    0.12326580368
171.875    0.123149706856
172.0    0.12803544823
172.125    0.12803544823
172.25    0.115613087982
172.375    0.127987074554
172.5    0.125752210677
172.625    0.118921847487
172.75    0.125142702347
172.875    0.112817089453
173.0    0.126961552602
173.125    0.127077649426
173.25    0.12692285366
173.375    0.121011590333
173.5    0.128277316615
173.625    0.127977399818
173.75    0.128364389234
173.875    0.128364389234
174.0    0.120034442058
174.125    0.128838451268
174.25    0.128838451268
174.375    0.128935198622
174.5    0.127696832492
174.625    0.127454964107
174.75    0.128083821907
174.875    0.127551711461
175.0    0.12496855711
175.125    0.12496855711
175.25    0.12496855711
175.375    0.12496855711
175.5    0.120672974594
175.625    0.120731023007
175.75    0.121534026044
175.875    0.120140864147
176.0    0.131576401385
176.125    0.131663474004
176.25    0.130028443722
176.375    0.128983572299
176.5    0.131992415007
176.625    0.130715349935
176.75    0.130715349935
176.875    0.130425107873
177.0    0.12374954045
177.125    0.12374954045
177.25    0.12374954045
177.375    0.123894661481
177.5    0.128848126004
177.625    0.128780402856
177.75    0.13009616687
177.875    0.130144540547
178.0    0.126622936863
178.125    0.12667131054
178.25    0.12667131054
178.375    0.128722354444
178.5    0.131528027708
178.625    0.131528027708
178.75    0.132456802306
178.875    0.131489328767
179.0    0.130134865811
179.125    0.130086492134
179.25    0.130086492134
179.375    0.130086492134
180.0    0.128209593468
180.125    0.12839341344
180.25    0.128432112382
180.375    0.128509510265
180.5    0.12778390511
180.625    0.127716181962
180.75    0.127716181962
180.875    0.12765813355
181.0    0.126584237921
181.125    0.126584237921
181.25    0.126584237921
181.375    0.126584237921
181.5    0.131663474004
181.625    0.131663474004
181.75    0.131663474004
181.875    0.131053965674
182.0    0.123227104739
182.125    0.122491824849
182.25    0.123459298388
182.375    0.122491824849
182.5    0.128103171378
182.625    0.128190243997
182.75    0.128199918732
182.875    0.127745206169
183.0    0.127619434608
183.125    0.127619434608
183.25    0.127735531433
183.375    0.129757551131
183.5    0.120711673536
183.625    0.120431106209
183.75    0.119986068381
183.875    0.120518178828
184.0    0.12435904878
184.125    0.12435904878
184.25    0.12227898067
184.375    0.125191076024
184.5    0.129312513303
184.625    0.128925523887
184.75    0.128925523887
184.875    0.129447959598
185.0    0.127948375612
185.125    0.127948375612
185.25    0.127948375612
185.375    0.127948375612
185.5    0.130076817399
185.625    0.129506008011
185.75    0.120140864147
185.875    0.120179563089
186.0    0.121630773398
186.125    0.121340531336
186.25    0.121079313481
186.375    0.121534026044
186.5    0.12143727869
186.625    0.121979063873
186.75    0.122191908051
186.875    0.123681817302
187.0    0.12471701399
187.125    0.123788239392
187.25    0.123826938333
187.375    0.125036280258
187.5    0.120537528299
187.625    0.122849790058
187.75    0.123043284766
187.875    0.123285153151
188.0    0.122259631199
188.125    0.123972059364
188.25    0.123846287804
188.375    0.123159381591
188.5    0.127793579846
188.625    0.127793579846
188.75    0.129370561715
188.875    0.128354714499
189.0    0.123188405797
189.125    0.123004585825
189.25    0.124562218223
189.375    0.125045954993
189.5    0.124310675103
189.625    0.124997581316
189.75    0.124533194017
189.875    0.124533194017
190.0    0.130396083667
190.125    0.131731197152
190.25    0.130192914224
190.375    0.130995917262
190.5    0.130173564753
190.625    0.130173564753
190.75    0.131121688822
190.875    0.131344207736
191.0    0.129902672162
191.125    0.130144540547
191.25    0.130125191076
191.375    0.117557709797
191.5    0.119299162168
191.625    0.119541030553
191.75    0.120421431474
191.875    0.120218262031
192.0    0.123081983708
192.125    0.123556045742
192.25    0.123536696271
192.375    0.123536696271
192.5    0.124600917165
192.625    0.124813761344
192.75    0.125403920203
192.875    0.125461968615
193.0    0.11763510768
193.125    0.114858458621
193.25    0.112226930593
193.375    0.112294653741
193.5    0.12473636346
193.625    0.12473636346
193.75    0.125181401289
193.875    0.125181401289
194.0    0.122308004876
194.125    0.122308004876
194.25    0.122356378553
194.375    0.12240475223
194.5    0.123081983708
194.625    0.122869139529
194.75    0.122375728024
194.875    0.122375728024
195.0    0.121853292312
195.125    0.122008088079
195.25    0.122936862677
195.375    0.122936862677
195.5    0.125790909619
195.625    0.125481318086
195.75    0.125481318086
195.875    0.124678315048
196.0    0.122395077495
196.125    0.122453125907
196.25    0.122820765852
196.375    0.122820765852
196.5    0.125249124436
196.625    0.116203246841
196.75    0.117441612972
196.875    0.125549041234
197.0    0.126903504189
197.125    0.126884154718
197.25    0.11750933612
197.375    0.117838277123
197.5    0.120663299859
197.625    0.121147036629
197.75    0.120711673536
197.875    0.121737195488
198.0    0.119879646292
198.125    0.119879646292
198.25    0.119879646292
198.375    0.119947369439
198.5    0.123972059364
198.625    0.124262301426
198.75    0.122917513206
198.875    0.122917513206
199.0    0.124204253014
199.125    0.124204253014
199.25    0.124446121399
199.375    0.1239817341
199.5    0.125152377083
199.625    0.125249124436
199.75    0.125394245467
199.875    0.125394245467
200.0    0.125210425495
200.125    0.125191076024
200.25    0.125413594938
200.375    0.125839283296
200.5    0.124978231845
200.625    0.125384570732
200.75    0.125065304464
200.875    0.125065304464
201.0    0.125636113852
201.125    0.12227898067
201.25    0.122346703818
201.375    0.123159381591
201.5    0.124697664519
201.625    0.126293995859
201.75    0.126429442155
201.875    0.12534587179
202.0    0.121969389137
202.125    0.119221764285
202.25    0.119086317989
202.375    0.120411756738
202.5    0.123672142567
202.625    0.123362551034
202.75    0.122627271144
202.875    0.123198080533
203.0    0.122559547996
203.125    0.122811091117
203.25    0.12362376889
203.375    0.123701166773
203.5    0.125084653935
203.625    0.12410750566
203.75    0.122927187941
203.875    0.12349799733
204.0    0.121756544959
204.125    0.118650954896
204.25    0.123120682649
204.375    0.123120682649
204.5    0.122453125907
204.625    0.121524351309
204.75    0.120914842979
204.875    0.121166386099
205.0    0.121833942842
205.125    0.125007256052
205.25    0.124862135021
205.375    0.12410750566
205.5    0.124291325632
205.625    0.123207755268
205.75    0.12606180221
205.875    0.12448482034
206.0    0.120614926182
206.125    0.120024767323
206.25    0.120547203034
206.375    0.120760047213
206.5    0.119763549467
206.625    0.119763549467
206.75    0.120169888354
206.875    0.120169888354
207.0    0.121717846017
207.125    0.121717846017
207.25    0.123256128945
207.375    0.121843617577
207.5    0.122017762814
207.625    0.122114510168
207.75    0.122114510168
207.875    0.121843617577
208.0    0.119570054759
208.125    0.121108337687
208.25    0.119705501055
208.375    0.119260463226
208.5    0.12410750566
208.625    0.124388072986
208.75    0.12435904878
208.875    0.12435904878
209.0    0.122859464794
209.125    0.122559547996
209.25    0.122249956464
209.375    0.123052959502
209.5    0.120972891391
209.625    0.120972891391
209.75    0.120972891391
209.875    0.1189798959
210.0    0.115922679515
210.125    0.116532187845
210.25    0.126042452739
210.375    0.121466302897
210.5    0.121659797605
210.625    0.121659797605
210.75    0.121833942842
210.875    0.12227898067
211.0    0.121330856601
211.125    0.121330856601
211.25    0.122037112285
211.375    0.122037112285
211.5    0.121282482924
211.625    0.121282482924
211.75    0.123381900505
211.875    0.123111007914
212.0    0.120053791529
212.125    0.12032468412
212.25    0.122859464794
212.375    0.122849790058
212.5    0.118825100134
212.625    0.120189237824
212.75    0.120218262031
212.875    0.119347535845
213.0    0.123198080533
213.125    0.123198080533
213.25    0.122888489
213.375    0.120140864147
213.5    0.120169888354
213.625    0.120169888354
213.75    0.120169888354
213.875    0.122414426965
214.0    0.12240475223
214.125    0.122346703818
214.25    0.122346703818
214.375    0.122472475378
214.5    0.108211915404
214.625    0.107824925988
214.75    0.108163541727
214.875    0.116909502525
215.0    0.121592074457
215.125    0.119192740079
215.25    0.119502331611
215.375    0.119618428436
215.5    0.123052959502
215.625    0.123401249976
215.75    0.12339157524
215.875    0.123691492038
216.0    0.123817263598
216.125    0.123681817302
216.25    0.123739865715
216.375    0.123285153151
216.5    0.123643118361
216.625    0.122501499584
216.75    0.122888489
216.875    0.122956212148
217.0    0.121011590333
217.125    0.12045045568
217.25    0.120073141
217.375    0.118612255955
217.5    0.12509432867
217.625    0.124987906581
217.75    0.125055629729
217.875    0.124707339254
218.0    0.131508678238
218.125    0.119008920106
218.25    0.11971517579
218.375    0.120344033591
218.5    0.118544532807
218.625    0.118525183336
218.75    0.118660629632
218.875    0.119908670498
219.0    0.128935198622
219.125    0.128935198622
219.25    0.128151545055
219.375    0.129302838567
219.5    0.127735531433
219.625    0.127019601014
219.75    0.127019601014
219.875    0.128045122966
220.0    0.12912869333
220.125    0.12936088698
220.25    0.113668466167
220.375    0.129196416478
220.5    0.122965886883
220.625    0.123430274182
220.75    0.123546371007
220.875    0.123188405797
221.0    0.121263133453
221.125    0.120150538883
221.25    0.120266635708
221.375    0.120460130415
221.5    0.122472475378
221.625    0.122491824849
221.75    0.124755712931
221.875    0.124320349838
222.0    0.125752210677
222.125    0.122424101701
222.25    0.122733693233
222.375    0.123178731062
222.5    0.121166386099
222.625    0.121998413343
222.75    0.120876144037
222.875    0.121592074457
223.0    0.121582399721
223.125    0.121379230278
223.25    0.121205085041
223.375    0.117915675006
223.5    0.122414426965
223.625    0.122414426965
223.75    0.122395077495
223.875    0.122143534374
224.0    0.128228942938
224.125    0.128345039763
224.25    0.128345039763
224.375    0.129447959598
224.5    0.121824268106
224.625    0.121756544959
224.75    0.123294827886
224.875    0.12337222577
225.0    0.125123352876
225.125    0.124997581316
225.25    0.125007256052
225.375    0.124910508698
225.5    0.126032778004
225.625    0.126400417949
225.75    0.127000251543
225.875    0.124649290842
226.0    0.124397747722
226.125    0.124330024574
226.25    0.125084653935
226.375    0.124252626691
226.5    0.124271976161
226.625    0.124204253014
226.75    0.121456628161
226.875    0.122143534374
227.0    0.127725856698
227.125    0.127290493605
227.25    0.127638784079
227.375    0.128045122966
227.5    0.12826764188
227.625    0.12900292177
227.75    0.129080319653
227.875    0.123836613069
228.0    0.122830440587
228.125    0.123430274182
228.25    0.12278206691
228.375    0.131847293977
228.5    0.12790967667
228.625    0.128906174416
228.75    0.128780402856
228.875    0.128712679708
229.0    0.119957044175
229.125    0.116851454113
229.25    0.120469805151
229.375    0.120382732532
229.5    0.118776726457
229.625    0.118844449604
229.75    0.121127687158
229.875    0.129535032217
230.0    0.125984404327
230.125    0.125549041234
230.25    0.126148874828
230.375    0.126516514773
230.5    0.132708345427
230.625    0.130995917262
230.75    0.131992415007
230.875    0.130792747818
231.0    0.123362551034
231.125    0.125520017028
231.25    0.126342369536
231.375    0.125394245467
231.5    0.129602755365
231.625    0.123710841508
231.75    0.123962384629
231.875    0.12643911689
232.0    0.130792747818
232.125    0.131073315145
232.25    0.135659139723
232.375    0.134662641977
232.5    0.133530697935
232.625    0.131257135117
232.75    0.132398753894
232.875    0.133830614733
233.0    0.129651129042
233.125    0.129902672162
233.25    0.126864805248
233.375    0.127029275749
233.5    0.131915017124
233.625    0.132447127571
233.75    0.131450629825
233.875    0.129825274279
234.0    0.133192082197
234.125    0.122308004876
234.25    0.127106673632
234.375    0.127232445193
234.5    0.122191908051
234.625    0.122191908051
234.75    0.129041620712
234.875    0.129892997427
235.0    0.131682823475
235.125    0.130889495172
235.25    0.131760221358
235.375    0.132688995956
235.5    0.129389911186
235.625    0.123517346801
235.75    0.13509800507
235.875    0.122985236354
236.0    0.145778912947
236.125    0.124446121399
236.25    0.12326580368
236.375    0.131063640409
236.5    0.133453300052
236.625    0.134333700973
236.75    0.135165728217
236.875    0.134759389331
237.0    0.130889495172
237.125    0.130463806815
237.25    0.132156885509
237.375    0.128925523887
237.5    0.129583405894
237.625    0.130396083667
237.75    0.131257135117
237.875    0.131237785647
238.0    0.133656469496
238.125    0.131450629825
238.25    0.132843791722
238.375    0.131615100327
238.5    0.131702172946
238.625    0.13278574331
238.75    0.132824442252
238.875    0.134652967241
239.0    0.12301426056
239.125    0.129834949014
239.25    0.124213927749
239.375    0.123768889921
240.0    0.132389079159
240.125    0.131885992918
240.25    0.132214933922
240.375    0.131827944506
240.5    0.133927362087
240.625    0.13108298988
240.75    0.131034616203
240.875    0.13339525164
241.0    0.132156885509
241.125    0.132921189605
241.25    0.135088330334
241.375    0.133695168437
241.5    0.123884986746
241.625    0.12410750566
241.75    0.123914010952
241.875    0.123033610031
242.0    0.124310675103
242.125    0.124281650897
242.25    0.12400108357
242.375    0.122791741646
242.5    0.123323852093
242.625    0.121727520752
242.75    0.120663299859
242.875    0.122888489
243.0    0.130463806815
243.125    0.128180569261
243.25    0.12704862522
243.375    0.128354714499
243.5    0.121466302897
243.625    0.124301000368
243.75    0.125926355914
243.875    0.126497165303
244.0    0.122124184904
244.125    0.122240281728
244.25    0.122559547996
244.375    0.12143727869
244.5    0.11715137091
244.625    0.116909502525
244.75    0.118331688628
244.875    0.118002747625
245.0    0.132853466458
245.125    0.132398753894
245.25    0.129389911186
245.375    0.127919351406
245.5    0.124871809756
245.625    0.124871809756
245.75    0.12484278555
245.875    0.124862135021
246.0    0.124010758306
246.125    0.125423269674
246.25    0.12618757377
246.375    0.124271976161
246.5    0.124746038196
246.625    0.117489986649
246.75    0.119744199996
246.875    0.118099494979
247.0    0.120402082003
247.125    0.117673806621
247.25    0.123681817302
247.375    0.124852460285
247.5    0.130115516341
247.625    0.117015924614
247.75    0.115738859542
247.875    0.128403088176
248.0    0.124252626691
248.125    0.124010758306
248.25    0.124533194017
248.375    0.125065304464
248.5    0.119908670498
248.625    0.118863799075
248.75    0.125384570732
248.875    0.126013428533
249.0    0.118418761247
249.125    0.118128519185
249.25    0.118031771831
249.375    0.117373889824
249.5    0.117219094058
249.625    0.117219094058
249.75    0.114277974497
249.875    0.112952535748
250.0    0.113533019872
250.125    0.11666763414
250.25    0.117132021439
250.375    0.117548035061
250.5    0.123169056326
250.625    0.122230606993
250.75    0.122607921673
250.875    0.12215320911
251.0    0.114306998704
251.125    0.113668466167
251.25    0.113755538786
251.375    0.110417755074
251.5    0.104051779184
251.625    0.109063292119
251.75    0.103084305644
251.875    0.102561869933
252.0    0.120856794567
252.125    0.120731023007
252.25    0.122095160697
252.375    0.122124184904
252.5    0.123739865715
252.625    0.126971227337
252.75    0.127019601014
252.875    0.123788239392
253.0    0.113107331514
253.125    0.107728178634
253.25    0.117993072889
253.375    0.117809252917
253.5    0.10798939649
253.625    0.107476635514
253.75    0.111220758112
253.875    0.112159207446
254.0    0.113010584161
254.125    0.114161877673
254.25    0.112962210484
254.375    0.109846945686
254.5    0.109963042511
254.625    0.110291983514
254.75    0.110466128751
254.875    0.11030165825
255.0    0.112062460092
255.125    0.111810916971
255.25    0.111327180202
255.375    0.111094986552
255.5    0.119579729494
255.625    0.120150538883
255.75    0.120344033591
255.875    0.120411756738
256.0    0.104361370717
256.125    0.11666763414
256.25    0.11702559935
256.375    0.116745032023
256.5    0.115400243803
256.625    0.115400243803
256.75    0.115400243803
256.875    0.11557438904
257.0    0.123101333179
257.125    0.122559547996
257.25    0.122675644821
257.375    0.122578897467
257.5    0.118273640216
257.625    0.118602581219
257.75    0.118273640216
257.875    0.118805750663
258.0    0.115864631102
258.125    0.116038776339
258.25    0.115825932161
258.375    0.117596408738
258.5    0.121485652367
258.625    0.120440780945
258.75    0.121553375515
258.875    0.12192101546
259.0    0.113765213521
259.125    0.11410382926
259.25    0.11372651458
259.375    0.114655289178
259.5    0.108134517521
259.625    0.106344691473
259.75    0.106257618854
259.875    0.118467134924
260.0    0.117915675006
260.125    0.11801242236
260.25    0.11801242236
260.375    0.116570886786
260.5    0.121147036629
260.625    0.120953541921
260.75    0.12082777036
260.875    0.119957044175
261.0    0.114045780848
261.125    0.114181227143
261.25    0.11422960082
261.375    0.114345697645
261.5    0.114490818676
261.625    0.114742361796
261.75    0.114742361796
261.875    0.114703662855
262.0    0.112613920009
262.125    0.112642944215
262.25    0.112720342099
262.375    0.115777558484
262.5    0.115661461659
262.625    0.115438942745
262.75    0.115438942745
262.875    0.115748534278
263.0    0.115951703721
263.125    0.116280644724
263.25    0.116193572106
263.375    0.115371219597
263.5    0.120344033591
263.625    0.120344033591
263.75    0.118283314951
263.875    0.121495327103
264.0    0.11715137091
264.125    0.123033610031
264.25    0.128538534471
264.375    0.128122520849
264.5    0.12669066001
264.625    0.12669066001
264.75    0.12669066001
264.875    0.12704862522
265.0    0.115961378456
265.125    0.110233935102
265.25    0.109963042511
265.375    0.110591900312
265.5    0.114026431377
265.625    0.114684313384
265.75    0.114074805054
265.875    0.112517172655
266.0    0.122549873261
266.125    0.12278206691
266.25    0.119986068381
266.375    0.116483814168
266.5    0.114548867088
266.625    0.114868133357
266.75    0.110456454016
266.875    0.116609585728
267.0    0.118022097096
267.125    0.11715137091
267.25    0.117054623556
267.375    0.116928851996
267.5    0.107873299665
267.625    0.107950697548
267.75    0.106064124146
267.875    0.10641241462
268.0    0.119028269577
268.125    0.119744199996
268.25    0.119976393646
268.375    0.119976393646
268.5    0.120044116793
268.625    0.120044116793
268.75    0.120460130415
268.875    0.120218262031
269.0    0.114887482827
269.125    0.105096650607
269.25    0.108637603762
269.375    0.106131847294
269.5    0.121263133453
269.625    0.123091658443
269.75    0.119986068381
269.875    0.120024767323
270.0    0.111346529672
270.125    0.111452951762
270.25    0.111481975968
270.375    0.111481975968
270.5    0.120489154622
270.625    0.120489154622
270.75    0.117325516147
270.875    0.117325516147
271.0    0.118912172752
271.125    0.118912172752
271.25    0.106634933535
271.375    0.115438942745
271.5    0.120653625123
271.625    0.120972891391
271.75    0.120992240862
271.875    0.119376560051
272.0    0.119008920106
272.125    0.117412588766
272.25    0.117702830828
272.375    0.116038776339
272.5    0.116503163638
272.625    0.11750933612
272.75    0.117035274085
272.875    0.11740291403
273.0    0.118660629632
273.125    0.118709003309
273.25    0.1189798959
273.375    0.118941196958
273.5    0.12240475223
273.625    0.110001741452
273.75    0.122501499584
273.875    0.121330856601
274.0    0.11971517579
274.125    0.120024767323
274.25    0.120411756738
274.375    0.120411756738
274.5    0.117064298291
274.625    0.117470637178
274.75    0.111269131789
274.875    0.112188231652
275.0    0.128867475475
275.125    0.12900292177
275.25    0.119686151584
275.375    0.120073141
275.5    0.117557709797
275.625    0.117789903446
275.75    0.11948298214
275.875    0.114239275556
276.0    0.111230432848
276.125    0.112942861013
276.25    0.112207581123
276.375    0.112062460092
276.5    0.113455621989
276.625    0.113455621989
276.75    0.113416923047
276.875    0.11763510768
277.0    0.111694820147
277.125    0.112159207446
277.25    0.111549699116
277.375    0.11166579594
277.5    0.108124842786
277.625    0.107660455487
277.75    0.107728178634
277.875    0.108231264875
278.0    0.109218087885
278.125    0.108637603762
278.25    0.110785395019
278.375    0.113204078868
278.5    0.108666627968
278.625    0.108715001645
278.75    0.108328012229
278.875    0.120895493508
279.0    0.117248118264
279.125    0.118060796037
279.25    0.118060796037
279.375    0.10433234651
279.5    0.112797739982
279.625    0.113784562992
279.75    0.11458756603
279.875    0.112226930593
280.0    0.1083473617
280.125    0.124271976161
280.25    0.131102339351
280.375    0.119386234786
280.5    0.115496991157
280.625    0.11555503957
280.75    0.115361544862
280.875    0.114955205975
281.0    0.113097656779
281.125    0.113068632573
281.25    0.112817089453
281.375    0.112894487336
281.5    0.112352702154
281.625    0.123323852093
281.75    0.119986068381
281.875    0.113890985082
282.0    0.111578723322
282.125    0.111675470676
282.25    0.108279638552
282.375    0.112091484298
282.5    0.115061628064
282.625    0.115651786924
282.75    0.116445115226
282.875    0.116493488903
283.0    0.115400243803
283.125    0.113523345137
283.25    0.114577891295
283.375    0.114955205975
283.5    0.111694820147
283.625    0.111694820147
283.75    0.111849615913
283.875    0.111946363267
284.0    0.114568216559
284.125    0.114568216559
284.25    0.114568216559
284.375    0.112720342099
284.5    0.106828428242
284.625    0.107186393452
284.75    0.105957702057
284.875    0.106789729301
285.0    0.113204078868
285.125    0.113416923047
285.25    0.113581393549
285.375    0.113581393549
285.5    0.117925349742
285.625    0.116861128848
285.75    0.115467966951
285.875    0.115671136394
286.0    0.1150713028
286.125    0.115032603858
286.25    0.115032603858
286.375    0.115158375418
286.5    0.108395735377
286.625    0.108318337493
286.75    0.108318337493
286.875    0.108608579555
287.0    0.110495152958
287.125    0.110891817109
287.25    0.110891817109
287.375    0.111830266442
287.5    0.10885044794
287.625    0.115545364834
287.75    0.116348367872
287.875    0.107263791335
288.0    0.111327180202
288.125    0.11141425282
288.25    0.111269131789
288.375    0.110088814071
288.5    0.116174222635
288.625    0.116193572106
288.75    0.116493488903
288.875    0.117315841412
289.0    0.114606915501
289.125    0.117935024477
289.25    0.112497823185
289.375    0.112681643157
289.5    0.110050115129
289.625    0.110659623459
289.75    0.110611249782
289.875    0.111346529672
290.0    0.112904162071
290.125    0.113310500958
290.25    0.115845281632
290.375    0.114306998704
290.5    0.114413420793
290.625    0.113697490374
290.75    0.114355372381
290.875    0.112894487336
291.0    0.111346529672
291.125    0.108453783789
291.25    0.118331688628
291.375    0.114993904917
291.5    0.116203246841
291.625    0.116358042608
291.75    0.116077475281
291.875    0.115564714305
292.0    0.110001741452
292.125    0.110117838277
292.25    0.11019523616
292.375    0.110262959308
292.5    0.112584895803
292.625    0.112584895803
292.75    0.110572550841
292.875    0.110437104545
293.0    0.113765213521
293.125    0.113126680985
293.25    0.127067974691
293.375    0.111859290648
293.5    0.111598072793
293.625    0.111327180202
293.75    0.113194404133
293.875    0.113233103075
294.0    0.111065962346
294.125    0.110959540257
