0.0    0.224294867449
0.125    0.216540104414
0.25    0.224159265035
0.375    0.220998033765
0.5    0.224227066242
0.625    0.223057495423
0.75    0.223650755983
0.875    0.223540579022
1.0    0.223159197234
1.125    0.212005898705
1.25    0.218040206116
1.375    0.218048681267
1.5    0.218455488508
1.625    0.218853820598
1.75    0.219065699369
1.875    0.223337175402
2.0    0.206064817954
2.125    0.212014373856
2.25    0.213378873144
2.375    0.219438606007
2.5    0.223896535358
2.625    0.206649603363
2.75    0.210700725473
2.875    0.218921621805
3.0    0.22174384704
3.125    0.218506339413
3.25    0.219201301783
3.375    0.218692792732
3.5    0.216785883789
3.625    0.216692657129
3.75    0.218031730965
3.875    0.217353718896
4.0    0.213972133704
4.125    0.214158587023
4.25    0.219497932063
4.375    0.219497932063
4.5    0.222523560919
4.625    0.219836938098
4.75    0.217438470405
4.875    0.218523289715
5.0    0.215667163876
5.125    0.215175605126
5.25    0.214039934911
5.375    0.224260966845
5.5    0.222582886975
5.625    0.22134551495
5.75    0.209276900129
5.875    0.220709878636
6.0    0.218938572107
6.125    0.218947047257
6.25    0.219057224219
6.375    0.220031866567
6.5    0.218489389111
6.625    0.21848091396
6.75    0.21848091396
6.875    0.21848091396
7.0    0.222811716049
7.125    0.218523289715
7.25    0.218624991525
7.375    0.219057224219
7.5    0.219845413248
7.625    0.219091124822
7.75    0.218819919995
7.875    0.219336904197
8.0    0.219684385382
8.125    0.219947115059
8.25    0.219989490813
8.375    0.219294528443
8.5    0.210895653943
8.625    0.221591294325
8.75    0.221870974303
8.875    0.222735439691
9.0    0.218955522408
9.125    0.218743643637
9.25    0.219260627839
9.375    0.219235202387
9.5    0.21996406536
9.625    0.219116550275
9.75    0.219752186589
9.875    0.219752186589
10.0    0.223430402061
10.125    0.223379551156
10.25    0.223303274798
10.375    0.220125093227
10.5    0.219625059326
10.625    0.220667502882
10.75    0.221591294325
10.875    0.221159061631
11.0    0.213395823446
11.125    0.214361990643
11.25    0.223659231134
11.375    0.215395959048
11.5    0.219836938098
11.625    0.220074242322
11.75    0.220192894434
11.875    0.219938639908
12.0    0.219828462947
12.125    0.219828462947
12.25    0.22025222049
12.375    0.22025222049
12.5    0.220226795037
12.625    0.219997965964
12.75    0.220201369584
12.875    0.220379347752
13.0    0.220769204692
13.125    0.229159604041
13.25    0.229159604041
13.375    0.220320021696
13.5    0.222760865143
13.625    0.222760865143
13.75    0.222760865143
13.875    0.212395755644
14.0    0.215599362669
14.125    0.21610787172
14.25    0.227091667232
14.375    0.218938572107
14.5    0.223743982643
14.625    0.212048274459
14.75    0.213946708251
14.875    0.22045562411
15.0    0.220413248356
15.125    0.220175944132
15.25    0.219853888399
15.375    0.22026069564
15.5    0.215599362669
15.625    0.215243406333
15.75    0.215209505729
15.875    0.215209505729
16.0    0.226498406672
16.125    0.222862566954
16.25    0.223599905078
16.375    0.223464302665
16.5    0.22193877551
16.625    0.221277713743
16.75    0.221269238592
16.875    0.221506542816
17.0    0.220514950166
17.125    0.220345447149
17.25    0.220150518679
17.375    0.220150518679
17.5    0.221226862838
17.625    0.221201437386
17.75    0.220311546546
17.875    0.222040477321
18.0    0.222930368161
18.125    0.21995559021
18.25    0.221769272493
18.375    0.222108278527
18.5    0.221031934368
18.625    0.222904942708
18.75    0.221515017967
18.875    0.221515017967
19.0    0.22104888467
19.125    0.222887992406
19.25    0.221531968269
19.375    0.221531968269
19.5    0.215472235406
19.625    0.217040138314
19.75    0.217235066784
19.875    0.228803647705
20.0    0.221337039799
20.125    0.210353244288
20.25    0.210353244288
20.375    0.210353244288
20.5    0.208878568039
20.625    0.209209098922
20.75    0.208785341379
20.875    0.209446403146
21.0    0.221650620381
21.125    0.213328022239
21.25    0.213328022239
21.375    0.21057359821
21.5    0.216726557733
21.625    0.207632720862
21.75    0.22203200217
21.875    0.206802156078
22.0    0.215718014781
22.125    0.215718014781
22.25    0.216396026849
22.375    0.216396026849
22.5    0.215548511764
22.625    0.216362126246
22.75    0.21442979185
22.875    0.216429927453
23.0    0.213717879178
23.125    0.224811851651
23.25    0.217023188013
23.375    0.217023188013
23.5    0.226362804258
23.625    0.224277917147
23.75    0.226684859991
23.875    0.223371076005
24.0    0.207963251746
24.125    0.223396501458
24.25    0.224193165638
24.375    0.223532103871
24.5    0.213455149502
24.625    0.215489185707
24.75    0.215268831785
24.875    0.213480574954
25.0    0.211946572649
25.125    0.211946572649
25.25    0.211946572649
25.375    0.211946572649
25.5    0.20563258526
25.625    0.225464438267
25.75    0.225464438267
25.875    0.216760458336
26.0    0.218463963659
26.125    0.223786358397
26.25    0.222871042105
26.375    0.22282866635
26.5    0.212217777476
26.625    0.212217777476
26.75    0.212073699912
26.875    0.212073699912
27.0    0.213082242864
27.125    0.224066038375
27.25    0.223591429927
27.375    0.212607634416
27.5    0.222854091803
27.625    0.214260288833
27.75    0.211455013899
27.875    0.214056885213
28.0    0.223998237169
28.125    0.223116821479
28.25    0.212997491355
28.375    0.224049088074
28.5    0.223116821479
28.625    0.223599905078
28.75    0.223599905078
28.875    0.212616109567
29.0    0.218201233982
29.125    0.215285782087
29.25    0.215285782087
29.375    0.215768865686
29.5    0.215031527561
29.625    0.215073903315
29.75    0.215124754221
29.875    0.215887517798
30.0    0.216370601397
30.125    0.216429927453
30.25    0.216735032884
30.375    0.216904535901
30.5    0.21244660655
30.625    0.21215845142
30.75    0.215573937216
30.875    0.215658688725
31.0    0.225125432233
31.125    0.224871177707
31.25    0.216150247474
31.375    0.215760390535
31.5    0.215531561462
31.625    0.216218048681
31.75    0.21551461116
31.875    0.21551461116
32.0    0.219303003593
32.125    0.217624923724
32.25    0.217624923724
32.375    0.218074106719
32.5    0.202725608516
32.625    0.215633263272
32.75    0.216480778358
32.875    0.215633263272
33.0    0.215056953014
33.125    0.215056953014
33.25    0.210421045495
33.375    0.212031324158
33.5    0.206708929419
33.625    0.206861482134
33.75    0.209124347413
33.875    0.215489185707
34.0    0.216192623229
34.125    0.216073971117
34.25    0.216073971117
34.375    0.216073971117
34.5    0.213344972541
34.625    0.215734965082
34.75    0.215734965082
34.875    0.21541290935
35.0    0.216480778358
35.125    0.216480778358
35.25    0.216523154112
35.375    0.217150315276
35.5    0.216540104414
35.625    0.216641806224
35.75    0.21680283409
35.875    0.21650620381
36.0    0.216819784392
36.125    0.216345175944
36.25    0.216345175944
36.375    0.216345175944
36.5    0.216311275341
36.625    0.226498406672
36.75    0.226193301241
36.875    0.216675706828
37.0    0.220447148959
37.125    0.219226727236
37.25    0.218726693335
37.375    0.210488846701
37.5    0.220125093227
37.625    0.225820394603
37.75    0.215650213574
37.875    0.215785815988
38.0    0.219226727236
38.125    0.216590955319
38.25    0.213794155536
38.375    0.213989084006
38.5    0.21422638823
38.625    0.215107803919
38.75    0.214717946979
38.875    0.214717946979
39.0    0.215014577259
39.125    0.213116143467
39.25    0.21481964879
39.375    0.214895925147
39.5    0.217506271612
39.625    0.217599498271
39.75    0.217599498271
39.875    0.218463963659
40.0    0.217480846159
40.125    0.217480846159
40.25    0.217480846159
40.375    0.2159044681
40.5    0.217921554004
40.625    0.218413112753
40.75    0.217455420706
40.875    0.218048681267
41.0    0.214667096074
41.125    0.214506068208
41.25    0.215082378466
41.375    0.213328022239
41.5    0.209700657672
41.625    0.212124550817
41.75    0.212488982304
41.875    0.212488982304
42.0    0.215836666893
42.125    0.215853617194
42.25    0.214014509458
42.375    0.215734965082
42.5    0.216472303207
42.625    0.21620109838
42.75    0.216667231677
42.875    0.216751983185
43.0    0.218438538206
43.125    0.218226659435
43.25    0.21215845142
43.375    0.212463556851
43.5    0.214489117906
43.625    0.215929893552
43.75    0.216192623229
43.875    0.215268831785
44.0    0.212700861075
44.125    0.213251745881
44.25    0.217658824327
44.375    0.217506271612
44.5    0.218514814564
44.625    0.218514814564
44.75    0.218396162452
44.875    0.219514882365
45.0    0.217328293444
45.125    0.216031595362
45.25    0.214692521527
45.375    0.21591294325
45.5    0.210615973964
45.625    0.210615973964
45.75    0.211887246593
45.875    0.210641399417
46.0    0.216811309241
46.125    0.218743643637
46.25    0.217506271612
46.375    0.212166926571
46.5    0.210565123059
46.625    0.215463760255
46.75    0.216167197776
46.875    0.201717065564
47.0    0.2159044681
47.125    0.2159044681
47.25    0.2159044681
47.375    0.216226523832
47.5    0.214184012475
47.625    0.214184012475
47.75    0.214277239135
47.875    0.214277239135
48.0    0.214022984609
48.125    0.214022984609
48.25    0.213311071937
48.375    0.213972133704
48.5    0.214404366398
48.625    0.214404366398
48.75    0.214404366398
48.875    0.21452301851
49.0    0.212700861075
49.125    0.218540240016
49.25    0.215167129975
49.375    0.223498203268
49.5    0.214531493661
49.625    0.214531493661
49.75    0.214480642755
49.875    0.212633059868
50.0    0.216836734694
50.125    0.216565529866
50.25    0.216565529866
50.375    0.216972337108
50.5    0.210938029697
50.625    0.21165841752
50.75    0.21165841752
50.875    0.21165841752
51.0    0.215650213574
51.125    0.215251881483
51.25    0.214980676656
51.375    0.215090853617
51.5    0.213845006441
51.625    0.215158654824
51.75    0.215158654824
51.875    0.213700928877
52.0    0.212031324158
52.125    0.212582208963
52.25    0.21126856058
52.375    0.211700793274
52.5    0.213412773747
52.625    0.214582344566
52.75    0.21353990101
52.875    0.214455217303
53.0    0.214667096074
53.125    0.214667096074
53.25    0.214667096074
53.375    0.215073903315
53.5    0.21265001017
53.625    0.21392975795
53.75    0.211582141162
53.875    0.21156519086
54.0    0.212624584718
54.125    0.212624584718
54.25    0.212666960472
54.375    0.212666960472
54.5    0.208853142586
54.625    0.208853142586
54.75    0.208836192284
54.875    0.213200894976
55.0    0.215141704522
55.125    0.214845074242
55.25    0.215150179673
55.375    0.215489185707
55.5    0.212904264696
55.625    0.212955115601
55.75    0.212955115601
55.875    0.212955115601
56.0    0.212531358058
56.125    0.212463556851
56.25    0.201793341921
56.375    0.218074106719
56.5    0.21303986711
56.625    0.213294121635
56.75    0.204522340498
56.875    0.210437995796
57.0    0.213302596786
57.125    0.213709404027
57.25    0.212777137433
57.375    0.212777137433
57.5    0.216345175944
57.625    0.217082514069
57.75    0.214090785816
57.875    0.214090785816
58.0    0.213938233101
58.125    0.213870431894
58.25    0.213514475558
58.375    0.213522950709
58.5    0.211827920537
58.625    0.210819377585
58.75    0.211717743576
58.875    0.209607431012
59.0    0.211124483016
59.125    0.211226184826
59.25    0.211217709675
59.375    0.211217709675
59.5    0.2173876195
59.625    0.206403823988
59.75    0.2065224761
59.875    0.218370736999
60.0    0.214633195471
60.125    0.213107668316
60.25    0.213700928877
60.375    0.213700928877
60.5    0.21205674961
60.625    0.212183876873
60.75    0.212183876873
60.875    0.212226252627
61.0    0.213353447691
61.125    0.212031324158
61.25    0.215633263272
61.375    0.214412841549
61.5    0.214387416096
61.625    0.216285849888
61.75    0.21620109838
61.875    0.2159044681
62.0    0.213022916808
62.125    0.213022916808
62.25    0.213260221032
62.375    0.212938165299
62.5    0.213845006441
62.625    0.212226252627
62.75    0.214006034307
62.875    0.213056817411
63.0    0.207844599634
63.125    0.207895450539
63.25    0.207844599634
63.375    0.207844599634
63.5    0.212802562886
63.625    0.212802562886
63.75    0.212531358058
63.875    0.21373482948
64.0    0.214124686419
64.125    0.214124686419
64.25    0.209353176487
64.375    0.209395552241
64.5    0.21748932131
64.625    0.21748932131
64.75    0.217641874025
64.875    0.20681910638
65.0    0.208632788664
65.125    0.213845006441
65.25    0.213845006441
65.375    0.213870431894
65.5    0.209912536443
65.625    0.207997152349
65.75    0.206556376704
65.875    0.216523154112
66.0    0.215370533595
66.125    0.216158722625
66.25    0.215141704522
66.375    0.205463082243
66.5    0.204954573191
66.625    0.204954573191
66.75    0.2050393247
66.875    0.208225981422
67.0    0.2119550478
67.125    0.210565123059
67.25    0.209302325581
67.375    0.208607363211
67.5    0.219209776934
67.625    0.206878432436
67.75    0.206878432436
67.875    0.21027696793
68.0    0.209598955861
68.125    0.208759915926
68.25    0.208759915926
68.375    0.209378601939
68.5    0.219023323615
68.625    0.209700657672
68.75    0.210988880602
68.875    0.210980405451
69.0    0.209327751034
69.125    0.207632720862
69.25    0.206514000949
69.375    0.206530951251
69.5    0.207946301444
69.625    0.207861549936
69.75    0.208539562004
69.875    0.209175198319
70.0    0.206946233643
70.125    0.204022306597
70.25    0.209378601939
70.375    0.204369787782
70.5    0.212065224761
70.625    0.21284493864
70.75    0.213226320429
70.875    0.213361922842
71.0    0.217404569801
71.125    0.208836192284
71.25    0.208836192284
71.375    0.210522747305
71.5    0.211022781206
71.625    0.207861549936
71.75    0.202081497051
71.875    0.20236965218
72.0    0.208776866228
72.125    0.208776866228
72.25    0.209098921961
72.375    0.209217574073
72.5    0.213226320429
72.625    0.206352973083
72.75    0.207268289376
72.875    0.192682554749
73.0    0.209353176487
73.125    0.209353176487
73.25    0.209539629805
73.375    0.206878432436
73.5    0.207234388772
73.625    0.207285239677
73.75    0.206759780324
73.875    0.206514000949
74.0    0.202759509119
74.125    0.206361448234
74.25    0.206361448234
74.375    0.206361448234
74.5    0.212294053834
74.625    0.210912604244
74.75    0.211980473252
74.875    0.207539494203
75.0    0.213650077971
75.125    0.212209302326
75.25    0.212463556851
75.375    0.212344904739
75.5    0.206649603363
75.625    0.206344497932
75.75    0.203607024205
75.875    0.203912129636
76.0    0.19891179063
76.125    0.201115329853
76.25    0.198301579768
76.375    0.201174655909
76.5    0.208192080819
76.625    0.208048003254
76.75    0.208048003254
76.875    0.207742897824
77.0    0.204581666554
77.125    0.204581666554
77.25    0.206259746423
77.375    0.205708861618
77.5    0.206785205777
77.625    0.206785205777
77.75    0.210734626076
77.875    0.208903993491
78.0    0.206556376704
78.125    0.208073428707
78.25    0.206497050647
78.375    0.211497389654
78.5    0.21165841752
78.625    0.211293986033
78.75    0.211293986033
78.875    0.210988880602
79.0    0.196259068411
79.125    0.215167129975
79.25    0.223930435962
79.375    0.19871686216
79.5    0.208031052953
79.625    0.208141229914
79.75    0.208225981422
79.875    0.207641196013
80.0    0.207107261509
80.125    0.195818360567
80.25    0.195818360567
80.375    0.196072615093
80.5    0.206166519764
80.625    0.205802088277
80.75    0.205895314937
80.875    0.212336429588
81.0    0.210209166723
81.125    0.209827784935
81.25    0.209590480711
81.375    0.209590480711
81.5    0.198504983389
81.625    0.210260017628
81.75    0.210132890365
81.875    0.210132890365
82.0    0.216726557733
82.125    0.213785680385
82.25    0.213743304631
82.375    0.207081836057
82.5    0.206988609397
82.625    0.207573394806
82.75    0.19792867313
82.875    0.210132890365
83.0    0.208522611702
83.125    0.209505729202
83.25    0.208556512306
83.375    0.208556512306
83.5    0.194055529188
83.625    0.194055529188
83.75    0.207590345108
83.875    0.207242863923
84.0    0.207929351142
84.125    0.207776798427
84.25    0.207776798427
84.375    0.204573191403
84.5    0.205810563428
84.625    0.199428774832
84.75    0.199428774832
84.875    0.199606753
85.0    0.200411892332
85.125    0.209268424978
85.25    0.208564987457
85.375    0.208429385043
85.5    0.209149772866
85.625    0.209065021357
85.75    0.198081225846
85.875    0.197945623432
86.0    0.206539426402
86.125    0.191690962099
86.25    0.206675028816
86.375    0.206844531833
86.5    0.201420435284
86.625    0.202293375822
86.75    0.202352701878
86.875    0.203861278731
87.0    0.202428978236
87.125    0.2025730558
87.25    0.200818699573
87.375    0.202132347956
87.5    0.200564445047
87.625    0.200564445047
87.75    0.200564445047
87.875    0.208920943793
88.0    0.208590412909
88.125    0.208073428707
88.25    0.207692046918
88.375    0.210124415215
88.5    0.203971455692
88.625    0.204530815649
88.75    0.204327412028
88.875    0.204683368364
89.0    0.198335480372
89.125    0.192953759577
89.25    0.192953759577
89.375    0.192953759577
89.5    0.189970506475
89.625    0.192724930504
89.75    0.18982642891
89.875    0.190326462811
90.0    0.199030442742
90.125    0.199259271815
90.25    0.199259271815
90.375    0.199759305716
90.5    0.200937351685
90.625    0.200759373517
90.75    0.200657671707
90.875    0.200725472913
91.0    0.205124076209
91.125    0.204217235067
91.25    0.205429181639
91.375    0.202251000068
91.5    0.198199877958
91.625    0.198555834294
91.75    0.199894908129
91.875    0.199894908129
92.0    0.195903112075
92.125    0.196174316903
92.25    0.203335819378
92.375    0.205522408299
92.5    0.194199606753
92.625    0.189360295613
92.75    0.189360295613
92.875    0.189258593803
93.0    0.200598345651
93.125    0.201301783172
93.25    0.201301783172
93.375    0.190173910096
93.5    0.199301647569
93.625    0.199301647569
93.75    0.200310190521
93.875    0.200208488711
94.0    0.200657671707
94.125    0.192614753543
94.25    0.19239439962
94.375    0.200776323819
94.5    0.187394060614
94.625    0.187707641196
94.75    0.205920740389
94.875    0.205920740389
95.0    0.20197979524
95.125    0.187021153977
95.25    0.187021153977
95.375    0.200369516577
95.5    0.201140755305
95.625    0.201327208624
95.75    0.201649264357
95.875    0.201793341921
96.0    0.187538138179
96.125    0.187326259407
96.25    0.195691233304
96.375    0.196004813886
96.5    0.201589938301
96.625    0.200581395349
96.75    0.201818767374
96.875    0.201835717676
97.0    0.192623228693
97.125    0.193165638348
97.25    0.193708048003
97.375    0.193708048003
97.5    0.193835175266
97.625    0.199844057224
97.75    0.199776256017
97.875    0.200852600176
98.0    0.192326598413
98.125    0.191970642077
98.25    0.192436775375
98.375    0.189733202251
98.5    0.196708251407
98.625    0.194716590955
98.75    0.186919452166
98.875    0.186724523697
99.0    0.197759170113
99.125    0.198174452505
99.25    0.198649060953
99.375    0.201767916469
99.5    0.199386399078
99.625    0.199530476642
99.75    0.198971116686
99.875    0.196894704726
100.0    0.193258865008
100.125    0.202242524917
100.25    0.20236965218
100.375    0.20395450539
100.5    0.202081497051
100.625    0.201623838904
100.75    0.202132347956
100.875    0.199496576039
101.0    0.188580581734
101.125    0.197352362872
101.25    0.196962505933
101.375    0.189334870161
101.5    0.196767577463
101.625    0.181113973829
101.75    0.186919452166
101.875    0.179656247881
102.0    0.191258729405
102.125    0.199657603905
102.25    0.198691436708
102.375    0.201589938301
102.5    0.200945826836
102.625    0.203920604787
102.75    0.201013628043
102.875    0.200564445047
103.0    0.201835717676
103.125    0.199632178453
103.25    0.209166723168
103.375    0.209293850431
103.5    0.202030646146
103.625    0.1892246932
103.75    0.200708522612
103.875    0.200708522612
104.0    0.201700115262
104.125    0.208310732931
104.25    0.202818835175
104.375    0.203115465455
104.5    0.176749271137
104.625    0.194538612787
104.75    0.19564885755
104.875    0.19436910977
105.0    0.190555291884
105.125    0.190555291884
105.25    0.188470404773
105.375    0.188622957489
105.5    0.199420299681
105.625    0.194241982507
105.75    0.196165841752
105.875    0.191979117228
106.0    0.19475896671
106.125    0.195131873347
106.25    0.178139195878
106.375    0.193174113499
106.5    0.196309919317
106.625    0.201818767374
106.75    0.193055461387
106.875    0.193801274663
107.0    0.195665807851
107.125    0.190690894298
107.25    0.195199674554
107.375    0.194360634619
107.5    0.179774899993
107.625    0.207361516035
107.75    0.207963251746
107.875    0.190055257984
108.0    0.168223269374
108.125    0.180444436911
108.25    0.18586853346
108.375    0.176867923249
108.5    0.200759373517
108.625    0.203785002373
108.75    0.18932639501
108.875    0.192979185029
109.0    0.184071801478
109.125    0.175240694284
109.25    0.196131941149
109.375    0.195564106041
109.5    0.184071801478
109.625    0.184165028137
109.75    0.193919926775
109.875    0.195242050308
110.0    0.191326530612
110.125    0.191284154858
110.25    0.19733541257
110.375    0.173723642281
110.5    0.193886026171
110.625    0.193547020137
110.75    0.195860736321
110.875    0.181885212557
111.0    0.178715506136
111.125    0.196665875653
111.25    0.175461048207
111.375    0.17647806631
111.5    0.184181978439
111.625    0.189241643501
111.75    0.177130652926
111.875    0.180656315682
112.0    0.190326462811
112.125    0.187834768459
112.25    0.191877415418
112.375    0.198030374941
112.5    0.180029154519
112.625    0.179749474541
112.75    0.18626686555
112.875    0.186470269171
113.0    0.200301715371
113.125    0.197242185911
113.25    0.17095226795
113.375    0.179368092752
113.5    0.180020679368
113.625    0.195360702421
113.75    0.196606549597
113.875    0.179096887925
114.0    0.195369177571
114.125    0.19327581531
114.25    0.192953759577
114.375    0.200013560241
114.5    0.196513322937
114.625    0.197665943454
114.75    0.196903179877
114.875    0.196267543562
115.0    0.189114516238
115.125    0.190199335548
115.25    0.195886161774
115.375    0.195682758153
115.5    0.180758017493
115.625    0.193191063801
115.75    0.193191063801
115.875    0.193004610482
116.0    0.165816326531
116.125    0.174537256763
116.25    0.192275747508
116.375    0.191199403349
116.5    0.191487558479
116.625    0.195564106041
116.75    0.191657061496
116.875    0.191784188759
117.0    0.188148349041
117.125    0.189936605872
117.25    0.197793070717
117.375    0.200310190521
117.5    0.18754661333
117.625    0.193394467422
117.75    0.191818089362
117.875    0.188182249644
118.0    0.186817750356
118.125    0.192326598413
118.25    0.199216896061
118.375    0.197081158045
118.5    0.189267068954
118.625    0.19940334938
118.75    0.180961421113
118.875    0.198284629466
119.0    0.193665672249
119.125    0.196513322937
119.25    0.196165841752
119.375    0.196292969015
120.0    0.18656349583
120.125    0.186538070378
120.25    0.192614753543
120.375    0.1926910299
120.5    0.199852532375
120.625    0.199852532375
120.75    0.203895179334
120.875    0.198132076751
121.0    0.195835310869
121.125    0.19969997966
121.25    0.193623296495
121.375    0.196682825954
121.5    0.19209776934
121.625    0.192063868737
121.75    0.189012814428
121.875    0.189487422876
122.0    0.189614550139
122.125    0.189843379212
122.25    0.202056071598
122.375    0.189902705268
122.5    0.187173706692
122.625    0.187851718761
122.75    0.188419553868
122.875    0.190199335548
123.0    0.1936741474
123.125    0.192546952336
123.25    0.1936741474
123.375    0.193436843176
123.5    0.187012678826
123.625    0.186393992813
123.75    0.188267001153
123.875    0.188267001153
124.0    0.192318123263
124.125    0.192318123263
124.25    0.195284426063
124.375    0.195937012679
124.5    0.192758831107
124.625    0.192919858973
124.75    0.193292765611
124.875    0.193292765611
125.0    0.198293104617
125.125    0.198369380975
125.25    0.198971116686
125.375    0.198971116686
125.5    0.199852532375
125.625    0.199877957828
125.75    0.200623771103
125.875    0.194996270934
126.0    0.195343752119
126.125    0.194436910977
126.25    0.206141094311
126.375    0.197369313174
126.5    0.193335141366
126.625    0.193309715913
126.75    0.193385992271
126.875    0.191445182724
127.0    0.188012746627
127.125    0.188461929622
127.25    0.188461929622
127.375    0.188461929622
127.5    0.195089497593
127.625    0.194919994576
127.75    0.194919994576
127.875    0.194911519425
128.0    0.193335141366
128.125    0.19357244559
128.25    0.193741948607
128.375    0.19476744186
128.5    0.199886432979
128.625    0.19723371076
128.75    0.197420164079
128.875    0.197420164079
129.0    0.194292833412
129.125    0.194191131602
129.25    0.191843514815
129.375    0.191843514815
129.5    0.194114855244
129.625    0.194241982507
129.75    0.194326734016
129.875    0.19436910977
130.0    0.194657264899
130.125    0.195013221235
130.25    0.194708115804
130.375    0.194547087938
130.5    0.196581124144
130.625    0.196886229575
130.75    0.197013356838
130.875    0.198149027053
131.0    0.190818021561
131.125    0.199157570005
131.25    0.190953623975
131.375    0.193928401926
131.5    0.196123465998
131.625    0.197064207743
131.75    0.192869008068
131.875    0.193123262594
132.0    0.196776052614
132.125    0.196776052614
132.25    0.196776052614
132.375    0.196377720523
132.5    0.195047121839
132.625    0.196750627161
132.75    0.196750627161
132.875    0.196903179877
133.0    0.193131737745
133.125    0.193411417723
133.25    0.201191606211
133.375    0.202225574615
133.5    0.181342802902
133.625    0.187216082446
133.75    0.18764831514
133.875    0.186961827921
134.0    0.195292901214
134.125    0.19535222727
134.25    0.196267543562
134.375    0.195394603024
134.5    0.20098820259
134.625    0.200911926232
134.75    0.200971252288
134.875    0.200403417181
135.0    0.198657536104
135.125    0.198657536104
135.25    0.198657536104
135.375    0.198157502204
135.5    0.192758831107
135.625    0.192758831107
135.75    0.192496101431
135.875    0.192758831107
136.0    0.197454064682
136.125    0.197504915588
136.25    0.1966404502
136.375    0.193513119534
136.5    0.193199538952
136.625    0.193021560784
136.75    0.193021560784
136.875    0.193021560784
137.0    0.191292630009
137.125    0.190979049427
137.25    0.191080751237
137.375    0.194284358262
137.5    0.188173774493
137.625    0.196386195674
137.75    0.196386195674
137.875    0.19644552173
138.0    0.199005017289
138.125    0.199064343345
138.25    0.199047393044
138.375    0.191157027595
138.5    0.195106447895
138.625    0.194835243067
138.75    0.209497254051
138.875    0.189038239881
139.0    0.1912078785
139.125    0.191758763306
139.25    0.191919791172
139.375    0.190750220354
139.5    0.19594548783
139.625    0.19594548783
139.75    0.195843786019
139.875    0.196089565394
140.0    0.196521798088
140.125    0.196521798088
140.25    0.196106515696
140.375    0.196216692657
140.5    0.197191335006
140.625    0.197191335006
140.75    0.195970913282
140.875    0.196869279273
141.0    0.191775713608
141.125    0.191775713608
141.25    0.187165231541
141.375    0.183503966371
141.5    0.19634381992
141.625    0.19634381992
141.75    0.197411688928
141.875    0.197072682894
142.0    0.197225235609
142.125    0.196877754424
142.25    0.196691301105
142.375    0.197174384704
142.5    0.195979388433
142.625    0.195835310869
142.75    0.195640382399
142.875    0.196496372635
143.0    0.193046986236
143.125    0.193343616516
143.25    0.194106380094
143.375    0.194241982507
143.5    0.197064207743
143.625    0.197064207743
143.75    0.197064207743
143.875    0.197064207743
144.0    0.198081225846
144.125    0.198081225846
144.25    0.198081225846
144.375    0.198081225846
144.5    0.196945555631
144.625    0.196945555631
144.75    0.197055732592
144.875    0.196470947183
145.0    0.196437046579
145.125    0.188199199946
145.25    0.197648993152
145.375    0.188572106583
145.5    0.195072547291
145.625    0.195318326666
145.75    0.195318326666
145.875    0.194886093972
146.0    0.199140619703
146.125    0.199140619703
146.25    0.190995999729
146.375    0.190995999729
146.5    0.196276018713
146.625    0.196276018713
146.75    0.196581124144
146.875    0.193428368025
147.0    0.196920130178
147.125    0.197115058648
147.25    0.197148959251
147.375    0.197174384704
147.5    0.195089497593
147.625    0.195089497593
147.75    0.197521865889
147.875    0.19703878229
148.0    0.196708251407
148.125    0.196708251407
148.25    0.196708251407
148.375    0.197225235609
148.5    0.196843853821
148.625    0.196843853821
148.75    0.196843853821
148.875    0.196843853821
149.0    0.194996270934
149.125    0.194996270934
149.25    0.194996270934
149.375    0.194996270934
149.5    0.199564377246
149.625    0.200259339616
149.75    0.200259339616
149.875    0.199894908129
150.0    0.197055732592
150.125    0.197309987118
150.25    0.197309987118
150.375    0.197996474337
150.5    0.187733066649
150.625    0.187733066649
150.75    0.187733066649
150.875    0.199174520306
151.0    0.196759102312
151.125    0.196759102312
151.25    0.196759102312
151.375    0.196759102312
151.5    0.197267611363
151.625    0.198267679165
151.75    0.195835310869
151.875    0.195470879382
152.0    0.184368431758
152.125    0.187809343006
152.25    0.187800867855
152.375    0.188470404773
152.5    0.197903247678
152.625    0.197903247678
152.75    0.197903247678
152.875    0.197971048885
153.0    0.193928401926
153.125    0.191131602143
153.25    0.190953623975
153.375    0.190360363414
153.5    0.193928401926
153.625    0.190945148824
153.75    0.190462065225
153.875    0.193835175266
154.0    0.193894501322
154.125    0.193894501322
154.25    0.194377584921
154.375    0.193894501322
154.5    0.196504847786
154.625    0.196072615093
154.75    0.194047054038
154.875    0.194792867313
155.0    0.193852125568
155.125    0.193072411689
155.25    0.192428300224
155.375    0.193046986236
155.5    0.194877618822
155.625    0.194877618822
155.75    0.194877618822
155.875    0.19426740796
156.0    0.197343887721
156.125    0.197343887721
156.25    0.197598142247
156.375    0.197869347074
156.5    0.195377652722
156.625    0.195377652722
156.75    0.195377652722
156.875    0.195377652722
157.0    0.19466574005
157.125    0.19466574005
157.25    0.19466574005
157.375    0.19466574005
157.5    0.200386466879
157.625    0.197504915588
157.75    0.197606617398
157.875    0.197521865889
158.0    0.197987999186
158.125    0.197157434402
158.25    0.197157434402
158.375    0.197987999186
158.5    0.197098108346
158.625    0.197098108346
158.75    0.197360838023
158.875    0.197572716794
159.0    0.205539358601
159.125    0.205539358601
159.25    0.205539358601
159.375    0.205369855583
159.5    0.19772526951
159.625    0.19723371076
159.75    0.197021831989
159.875    0.197021831989
160.0    0.193055461387
160.125    0.193072411689
160.25    0.193072411689
160.375    0.19308088684
160.5    0.197716794359
160.625    0.19792019798
160.75    0.19792019798
160.875    0.19792019798
161.0    0.195106447895
161.125    0.194919994576
161.25    0.194919994576
161.375    0.194919994576
161.5    0.192530002034
161.625    0.192530002034
161.75    0.192530002034
161.875    0.192623228693
162.0    0.193216489254
162.125    0.193335141366
162.25    0.194682690352
162.375    0.194682690352
162.5    0.195191199403
162.625    0.195191199403
162.75    0.195191199403
162.875    0.196496372635
163.0    0.196521798088
163.125    0.196521798088
163.25    0.196521798088
163.375    0.196521798088
163.5    0.188512780528
163.625    0.188682283545
163.75    0.188682283545
163.875    0.188512780528
164.0    0.195420028477
164.125    0.195937012679
164.25    0.195436978778
164.375    0.193708048003
164.5    0.196165841752
164.625    0.196165841752
164.75    0.196165841752
164.875    0.196504847786
165.0    0.194123330395
165.125    0.194123330395
165.25    0.194123330395
165.375    0.193097837141
165.5    0.194275883111
165.625    0.194275883111
165.75    0.194275883111
165.875    0.194275883111
166.0    0.192445250525
166.125    0.192445250525
166.25    0.192445250525
166.375    0.1926910299
166.5    0.197276086514
166.625    0.197377788325
166.75    0.197165909553
166.875    0.197165909553
167.0    0.195369177571
167.125    0.195369177571
167.25    0.195369177571
167.375    0.195369177571
167.5    0.195640382399
167.625    0.19564885755
167.75    0.195742084209
167.875    0.195742084209
168.0    0.198182927656
168.125    0.198437182182
168.25    0.198437182182
168.375    0.198437182182
168.5    0.189360295613
168.625    0.189775578005
168.75    0.189775578005
168.875    0.189775578005
169.0    0.198589734897
169.125    0.198589734897
169.25    0.196869279273
169.375    0.198606685199
169.5    0.195733609058
169.625    0.195733609058
169.75    0.195733609058
169.875    0.195733609058
170.0    0.195759034511
170.125    0.195538680589
170.25    0.195538680589
170.375    0.195843786019
170.5    0.195004746084
170.625    0.195004746084
170.75    0.195004746084
170.875    0.195360702421
171.0    0.180512238118
171.125    0.180512238118
171.25    0.180512238118
171.375    0.200878025629
171.5    0.195530205438
171.625    0.195530205438
171.75    0.195530205438
171.875    0.195665807851
172.0    0.195114923046
172.125    0.195114923046
172.25    0.195114923046
172.375    0.195114923046
172.5    0.194589463692
172.625    0.194589463692
172.75    0.194589463692
172.875    0.194589463692
173.0    0.190241711302
173.125    0.19041968947
173.25    0.190563767035
173.375    0.190775645806
173.5    0.196292969015
173.625    0.196292969015
173.75    0.196292969015
173.875    0.196292969015
174.0    0.19386907587
174.125    0.19386907587
174.25    0.19386907587
174.375    0.19386907587
174.5    0.197954098583
174.625    0.197267611363
174.75    0.185538002576
174.875    0.188656858092
175.0    0.197318462269
175.125    0.197318462269
175.25    0.197318462269
175.375    0.197318462269
175.5    0.194572513391
175.625    0.194648789748
175.75    0.194648789748
175.875    0.194648789748
176.0    0.19792019798
176.125    0.19792019798
176.25    0.19792019798
176.375    0.19792019798
176.5    0.191826564513
176.625    0.191826564513
176.75    0.191826564513
176.875    0.191826564513
177.0    0.194436910977
177.125    0.194436910977
177.25    0.194436910977
177.375    0.194131805546
177.5    0.193547020137
177.625    0.193547020137
177.75    0.193784324361
177.875    0.193784324361
178.0    0.193030035935
178.125    0.191140077293
178.25    0.192563902637
178.375    0.194326734016
178.5    0.192826632314
178.625    0.192826632314
178.75    0.192979185029
178.875    0.197089633195
179.0    0.193682622551
179.125    0.193682622551
179.25    0.193530069835
179.375    0.194250457658
180.0    0.194436910977
180.125    0.194436910977
180.25    0.195199674554
180.375    0.19525900061
180.5    0.197733744661
180.625    0.189495898027
180.75    0.197733744661
180.875    0.198038850092
181.0    0.195013221235
181.125    0.195013221235
181.25    0.195013221235
181.375    0.195013221235
181.5    0.190860397315
181.625    0.190860397315
181.75    0.190860397315
181.875    0.196259068411
182.0    0.196140416299
182.125    0.196216692657
182.25    0.196216692657
182.375    0.19140280697
182.5    0.192699505051
182.625    0.192699505051
182.75    0.192699505051
182.875    0.192699505051
183.0    0.195004746084
183.125    0.195004746084
183.25    0.195004746084
183.375    0.195004746084
183.5    0.196657400502
183.625    0.196657400502
183.75    0.196657400502
183.875    0.196657400502
184.0    0.188911112618
184.125    0.188809410808
184.25    0.188911112618
184.375    0.188877212014
184.5    0.194945420028
184.625    0.194843718218
184.75    0.194843718218
184.875    0.194835243067
185.0    0.192004542681
185.125    0.192123194793
185.25    0.191360431216
185.375    0.191682486948
185.5    0.19327581531
185.625    0.19327581531
185.75    0.19327581531
185.875    0.19327581531
186.0    0.193767374059
186.125    0.193767374059
186.25    0.193767374059
186.375    0.193767374059
186.5    0.194623364296
186.625    0.194623364296
186.75    0.194623364296
186.875    0.194623364296
187.0    0.190995999729
187.125    0.190995999729
187.25    0.199233846362
187.375    0.190995999729
187.5    0.193419892874
187.625    0.195047121839
187.75    0.195047121839
187.875    0.195174249102
188.0    0.193165638348
188.125    0.193301240762
188.25    0.193301240762
188.375    0.193224964404
188.5    0.198564309445
188.625    0.190326462811
188.75    0.190326462811
188.875    0.190326462811
189.0    0.190818021561
189.125    0.190767170656
189.25    0.190462065225
189.375    0.190767170656
189.5    0.195301376364
189.625    0.195504779985
189.75    0.195504779985
189.875    0.195581056343
190.0    0.197479490135
190.125    0.196437046579
190.25    0.197047257441
190.375    0.197047257441
190.5    0.184461658418
190.625    0.184461658418
190.75    0.184461658418
190.875    0.184461658418
191.0    0.197081158045
191.125    0.198149027053
191.25    0.197165909553
191.375    0.197165909553
191.5    0.20158146315
191.625    0.20158146315
191.75    0.189928130721
191.875    0.189928130721
192.0    0.18349549122
192.125    0.189436571971
192.25    0.20147976134
192.375    0.201488236491
192.5    0.193318191064
192.625    0.193318191064
192.75    0.193013085633
192.875    0.193013085633
193.0    0.185800732253
193.125    0.185800732253
193.25    0.185800732253
193.375    0.185707505594
193.5    0.193606346193
193.625    0.193606346193
193.75    0.193411417723
193.875    0.19377584921
194.0    0.19012305919
194.125    0.19012305919
194.25    0.19012305919
194.375    0.19012305919
194.5    0.197937148281
194.625    0.197937148281
194.75    0.196894704726
194.875    0.185910909214
195.0    0.179079937623
195.125    0.179681673334
195.25    0.179681673334
195.375    0.200683097159
195.5    0.191606210591
195.625    0.191606210591
195.75    0.191479083328
195.875    0.191479083328
196.0    0.196131941149
196.125    0.196750627161
196.25    0.196064139942
196.375    0.196064139942
196.5    0.192919858973
196.625    0.192919858973
196.75    0.192919858973
196.875    0.192919858973
197.0    0.183368363957
197.125    0.183368363957
197.25    0.183368363957
197.375    0.183368363957
197.5    0.194487761882
197.625    0.194487761882
197.75    0.194487761882
197.875    0.194487761882
198.0    0.181300427148
198.125    0.181300427148
198.25    0.181300427148
198.375    0.180842769001
198.5    0.194394535223
198.625    0.194394535223
198.75    0.194394535223
198.875    0.194453861279
199.0    0.18497864262
199.125    0.18497864262
199.25    0.185741406197
199.375    0.18497864262
199.5    0.193013085633
199.625    0.193013085633
199.75    0.193013085633
199.875    0.193072411689
200.0    0.194182656451
200.125    0.194182656451
200.25    0.194191131602
200.375    0.194191131602
200.5    0.196615024747
200.625    0.199869482677
200.75    0.198649060953
200.875    0.198649060953
201.0    0.193089361991
201.125    0.193191063801
201.25    0.193309715913
201.375    0.193191063801
201.5    0.194530137636
201.625    0.194530137636
201.75    0.193919926775
201.875    0.193021560784
202.0    0.193792799512
202.125    0.193792799512
202.25    0.193784324361
202.375    0.193784324361
202.5    0.19011458404
202.625    0.190012882229
202.75    0.190012882229
202.875    0.190012882229
203.0    0.193140212896
203.125    0.193140212896
203.25    0.193140212896
203.375    0.193140212896
203.5    0.18597023527
203.625    0.185165095939
203.75    0.18775001695
203.875    0.18775001695
204.0    0.191377381517
204.125    0.191784188759
204.25    0.191784188759
204.375    0.191377381517
204.5    0.19881856397
204.625    0.19940334938
204.75    0.188419553868
204.875    0.18834327751
205.0    0.192860532917
205.125    0.19387755102
205.25    0.19387755102
205.375    0.192860532917
205.5    0.188258526002
205.625    0.188258526002
205.75    0.188902637467
205.875    0.188902637467
206.0    0.18636009221
206.125    0.187029629127
206.25    0.187029629127
206.375    0.18576683165
206.5    0.186495694623
206.625    0.186495694623
206.75    0.186232964947
206.875    0.185910909214
207.0    0.188597532036
207.125    0.188597532036
207.25    0.188597532036
207.375    0.188648382941
207.5    0.197352362872
207.625    0.197352362872
207.75    0.197352362872
207.875    0.194708115804
208.0    0.185588853482
208.125    0.185724455895
208.25    0.185724455895
208.375    0.185724455895
208.5    0.189767102854
208.625    0.189767102854
208.75    0.189767102854
208.875    0.189767102854
209.0    0.195462404231
209.125    0.192174045698
209.25    0.19407247949
209.375    0.184478608719
209.5    0.19426740796
209.625    0.193462268628
209.75    0.193462268628
209.875    0.193699572852
210.0    0.178910434606
210.125    0.187572038782
210.25    0.187800867855
210.375    0.188199199946
210.5    0.194970845481
210.625    0.194970845481
210.75    0.194970845481
210.875    0.185004068072
211.0    0.197403213777
211.125    0.182639500983
211.25    0.182639500983
211.375    0.182639500983
211.5    0.190843447013
211.625    0.190843447013
211.75    0.190843447013
211.875    0.190843447013
212.0    0.190190860397
212.125    0.190190860397
212.25    0.190173910096
212.375    0.190173910096
212.5    0.186868601261
212.625    0.186868601261
212.75    0.188258526002
212.875    0.189038239881
213.0    0.182139467083
213.125    0.182139467083
213.25    0.182139467083
213.375    0.182139467083
213.5    0.186571970981
213.625    0.186046511628
213.75    0.1976235677
213.875    0.205471557394
214.0    0.195928537528
214.125    0.196072615093
214.25    0.196072615093
214.375    0.196072615093
214.5    0.187860193911
214.625    0.187860193911
214.75    0.188055122381
214.875    0.188055122381
215.0    0.182156417384
215.125    0.182156417384
215.25    0.184198928741
215.375    0.182198793139
215.5    0.186682147942
215.625    0.183546342125
215.75    0.183690419689
215.875    0.183690419689
216.0    0.18863990779
216.125    0.189122991389
216.25    0.189122991389
216.375    0.18863990779
216.5    0.190199335548
216.625    0.190589192488
216.75    0.187182181843
216.875    0.187182181843
217.0    0.188851786562
217.125    0.188970438674
217.25    0.189046715032
217.375    0.189046715032
217.5    0.189207742898
217.625    0.189987456777
217.75    0.189962031324
217.875    0.189911180419
218.0    0.19080954641
218.125    0.19080954641
218.25    0.190284087057
218.375    0.190284087057
218.5    0.187199132145
218.625    0.187199132145
218.75    0.187199132145
218.875    0.187004203675
219.0    0.187063529731
219.125    0.187063529731
219.25    0.187063529731
219.375    0.186046511628
219.5    0.189606074988
219.625    0.191072276087
219.75    0.187004203675
219.875    0.187004203675
220.0    0.183580242728
220.125    0.183580242728
220.25    0.183580242728
220.375    0.183580242728
220.5    0.185266797749
220.625    0.185266797749
220.75    0.185266797749
220.875    0.189241643501
221.0    0.192699505051
221.125    0.192699505051
221.25    0.185190521391
221.375    0.185190521391
221.5    0.19031798766
221.625    0.19031798766
221.75    0.190182385246
221.875    0.189860329514
222.0    0.187572038782
222.125    0.187266933351
222.25    0.187131330938
222.375    0.187470336972
222.5    0.189750152553
222.625    0.189750152553
222.75    0.189750152553
222.875    0.190428164621
223.0    0.189936605872
223.125    0.189936605872
223.25    0.190241711302
223.375    0.190241711302
223.5    0.191080751237
223.625    0.190275611906
223.75    0.190275611906
223.875    0.190572242186
224.0    0.188563631433
224.125    0.188563631433
224.25    0.188563631433
224.375    0.188563631433
224.5    0.175155942776
224.625    0.174952539155
224.75    0.174283002237
224.875    0.175011865211
225.0    0.179825750898
225.125    0.179825750898
225.25    0.179825750898
225.375    0.179825750898
225.5    0.183359888806
225.625    0.183359888806
225.75    0.183436165164
225.875    0.18349549122
226.0    0.184105702081
226.125    0.185605803783
226.25    0.185605803783
226.375    0.185605803783
226.5    0.192538477185
226.625    0.192538477185
226.75    0.192368974168
226.875    0.192140145095
227.0    0.189038239881
227.125    0.189445047122
227.25    0.189665401044
227.375    0.189665401044
227.5    0.183317513052
227.625    0.183317513052
227.75    0.183478540918
227.875    0.180325784799
228.0    0.180012204217
228.125    0.180012204217
228.25    0.181054647773
228.375    0.181054647773
228.5    0.176062783918
228.625    0.176062783918
228.75    0.193987727982
228.875    0.193987727982
229.0    0.178232422537
229.125    0.189767102854
229.25    0.189758627704
229.375    0.189758627704
229.5    0.191275679707
229.625    0.191275679707
229.75    0.191233303953
229.875    0.191657061496
230.0    0.185504101973
230.125    0.186097362533
230.25    0.186131263136
230.375    0.184571835379
230.5    0.186978778222
230.625    0.186978778222
230.75    0.186936402468
230.875    0.186910977015
231.0    0.187444911519
231.125    0.187444911519
231.25    0.185402400163
231.375    0.185402400163
231.5    0.176427215404
231.625    0.176537392366
231.75    0.176537392366
231.875    0.1768763984
232.0    0.182732727643
232.125    0.181690284087
232.25    0.210463421249
232.375    0.184902366262
232.5    0.173096481117
232.625    0.1907078446
232.75    0.172884602346
232.875    0.181927588311
233.0    0.180986846566
233.125    0.180986846566
233.25    0.188122923588
233.375    0.188122923588
233.5    0.187538138179
233.625    0.187572038782
233.75    0.187572038782
233.875    0.188038172079
234.0    0.188317852058
234.125    0.188317852058
234.25    0.188148349041
234.375    0.188148349041
234.5    0.191368906367
234.625    0.189945081022
234.75    0.189945081022
234.875    0.189945081022
235.0    0.184826089904
235.125    0.184520984474
235.25    0.184520984474
235.375    0.184826089904
235.5    0.185309173503
235.625    0.185249847447
235.75    0.185402400163
235.875    0.185402400163
236.0    0.186139738287
236.125    0.186139738287
236.25    0.186139738287
236.375    0.186139738287
236.5    0.192080819039
236.625    0.191809614211
236.75    0.18843650417
236.875    0.18843650417
237.0    0.187877144213
237.125    0.187877144213
237.25    0.188233100549
237.375    0.188165299342
237.5    0.182758153095
237.625    0.187834768459
237.75    0.187834768459
237.875    0.187834768459
238.0    0.187699166045
238.125    0.187699166045
238.25    0.187699166045
238.375    0.18775001695
238.5    0.189351820462
238.625    0.189351820462
238.75    0.189351820462
238.875    0.188851786562
239.0    0.187114380636
239.125    0.187402535765
239.25    0.187478812123
239.375    0.187529663028
240.0    0.185817682555
240.125    0.185817682555
240.25    0.185817682555
240.375    0.185817682555
240.5    0.186894026714
240.625    0.186894026714
240.75    0.186894026714
240.875    0.186894026714
241.0    0.175800054241
241.125    0.175800054241
241.25    0.181139399281
241.375    0.181088548376
241.5    0.186936402468
241.625    0.187326259407
241.75    0.187343209709
241.875    0.186936402468
242.0    0.184953217167
242.125    0.184953217167
242.25    0.184953217167
242.375    0.184953217167
242.5    0.180902095057
242.625    0.183758220896
242.75    0.183859922707
242.875    0.183859922707
243.0    0.187987321174
243.125    0.186944877619
243.25    0.186944877619
243.375    0.187987321174
243.5    0.184995592922
243.625    0.185029493525
243.75    0.185029493525
243.875    0.185029493525
244.0    0.167714760323
244.125    0.17064716252
244.25    0.17064716252
244.375    0.17064716252
244.5    0.1936741474
244.625    0.169986100753
244.75    0.169986100753
244.875    0.169986100753
245.0    0.188055122381
245.125    0.188055122381
245.25    0.188190724795
245.375    0.188055122381
245.5    0.187470336972
245.625    0.187470336972
245.75    0.187470336972
245.875    0.187427961218
246.0    0.186419418266
246.125    0.186419418266
246.25    0.186419418266
246.375    0.184893891111
246.5    0.182741202793
246.625    0.182741202793
246.75    0.182741202793
246.875    0.182741202793
247.0    0.188555156282
247.125    0.188555156282
247.25    0.187148281239
247.375    0.187148281239
247.5    0.18260560038
247.625    0.176274662689
247.75    0.176503491762
247.875    0.176503491762
248.0    0.178529052817
248.125    0.178317174046
248.25    0.178317174046
248.375    0.189300969557
248.5    0.182495423419
248.625    0.182495423419
248.75    0.184071801478
248.875    0.18330056275
249.0    0.187461861821
249.125    0.187521187877
249.25    0.188275476303
249.375    0.178910434606
249.5    0.186122787986
249.625    0.186122787986
249.75    0.186122787986
249.875    0.186122787986
250.0    0.183241236694
250.125    0.183241236694
250.25    0.183241236694
250.375    0.182834429453
250.5    0.184665062038
250.625    0.184080276629
250.75    0.184351481456
250.875    0.183868397857
251.0    0.183944674215
251.125    0.183944674215
251.25    0.183537866974
251.375    0.18211404163
251.5    0.188190724795
251.625    0.188190724795
251.75    0.188275476303
251.875    0.188275476303
252.0    0.191682486948
252.125    0.176503491762
252.25    0.176520442064
252.375    0.176520442064
252.5    0.171460777002
252.625    0.171460777002
252.75    0.171460777002
252.875    0.171460777002
253.0    0.1590955319
253.125    0.186309241304
253.25    0.186309241304
253.375    0.186309241304
253.5    0.184054851176
253.625    0.184639636586
253.75    0.184639636586
253.875    0.182775103397
254.0    0.190072208285
254.125    0.190148484643
254.25    0.189411146518
254.375    0.177393382602
254.5    0.177723913486
254.625    0.188707708997
254.75    0.188961963523
254.875    0.188224625398
255.0    0.185665129839
255.125    0.185665129839
255.25    0.185665129839
255.375    0.185665129839
255.5    0.178054444369
255.625    0.178054444369
255.75    0.178478201912
255.875    0.178478201912
256.0    0.179393518205
256.125    0.179393518205
256.25    0.180207132687
256.375    0.172062512713
256.5    0.1842921554
256.625    0.185504101973
256.75    0.184334531155
256.875    0.184334531155
257.0    0.183520916672
257.125    0.183520916672
257.25    0.183520916672
257.375    0.183631093633
257.5    0.180096955726
257.625    0.180096955726
257.75    0.180096955726
257.875    0.181317377449
258.0    0.172910027798
258.125    0.172910027798
258.25    0.172910027798
258.375    0.171689606075
258.5    0.179368092752
258.625    0.179368092752
258.75    0.178673130382
258.875    0.179096887925
259.0    0.174147399824
259.125    0.174147399824
259.25    0.186377042511
259.375    0.186377042511
259.5    0.175918706353
259.625    0.175918706353
259.75    0.175867855448
259.875    0.175867855448
260.0    0.179452844261
260.125    0.179452844261
260.25    0.179452844261
260.375    0.179452844261
260.5    0.182105566479
260.625    0.182241168893
260.75    0.180605464777
260.875    0.18141907926
261.0    0.181300427148
261.125    0.181978439216
261.25    0.182097091328
261.375    0.182147942233
261.5    0.173037155061
261.625    0.173037155061
261.75    0.176096684521
261.875    0.17618143603
262.0    0.180164756933
262.125    0.180020679368
262.25    0.180012204217
262.375    0.180020679368
262.5    0.176969625059
262.625    0.185877008611
262.75    0.18518204624
262.875    0.185843108007
263.0    0.178190046783
263.125    0.17825784799
263.25    0.169816597735
263.375    0.169816597735
263.5    0.180351210252
263.625    0.182063190725
263.75    0.182063190725
263.875    0.181851311953
264.0    0.181275001695
264.125    0.18112244898
264.25    0.181275001695
264.375    0.180266458743
264.5    0.170028476507
264.625    0.175850905146
264.75    0.175850905146
264.875    0.18141907926
265.0    0.181291951997
265.125    0.180800393247
265.25    0.180707166588
265.375    0.180613939928
265.5    0.160799037223
265.625    0.161578751102
265.75    0.161231269917
265.875    0.161485524442
266.0    0.177334056546
266.125    0.177528985016
266.25    0.177783239542
266.375    0.177783239542
266.5    0.182469997966
266.625    0.182469997966
266.75    0.182469997966
266.875    0.182469997966
267.0    0.187877144213
267.125    0.176969625059
267.25    0.187927995118
267.375    0.187817818157
267.5    0.187792392705
267.625    0.187792392705
267.75    0.187792392705
267.875    0.176842497796
268.0    0.171554003661
268.125    0.177486609262
268.25    0.176528917215
268.375    0.179469794562
268.5    0.186605871585
268.625    0.186605871585
268.75    0.178427351007
268.875    0.178512102515
269.0    0.181037697471
269.125    0.18113092413
269.25    0.18113092413
269.375    0.180808868398
269.5    0.178740931589
269.625    0.179130788528
269.75    0.179130788528
269.875    0.179130788528
270.0    0.180690216286
270.125    0.180690216286
270.25    0.180690216286
270.375    0.181283476846
270.5    0.181317377449
270.625    0.18171570954
270.75    0.180707166588
270.875    0.181275001695
271.0    0.182690351888
271.125    0.182690351888
271.25    0.182690351888
271.375    0.183080208828
271.5    0.180156281782
271.625    0.181342802902
271.75    0.181580107126
271.875    0.181656383484
272.0    0.174181300427
272.125    0.175842429995
272.25    0.176240762086
272.375    0.176240762086
272.5    0.180800393247
272.625    0.179630822429
272.75    0.179630822429
272.875    0.180647840532
273.0    0.184326056004
273.125    0.184326056004
273.25    0.184673537189
273.375    0.184673537189
273.5    0.183546342125
273.625    0.183546342125
273.75    0.177690012882
273.875    0.177690012882
274.0    0.174638958573
274.125    0.176537392366
274.25    0.176537392366
274.375    0.176537392366
274.5    0.180910570208
274.625    0.180910570208
274.75    0.180910570208
274.875    0.180910570208
275.0    0.169714895925
275.125    0.169986100753
275.25    0.169986100753
275.375    0.168901281443
275.5    0.177020475964
275.625    0.176867923249
275.75    0.176766221439
275.875    0.176520442064
276.0    0.181630958031
276.125    0.181630958031
276.25    0.181630958031
276.375    0.180410536308
276.5    0.17479998644
276.625    0.174757610685
276.75    0.1571123466
276.875    0.175045765815
277.0    0.185724455895
277.125    0.185724455895
277.25    0.186639772188
277.375    0.186639772188
277.5    0.179207064886
277.625    0.179207064886
277.75    0.179207064886
277.875    0.178901959455
278.0    0.178478201912
278.125    0.178918909757
278.25    0.179427418808
278.375    0.179427418808
278.5    0.180520713269
278.625    0.180520713269
278.75    0.180520713269
278.875    0.178622279477
279.0    0.181088548376
279.125    0.184063326327
279.25    0.184063326327
279.375    0.184063326327
279.5    0.181190250186
279.625    0.181190250186
279.75    0.179291816394
279.875    0.179274866093
280.0    0.177054376568
280.125    0.177054376568
280.25    0.177054376568
280.375    0.176342463896
280.5    0.177783239542
280.625    0.177783239542
280.75    0.177783239542
280.875    0.178825683097
281.0    0.181961488915
281.125    0.181961488915
281.25    0.181927588311
281.375    0.181927588311
281.5    0.182588650078
281.625    0.181690284087
281.75    0.181893687708
281.875    0.18191911316
282.0    0.176834022646
282.125    0.176834022646
282.25    0.191199403349
282.375    0.180105430877
282.5    0.181893687708
282.625    0.181893687708
282.75    0.182936131263
282.875    0.182936131263
283.0    0.162680520713
283.125    0.162680520713
283.25    0.167723235474
283.375    0.16808766696
283.5    0.17944436911
283.625    0.17944436911
283.75    0.179698623636
283.875    0.179698623636
284.0    0.177808664994
284.125    0.178266323141
284.25    0.177808664994
284.375    0.177808664994
284.5    0.17559665062
284.625    0.17559665062
284.75    0.17559665062
284.875    0.175732253034
285.0    0.180342735101
285.125    0.180774967794
285.25    0.180774967794
285.375    0.180774967794
285.5    0.181368228354
285.625    0.1808258187
285.75    0.180283409045
285.875    0.180308834497
286.0    0.175969557258
286.125    0.176062783918
286.25    0.175257644586
286.375    0.175257644586
286.5    0.176274662689
286.625    0.176418740254
286.75    0.176418740254
286.875    0.176444165706
287.0    0.17618143603
287.125    0.175859380297
287.25    0.175698352431
287.375    0.17598650756
287.5    0.181020747169
287.625    0.180944470812
287.75    0.181529256221
287.875    0.181673333785
288.0    0.175384771849
288.125    0.178486677063
288.25    0.178486677063
288.375    0.178622279477
288.5    0.176740795986
288.625    0.176791646891
288.75    0.175766153638
288.875    0.17638483965
289.0    0.179563021222
289.125    0.179563021222
289.25    0.179046037019
289.375    0.179563021222
289.5    0.17668146993
289.625    0.17668146993
289.75    0.17668146993
289.875    0.177647637128
290.0    0.180029154519
290.125    0.180029154519
290.25    0.180029154519
290.375    0.180029154519
290.5    0.180266458743
290.625    0.180266458743
290.75    0.180266458743
290.875    0.180325784799
291.0    0.176139060275
291.125    0.177198454132
291.25    0.177223879585
291.375    0.175817004543
291.5    0.173274459285
291.625    0.184258254797
291.75    0.176130585124
291.875    0.177554410469
292.0    0.174791511289
292.125    0.174791511289
292.25    0.174791511289
292.375    0.174791511289
292.5    0.179190114584
292.625    0.179190114584
292.75    0.178215472235
292.875    0.179698623636
293.0    0.180046104821
293.125    0.180046104821
293.25    0.180046104821
293.375    0.180046104821
293.5    0.180249508441
293.625    0.180249508441
293.75    0.180249508441
293.875    0.178825683097
294.0    0.170350532239
294.125    0.170350532239
