0.0    0.128736905256
0.125    0.129221468457
0.25    0.134025566477
0.375    0.133873275186
0.5    0.135756149338
0.625    0.136042272371
0.75    0.135899210854
0.875    0.135091605519
1.0    0.1366652822
1.125    0.138072822927
1.25    0.13610226591
1.375    0.137722091467
1.5    0.128732290369
1.625    0.129406063962
1.75    0.129913701601
1.875    0.129203008907
2.0    0.13639300383
2.125    0.136771424616
2.25    0.136771424616
2.375    0.136637592875
2.5    0.136134570123
2.625    0.137052932761
2.75    0.135211592598
2.875    0.135123909733
3.0    0.136619133324
3.125    0.137532881074
3.25    0.137759010568
3.375    0.137339055794
3.5    0.126226406387
3.625    0.127149383912
3.75    0.129133785592
3.875    0.129950620702
4.0    0.137555955512
4.125    0.136462227145
4.25    0.134930084452
4.375    0.134597812543
4.5    0.135977663944
4.625    0.134016336702
4.75    0.134791637824
4.875    0.134671650745
5.0    0.132876459458
5.125    0.133268724907
5.25    0.133144122941
5.375    0.130098297106
5.5    0.139531127417
5.625    0.137394434446
5.75    0.137311366468
5.875    0.137795929669
6.0    0.137422123771
6.125    0.137394434446
6.25    0.137265217592
6.375    0.137666712816
6.5    0.138751211408
6.625    0.139988001292
6.75    0.13917578107
6.875    0.13946651899
7.0    0.138386635285
7.125    0.139494208316
7.25    0.139235774609
7.375    0.139660344271
7.5    0.136942175458
7.625    0.137699017029
7.75    0.137837463658
7.875    0.135820757765
8.0    0.138714292307
8.125    0.130970510868
8.25    0.131745811989
8.375    0.128150814528
8.5    0.134362453274
8.625    0.137205224053
8.75    0.135239281923
8.875    0.130905902441
9.0    0.13501315243
9.125    0.137417508884
9.25    0.13691910102
9.375    0.134990077992
9.5    0.136448382482
9.625    0.136609903549
9.75    0.13726983248
9.875    0.136877567031
10.0    0.12995523559
10.125    0.13049979233
10.25    0.131228944575
10.375    0.130296737274
10.5    0.131201255249
10.625    0.131459688957
10.75    0.132738012829
10.875    0.132336517606
11.0    0.143393788361
11.125    0.136485301583
11.25    0.134353223499
11.375    0.133568692602
11.5    0.135797683326
11.625    0.135728460012
11.75    0.136328395404
11.875    0.136069961696
12.0    0.139281923485
12.125    0.139494208316
12.25    0.132571876875
12.375    0.132821080807
12.5    0.135788453551
12.625    0.134879320689
12.75    0.134556278555
12.875    0.136443767594
13.0    0.135866906641
13.125    0.135313120126
13.25    0.134357838387
13.375    0.135151599059
13.5    0.132248834741
13.625    0.134953158891
13.75    0.134330149061
13.875    0.133965572938
14.0    0.133905579399
14.125    0.132991831649
14.25    0.133314873783
14.375    0.133887119849
14.5    0.132225760303
14.625    0.123642069316
14.75    0.131759656652
14.875    0.130790530251
15.0    0.129295306659
15.125    0.129812174074
15.25    0.130029073792
15.375    0.134177857769
15.5    0.136337625179
15.625    0.134030181365
15.75    0.134450136139
15.875    0.134173242882
16.0    0.136217638101
16.125    0.134191702432
16.25    0.133545618164
16.375    0.133407171535
16.5    0.134454751027
16.625    0.132724168167
16.75    0.132327287831
16.875    0.132221145415
17.0    0.134971618441
17.125    0.135239281923
17.25    0.134860861138
17.375    0.134362453274
17.5    0.129669112557
17.625    0.129650653007
17.75    0.130222899072
17.875    0.129872167613
18.0    0.132179611426
18.125    0.130190594859
18.25    0.136642207762
18.375    0.137172919839
18.5    0.125917208916
18.625    0.125026535604
18.75    0.126697124925
18.875    0.124629655268
19.0    0.125035765379
19.125    0.124846554986
19.25    0.125723383636
19.375    0.125575707232
19.5    0.132691863953
19.625    0.132793391481
19.75    0.131805805529
19.875    0.131404310305
20.0    0.13265955974
20.125    0.132636485302
20.25    0.13357330749
20.375    0.132779546818
20.5    0.133600996816
20.625    0.133471779962
20.75    0.13374867322
20.875    0.133600996816
21.0    0.124514283077
21.125    0.124832710324
21.25    0.124832710324
21.375    0.131270478564
21.5    0.13067515806
21.625    0.13075361115
21.75    0.132059624348
21.875    0.130190594859
22.0    0.131630439799
22.125    0.131630439799
22.25    0.130748996262
22.375    0.130661313397
22.5    0.130162905533
22.625    0.130384420139
22.75    0.130384420139
22.875    0.130384420139
23.0    0.124057409202
23.125    0.123845124371
23.25    0.123835894596
23.375    0.13069361761
23.5    0.131450459181
23.625    0.130832064239
23.75    0.130458258341
23.875    0.131035119295
24.0    0.128903041211
24.125    0.129115326042
24.25    0.128035442337
24.375    0.132724168167
24.5    0.133716369006
24.625    0.133840970972
24.75    0.133840970972
24.875    0.12561724122
25.0    0.13131662744
25.125    0.131542756934
25.25    0.132096543449
25.375    0.131916562832
25.5    0.128783054133
25.625    0.128649222391
25.75    0.128275416494
25.875    0.128575384189
26.0    0.130522866768
26.125    0.130522866768
26.25    0.130702847386
26.375    0.130435183903
26.5    0.133374867322
26.625    0.133254880244
26.75    0.133430245973
26.875    0.133605611703
27.0    0.127758549079
27.125    0.127758549079
27.25    0.128958419862
27.375    0.128718445706
27.5    0.130273662836
27.625    0.130273662836
27.75    0.129821403849
27.875    0.129821403849
28.0    0.122497577184
28.125    0.128704601043
28.25    0.12225298814
28.375    0.12227144769
28.5    0.131030504407
28.625    0.131099727722
28.75    0.131487378282
28.875    0.131459688957
29.0    0.125021920716
29.125    0.12559878167
29.25    0.124025104989
29.375    0.124186626056
29.5    0.130587475195
29.625    0.130550556094
29.75    0.130550556094
29.875    0.130698232498
30.0    0.130998200194
30.125    0.131012044857
30.25    0.130545941206
30.375    0.130610549633
30.5    0.130707462273
30.625    0.130915132217
30.75    0.130933591767
30.875    0.131150491486
31.0    0.124094328303
31.125    0.124094328303
31.25    0.13267801929
31.375    0.128386173797
31.5    0.125197286446
31.625    0.125197286446
31.75    0.125026535604
31.875    0.124648114818
32.0    0.131496608058
32.125    0.131390465642
32.25    0.131995015921
32.375    0.131487378282
32.5    0.131076653283
32.625    0.131076653283
32.75    0.131441229406
32.875    0.130938206655
33.0    0.132770317043
33.125    0.132917993447
33.25    0.132650329964
33.375    0.132650329964
33.5    0.128603073515
33.625    0.128603073515
33.75    0.128801513683
33.875    0.128829203009
34.0    0.13114126171
34.125    0.130813604689
34.25    0.13094743643
34.375    0.122765240666
34.5    0.132031935022
34.625    0.129530665928
34.75    0.129521436153
34.875    0.133185656929
35.0    0.13392403895
35.125    0.13392403895
35.25    0.129719876321
35.375    0.129719876321
35.5    0.131468918732
35.625    0.13139508053
35.75    0.12923531312
35.875    0.12923531312
36.0    0.123937422124
36.125    0.130375190364
36.25    0.128935345424
36.375    0.128344639808
36.5    0.131404310305
36.625    0.131611980248
36.75    0.131722737551
36.875    0.131865799068
37.0    0.131542756934
37.125    0.131935022382
37.25    0.132078083899
37.375    0.131962711708
37.5    0.132055009461
37.625    0.132018090359
37.75    0.132018090359
37.875    0.131750426877
38.0    0.125044995154
38.125    0.126480225207
38.25    0.125866445152
38.375    0.125866445152
38.5    0.131999630809
38.625    0.131455074069
38.75    0.131482763395
38.875    0.131528912271
39.0    0.129475287277
39.125    0.130158290646
39.25    0.130199824634
39.375    0.130864368453
39.5    0.13178273109
39.625    0.13178273109
39.75    0.131741197102
39.875    0.131741197102
40.0    0.131335086991
40.125    0.131851954405
40.25    0.131851954405
40.375    0.132327287831
40.5    0.13250265356
40.625    0.131575061147
40.75    0.132013475472
40.875    0.13320411648
41.0    0.131035119295
41.125    0.131035119295
41.25    0.131035119295
41.375    0.131150491486
41.5    0.1267063547
41.625    0.135290045687
41.75    0.126747888689
41.875    0.126747888689
42.0    0.125294199086
42.125    0.125026535604
42.25    0.130712077161
42.375    0.130979740643
42.5    0.130412109465
42.625    0.130116756657
42.75    0.130232128848
42.875    0.129521436153
43.0    0.130204439522
43.125    0.130329041488
43.25    0.130555170982
43.375    0.130905902441
43.5    0.131385850755
43.625    0.131367391204
43.75    0.131450459181
43.875    0.130762840925
44.0    0.127024781947
44.125    0.127024781947
44.25    0.120587013706
44.375    0.120587013706
44.5    0.127140154137
44.625    0.126909409756
44.75    0.126946328857
44.875    0.127310904979
45.0    0.124768101897
45.125    0.124648114818
45.25    0.124652729706
45.375    0.124652729706
45.5    0.124472749089
45.625    0.125197286446
45.75    0.125548017906
45.875    0.124560431953
46.0    0.126872490655
46.125    0.128021597674
46.25    0.126489454982
46.375    0.127486270709
46.5    0.131002815081
46.625    0.130522866768
46.75    0.131058193733
46.875    0.1316673589
47.0    0.136069961696
47.125    0.127066315935
47.25    0.126909409756
47.375    0.135493100743
47.5    0.128256956943
47.625    0.128164659191
47.75    0.129055332503
47.875    0.128792283908
48.0    0.125428030827
48.125    0.125400341502
48.25    0.125358807513
48.375    0.125608011445
48.5    0.127606257788
48.625    0.127606257788
48.75    0.127753934192
48.875    0.127906225483
49.0    0.132571876875
49.125    0.132571876875
49.25    0.132571876875
49.375    0.132479579122
49.5    0.123669758641
49.625    0.123748211731
49.75    0.123757441506
49.875    0.123757441506
50.0    0.131464303844
50.125    0.131464303844
50.25    0.131464303844
50.375    0.132534957774
50.5    0.127717015091
50.625    0.128266186718
50.75    0.128367714246
50.875    0.127726244866
51.0    0.132225760303
51.125    0.132225760303
51.25    0.132890304121
51.375    0.1330472103
51.5    0.123319027182
51.625    0.124006645438
51.75    0.126152568185
51.875    0.125875674927
52.0    0.126507914532
52.125    0.126655590936
52.25    0.126595597397
52.375    0.126660205824
52.5    0.128713830818
52.625    0.128713830818
52.75    0.128713830818
52.875    0.129516821265
53.0    0.128423092898
53.125    0.128450782223
53.25    0.127158613688
53.375    0.126231021275
53.5    0.126683280262
53.625    0.126683280262
53.75    0.1262587106
53.875    0.126480225207
54.0    0.128626147953
54.125    0.128759979694
54.25    0.129179934469
54.375    0.128709215931
54.5    0.132871844571
54.625    0.132871844571
54.75    0.132871844571
54.875    0.132871844571
55.0    0.122760625779
55.125    0.122857538419
55.25    0.129521436153
55.375    0.129599889243
55.5    0.125141907795
55.625    0.125109603581
55.75    0.129401449075
55.875    0.127218607227
56.0    0.129664497669
56.125    0.130342886151
56.25    0.129572199917
56.375    0.129502976603
56.5    0.128030827449
56.625    0.128132354977
56.75    0.127763163967
56.875    0.12752318981
57.0    0.122857538419
57.125    0.122857538419
57.25    0.122645253588
57.375    0.122857538419
57.5    0.12678480779
57.625    0.126927869306
57.75    0.127190917901
57.875    0.126900179981
58.0    0.127587798237
58.125    0.128270801606
58.25    0.128275416494
58.375    0.12840001846
58.5    0.129419908625
58.625    0.129535280816
58.75    0.129535280816
58.875    0.129742950759
59.0    0.128579999077
59.125    0.128358484471
59.25    0.126207946836
59.375    0.127740089529
59.5    0.125215745997
59.625    0.125234205547
59.75    0.126087959758
59.875    0.126069500208
60.0    0.122645253588
60.125    0.121717661175
60.25    0.121689971849
60.375    0.122008399095
60.5    0.127034011722
60.625    0.127066315935
60.75    0.127066315935
60.875    0.127066315935
61.0    0.1316673589
61.125    0.127306290092
61.25    0.127034011722
61.375    0.129327610873
61.5    0.126249480825
61.625    0.126212561724
61.75    0.127569338687
61.875    0.127537034473
62.0    0.127103235036
62.125    0.127103235036
62.25    0.127652406664
62.375    0.127038626609
62.5    0.130928976879
62.625    0.126637131386
62.75    0.127167843463
62.875    0.127647791776
63.0    0.129572199917
63.125    0.129599889243
63.25    0.129382989524
63.375    0.129433753288
63.5    0.127403202732
63.625    0.127661636439
63.75    0.128363099359
63.875    0.127772393742
64.0    0.127749319304
64.125    0.127749319304
64.25    0.127749319304
64.375    0.128233882505
64.5    0.125654160321
64.625    0.125709538973
64.75    0.125751072961
64.875    0.125395726614
65.0    0.121113110896
65.125    0.127477040934
65.25    0.121039272694
65.375    0.121560754996
65.5    0.126498684757
65.625    0.126724814251
65.75    0.125838755826
65.875    0.12633716369
66.0    0.128003138124
66.125    0.128003138124
66.25    0.128635377729
66.375    0.128118510314
66.5    0.121865337579
66.625    0.12153306567
66.75    0.122068392635
66.875    0.122179149938
67.0    0.12188379713
67.125    0.12188379713
67.25    0.122206839263
67.375    0.122359130555
67.5    0.126664820712
67.625    0.126950943745
67.75    0.12651252942
67.875    0.126983247958
68.0    0.128275416494
68.125    0.128275416494
68.25    0.12876920947
68.375    0.12876920947
68.5    0.12732936453
68.625    0.125183441783
68.75    0.124846554986
68.875    0.125474179704
69.0    0.126498684757
69.125    0.126646361161
69.25    0.126927869306
69.375    0.118182657252
69.5    0.118588767364
69.625    0.119922469888
69.75    0.118505699386
69.875    0.118588767364
70.0    0.125229590659
70.125    0.127375513406
70.25    0.128344639808
70.375    0.128344639808
70.5    0.124195855831
70.625    0.123577460889
70.75    0.123577460889
70.875    0.123577460889
71.0    0.117171996862
71.125    0.117324288154
71.25    0.117808851354
71.375    0.124246619595
71.5    0.127753934192
71.625    0.127753934192
71.75    0.123462088698
71.875    0.123462088698
72.0    0.129355300198
72.125    0.128667681942
72.25    0.128035442337
72.375    0.128284646269
72.5    0.130264433061
72.625    0.130116756657
72.75    0.130047533343
72.875    0.131118187272
73.0    0.130236743735
73.125    0.130361345701
73.25    0.130361345701
73.375    0.13141354008
73.5    0.124103558078
73.625    0.124546587291
73.75    0.124122017629
73.875    0.124772716784
74.0    0.124735797683
74.125    0.125400341502
74.25    0.126027966219
74.375    0.125492639254
74.5    0.125571092344
74.625    0.124855784762
74.75    0.124795791222
74.875    0.118985647699
75.0    0.127366283631
75.125    0.127675481102
75.25    0.127675481102
75.375    0.127693940653
75.5    0.125298813974
75.625    0.125261894873
75.75    0.125635700771
75.875    0.125677234759
76.0    0.126470995431
76.125    0.126212561724
76.25    0.126212561724
76.375    0.126212561724
76.5    0.13123817435
76.625    0.131459688957
76.75    0.131459688957
76.875    0.122935991509
77.0    0.126051040657
77.125    0.125958742905
77.25    0.126604827172
77.375    0.126937099082
77.5    0.1307720707
77.625    0.122742166228
77.75    0.122852923531
77.875    0.122852923531
78.0    0.11962711708
78.125    0.117481194333
78.25    0.118510314274
78.375    0.126272555263
78.5    0.126567908071
78.625    0.127749319304
78.75    0.126567908071
78.875    0.127195532789
79.0    0.125372652176
79.125    0.125372652176
79.25    0.125815681388
79.375    0.125192671558
79.5    0.121786884489
79.625    0.122036088421
79.75    0.12244681342
79.875    0.123508237574
80.0    0.125063454705
80.125    0.131201255249
80.25    0.130707462273
80.375    0.130938206655
80.5    0.12281600443
80.625    0.128935345424
80.75    0.120351654437
80.875    0.120351654437
81.0    0.122432968757
81.125    0.122432968757
81.25    0.12242835387
81.375    0.123009829711
81.5    0.124971156952
81.625    0.123660528866
81.75    0.123683603304
81.875    0.123683603304
82.0    0.124371221561
82.125    0.119779408371
82.25    0.12841847801
82.375    0.127352438968
82.5    0.124588121279
82.625    0.124749642346
82.75    0.125321888412
82.875    0.124468134201
83.0    0.121325395727
83.125    0.121325395727
83.25    0.121353085052
83.375    0.121186949098
83.5    0.130250588398
83.625    0.130342886151
83.75    0.123466703586
83.875    0.123817435045
84.0    0.129595274355
84.125    0.127956989247
84.25    0.127956989247
84.375    0.127956989247
84.5    0.126826341779
84.625    0.118593382251
84.75    0.118934883936
84.875    0.119728644608
85.0    0.119594812866
85.125    0.118976417924
85.25    0.118833356408
85.375    0.118681065116
85.5    0.123946651899
85.625    0.12444967465
85.75    0.124620425493
85.875    0.124841940099
86.0    0.125940283354
86.125    0.124403525774
86.25    0.124421985325
86.375    0.124408140662
86.5    0.123332871845
86.625    0.122151460612
86.75    0.121713046287
86.875    0.122783700217
87.0    0.130458258341
87.125    0.121662282523
87.25    0.122303751904
87.375    0.122299137016
87.5    0.134094789792
87.625    0.133993262264
87.75    0.131985786146
87.875    0.127666251327
88.0    0.121288476626
88.125    0.120965434492
88.25    0.121676127186
88.375    0.121666897411
88.5    0.125395726614
88.625    0.125031150491
88.75    0.125561862569
88.875    0.126600212285
89.0    0.119894780562
89.125    0.119590197979
89.25    0.119844016798
89.375    0.119290230283
89.5    0.124172781393
89.625    0.125141907795
89.75    0.124883474087
89.875    0.124675804144
90.0    0.124772716784
90.125    0.124772716784
90.25    0.122396049656
90.375    0.12291291707
90.5    0.122728321565
90.625    0.122968295722
90.75    0.123305182519
90.875    0.123374405833
91.0    0.125118833356
91.125    0.125031150491
91.25    0.125234205547
91.375    0.125100373806
91.5    0.121205408648
91.625    0.120642392358
91.75    0.122959065947
91.875    0.123032904149
92.0    0.123955881674
92.125    0.123766671282
92.25    0.123785130832
92.375    0.123009829711
92.5    0.123983571
92.625    0.1244312151
92.75    0.123831279708
92.875    0.123623609765
93.0    0.118657990678
93.125    0.118662605566
93.25    0.12161151876
93.375    0.117356592367
93.5    0.123323642069
93.625    0.123111357238
93.75    0.123060593475
93.875    0.123715907518
94.0    0.124103558078
94.125    0.1235359269
94.25    0.1235359269
94.375    0.123618994877
94.5    0.124620425493
94.625    0.123900503023
94.75    0.124357376898
94.875    0.124283538696
95.0    0.12425584937
95.125    0.124643499931
95.25    0.124601965942
95.375    0.125220360884
95.5    0.123849739259
95.625    0.12225298814
95.75    0.121828418478
95.875    0.119737874383
96.0    0.124597351055
96.125    0.124292768471
96.25    0.123845124371
96.375    0.124103558078
96.5    0.124772716784
96.625    0.124343532235
96.75    0.122197609488
96.875    0.122432968757
97.0    0.129318381097
97.125    0.12923531312
97.25    0.129535280816
97.375    0.122557570723
97.5    0.124145092067
97.625    0.124380451336
97.75    0.121394619041
97.875    0.120757764548
98.0    0.120425492639
98.125    0.120379343763
98.25    0.120513175504
98.375    0.1208131432
98.5    0.123609765102
98.625    0.123725137293
98.75    0.123725137293
98.875    0.123817435045
99.0    0.114583044903
99.125    0.114241543218
99.25    0.114010798837
99.375    0.114223083668
99.5    0.123180580553
99.625    0.123780515944
99.75    0.119447136462
99.875    0.119590197979
100.0    0.125677234759
100.125    0.125677234759
100.25    0.12732936453
100.375    0.120088605842
100.5    0.1226406387
100.625    0.122557570723
100.75    0.122451428308
100.875    0.121925331118
101.0    0.122746781116
101.125    0.122742166228
101.25    0.122146845724
101.375    0.122257603027
101.5    0.119987078315
101.625    0.126447920993
101.75    0.12135769994
101.875    0.121090036458
102.0    0.123729752181
102.125    0.123812820158
102.25    0.123863583922
102.375    0.124325072684
102.5    0.124329687572
102.625    0.124440444875
102.75    0.124837325211
102.875    0.124541972403
103.0    0.125358807513
103.125    0.124477363976
103.25    0.125760302737
103.375    0.12544187549
103.5    0.115787530574
103.625    0.115865983663
103.75    0.116018274955
103.875    0.125201901334
104.0    0.126147953297
104.125    0.126147953297
104.25    0.12516959712
104.375    0.125008076053
104.5    0.121699201624
104.625    0.122326826342
104.75    0.12270063224
104.875    0.122599104712
105.0    0.121223868199
105.125    0.121482301906
105.25    0.121482301906
105.375    0.121556140108
105.5    0.114546125802
105.625    0.114689187318
105.75    0.114735336195
105.875    0.123231344317
106.0    0.117135077761
106.125    0.117208915963
106.25    0.117573492085
106.375    0.11766117495
106.5    0.117287369053
106.625    0.117342747704
106.75    0.116872029166
106.875    0.123531312013
107.0    0.116304397988
107.125    0.116488993493
107.25    0.116433614841
107.375    0.115653698832
107.5    0.117208915963
107.625    0.117984217084
107.75    0.117485809221
107.875    0.117905763995
108.0    0.126369467903
108.125    0.124495823527
108.25    0.12472195302
108.375    0.124375836448
108.5    0.11628132355
108.625    0.114449213162
108.75    0.116152106696
108.875    0.113821588444
109.0    0.122133001061
109.125    0.121496146569
109.25    0.12161151876
109.375    0.122109926623
109.5    0.122372975218
109.625    0.122391434769
109.75    0.123106742351
109.875    0.122626794038
110.0    0.118842586183
110.125    0.11910101989
110.25    0.11910101989
110.375    0.127684710877
110.5    0.122229913702
110.625    0.121814573815
110.75    0.121657667636
110.875    0.122073007522
111.0    0.123785130832
111.125    0.123817435045
111.25    0.123817435045
111.375    0.123960496562
111.5    0.122769855554
111.625    0.122995985048
111.75    0.122963680834
111.875    0.123037519036
112.0    0.114979925239
112.125    0.115058378328
112.25    0.115058378328
112.375    0.115349116249
112.5    0.123909732798
112.625    0.123494392912
112.75    0.123466703586
112.875    0.12336056117
113.0    0.114333840971
113.125    0.114389219623
113.25    0.114361530297
113.375    0.123111357238
113.5    0.125035765379
113.625    0.124634270156
113.75    0.116692048549
113.875    0.11727352439
114.0    0.130029073792
114.125    0.128999953851
114.25    0.125280354423
114.375    0.125063454705
114.5    0.118311874106
114.625    0.11925792607
114.75    0.119294845171
114.875    0.119290230283
115.0    0.11258479856
115.125    0.104001107573
115.25    0.112630947436
115.375    0.112649406987
115.5    0.122899072408
115.625    0.114689187318
115.75    0.116835110065
115.875    0.116715122987
116.0    0.115330656699
116.125    0.115312197148
116.25    0.11476302552
116.375    0.115312197148
116.5    0.123729752181
116.625    0.123651299091
116.75    0.122935991509
116.875    0.123582075776
117.0    0.124768101897
117.125    0.124398910887
117.25    0.124094328303
117.375    0.124394295999
117.5    0.122599104712
117.625    0.122802159767
117.75    0.122617564262
117.875    0.123189810328
118.0    0.124694263695
118.125    0.124694263695
118.25    0.123582075776
118.375    0.124809635885
118.5    0.123549771563
118.625    0.124052794314
118.75    0.12524805021
118.875    0.123798975495
119.0    0.125455720153
119.125    0.125589551894
119.25    0.125589551894
119.375    0.125907979141
120.0    0.117495038996
120.125    0.117693479164
120.25    0.117785776916
120.375    0.117781162029
120.5    0.126798652453
120.625    0.126798652453
120.75    0.126743273801
120.875    0.126489454982
121.0    0.123637454428
121.125    0.123549771563
121.25    0.124195855831
121.375    0.124315842909
121.5    0.12480040611
121.625    0.12480040611
121.75    0.124269694033
121.875    0.124269694033
122.0    0.115446028889
122.125    0.115519867091
122.25    0.115944436753
122.375    0.117665789838
122.5    0.113512390973
122.625    0.114467672712
122.75    0.119364068485
122.875    0.119350223822
123.0    0.117024320458
123.125    0.116525912594
123.25    0.117093543772
123.375    0.117148922424
123.5    0.119165628317
123.625    0.119474825788
123.75    0.119331764272
123.875    0.119553278878
124.0    0.11781808113
124.125    0.117901149107
124.25    0.117901149107
124.375    0.117891919332
124.5    0.124371221561
124.625    0.1235359269
124.75    0.117587336748
124.875    0.125677234759
125.0    0.119151783654
125.125    0.119027181688
125.25    0.11908256034
125.375    0.119248696294
125.5    0.124486593751
125.625    0.124458904426
125.75    0.124454289538
125.875    0.113332410356
126.0    0.118334948544
126.125    0.118334948544
126.25    0.118611841802
126.375    0.118676450228
126.5    0.120439337302
126.625    0.12073469011
126.75    0.11420000923
126.875    0.120536249942
127.0    0.124518897965
127.125    0.113913886197
127.25    0.113323180581
127.375    0.113747750242
127.5    0.113886196871
127.625    0.114144630578
127.75    0.114412294061
127.875    0.121150029997
128.0    0.125358807513
128.125    0.125418801052
128.25    0.125847985602
128.375    0.125021920716
128.5    0.119904010337
128.625    0.119904010337
128.75    0.119904010337
128.875    0.120550094605
129.0    0.114135400803
129.125    0.114550740689
129.25    0.114661497993
129.375    0.121671512299
129.5    0.112330979741
129.625    0.12680326734
129.75    0.128113895427
129.875    0.119867091236
130.0    0.118985647699
130.125    0.118957958374
130.25    0.117855000231
130.375    0.118676450228
130.5    0.113641607827
130.625    0.116249019336
130.75    0.116848954728
130.875    0.116272093775
131.0    0.119128709216
131.125    0.119230236744
131.25    0.119262540957
131.375    0.119673265956
131.5    0.115607549956
131.625    0.115630624394
131.75    0.126383312566
131.875    0.11546448844
132.0    0.120471641516
132.125    0.120665466796
132.25    0.120651622133
132.375    0.119839401911
132.5    0.122040703309
132.625    0.122142230837
132.75    0.120217822696
132.875    0.119188702755
133.0    0.117139692648
133.125    0.117139692648
133.25    0.125723383636
133.375    0.117758087591
133.5    0.115722922147
133.625    0.117868844894
133.75    0.128718445706
133.875    0.128395403572
134.0    0.116336702201
134.125    0.116562831695
134.25    0.115967511191
134.375    0.116479763718
134.5    0.119885550787
134.625    0.119825557248
134.75    0.120863906964
134.875    0.120596243481
135.0    0.120434722415
135.125    0.120983894042
135.25    0.120647007245
135.375    0.120965434492
135.5    0.126646361161
135.625    0.126623286723
135.75    0.128819973234
135.875    0.122636023813
136.0    0.116932022705
136.125    0.117056624671
136.25    0.117190456412
136.375    0.117056624671
136.5    0.12118233421
136.625    0.121380774378
136.75    0.120845447413
136.875    0.120979279155
137.0    0.115150676081
137.125    0.121588444321
137.25    0.121588444321
137.375    0.121588444321
137.5    0.114633808667
137.625    0.114896857262
137.75    0.121334625502
137.875    0.120900826065
138.0    0.114015413725
138.125    0.118394942083
138.25    0.118570307813
138.375    0.116465919055
138.5    0.116996631132
138.625    0.116687433661
138.75    0.116313627763
138.875    0.116982786469
139.0    0.119613272417
139.125    0.11945175135
139.25    0.118565692925
139.375    0.11945175135
139.5    0.118796437307
139.625    0.118796437307
139.75    0.118805667082
139.875    0.118865660621
140.0    0.115224514283
140.125    0.115261433384
140.25    0.115344501361
140.375    0.115275278047
140.5    0.118519544049
140.625    0.118422631409
140.75    0.118676450228
140.875    0.119091790115
141.0    0.119553278878
141.125    0.119553278878
141.25    0.119553278878
141.375    0.119553278878
141.5    0.123568231114
141.625    0.117061239559
141.75    0.117518113434
141.875    0.117859615118
142.0    0.11384927777
142.125    0.12034703955
142.25    0.12034703955
142.375    0.120236282247
142.5    0.119456366237
142.625    0.11953020444
142.75    0.11910101989
142.875    0.119940929438
143.0    0.117439660344
143.125    0.117439660344
143.25    0.117647330288
143.375    0.117716553602
143.5    0.121076191795
143.625    0.121076191795
143.75    0.120688541234
143.875    0.119853246573
144.0    0.116918178042
144.125    0.116710508099
144.25    0.114564585352
144.375    0.114564585352
144.5    0.117148922424
144.625    0.117887304444
144.75    0.118228806129
144.875    0.118713369329
145.0    0.117878074669
145.125    0.117878074669
145.25    0.117878074669
145.375    0.118182657252
145.5    0.116142876921
145.625    0.116142876921
145.75    0.116175181134
145.875    0.118321103881
146.0    0.12207762241
146.125    0.11818727214
146.25    0.12061931792
146.375    0.120573169043
146.5    0.116710508099
146.625    0.116788961189
146.75    0.11684433984
146.875    0.116608980571
147.0    0.116345931977
147.125    0.116142876921
147.25    0.115750611473
147.375    0.121939175781
147.5    0.120942360054
147.625    0.120951589829
147.75    0.121283861738
147.875    0.121136185334
148.0    0.114250772994
148.125    0.114250772994
148.25    0.114412294061
148.375    0.114638423554
148.5    0.124652729706
148.625    0.125086529143
148.75    0.125289584199
148.875    0.12571415386
149.0    0.121745350501
149.125    0.121676127186
149.25    0.121385389266
149.375    0.119950159214
149.5    0.115053763441
149.625    0.115053763441
149.75    0.114264617657
149.875    0.11501684434
150.0    0.120176288707
150.125    0.11919793253
150.25    0.119640961743
150.375    0.120180903595
150.5    0.116272093775
150.625    0.116272093775
150.75    0.116189025797
150.875    0.122382204993
151.0    0.119424062024
151.125    0.119424062024
151.25    0.119424062024
151.375    0.119216392081
151.5    0.119553278878
151.625    0.119737874383
151.75    0.119770178596
151.875    0.119317919609
152.0    0.119617887304
152.125    0.119830172135
152.25    0.119830172135
152.375    0.119511744889
152.5    0.118967188149
152.625    0.118967188149
152.75    0.119174858092
152.875    0.118773362869
153.0    0.120508560617
153.125    0.120965434492
153.25    0.123120587014
153.375    0.122908302183
153.5    0.124292768471
153.625    0.124288153583
153.75    0.124154321842
153.875    0.123295952744
154.0    0.123983571
154.125    0.12161151876
154.25    0.12190225668
154.375    0.121976094882
154.5    0.121140800222
154.625    0.121140800222
154.75    0.121099266233
154.875    0.120697771009
155.0    0.117984217084
155.125    0.117965757534
155.25    0.117965757534
155.375    0.117891919332
155.5    0.123512852462
155.625    0.123425169597
155.75    0.123448244035
155.875    0.123600535327
156.0    0.120194748258
156.125    0.120194748258
156.25    0.119705570169
156.375    0.116812035627
156.5    0.111934099405
156.625    0.112317135078
156.75    0.112317135078
156.875    0.112197147999
157.0    0.119433291799
157.125    0.11945175135
157.25    0.119336379159
157.375    0.11953020444
157.5    0.120383958651
157.625    0.120323965111
157.75    0.12007476118
157.875    0.119857861461
158.0    0.11167105081
158.125    0.110891134801
158.25    0.111098804744
158.375    0.111611057271
158.5    0.120600858369
158.625    0.120388573538
158.75    0.11900410725
158.875    0.118505699386
159.0    0.116752042088
159.125    0.117296598828
159.25    0.117296598828
159.375    0.117398126356
159.5    0.118833356408
159.625    0.118801052194
159.75    0.118021136185
159.875    0.118842586183
160.0    0.120656237021
160.125    0.120554709493
160.25    0.120227052471
160.375    0.120227052471
160.5    0.114823019059
160.625    0.11729198394
160.75    0.12001476764
160.875    0.120134754719
161.0    0.1226406387
161.125    0.11620287046
161.25    0.116041349393
161.375    0.116415155291
161.5    0.119137938991
161.625    0.119534819327
161.75    0.118990262587
161.875    0.119617887304
162.0    0.116770501638
162.125    0.117079699109
162.25    0.117231990401
162.375    0.117587336748
162.5    0.116479763718
162.625    0.116516682819
162.75    0.116516682819
162.875    0.116535142369
163.0    0.11810881905
163.125    0.117222760626
163.25    0.118981032812
163.375    0.117942683096
163.5    0.118219576353
163.625    0.118302644331
163.75    0.118302644331
163.875    0.118302644331
164.0    0.118944113711
164.125    0.119068715677
164.25    0.119124094328
164.375    0.118994877475
164.5    0.109875859523
164.625    0.109294383682
164.75    0.109538972726
164.875    0.118173427477
165.0    0.112889381144
165.125    0.11266325165
165.25    0.112866306705
165.375    0.112515575246
165.5    0.120383958651
165.625    0.12071623056
165.75    0.120730075223
165.875    0.120374728875
166.0    0.118971803037
166.125    0.118501084499
166.25    0.119290230283
166.375    0.119839401911
166.5    0.117490424108
166.625    0.117490424108
166.75    0.125437260603
166.875    0.117351977479
167.0    0.120245512022
167.125    0.120245512022
167.25    0.120245512022
167.375    0.120245512022
167.5    0.109982001938
167.625    0.110023535927
167.75    0.110023535927
167.875    0.109995846601
168.0    0.117638100512
168.125    0.117679634501
168.25    0.117679634501
168.375    0.117656560063
168.5    0.120153214269
168.625    0.119844016798
168.75    0.119844016798
168.875    0.119917855
169.0    0.113009368222
169.125    0.113387789007
169.25    0.11295398957
169.375    0.11293553002
169.5    0.117887304444
169.625    0.11845955051
169.75    0.118588767364
169.875    0.11838109742
170.0    0.108366791269
170.125    0.108463703909
170.25    0.11908256034
170.375    0.119294845171
170.5    0.119045641239
170.625    0.119045641239
170.75    0.119585583091
170.875    0.119567123541
171.0    0.116968941806
171.125    0.118944113711
171.25    0.118944113711
171.375    0.119073330564
171.5    0.116978171582
171.625    0.116964326919
171.75    0.117038165121
171.875    0.11709815866
172.0    0.119839401911
172.125    0.119876321012
172.25    0.119876321012
172.375    0.120167058932
172.5    0.116498223268
172.625    0.116488993493
172.75    0.116488993493
172.875    0.116488993493
173.0    0.117887304444
173.125    0.117942683096
173.25    0.117942683096
173.375    0.118021136185
173.5    0.112460196594
173.625    0.112543264571
173.75    0.11248788592
173.875    0.112123309797
174.0    0.117550417647
174.125    0.11772116849
174.25    0.117698094051
174.375    0.117725783377
174.5    0.112755549402
174.625    0.112977064008
174.75    0.112977064008
174.875    0.113170889289
175.0    0.111952558955
175.125    0.111707969911
175.25    0.111707969911
175.375    0.109585121602
175.5    0.11954866399
175.625    0.119377913148
175.75    0.119756333933
175.875    0.119751719046
176.0    0.115335271586
176.125    0.115778300798
176.25    0.116405925516
176.375    0.116465919055
176.5    0.112358669066
176.625    0.112649406987
176.75    0.112649406987
176.875    0.112695555863
177.0    0.11810881905
177.125    0.118708754442
177.25    0.118081129725
177.375    0.118062670174
177.5    0.115252203609
177.625    0.115612164844
177.75    0.115612164844
177.875    0.115649083945
178.0    0.123831279708
178.125    0.123854354146
178.25    0.123854354146
178.375    0.117476579445
178.5    0.11655360192
178.625    0.116576676358
178.75    0.116576676358
178.875    0.116576676358
179.0    0.11355853985
179.125    0.113475471872
179.25    0.11355853985
179.375    0.113636992939
180.0    0.113743135355
180.125    0.113743135355
180.25    0.113092436199
180.375    0.113092436199
180.5    0.11365545249
180.625    0.113590844063
180.75    0.113821588444
180.875    0.113180119064
181.0    0.117144307536
181.125    0.117144307536
181.25    0.117144307536
181.375    0.117144307536
181.5    0.121837648253
181.625    0.122054547972
181.75    0.113512390973
181.875    0.113046287323
182.0    0.116627440122
182.125    0.116816650515
182.25    0.11701970557
182.375    0.117061239559
182.5    0.116724352762
182.625    0.117153537311
182.75    0.117555032535
182.875    0.118990262587
183.0    0.117227375513
183.125    0.116858184503
183.25    0.116858184503
183.375    0.117795006692
183.5    0.118394942083
183.625    0.118394942083
183.75    0.118930269048
183.875    0.118930269048
184.0    0.120023997416
184.125    0.116913563155
184.25    0.118288799668
184.375    0.118307259218
184.5    0.113613918501
184.625    0.113613918501
184.75    0.113618533389
184.875    0.113618533389
185.0    0.11791499377
185.125    0.11791499377
185.25    0.11791499377
185.375    0.11791499377
185.5    0.115856753888
185.625    0.115612164844
185.75    0.115219899395
185.875    0.111274170474
186.0    0.113295491255
186.125    0.113295491255
186.25    0.113230882828
186.375    0.113230882828
186.5    0.116230559786
186.625    0.116225944898
186.75    0.116276708662
186.875    0.116350546864
187.0    0.113876967096
187.125    0.113923115972
187.25    0.113632378052
187.375    0.114098481702
187.5    0.117559647423
187.625    0.117559647423
187.75    0.117559647423
187.875    0.117421200794
188.0    0.118662605566
188.125    0.119465596013
188.25    0.110780377498
188.375    0.110748073284
188.5    0.118122663713
188.625    0.11772116849
188.75    0.118302644331
188.875    0.119054871014
189.0    0.118076514837
189.125    0.118076514837
189.25    0.118016521298
189.375    0.117591951636
189.5    0.116655129448
189.625    0.116904333379
189.75    0.116484378605
189.875    0.116641284785
190.0    0.115916747427
190.125    0.115972126079
190.25    0.115972126079
190.375    0.114804559509
190.5    0.118962573261
190.625    0.119544049102
190.75    0.119188702755
190.875    0.118104204163
191.0    0.116982786469
191.125    0.116964326919
191.25    0.116982786469
191.375    0.116982786469
191.5    0.120563939268
191.625    0.120628547695
191.75    0.120628547695
191.875    0.118699524667
192.0    0.115524481979
192.125    0.11546448844
192.25    0.115224514283
192.375    0.115487562878
192.5    0.117458119895
192.625    0.117453505007
192.75    0.11530758226
192.875    0.115427569339
193.0    0.110143523005
193.125    0.116604365684
193.25    0.116710508099
193.375    0.1167474272
193.5    0.118348793207
193.625    0.118436476072
193.75    0.118325718769
193.875    0.118168812589
194.0    0.117084313997
194.125    0.117471964558
194.25    0.117536572984
194.375    0.117522728322
194.5    0.115173750519
194.625    0.115173750519
194.75    0.115127601643
194.875    0.115127601643
195.0    0.115722922147
195.125    0.115732151922
195.25    0.115732151922
195.375    0.115607549956
195.5    0.116895103604
195.625    0.117047394896
195.75    0.118921039273
195.875    0.117573492085
196.0    0.113350869906
196.125    0.114347685634
196.25    0.115409109788
196.375    0.115879828326
196.5    0.107134616272
196.625    0.107342286215
196.75    0.104988693525
196.875    0.104988693525
197.0    0.118154967927
197.125    0.118154967927
197.25    0.118371867645
197.375    0.118154967927
197.5    0.116272093775
197.625    0.116272093775
197.75    0.116272093775
197.875    0.116604365684
198.0    0.117144307536
198.125    0.117093543772
198.25    0.117093543772
198.375    0.117093543772
198.5    0.116461304167
198.625    0.1162997831
198.75    0.116138262033
198.875    0.116138262033
199.0    0.111084960081
199.125    0.111020351654
199.25    0.117402741243
199.375    0.11737043703
199.5    0.118274955005
199.625    0.118376482533
199.75    0.118376482533
199.875    0.111938714292
200.0    0.115044533666
200.125    0.115044533666
200.25    0.115062993216
200.375    0.115136831418
200.5    0.121422308367
200.625    0.121482301906
200.75    0.121763810051
200.875    0.121842263141
201.0    0.11791499377
201.125    0.11791499377
201.25    0.117573492085
201.375    0.117527343209
201.5    0.11530758226
201.625    0.115750611473
201.75    0.115750611473
201.875    0.115616779731
202.0    0.117347362592
202.125    0.115201439845
202.25    0.115201439845
202.375    0.114730721307
202.5    0.113143199963
202.625    0.113184733952
202.75    0.11367391204
202.875    0.113775439568
203.0    0.111103419632
203.125    0.111103419632
203.25    0.111103419632
203.375    0.111260325811
203.5    0.118339563432
203.625    0.118371867645
203.75    0.118302644331
203.875    0.118302644331
204.0    0.115067608104
204.125    0.115487562878
204.25    0.115284507822
204.375    0.108846739582
204.5    0.115349116249
204.625    0.115349116249
204.75    0.1153675758
204.875    0.1153675758
205.0    0.115044533666
205.125    0.115044533666
205.25    0.115044533666
205.375    0.115044533666
205.5    0.116350546864
205.625    0.11639669574
205.75    0.116447459504
205.875    0.116581291246
206.0    0.115547556417
206.125    0.115944436753
206.25    0.115450643777
206.375    0.115409109788
206.5    0.114873782823
206.625    0.114873782823
206.75    0.114910701924
206.875    0.115316812036
207.0    0.116724352762
207.125    0.117758087591
207.25    0.117758087591
207.375    0.11637823619
207.5    0.110946513452
207.625    0.110988047441
207.75    0.111034196317
207.875    0.109303613457
208.0    0.111500299968
208.125    0.111551063732
208.25    0.11157413817
208.375    0.111551063732
208.5    0.116608980571
208.625    0.116419770179
208.75    0.116419770179
208.875    0.116419770179
209.0    0.118464165398
209.125    0.118496469611
209.25    0.118704139554
209.375    0.118704139554
209.5    0.111906410079
209.625    0.111906410079
209.75    0.111906410079
209.875    0.111887950528
210.0    0.117573492085
210.125    0.117605796299
210.25    0.117605796299
210.375    0.117624255849
210.5    0.114033873275
210.625    0.114033873275
210.75    0.114033873275
210.875    0.114033873275
211.0    0.115316812036
211.125    0.11556140108
211.25    0.11556140108
211.375    0.11556140108
211.5    0.117421200794
211.625    0.117421200794
211.75    0.117628870737
211.875    0.117628870737
212.0    0.112787853616
212.125    0.119225621856
212.25    0.110641930869
212.375    0.115026074115
212.5    0.103456550833
212.625    0.103456550833
212.75    0.109792791546
212.875    0.109908163736
213.0    0.114384604735
213.125    0.114384604735
213.25    0.114703031981
213.375    0.114703031981
213.5    0.112810928054
213.625    0.112810928054
213.75    0.112709400526
213.875    0.112335594628
214.0    0.112921685357
214.125    0.112921685357
214.25    0.112921685357
214.375    0.112921685357
214.5    0.114790714846
214.625    0.114786099958
214.75    0.114786099958
214.875    0.114786099958
215.0    0.106940790992
215.125    0.106940790992
215.25    0.106940790992
215.375    0.106940790992
215.5    0.116604365684
215.625    0.116096728045
215.75    0.116581291246
215.875    0.116779731414
216.0    0.113881581983
216.125    0.11392773086
216.25    0.11392773086
216.375    0.114033873275
216.5    0.110729613734
216.625    0.119391757811
216.75    0.119391757811
216.875    0.11919793253
217.0    0.115519867091
217.125    0.113373944344
217.25    0.113373944344
217.375    0.113373944344
217.5    0.118717984217
217.625    0.118944113711
217.75    0.116798190964
217.875    0.116696663436
218.0    0.113904656422
218.125    0.113904656422
218.25    0.113904656422
218.375    0.113996954174
218.5    0.111518759518
218.625    0.110812681711
218.75    0.111560293507
218.875    0.111560293507
219.0    0.107245373575
219.125    0.107245373575
219.25    0.107245373575
219.375    0.107259218238
219.5    0.11348008676
219.625    0.11348008676
219.75    0.113590844063
219.875    0.113590844063
220.0    0.114356915409
220.125    0.114356915409
220.25    0.114112326365
220.375    0.11420000923
220.5    0.116756656975
220.625    0.116756656975
220.75    0.116775116526
220.875    0.116770501638
221.0    0.113992339287
221.125    0.114038488163
221.25    0.114038488163
221.375    0.114278462319
221.5    0.114089251927
221.625    0.114089251927
221.75    0.114080022151
221.875    0.114080022151
222.0    0.113387789007
222.125    0.113387789007
222.25    0.11429692187
222.375    0.11429692187
222.5    0.118358022982
222.625    0.118358022982
222.75    0.118367252757
222.875    0.118367252757
223.0    0.10787761318
223.125    0.10787761318
223.25    0.118648760903
223.375    0.118611841802
223.5    0.114550740689
223.625    0.114550740689
223.75    0.113756980018
223.875    0.113623148276
224.0    0.114993769902
224.125    0.114993769902
224.25    0.114993769902
224.375    0.115030689003
224.5    0.114739951082
224.625    0.114739951082
224.75    0.114767640408
224.875    0.114878397711
225.0    0.114583044903
225.125    0.115007614565
225.25    0.115007614565
225.375    0.115007614565
225.5    0.114084637039
225.625    0.114084637039
225.75    0.114084637039
225.875    0.122668328026
226.0    0.114943006138
226.125    0.114943006138
226.25    0.115026074115
226.375    0.115026074115
226.5    0.115067608104
226.625    0.1153675758
226.75    0.115422954451
226.875    0.123466703586
227.0    0.119239466519
227.125    0.119405602474
227.25    0.119617887304
227.375    0.119456366237
227.5    0.113553924962
227.625    0.11348008676
227.75    0.118164197702
227.875    0.11838109742
228.0    0.116530527482
228.125    0.117679634501
228.25    0.117485809221
228.375    0.117665789838
228.5    0.11727352439
228.625    0.117093543772
228.75    0.117056624671
228.875    0.117407356131
229.0    0.109931238174
229.125    0.110014306152
229.25    0.110014306152
229.375    0.116525912594
229.5    0.113189348839
229.625    0.113203193502
229.75    0.113203193502
229.875    0.113203193502
230.0    0.112820157829
230.125    0.112820157829
230.25    0.113004753334
230.375    0.113004753334
230.5    0.115990585629
230.625    0.115990585629
230.75    0.115990585629
230.875    0.115916747427
231.0    0.115506022428
231.125    0.115865983663
231.25    0.115865983663
231.375    0.107346901103
231.5    0.113618533389
231.625    0.113821588444
231.75    0.113821588444
231.875    0.113646222714
232.0    0.113853892658
232.125    0.113853892658
232.25    0.113853892658
232.375    0.104679496054
232.5    0.113567769625
232.625    0.113438552771
232.75    0.113438552771
232.875    0.113784669343
233.0    0.11320780839
233.125    0.11320780839
233.25    0.114273847432
233.375    0.114273847432
233.5    0.119054871014
233.625    0.119054871014
233.75    0.119054871014
233.875    0.119054871014
234.0    0.113240112603
234.125    0.113258572154
234.25    0.113258572154
234.375    0.113872352208
234.5    0.113872352208
234.625    0.113263187041
234.75    0.113263187041
234.875    0.113263187041
235.0    0.118884120172
235.125    0.118999492362
235.25    0.118981032812
235.375    0.11925792607
235.5    0.117984217084
235.625    0.118127278601
235.75    0.11602750473
235.875    0.116082883382
236.0    0.114361530297
236.125    0.114361530297
236.25    0.114527666251
236.375    0.114527666251
236.5    0.119147168766
236.625    0.119267155845
236.75    0.117121233098
236.875    0.117121233098
237.0    0.117204301075
237.125    0.106474687341
237.25    0.106511606442
237.375    0.106511606442
237.5    0.11618441091
237.625    0.115076837879
237.75    0.115441414002
237.875    0.115478333103
238.0    0.110401956712
238.125    0.110789607273
238.25    0.110789607273
238.375    0.111878720753
238.5    0.111251096036
238.625    0.111251096036
238.75    0.111348008676
238.875    0.119368683373
239.0    0.115690617933
239.125    0.115690617933
239.25    0.115690617933
239.375    0.115861368776
240.0    0.1108542157
240.125    0.111214176935
240.25    0.111214176935
240.375    0.111103419632
240.5    0.110752688172
240.625    0.110752688172
240.75    0.110863445475
240.875    0.110863445475
241.0    0.116119802483
241.125    0.116119802483
241.25    0.115865983663
241.375    0.115985970742
241.5    0.109146707278
241.625    0.109146707278
241.75    0.109146707278
241.875    0.109146707278
242.0    0.114993769902
242.125    0.115695232821
242.25    0.11573676681
242.375    0.115893672989
242.5    0.107563800821
242.625    0.107563800821
242.75    0.1072361438
242.875    0.1072361438
243.0    0.109552817389
243.125    0.109552817389
243.25    0.109552817389
243.375    0.109552817389
243.5    0.11266325165
243.625    0.11266325165
243.75    0.11266325165
243.875    0.11266325165
244.0    0.110263510084
244.125    0.110263510084
244.25    0.110263510084
244.375    0.110729613734
244.5    0.104093405326
244.625    0.104504130324
244.75    0.104144169089
244.875    0.104231851954
245.0    0.112714015414
245.125    0.112464811482
245.25    0.112049471595
245.375    0.112400203055
245.5    0.111274170474
245.625    0.111200332272
245.75    0.111200332272
245.875    0.111214176935
246.0    0.11672896765
246.125    0.116858184503
246.25    0.116858184503
246.375    0.116858184503
246.5    0.112372513729
246.625    0.112437122156
246.75    0.112437122156
246.875    0.112437122156
247.0    0.108274493516
247.125    0.108274493516
247.25    0.108274493516
247.375    0.10805297891
247.5    0.112317135078
247.625    0.112317135078
247.75    0.112349439291
247.875    0.112349439291
248.0    0.111915639854
248.125    0.111804882551
248.25    0.111804882551
248.375    0.111804882551
248.5    0.111472610642
248.625    0.111597212608
248.75    0.111384927777
248.875    0.111606442383
249.0    0.113443167659
249.125    0.113443167659
249.25    0.113272416817
249.375    0.113337025243
249.5    0.110997277216
249.625    0.110997277216
249.75    0.111597212608
249.875    0.111135723845
250.0    0.113816973557
250.125    0.114260002769
250.25    0.113853892658
250.375    0.113960035073
250.5    0.114075407264
250.625    0.114075407264
250.75    0.114075407264
250.875    0.114075407264
251.0    0.111089574969
251.125    0.11112649407
251.25    0.10468872583
251.375    0.11112649407
251.5    0.112261756426
251.625    0.112377128617
251.75    0.112510960358
251.875    0.113027827772
252.0    0.117199686188
252.125    0.117319673266
252.25    0.108892888458
252.375    0.108939037334
252.5    0.110826526374
252.625    0.111098804744
252.75    0.112132539573
252.875    0.111851031427
253.0    0.111241866261
253.125    0.111241866261
253.25    0.111241866261
253.375    0.111241866261
253.5    0.113710831141
253.625    0.113613918501
253.75    0.113613918501
253.875    0.113613918501
254.0    0.113983109511
254.125    0.113983109511
254.25    0.113900041534
254.375    0.113900041534
254.5    0.112303290415
254.625    0.112335594628
254.75    0.112091005584
254.875    0.110729613734
255.0    0.113807743781
255.125    0.113807743781
255.25    0.113807743781
255.375    0.113964649961
255.5    0.109455904749
255.625    0.109617425816
255.75    0.111675665698
255.875    0.105237897457
256.0    0.107305367114
256.125    0.108279108404
256.25    0.108279108404
256.375    0.108279108404
256.5    0.113784669343
256.625    0.113729290692
256.75    0.113729290692
256.875    0.113729290692
257.0    0.113124740413
257.125    0.113087821312
257.25    0.112963219346
257.375    0.11328626148
257.5    0.108209885089
257.625    0.11464765333
257.75    0.11464765333
257.875    0.114813789284
258.0    0.110286584522
258.125    0.109922008399
258.25    0.109922008399
258.375    0.110083529466
258.5    0.112164843786
258.625    0.112183303337
258.75    0.112183303337
258.875    0.112183303337
259.0    0.112197147999
259.125    0.112197147999
259.25    0.112197147999
259.375    0.112197147999
259.5    0.114998384789
259.625    0.114998384789
259.75    0.108560616549
259.875    0.114998384789
260.0    0.112594028335
260.125    0.112594028335
260.25    0.112714015414
260.375    0.113115510637
260.5    0.108339101943
260.625    0.108108357561
260.75    0.108108357561
260.875    0.108145276663
261.0    0.114435368499
261.125    0.114883012599
261.25    0.114061562601
261.375    0.114652268217
261.5    0.112861691818
261.625    0.112861691818
261.75    0.112321749965
261.875    0.112174073561
262.0    0.112686326088
262.125    0.112893996031
262.25    0.112893996031
262.375    0.112893996031
262.5    0.112723245189
262.625    0.112723245189
262.75    0.112723245189
262.875    0.112723245189
263.0    0.111154183396
263.125    0.111154183396
263.25    0.110960358115
263.375    0.110960358115
263.5    0.109151322165
263.625    0.109151322165
263.75    0.109169781716
263.875    0.115607549956
264.0    0.113157044626
264.125    0.113157044626
264.25    0.113157044626
264.375    0.113157044626
264.5    0.100706077807
264.625    0.100706077807
264.75    0.100387650561
264.875    0.100706077807
265.0    0.110974202778
265.125    0.110978817666
265.25    0.110895749688
265.375    0.110923439014
265.5    0.114153860354
265.625    0.114153860354
265.75    0.114153860354
265.875    0.113692371591
266.0    0.111080345194
266.125    0.111080345194
266.25    0.111080345194
266.375    0.111269555586
266.5    0.107434583968
266.625    0.107642253911
266.75    0.111472610642
266.875    0.111454151091
267.0    0.110937283677
267.125    0.110960358115
267.25    0.110960358115
267.375    0.110928053902
267.5    0.113687756703
267.625    0.113853892658
267.75    0.113987724399
267.875    0.113987724399
268.0    0.111897180304
268.125    0.111827956989
268.25    0.111772578338
268.375    0.112063316258
268.5    0.114186164567
268.625    0.114190779455
268.75    0.114190779455
268.875    0.114190779455
269.0    0.10958973649
269.125    0.109682034242
269.25    0.109465134524
269.375    0.109691264018
269.5    0.110171212331
269.625    0.110171212331
269.75    0.110171212331
269.875    0.109631270479
270.0    0.115049148553
270.125    0.113004753334
270.25    0.113004753334
270.375    0.113004753334
270.5    0.11141723199
270.625    0.11141723199
270.75    0.11141723199
270.875    0.11141723199
271.0    0.112049471595
271.125    0.112049471595
271.25    0.109986616826
271.375    0.110295814297
271.5    0.114190779455
271.625    0.114532281139
271.75    0.11458765979
271.875    0.114495362038
272.0    0.112164843786
272.125    0.112164843786
272.25    0.112243296876
272.375    0.111209562047
272.5    0.118385712308
272.625    0.112063316258
272.75    0.112155614011
272.875    0.112155614011
273.0    0.109774331995
273.125    0.109755872444
273.25    0.110088144354
273.375    0.109825095759
273.5    0.110115833679
273.625    0.110115833679
273.75    0.110115833679
273.875    0.110346578061
274.0    0.108532927223
274.125    0.108532927223
274.25    0.108920577784
274.375    0.108920577784
274.5    0.10978356177
274.625    0.109797406433
274.75    0.109945082837
274.875    0.109885089298
275.0    0.114453828049
275.125    0.114707646869
275.25    0.114873782823
275.375    0.114873782823
275.5    0.113941575523
275.625    0.114158475241
275.75    0.114264617657
275.875    0.114513821588
276.0    0.113969264848
276.125    0.113969264848
276.25    0.114001569062
276.375    0.113780054456
276.5    0.11149568508
276.625    0.11149568508
276.75    0.112035626932
276.875    0.112035626932
277.0    0.107023858969
277.125    0.0941483224884
277.25    0.113120125525
277.375    0.113198578615
277.5    0.112257141539
277.625    0.112257141539
277.75    0.112700170751
277.875    0.113263187041
278.0    0.108076053348
278.125    0.108076053348
278.25    0.108076053348
278.375    0.10805297891
278.5    0.109192856154
278.625    0.109262079468
278.75    0.109262079468
278.875    0.109262079468
279.0    0.108999030874
279.125    0.108999030874
279.25    0.108999030874
279.375    0.109802021321
279.5    0.110688079745
279.625    0.110734228622
279.75    0.111172642946
279.875    0.112967834233
280.0    0.112630947436
280.125    0.112630947436
280.25    0.101901333703
280.375    0.112630947436
280.5    0.112875536481
280.625    0.112667866537
280.75    0.112834002492
280.875    0.112834002492
281.0    0.11328626148
281.125    0.11328626148
281.25    0.113212423277
281.375    0.113346255019
281.5    0.115316812036
281.625    0.114859938161
281.75    0.115215284508
281.875    0.115215284508
282.0    0.111878720753
282.125    0.110992662329
282.25    0.111168028059
282.375    0.111707969911
282.5    0.109091328626
282.625    0.109091328626
282.75    0.109091328626
282.875    0.108662144077
283.0    0.110706539296
283.125    0.110448105589
283.25    0.110448105589
283.375    0.110531173566
283.5    0.107485347732
283.625    0.107466888181
283.75    0.107443813743
283.875    0.107443813743
284.0    0.108329872168
284.125    0.108329872168
284.25    0.108537542111
284.375    0.109718953343
284.5    0.110198901657
284.625    0.110198901657
284.75    0.110198901657
284.875    0.110258895196
285.0    0.108763671605
285.125    0.108763671605
285.25    0.10879136093
285.375    0.10779916009
285.5    0.109871244635
285.625    0.109982001938
285.75    0.109931238174
285.875    0.11077576261
286.0    0.111001892104
286.125    0.111001892104
286.25    0.110983432553
286.375    0.110983432553
286.5    0.110254280308
286.625    0.110254280308
286.75    0.110374267387
286.875    0.110374267387
287.0    0.110568092667
287.125    0.110568092667
287.25    0.110568092667
287.375    0.110337348286
287.5    0.108334487055
287.625    0.108334487055
287.75    0.108334487055
287.875    0.108334487055
288.0    0.104065716
288.125    0.105542480041
288.25    0.105667082007
288.375    0.105477871614
288.5    0.112358669066
288.625    0.112358669066
288.75    0.112543264571
288.875    0.112704785638
289.0    0.110540403341
289.125    0.110595781993
289.25    0.110720383959
289.375    0.111269555586
289.5    0.110171212331
289.625    0.110171212331
289.75    0.110323503623
289.875    0.110508099128
290.0    0.114338455859
290.125    0.113600073838
290.25    0.114269232544
290.375    0.114269232544
290.5    0.109926623287
290.625    0.109995846601
290.75    0.109852785085
290.875    0.109852785085
291.0    0.10497946375
291.125    0.10497946375
291.25    0.10497946375
291.375    0.105187133693
291.5    0.110660390419
291.625    0.110660390419
291.75    0.110701924408
291.875    0.110701924408
292.0    0.105237897457
292.125    0.113821588444
292.25    0.113821588444
292.375    0.105500946052
292.5    0.104997923301
292.625    0.104965619087
292.75    0.105020997739
292.875    0.105099450828
293.0    0.114541510914
293.125    0.114767640408
293.25    0.114767640408
293.375    0.114850708385
293.5    0.108551386774
293.625    0.108560616549
293.75    0.108560616549
293.875    0.108560616549
294.0    0.11250634547
294.125    0.112400203055
