0.0    0.629548180728
0.125    0.624616819939
0.25    0.625149940024
0.375    0.623683859789
0.5    0.621418099427
0.625    0.621418099427
0.75    0.621418099427
0.875    0.621418099427
1.0    0.631480741037
1.125    0.631480741037
1.25    0.631480741037
1.375    0.631480741037
1.5    0.63081434093
1.625    0.63081434093
1.75    0.63081434093
1.875    0.63081434093
2.0    0.635545781687
2.125    0.634412901506
2.25    0.634412901506
2.375    0.634412901506
2.5    0.625483140077
2.625    0.625483140077
2.75    0.625483140077
2.875    0.625483140077
3.0    0.627349060376
3.125    0.627349060376
3.25    0.627349060376
3.375    0.627349060376
3.5    0.617619618819
3.625    0.617619618819
3.75    0.617619618819
3.875    0.617619618819
4.0    0.630947620952
4.125    0.630947620952
4.25    0.630947620952
4.375    0.630947620952
4.5    0.627415700387
4.625    0.627415700387
4.75    0.627415700387
4.875    0.627415700387
5.0    0.628948420632
5.125    0.628948420632
5.25    0.628948420632
5.375    0.628948420632
5.5    0.625882980141
5.625    0.625882980141
5.75    0.625882980141
5.875    0.625882980141
6.0    0.623350659736
6.125    0.623350659736
6.25    0.623350659736
6.375    0.623350659736
6.5    0.6237504998
6.625    0.6237504998
6.75    0.6237504998
6.875    0.6237504998
7.0    0.627415700387
7.125    0.627415700387
7.25    0.627415700387
7.375    0.627415700387
7.5    0.628948420632
7.625    0.628948420632
7.75    0.627415700387
7.875    0.627415700387
8.0    0.635545781687
8.125    0.635545781687
8.25    0.635545781687
8.375    0.635545781687
8.5    0.628548580568
8.625    0.628548580568
8.75    0.620418499267
8.875    0.620418499267
9.0    0.632946821271
9.125    0.632946821271
9.25    0.632946821271
9.375    0.632946821271
9.5    0.62674930028
9.625    0.62674930028
9.75    0.62674930028
9.875    0.62674930028
10.0    0.62674930028
10.125    0.62674930028
10.25    0.62674930028
10.375    0.62674930028
10.5    0.627415700387
10.625    0.627415700387
10.75    0.627415700387
10.875    0.627415700387
11.0    0.621351459416
11.125    0.621351459416
11.25    0.621351459416
11.375    0.621351459416
11.5    0.61968545915
11.625    0.61968545915
11.75    0.61968545915
11.875    0.61968545915
12.0    0.622950819672
12.125    0.622950819672
12.25    0.622950819672
12.375    0.622950819672
12.5    0.627415700387
12.625    0.627415700387
12.75    0.627415700387
12.875    0.627415700387
13.0    0.627415700387
13.125    0.627548980408
13.25    0.627548980408
13.375    0.627548980408
13.5    0.62781554045
13.625    0.62781554045
13.75    0.62781554045
13.875    0.62781554045
14.0    0.629348260696
14.125    0.629348260696
14.25    0.629348260696
14.375    0.629348260696
14.5    0.627415700387
14.625    0.627415700387
14.75    0.627415700387
14.875    0.627415700387
15.0    0.624883379981
15.125    0.624883379981
15.25    0.624883379981
15.375    0.624883379981
15.5    0.625149940024
15.625    0.625149940024
15.75    0.625149940024
15.875    0.625149940024
16.0    0.618819139011
16.125    0.618819139011
16.25    0.618819139011
16.375    0.618819139011
16.5    0.63081434093
16.625    0.62781554045
16.75    0.62781554045
16.875    0.62781554045
17.0    0.619285619086
17.125    0.619285619086
17.25    0.619285619086
17.375    0.61968545915
17.5    0.632546981208
17.625    0.632546981208
17.75    0.632546981208
17.875    0.632546981208
18.0    0.624883379981
18.125    0.624883379981
18.25    0.624883379981
18.375    0.624883379981
18.5    0.623350659736
18.625    0.623350659736
18.75    0.623350659736
18.875    0.623350659736
19.0    0.615220578435
19.125    0.615220578435
19.25    0.615220578435
19.375    0.615220578435
19.5    0.623350659736
19.625    0.623350659736
19.75    0.623350659736
19.875    0.623350659736
20.0    0.615220578435
20.125    0.615220578435
20.25    0.615220578435
20.375    0.615220578435
20.5    0.626282820205
20.625    0.626282820205
20.75    0.626282820205
20.875    0.626282820205
21.0    0.624883379981
21.125    0.624883379981
21.25    0.624883379981
21.375    0.624883379981
21.5    0.623350659736
21.625    0.622950819672
21.75    0.622950819672
21.875    0.622950819672
22.0    0.615220578435
22.125    0.615220578435
22.25    0.615220578435
22.375    0.615220578435
22.5    0.626416100227
22.625    0.626416100227
22.75    0.626416100227
22.875    0.626416100227
23.0    0.628548580568
23.125    0.628548580568
23.25    0.626149540184
23.375    0.626149540184
23.5    0.624883379981
23.625    0.624883379981
23.75    0.623550579768
23.875    0.623550579768
24.0    0.624883379981
24.125    0.624883379981
24.25    0.624883379981
24.375    0.624883379981
24.5    0.624883379981
24.625    0.624883379981
24.75    0.624883379981
24.875    0.624883379981
25.0    0.625683060109
25.125    0.625683060109
25.25    0.625683060109
25.375    0.625683060109
25.5    0.626416100227
25.625    0.626416100227
25.75    0.626416100227
25.875    0.626416100227
26.0    0.624150339864
26.125    0.624150339864
26.25    0.624150339864
26.375    0.624150339864
26.5    0.641943222711
26.625    0.641943222711
26.75    0.641943222711
26.875    0.641943222711
27.0    0.624883379981
27.125    0.624883379981
27.25    0.624883379981
27.375    0.624883379981
27.5    0.625683060109
27.625    0.625683060109
27.75    0.625683060109
27.875    0.625683060109
28.0    0.628548580568
28.125    0.628548580568
28.25    0.628548580568
28.375    0.628548580568
28.5    0.627082500333
28.625    0.627082500333
28.75    0.627082500333
28.875    0.627082500333
29.0    0.626416100227
29.125    0.626416100227
29.25    0.626416100227
29.375    0.626416100227
29.5    0.626016260163
29.625    0.626016260163
29.75    0.626016260163
29.875    0.626016260163
30.0    0.618286018926
30.125    0.618286018926
30.25    0.618286018926
30.375    0.618286018926
30.5    0.635878981741
30.625    0.635878981741
30.75    0.635878981741
30.875    0.635878981741
31.0    0.62275089964
31.125    0.62275089964
31.25    0.62275089964
31.375    0.62275089964
31.5    0.620285219246
31.625    0.620285219246
31.75    0.620418499267
31.875    0.620418499267
32.0    0.628548580568
32.125    0.628548580568
32.25    0.628548580568
32.375    0.628548580568
32.5    0.628548580568
32.625    0.628548580568
32.75    0.628548580568
32.875    0.628548580568
33.0    0.621351459416
33.125    0.621351459416
33.25    0.621351459416
33.375    0.621351459416
33.5    0.630081300813
33.625    0.630081300813
33.75    0.630081300813
33.875    0.630081300813
34.0    0.636678661869
34.125    0.628548580568
34.25    0.628548580568
34.375    0.628548580568
34.5    0.617552978808
34.625    0.618019458883
34.75    0.618019458883
34.875    0.617219778755
35.0    0.632280421165
35.125    0.632280421165
35.25    0.632280421165
35.375    0.632280421165
35.5    0.630081300813
35.625    0.630081300813
35.75    0.630081300813
35.875    0.630081300813
36.0    0.630081300813
36.125    0.630081300813
36.25    0.630081300813
36.375    0.630081300813
36.5    0.620418499267
36.625    0.620418499267
36.75    0.620418499267
36.875    0.620418499267
37.0    0.621951219512
37.125    0.621951219512
37.25    0.621951219512
37.375    0.621951219512
37.5    0.620418499267
37.625    0.620418499267
37.75    0.620418499267
37.875    0.620418499267
38.0    0.621951219512
38.125    0.621951219512
38.25    0.621951219512
38.375    0.621951219512
38.5    0.621951219512
38.625    0.621951219512
38.75    0.621951219512
38.875    0.621951219512
39.0    0.626416100227
39.125    0.626416100227
39.25    0.626416100227
39.375    0.626416100227
39.5    0.630081300813
39.625    0.630081300813
39.75    0.630081300813
39.875    0.630081300813
40.0    0.616753298681
40.125    0.616753298681
40.25    0.616753298681
40.375    0.616753298681
40.5    0.630081300813
40.625    0.630081300813
40.75    0.630081300813
40.875    0.630081300813
41.0    0.621951219512
41.125    0.621951219512
41.25    0.621951219512
41.375    0.621951219512
41.5    0.62275089964
41.625    0.62275089964
41.75    0.62275089964
41.875    0.62275089964
42.0    0.618286018926
42.125    0.618286018926
42.25    0.62275089964
42.375    0.62275089964
42.5    0.621951219512
42.625    0.621951219512
42.75    0.621951219512
42.875    0.621951219512
43.0    0.62275089964
43.125    0.62275089964
43.25    0.62275089964
43.375    0.62275089964
43.5    0.621951219512
43.625    0.621951219512
43.75    0.621951219512
43.875    0.621951219512
44.0    0.631614021058
44.125    0.631614021058
44.25    0.631614021058
44.375    0.631614021058
44.5    0.629148340664
44.625    0.629148340664
44.75    0.629148340664
44.875    0.629148340664
45.0    0.623483939757
45.125    0.623483939757
45.25    0.623483939757
45.375    0.623483939757
45.5    0.624283619885
45.625    0.624283619885
45.75    0.624283619885
45.875    0.624283619885
46.0    0.630081300813
46.125    0.630081300813
46.25    0.630081300813
46.375    0.630081300813
46.5    0.623350659736
46.625    0.623350659736
46.75    0.623350659736
46.875    0.623350659736
47.0    0.630081300813
47.125    0.630081300813
47.25    0.630081300813
47.375    0.630081300813
47.5    0.621151539384
47.625    0.621151539384
47.75    0.621151539384
47.875    0.621151539384
48.0    0.623150739704
48.125    0.623150739704
48.25    0.623150739704
48.375    0.623150739704
48.5    0.623084099693
48.625    0.623084099693
48.75    0.623084099693
48.875    0.623084099693
49.0    0.624283619885
49.125    0.624283619885
49.25    0.624283619885
49.375    0.624283619885
49.5    0.622284419566
49.625    0.630081300813
49.75    0.630081300813
49.875    0.630081300813
50.0    0.621951219512
50.125    0.621951219512
50.25    0.621951219512
50.375    0.621951219512
50.5    0.631614021058
50.625    0.631614021058
50.75    0.631614021058
50.875    0.631614021058
51.0    0.630081300813
51.125    0.630081300813
51.25    0.630081300813
51.375    0.630081300813
51.5    0.623350659736
51.625    0.623350659736
51.75    0.623350659736
51.875    0.623350659736
52.0    0.630081300813
52.125    0.630081300813
52.25    0.630081300813
52.375    0.630081300813
52.5    0.623483939757
52.625    0.623483939757
52.75    0.623483939757
52.875    0.623483939757
53.0    0.622351059576
53.125    0.622351059576
53.25    0.622351059576
53.375    0.622351059576
53.5    0.629148340664
53.625    0.629148340664
53.75    0.629148340664
53.875    0.629148340664
54.0    0.634546181527
54.125    0.634546181527
54.25    0.634546181527
54.375    0.634546181527
54.5    0.623483939757
54.625    0.623483939757
54.75    0.623483939757
54.875    0.623483939757
55.0    0.621951219512
55.125    0.621951219512
55.25    0.621951219512
55.375    0.621951219512
55.5    0.621951219512
55.625    0.621951219512
55.75    0.621951219512
55.875    0.621951219512
56.0    0.623883779821
56.125    0.623883779821
56.25    0.623883779821
56.375    0.623883779821
56.5    0.623483939757
56.625    0.623483939757
56.75    0.623483939757
56.875    0.623483939757
57.0    0.627548980408
57.125    0.627548980408
57.25    0.627548980408
57.375    0.627548980408
57.5    0.627948820472
57.625    0.627948820472
57.75    0.627948820472
57.875    0.627948820472
58.0    0.623883779821
58.125    0.623883779821
58.25    0.623883779821
58.375    0.623883779821
58.5    0.623483939757
58.625    0.623483939757
58.75    0.623483939757
58.875    0.623483939757
59.0    0.627548980408
59.125    0.627548980408
59.25    0.627548980408
59.375    0.627548980408
59.5    0.632480341197
59.625    0.632480341197
59.75    0.632480341197
59.875    0.632480341197
60.0    0.627948820472
60.125    0.627948820472
60.25    0.627948820472
60.375    0.627948820472
60.5    0.615353858457
60.625    0.615353858457
60.75    0.615353858457
60.875    0.615353858457
61.0    0.627548980408
61.125    0.627548980408
61.25    0.627548980408
61.375    0.627548980408
61.5    0.61068905771
61.625    0.61068905771
61.75    0.61068905771
61.875    0.611088897774
62.0    0.622484339597
62.125    0.622484339597
62.25    0.622484339597
62.375    0.622484339597
62.5    0.613754498201
62.625    0.613754498201
62.75    0.609289617486
62.875    0.609289617486
63.0    0.623950419832
63.125    0.623950419832
63.25    0.623950419832
63.375    0.623950419832
63.5    0.612221777955
63.625    0.612221777955
63.75    0.612221777955
63.875    0.612221777955
64.0    0.624550179928
64.125    0.624550179928
64.25    0.624550179928
64.375    0.624550179928
64.5    0.615753698521
64.625    0.615753698521
64.75    0.615753698521
64.875    0.615753698521
65.0    0.615420498467
65.125    0.615420498467
65.25    0.615420498467
65.375    0.615420498467
65.5    0.62075169932
65.625    0.62075169932
65.75    0.62075169932
65.875    0.62075169932
66.0    0.615886978542
66.125    0.615886978542
66.25    0.615886978542
66.375    0.615886978542
66.5    0.611821937892
66.625    0.611821937892
66.75    0.611821937892
66.875    0.611821937892
67.0    0.615087298414
67.125    0.615087298414
67.25    0.615087298414
67.375    0.615087298414
67.5    0.620018659203
67.625    0.620018659203
67.75    0.620018659203
67.875    0.620018659203
68.0    0.613754498201
68.125    0.613754498201
68.25    0.613754498201
68.375    0.613754498201
68.5    0.613754498201
68.625    0.613754498201
68.75    0.613754498201
68.875    0.613754498201
69.0    0.617419698787
69.125    0.615820338531
69.25    0.615820338531
69.375    0.615820338531
69.5    0.616286818606
69.625    0.616286818606
69.75    0.616286818606
69.875    0.616286818606
70.0    0.614754098361
70.125    0.614754098361
70.25    0.614754098361
70.375    0.614754098361
70.5    0.60968945755
70.625    0.60968945755
70.75    0.60968945755
70.875    0.60968945755
71.0    0.601026256164
71.125    0.601026256164
71.25    0.601026256164
71.375    0.601026256164
71.5    0.618219378915
71.625    0.61768625883
71.75    0.61768625883
71.875    0.61768625883
72.0    0.6056244169
72.125    0.6056244169
72.25    0.6056244169
72.375    0.6056244169
72.5    0.611222177796
72.625    0.611222177796
72.75    0.611222177796
72.875    0.611222177796
73.0    0.6056244169
73.125    0.603691856591
73.25    0.603691856591
73.375    0.603691856591
73.5    0.613487938158
73.625    0.613487938158
73.75    0.613487938158
73.875    0.613487938158
74.0    0.612754898041
74.125    0.612754898041
74.25    0.612754898041
74.375    0.612754898041
74.5    0.628615220578
74.625    0.628615220578
74.75    0.628615220578
74.875    0.628615220578
75.0    0.603825136612
75.125    0.603825136612
75.25    0.603825136612
75.375    0.605957616953
75.5    0.613021458083
75.625    0.613021458083
75.75    0.613021458083
75.875    0.613021458083
76.0    0.614154338265
76.125    0.614154338265
76.25    0.614154338265
76.375    0.614154338265
76.5    0.609089697454
76.625    0.609089697454
76.75    0.609089697454
76.875    0.609089697454
77.0    0.594362255098
77.125    0.594362255098
77.25    0.594362255098
77.375    0.594362255098
77.5    0.612421697987
77.625    0.612421697987
77.75    0.612421697987
77.875    0.612421697987
78.0    0.612355057977
78.125    0.612355057977
78.25    0.612355057977
78.375    0.612355057977
78.5    0.61162201786
78.625    0.61162201786
78.75    0.61162201786
78.875    0.61162201786
79.0    0.597094495535
79.125    0.597094495535
79.25    0.597094495535
79.375    0.597094495535
79.5    0.610822337732
79.625    0.610822337732
79.75    0.610822337732
79.875    0.610822337732
80.0    0.620151939224
80.125    0.616353458617
80.25    0.608223377316
80.375    0.607890177262
80.5    0.60762361722
80.625    0.60762361722
80.75    0.60762361722
80.875    0.60762361722
81.0    0.605424496868
81.125    0.605424496868
81.25    0.613554578169
81.375    0.613554578169
81.5    0.60769025723
81.625    0.60769025723
81.75    0.60769025723
81.875    0.60769025723
82.0    0.60055977609
82.125    0.60055977609
82.25    0.60055977609
82.375    0.60055977609
82.5    0.612355057977
82.625    0.612355057977
82.75    0.610155937625
82.875    0.610155937625
83.0    0.597494335599
83.125    0.597494335599
83.25    0.597494335599
83.375    0.597494335599
83.5    0.608290017326
83.625    0.608290017326
83.75    0.608290017326
83.875    0.608290017326
84.0    0.616220178595
84.125    0.616220178595
84.25    0.621218179395
84.375    0.621218179395
84.5    0.59862721578
84.625    0.59862721578
84.75    0.59862721578
84.875    0.59862721578
85.0    0.601292816207
85.125    0.601292816207
85.25    0.601292816207
85.375    0.601292816207
85.5    0.613021458083
85.625    0.613021458083
85.75    0.613021458083
85.875    0.613021458083
86.0    0.61162201786
86.125    0.611755297881
86.25    0.611755297881
86.375    0.61162201786
86.5    0.610822337732
86.625    0.610822337732
86.75    0.610822337732
86.875    0.610822337732
87.0    0.608956417433
87.125    0.609956017593
87.25    0.609956017593
87.375    0.610022657604
87.5    0.602692256431
87.625    0.602692256431
87.75    0.602692256431
87.875    0.602692256431
88.0    0.618952419032
88.125    0.618819139011
88.25    0.618819139011
88.375    0.618819139011
88.5    0.61162201786
88.625    0.61162201786
88.75    0.61162201786
88.875    0.61162201786
89.0    0.6006264161
89.125    0.6006264161
89.25    0.6006264161
89.375    0.6006264161
89.5    0.617619618819
89.625    0.618419298947
89.75    0.618419298947
89.875    0.618419298947
90.0    0.609489537518
90.125    0.609489537518
90.25    0.609489537518
90.375    0.609489537518
90.5    0.618019458883
90.625    0.618019458883
90.75    0.614620818339
90.875    0.614620818339
91.0    0.612821538051
91.125    0.618952419032
91.25    0.612821538051
91.375    0.613487938158
91.5    0.626149540184
91.625    0.626149540184
91.75    0.626149540184
91.875    0.623883779821
92.0    0.609889377582
92.125    0.609889377582
92.25    0.609889377582
92.375    0.609889377582
92.5    0.613154738105
92.625    0.613154738105
92.75    0.612821538051
92.875    0.612821538051
93.0    0.620485139278
93.125    0.620485139278
93.25    0.620485139278
93.375    0.620485139278
93.5    0.607556977209
93.625    0.607556977209
93.75    0.607556977209
93.875    0.607556977209
94.0    0.612754898041
94.125    0.612754898041
94.25    0.612754898041
94.375    0.612754898041
94.5    0.612355057977
94.625    0.612355057977
94.75    0.612821538051
94.875    0.612821538051
95.0    0.613021458083
95.125    0.613021458083
95.25    0.614554178329
95.375    0.614554178329
95.5    0.617419698787
95.625    0.620085299214
95.75    0.621351459416
95.875    0.621351459416
96.0    0.617019858723
96.125    0.617019858723
96.25    0.618352658936
96.375    0.618352658936
96.5    0.617819538851
96.625    0.617819538851
96.75    0.617086498734
96.875    0.617086498734
97.0    0.620884979342
97.125    0.620884979342
97.25    0.620884979342
97.375    0.620884979342
97.5    0.621084899374
97.625    0.621084899374
97.75    0.615953618553
97.875    0.617619618819
98.0    0.618352658936
98.125    0.618352658936
98.25    0.618352658936
98.375    0.618352658936
98.5    0.616819938691
98.625    0.616953218713
98.75    0.616953218713
98.875    0.616953218713
99.0    0.619552179128
99.125    0.619019059043
99.25    0.619019059043
99.375    0.619019059043
99.5    0.624550179928
99.625    0.618485938958
99.75    0.618485938958
99.875    0.617552978808
100.0    0.615886978542
100.125    0.613887778222
100.25    0.613887778222
100.375    0.613887778222
100.5    0.616420098627
100.625    0.615220578435
100.75    0.615220578435
100.875    0.615220578435
101.0    0.630547780888
101.125    0.621884579502
101.25    0.623350659736
101.375    0.623350659736
101.5    0.616020258563
101.625    0.615820338531
101.75    0.615820338531
101.875    0.617219778755
102.0    0.609822737572
102.125    0.609822737572
102.25    0.609822737572
102.375    0.610289217646
102.5    0.592429694789
102.625    0.592429694789
102.75    0.59256297481
102.875    0.616953218713
103.0    0.608423297348
103.125    0.608423297348
103.25    0.608423297348
103.375    0.608423297348
103.5    0.615420498467
103.625    0.615420498467
103.75    0.61668665867
103.875    0.608489937358
104.0    0.620351859256
104.125    0.620351859256
104.25    0.620351859256
104.375    0.620351859256
104.5    0.621884579502
104.625    0.620485139278
104.75    0.620485139278
104.875    0.621884579502
105.0    0.622417699587
105.125    0.622417699587
105.25    0.622417699587
105.375    0.622417699587
105.5    0.610222577636
105.625    0.610222577636
105.75    0.609556177529
105.875    0.609556177529
106.0    0.609089697454
106.125    0.609089697454
106.25    0.609089697454
106.375    0.609089697454
106.5    0.61775289884
106.625    0.620551779288
106.75    0.620551779288
106.875    0.620551779288
107.0    0.613288018126
107.125    0.61468745835
107.25    0.614220978275
107.375    0.614220978275
107.5    0.609156337465
107.625    0.609156337465
107.75    0.60962281754
107.875    0.60962281754
108.0    0.617886178862
108.125    0.617886178862
108.25    0.617886178862
108.375    0.617886178862
108.5    0.626482740237
108.625    0.626016260163
108.75    0.617886178862
108.875    0.618152738904
109.0    0.618952419032
109.125    0.618952419032
109.25    0.618952419032
109.375    0.618952419032
109.5    0.619085699054
109.625    0.620218579235
109.75    0.620218579235
109.875    0.620218579235
110.0    0.591363454618
110.125    0.591363454618
110.25    0.591363454618
110.375    0.592762894842
110.5    0.617019858723
110.625    0.617019858723
110.75    0.61668665867
110.875    0.616286818606
111.0    0.618885779022
111.125    0.618885779022
111.25    0.618152738904
111.375    0.618152738904
111.5    0.593829135013
111.625    0.593829135013
111.75    0.594895375183
111.875    0.594895375183
112.0    0.617819538851
112.125    0.617552978808
112.25    0.618019458883
112.375    0.618019458883
112.5    0.603225376516
112.625    0.603225376516
112.75    0.603558576569
112.875    0.602958816473
113.0    0.621151539384
113.125    0.621151539384
113.25    0.621351459416
113.375    0.622151139544
113.5    0.606357457017
113.625    0.606357457017
113.75    0.606357457017
113.875    0.606357457017
114.0    0.626149540184
114.125    0.631014260962
114.25    0.630880980941
114.375    0.624816739971
114.5    0.603958416633
114.625    0.606024256964
114.75    0.606024256964
114.875    0.603825136612
115.0    0.60462481674
115.125    0.60462481674
115.25    0.60462481674
115.375    0.60462481674
115.5    0.631347461016
115.625    0.631347461016
115.75    0.631347461016
115.875    0.631347461016
116.0    0.602492336399
116.125    0.602492336399
116.25    0.602492336399
116.375    0.602425696388
116.5    0.606357457017
116.625    0.606357457017
116.75    0.60662401706
116.875    0.60662401706
117.0    0.606090896975
117.125    0.606090896975
117.25    0.606557377049
117.375    0.606557377049
117.5    0.625549780088
117.625    0.611555377849
117.75    0.611555377849
117.875    0.611555377849
118.0    0.609556177529
118.125    0.609156337465
118.25    0.609156337465
118.375    0.609156337465
118.5    0.604358256697
118.625    0.596228175397
118.75    0.596228175397
118.875    0.596228175397
119.0    0.607090497134
119.125    0.607090497134
119.25    0.607756897241
119.375    0.607756897241
120.0    0.625149940024
120.125    0.625149940024
120.25    0.625283220045
120.375    0.625416500067
120.5    0.611555377849
120.625    0.609822737572
120.75    0.60362521658
120.875    0.602958816473
121.0    0.608489937358
121.125    0.609556177529
121.25    0.607756897241
121.375    0.607756897241
121.5    0.602958816473
121.625    0.604424896708
121.75    0.605757696921
121.875    0.605757696921
122.0    0.622084499534
122.125    0.622084499534
122.25    0.622084499534
122.375    0.622084499534
122.5    0.604158336665
122.625    0.604158336665
122.75    0.604158336665
122.875    0.604158336665
123.0    0.59862721578
123.125    0.601226176196
123.25    0.601226176196
123.375    0.601825936292
123.5    0.597760895642
123.625    0.597760895642
123.75    0.597760895642
123.875    0.597760895642
124.0    0.611955217913
124.125    0.612021857923
124.25    0.609822737572
124.375    0.6106224177
124.5    0.606290817007
124.625    0.606290817007
124.75    0.606290817007
124.875    0.606290817007
125.0    0.60962281754
125.125    0.60962281754
125.25    0.610555777689
125.375    0.610555777689
125.5    0.599960015994
125.625    0.608090097294
125.75    0.608090097294
125.875    0.608090097294
126.0    0.610022657604
126.125    0.610022657604
126.25    0.610022657604
126.375    0.605824336932
126.5    0.597094495535
126.625    0.597094495535
126.75    0.605357856857
126.875    0.605357856857
127.0    0.607956817273
127.125    0.606823937092
127.25    0.60762361722
127.375    0.610489137678
127.5    0.604824736772
127.625    0.604358256697
127.75    0.604358256697
127.875    0.604358256697
128.0    0.6287485006
128.125    0.628148740504
128.25    0.628148740504
128.375    0.628148740504
128.5    0.610022657604
128.625    0.610022657604
128.75    0.610022657604
128.875    0.610022657604
129.0    0.605757696921
129.125    0.606224176996
129.25    0.606224176996
129.375    0.606224176996
129.5    0.598893775823
129.625    0.598893775823
129.75    0.632613621218
129.875    0.632613621218
130.0    0.604424896708
130.125    0.604424896708
130.25    0.604824736772
130.375    0.604824736772
130.5    0.604358256697
130.625    0.604358256697
130.75    0.605291216847
130.875    0.593829135013
131.0    0.605824336932
131.125    0.606090896975
131.25    0.606090896975
131.375    0.606090896975
131.5    0.602025856324
131.625    0.634546181527
131.75    0.597227775556
131.875    0.597960815674
132.0    0.602892176463
132.125    0.602892176463
132.25    0.602892176463
132.375    0.602892176463
132.5    0.625283220045
132.625    0.625283220045
132.75    0.625483140077
132.875    0.625283220045
133.0    0.589630814341
133.125    0.587764894042
133.25    0.587764894042
133.375    0.587831534053
133.5    0.603025456484
133.625    0.603025456484
133.75    0.589031054245
133.875    0.587831534053
134.0    0.611088897774
134.125    0.611088897774
134.25    0.612954818073
134.375    0.611422097828
134.5    0.604158336665
134.625    0.604158336665
134.75    0.604158336665
134.875    0.604158336665
135.0    0.609756097561
135.125    0.610955617753
135.25    0.612821538051
135.375    0.604691456751
135.5    0.604158336665
135.625    0.604158336665
135.75    0.604158336665
135.875    0.604158336665
136.0    0.597494335599
136.125    0.597494335599
136.25    0.597494335599
136.375    0.597227775556
136.5    0.611155537785
136.625    0.610355857657
136.75    0.610355857657
136.875    0.609756097561
137.0    0.603758496601
137.125    0.603758496601
137.25    0.603758496601
137.375    0.603758496601
137.5    0.612288417966
137.625    0.612288417966
137.75    0.612288417966
137.875    0.612288417966
138.0    0.60962281754
138.125    0.608423297348
138.25    0.608423297348
138.375    0.607290417166
138.5    0.603958416633
138.625    0.603958416633
138.75    0.603958416633
138.875    0.603958416633
139.0    0.590763694522
139.125    0.592029854725
139.25    0.592029854725
139.375    0.592029854725
139.5    0.603425296548
139.625    0.600359856058
139.75    0.600359856058
139.875    0.600359856058
140.0    0.609556177529
140.125    0.609289617486
140.25    0.609356257497
140.375    0.609356257497
140.5    0.609356257497
140.625    0.609356257497
140.75    0.609356257497
140.875    0.609356257497
141.0    0.607023857124
141.125    0.607023857124
141.25    0.607023857124
141.375    0.603292016527
141.5    0.594962015194
141.625    0.594962015194
141.75    0.594962015194
141.875    0.594962015194
142.0    0.612488337998
142.125    0.612488337998
142.25    0.612488337998
142.375    0.612488337998
142.5    0.615420498467
142.625    0.615420498467
142.75    0.615487138478
142.875    0.613754498201
143.0    0.617019858723
143.125    0.617019858723
143.25    0.609422897508
143.375    0.609422897508
143.5    0.609023057444
143.625    0.609023057444
143.75    0.609023057444
143.875    0.610355857657
144.0    0.601825936292
144.125    0.601959216313
144.25    0.601959216313
144.375    0.601959216313
144.5    0.611555377849
144.625    0.611555377849
144.75    0.611555377849
144.875    0.611555377849
145.0    0.606490737039
145.125    0.606490737039
145.25    0.606490737039
145.375    0.606490737039
145.5    0.604291616687
145.625    0.604291616687
145.75    0.602958816473
145.875    0.604291616687
146.0    0.60769025723
146.125    0.60769025723
146.25    0.607890177262
146.375    0.609889377582
146.5    0.609756097561
146.625    0.609756097561
146.75    0.609756097561
146.875    0.607090497134
147.0    0.602225776356
147.125    0.602225776356
147.25    0.602225776356
147.375    0.602225776356
147.5    0.606823937092
147.625    0.61368785819
147.75    0.608223377316
147.875    0.608223377316
148.0    0.602292416367
148.125    0.602292416367
148.25    0.602292416367
148.375    0.602292416367
148.5    0.60362521658
148.625    0.60362521658
148.75    0.60362521658
148.875    0.60362521658
149.0    0.593895775023
149.125    0.591963214714
149.25    0.591430094629
149.375    0.591030254565
149.5    0.607823537252
149.625    0.610755697721
149.75    0.610755697721
149.875    0.586365453818
150.0    0.593096094895
150.125    0.609356257497
150.25    0.609356257497
150.375    0.609356257497
150.5    0.583833133413
150.625    0.608223377316
150.75    0.583833133413
150.875    0.583833133413
151.0    0.60462481674
151.125    0.60462481674
151.25    0.60462481674
151.375    0.60462481674
151.5    0.622284419565
151.625    0.623683859789
151.75    0.623683859789
151.875    0.623683859789
152.0    0.596294815407
152.125    0.596294815407
152.25    0.596294815407
152.375    0.601092896175
152.5    0.599960015994
152.625    0.6006264161
152.75    0.6006264161
152.875    0.6006264161
153.0    0.604824736772
153.125    0.604824736772
153.25    0.605757696921
153.375    0.605757696921
153.5    0.579901372784
153.625    0.579901372784
153.75    0.579901372784
153.875    0.579901372784
154.0    0.601359456218
154.125    0.601359456218
154.25    0.601359456218
154.375    0.601092896175
154.5    0.600759696122
154.625    0.600759696122
154.75    0.600759696122
154.875    0.601692656271
155.0    0.594828735173
155.125    0.594828735173
155.25    0.597161135546
155.375    0.597161135546
155.5    0.605424496868
155.625    0.605824336932
155.75    0.604358256697
155.875    0.604358256697
156.0    0.589630814341
156.125    0.589630814341
156.25    0.589630814341
156.375    0.589897374384
156.5    0.604158336665
156.625    0.604158336665
156.75    0.604158336665
156.875    0.603225376516
157.0    0.60162601626
157.125    0.60162601626
157.25    0.60055977609
157.375    0.60055977609
157.5    0.60862321738
157.625    0.610289217646
157.75    0.610289217646
157.875    0.610155937625
158.0    0.603425296548
158.125    0.603425296548
158.25    0.603425296548
158.375    0.603425296548
158.5    0.605024656804
158.625    0.605024656804
158.75    0.605357856857
158.875    0.604758096761
159.0    0.603158736505
159.125    0.603158736505
159.25    0.603158736505
159.375    0.603158736505
159.5    0.599226975876
159.625    0.599226975876
159.75    0.602225776356
159.875    0.602225776356
160.0    0.599293615887
160.125    0.592762894842
160.25    0.600892976143
160.375    0.600892976143
160.5    0.617819538851
160.625    0.617819538851
160.75    0.617819538851
160.875    0.619885379182
161.0    0.601892576303
161.125    0.601892576303
161.25    0.601892576303
161.375    0.601892576303
161.5    0.605691056911
161.625    0.605691056911
161.75    0.605691056911
161.875    0.605691056911
162.0    0.607223777156
162.125    0.607223777156
162.25    0.607223777156
162.375    0.605824336932
162.5    0.594828735173
162.625    0.595161935226
162.75    0.595161935226
162.875    0.604824736772
163.0    0.604558176729
163.125    0.604558176729
163.25    0.595695055311
163.375    0.595695055311
163.5    0.604358256697
163.625    0.604358256697
163.75    0.605557776889
163.875    0.605557776889
164.0    0.620018659203
164.125    0.620018659203
164.25    0.620018659203
164.375    0.620018659203
164.5    0.611022257764
164.625    0.611022257764
164.75    0.611022257764
164.875    0.611022257764
165.0    0.607823537252
165.125    0.607823537252
165.25    0.607823537252
165.375    0.607823537252
165.5    0.588631214181
165.625    0.601959216313
165.75    0.600026656004
165.875    0.597894175663
166.0    0.59456217513
166.125    0.59456217513
166.25    0.600693056111
166.375    0.597027855524
166.5    0.602492336399
166.625    0.602492336399
166.75    0.602492336399
166.875    0.604358256697
167.0    0.601226176196
167.125    0.602225776356
167.25    0.602225776356
167.375    0.603158736505
167.5    0.598160735706
167.625    0.598160735706
167.75    0.598160735706
167.875    0.598160735706
168.0    0.589630814341
168.125    0.589630814341
168.25    0.59049713448
168.375    0.590230574437
168.5    0.593695854991
168.625    0.593962415034
168.75    0.598160735706
168.875    0.598160735706
169.0    0.597427695588
169.125    0.598094095695
169.25    0.598094095695
169.375    0.598094095695
169.5    0.597027855524
169.625    0.597027855524
169.75    0.597427695588
169.875    0.597427695588
170.0    0.595695055311
170.125    0.595695055311
170.25    0.58756497401
170.375    0.58756497401
170.5    0.595894975343
170.625    0.595894975343
170.75    0.595894975343
170.875    0.596028255365
171.0    0.60662401706
171.125    0.604358256697
171.25    0.604358256697
171.375    0.604358256697
171.5    0.588964414234
171.625    0.588964414234
171.75    0.613354658137
171.875    0.611821937892
172.0    0.59662801546
172.125    0.595428495269
172.25    0.595428495269
172.375    0.595428495269
172.5    0.605091296815
172.625    0.605091296815
172.75    0.60762361722
172.875    0.608290017326
173.0    0.596961215514
173.125    0.596961215514
173.25    0.596961215514
173.375    0.596961215514
173.5    0.623150739704
173.625    0.590630414501
173.75    0.590363854458
173.875    0.590363854458
174.0    0.595428495269
174.125    0.587498334
174.25    0.587498334
174.375    0.587498334
174.5    0.602359056377
174.625    0.602359056377
174.75    0.602359056377
174.875    0.602359056377
175.0    0.595428495269
175.125    0.595428495269
175.25    0.593962415034
175.375    0.593962415034
175.5    0.586698653872
175.625    0.587231773957
175.75    0.587764894042
175.875    0.612155137945
176.0    0.594828735173
176.125    0.602958816473
176.25    0.60262561642
176.375    0.602825536452
176.5    0.591630014661
176.625    0.591630014661
176.75    0.591630014661
176.875    0.59256297481
177.0    0.603158736505
177.125    0.603158736505
177.25    0.603158736505
177.375    0.603158736505
177.5    0.610422497668
177.625    0.63481274157
177.75    0.63481274157
177.875    0.626682660269
178.0    0.613288018126
178.125    0.605157936825
178.25    0.605157936825
178.375    0.595228575237
178.5    0.595028655205
178.625    0.595028655205
178.75    0.595028655205
178.875    0.595028655205
179.0    0.590297214448
179.125    0.61468745835
179.25    0.61468745835
179.375    0.615953618553
180.0    0.598294015727
180.125    0.598294015727
180.25    0.598760495802
180.375    0.598760495802
180.5    0.59856057577
180.625    0.59856057577
180.75    0.596428095428
180.875    0.595894975343
181.0    0.562308409969
181.125    0.602958816473
181.25    0.59762761562
181.375    0.59762761562
181.5    0.599826735972
181.625    0.599826735972
181.75    0.599826735972
181.875    0.599826735972
182.0    0.594895375183
182.125    0.594895375183
182.25    0.597760895642
182.375    0.602359056377
182.5    0.599360255898
182.625    0.599360255898
182.75    0.599360255898
182.875    0.597027855524
183.0    0.600159936026
183.125    0.600159936026
183.25    0.600159936026
183.375    0.600159936026
183.5    0.601959216313
183.625    0.601959216313
183.75    0.601959216313
183.875    0.601959216313
184.0    0.600493136079
184.125    0.600493136079
184.25    0.592363054778
184.375    0.586232173797
184.5    0.587631614021
184.625    0.587631614021
184.75    0.588964414234
184.875    0.588298014128
185.0    0.599093695855
185.125    0.599093695855
185.25    0.599093695855
185.375    0.599093695855
185.5    0.605024656804
185.625    0.605024656804
185.75    0.605024656804
185.875    0.605024656804
186.0    0.598693855791
186.125    0.598693855791
186.25    0.598693855791
186.375    0.599160335866
186.5    0.60162601626
186.625    0.60162601626
186.75    0.600826336132
186.875    0.600826336132
187.0    0.594162335066
187.125    0.594495535119
187.25    0.594495535119
187.375    0.594495535119
187.5    0.6006264161
187.625    0.6006264161
187.75    0.6006264161
187.875    0.6006264161
188.0    0.598760495802
188.125    0.597694255631
188.25    0.596228175397
188.375    0.596161535386
188.5    0.598960415834
188.625    0.595761695322
188.75    0.595761695322
188.875    0.595761695322
189.0    0.611022257764
189.125    0.611488737838
189.25    0.611488737838
189.375    0.611488737838
189.5    0.59956017593
189.625    0.59956017593
189.75    0.59956017593
189.875    0.59956017593
190.0    0.601159536186
190.125    0.601159536186
190.25    0.601159536186
190.375    0.601292816207
190.5    0.590830334533
190.625    0.590830334533
190.75    0.591630014661
190.875    0.591630014661
191.0    0.591496734639
191.125    0.591496734639
191.25    0.591496734639
191.375    0.591496734639
191.5    0.597494335599
191.625    0.597494335599
191.75    0.594695455151
191.875    0.594695455151
192.0    0.594628815141
192.125    0.594628815141
192.25    0.594628815141
192.375    0.594628815141
192.5    0.594495535119
192.625    0.594495535119
192.75    0.597094495535
192.875    0.597094495535
193.0    0.599960015994
193.125    0.599960015994
193.25    0.599960015994
193.375    0.583699853392
193.5    0.584966013595
193.625    0.584966013595
193.75    0.584966013595
193.875    0.584166333467
194.0    0.594428895109
194.125    0.596161535386
194.25    0.596161535386
194.375    0.596161535386
194.5    0.604291616687
194.625    0.604291616687
194.75    0.604291616687
194.875    0.604291616687
195.0    0.602159136345
195.125    0.602159136345
195.25    0.601692656271
195.375    0.601692656271
195.5    0.587964814074
195.625    0.587964814074
195.75    0.58756497401
195.875    0.58756497401
196.0    0.573170731707
196.125    0.573170731707
196.25    0.574103691857
196.375    0.572637611622
196.5    0.596894575503
196.625    0.596894575503
196.75    0.596894575503
196.875    0.596894575503
197.0    0.599360255898
197.125    0.599360255898
197.25    0.578568572571
197.375    0.610022657604
197.5    0.589297614288
197.625    0.589297614288
197.75    0.589297614288
197.875    0.589297614288
198.0    0.594228975077
198.125    0.592296414767
198.25    0.592296414767
198.375    0.596028255365
198.5    0.589364254298
198.625    0.589364254298
198.75    0.589364254298
198.875    0.589364254298
199.0    0.605091296815
199.125    0.605091296815
199.25    0.604091696655
199.375    0.604091696655
199.5    0.570371851259
199.625    0.570371851259
199.75    0.570371851259
199.875    0.570371851259
200.0    0.579834732774
200.125    0.580234572838
200.25    0.579701452752
200.375    0.577635612422
200.5    0.601959216313
200.625    0.59662801546
200.75    0.59662801546
200.875    0.59656137545
201.0    0.588831134213
201.125    0.588897774224
201.25    0.588897774224
201.375    0.588831134213
201.5    0.597894175663
201.625    0.597894175663
201.75    0.608889777422
201.875    0.596761295482
202.0    0.581234172997
202.125    0.581234172997
202.25    0.582566973211
202.375    0.582566973211
202.5    0.59456217513
202.625    0.59456217513
202.75    0.59456217513
202.875    0.59456217513
203.0    0.572770891643
203.125    0.572770891643
203.25    0.572770891643
203.375    0.572770891643
203.5    0.582566973211
203.625    0.582566973211
203.75    0.581767293083
203.875    0.581767293083
204.0    0.580834332933
204.125    0.580834332933
204.25    0.580834332933
204.375    0.580834332933
204.5    0.60868985739
204.625    0.60868985739
204.75    0.60868985739
204.875    0.60868985739
205.0    0.621484739438
205.125    0.580834332933
205.25    0.580834332933
205.375    0.580834332933
205.5    0.580701052912
205.625    0.580701052912
205.75    0.580567772891
205.875    0.579701452752
206.0    0.570171931227
206.125    0.570171931227
206.25    0.570171931227
206.375    0.570838331334
206.5    0.579634812742
206.625    0.579634812742
206.75    0.579634812742
206.875    0.580101292816
207.0    0.59049713448
207.125    0.59049713448
207.25    0.58949753432
207.375    0.587231773957
207.5    0.603158736505
207.625    0.603158736505
207.75    0.603158736505
207.875    0.603158736505
208.0    0.60262561642
208.125    0.603958416633
208.25    0.603958416633
208.375    0.603958416633
208.5    0.606823937092
208.625    0.606823937092
208.75    0.608023457284
208.875    0.609089697454
209.0    0.614420898307
209.125    0.613154738105
209.25    0.615153938425
209.375    0.616153538585
209.5    0.600226576036
209.625    0.600226576036
209.75    0.600226576036
209.875    0.600226576036
210.0    0.606757297081
210.125    0.606757297081
210.25    0.604758096761
210.375    0.605491136879
210.5    0.578901772624
210.625    0.578901772624
210.75    0.578901772624
210.875    0.578901772624
211.0    0.594029055045
211.125    0.594029055045
211.25    0.597227775556
211.375    0.597227775556
211.5    0.580834332933
211.625    0.581300813008
211.75    0.581300813008
211.875    0.581300813008
212.0    0.601292816207
212.125    0.601292816207
212.25    0.601292816207
212.375    0.581367453019
212.5    0.589297614288
212.625    0.589297614288
212.75    0.589297614288
212.875    0.592629614821
213.0    0.579301612688
213.125    0.579301612688
213.25    0.579301612688
213.375    0.578168732507
213.5    0.579234972678
213.625    0.579234972678
213.75    0.581700653072
213.875    0.582100493136
214.0    0.576369452219
214.125    0.576369452219
214.25    0.572237771558
214.375    0.573304011729
214.5    0.575169932027
214.625    0.575169932027
214.75    0.577035852326
214.875    0.577035852326
215.0    0.589630814341
215.125    0.589630814341
215.25    0.589630814341
215.375    0.591030254565
215.5    0.592896174863
215.625    0.592896174863
215.75    0.576636012262
215.875    0.576369452219
216.0    0.579901372784
216.125    0.579368252699
216.25    0.577035852326
216.375    0.579301612688
216.5    0.578568572571
216.625    0.578568572571
216.75    0.578568572571
216.875    0.578568572571
217.0    0.573570571771
217.125    0.573570571771
217.25    0.573570571771
217.375    0.573570571771
217.5    0.576769292283
217.625    0.576769292283
217.75    0.576769292283
217.875    0.576769292283
218.0    0.578368652539
218.125    0.610888977742
218.25    0.610888977742
218.375    0.610888977742
218.5    0.575569772091
218.625    0.5775023324
218.75    0.578102092496
218.875    0.578635212582
219.0    0.590030654405
219.125    0.590030654405
219.25    0.587831534053
219.375    0.604558176729
219.5    0.589230974277
219.625    0.589230974277
219.75    0.589230974277
219.875    0.589230974277
220.0    0.587298413968
220.125    0.588431294149
220.25    0.587431693989
220.375    0.586232173797
220.5    0.572037851526
220.625    0.571837931494
220.75    0.568772491004
220.875    0.568772491004
221.0    0.598227375716
221.125    0.598227375716
221.25    0.598227375716
221.375    0.598227375716
221.5    0.577902172464
221.625    0.577902172464
221.75    0.577902172464
221.875    0.577902172464
222.0    0.58756497401
222.125    0.58756497401
222.25    0.58756497401
222.375    0.589697454352
222.5    0.579834732774
222.625    0.579834732774
222.75    0.579834732774
222.875    0.604224976676
223.0    0.611288817806
223.125    0.611288817806
223.25    0.611288817806
223.375    0.611288817806
223.5    0.600826336132
223.625    0.600826336132
223.75    0.600826336132
223.875    0.600826336132
224.0    0.58449953352
224.125    0.58449953352
224.25    0.592829534853
224.375    0.56843929095
224.5    0.581234172997
224.625    0.581234172997
224.75    0.581234172997
224.875    0.581234172997
225.0    0.583233373317
225.125    0.583233373317
225.25    0.583233373317
225.375    0.583233373317
225.5    0.591230174597
225.625    0.592229774757
225.75    0.592229774757
225.875    0.589964014394
226.0    0.59156337465
226.125    0.596361455418
226.25    0.581900573104
226.375    0.581900573104
226.5    0.586698653872
226.625    0.586698653872
226.75    0.589097694256
226.875    0.589430894309
227.0    0.600959616154
227.125    0.600959616154
227.25    0.606290817007
227.375    0.581900573104
227.5    0.579568172731
227.625    0.579568172731
227.75    0.579568172731
227.875    0.574037051846
228.0    0.597361055578
228.125    0.597361055578
228.25    0.599493535919
228.375    0.599493535919
228.5    0.604025056644
228.625    0.604025056644
228.75    0.604025056644
228.875    0.604025056644
229.0    0.605157936825
229.125    0.606490737039
229.25    0.609156337465
229.375    0.610955617753
229.5    0.590030654405
229.625    0.590030654405
229.75    0.590030654405
229.875    0.590030654405
230.0    0.60962281754
230.125    0.611488737838
230.25    0.611488737838
230.375    0.611488737838
230.5    0.582966813275
230.625    0.63174730108
230.75    0.63174730108
230.875    0.63887778222
231.0    0.603358656537
231.125    0.603358656537
231.25    0.603225376516
231.375    0.603891776623
231.5    0.60769025723
231.625    0.60769025723
231.75    0.60769025723
231.875    0.60769025723
232.0    0.592829534853
232.125    0.592363054778
232.25    0.592363054778
232.375    0.592363054778
232.5    0.611755297881
232.625    0.611755297881
232.75    0.611755297881
232.875    0.611755297881
233.0    0.604824736772
233.125    0.615820338531
233.25    0.615820338531
233.375    0.60769025723
233.5    0.620485139278
233.625    0.620485139278
233.75    0.604224976676
233.875    0.604224976676
234.0    0.617419698787
234.125    0.617419698787
234.25    0.615487138478
234.375    0.615487138478
234.5    0.600892976143
234.625    0.600892976143
234.75    0.600892976143
234.875    0.600892976143
235.0    0.623350659736
235.125    0.623350659736
235.25    0.626549380248
235.375    0.618419298947
235.5    0.57843529255
235.625    0.57843529255
235.75    0.57843529255
235.875    0.582900173264
236.0    0.620351859256
236.125    0.619085699054
236.25    0.619085699054
236.375    0.619885379182
236.5    0.620085299214
236.625    0.620085299214
236.75    0.636345461815
236.875    0.634746101559
237.0    0.612621618019
237.125    0.612088497934
237.25    0.612088497934
237.375    0.612088497934
237.5    0.612421697987
237.625    0.612421697987
237.75    0.615553778489
237.875    0.633546581367
238.0    0.632680261229
238.125    0.632680261229
238.25    0.632680261229
238.375    0.630880980941
238.5    0.616620018659
238.625    0.616620018659
238.75    0.616620018659
238.875    0.616620018659
239.0    0.633413301346
239.125    0.633413301346
239.25    0.600892976143
239.375    0.601026256164
240.0    0.619218979075
240.125    0.619218979075
240.25    0.627349060376
240.375    0.627349060376
240.5    0.639610822338
240.625    0.624550179928
240.75    0.632680261229
240.875    0.624883379981
241.0    0.635079301613
241.125    0.643209382913
241.25    0.618819139011
241.375    0.61068905771
241.5    0.634679461549
241.625    0.634412901506
241.75    0.632946821271
241.875    0.634279621485
242.0    0.608956417433
242.125    0.608956417433
242.25    0.609956017593
242.375    0.609956017593
242.5    0.630547780888
242.625    0.63074770092
242.75    0.63074770092
242.875    0.63074770092
243.0    0.636545381847
243.125    0.636545381847
243.25    0.636545381847
243.375    0.636545381847
243.5    0.635345861655
243.625    0.635345861655
243.75    0.627215780355
243.875    0.628548580568
244.0    0.631347461016
244.125    0.631347461016
244.25    0.631347461016
244.375    0.63074770092
244.5    0.644475543116
244.625    0.644475543116
244.75    0.646474743436
244.875    0.644208983073
245.0    0.639944022391
245.125    0.639944022391
245.25    0.639944022391
245.375    0.639477542316
245.5    0.636212181794
245.625    0.636212181794
245.75    0.637078501933
245.875    0.628948420632
246.0    0.610155937625
246.125    0.609422897508
246.25    0.609422897508
246.375    0.609422897508
246.5    0.636078901773
246.625    0.636078901773
246.75    0.636078901773
246.875    0.636745301879
247.0    0.647207783553
247.125    0.646541383447
247.25    0.654671464747
247.375    0.654671464747
247.5    0.635012661602
247.625    0.636278821805
247.75    0.634346261495
247.875    0.634279621485
248.0    0.647407703585
248.125    0.647407703585
248.25    0.645408503265
248.375    0.645408503265
248.5    0.644408903105
248.625    0.638544582167
248.75    0.637544982007
248.875    0.637944822071
249.0    0.657536985206
249.125    0.648207383713
249.25    0.648207383713
249.375    0.648207383713
249.5    0.642542982807
249.625    0.640477142476
249.75    0.641943222711
249.875    0.640410502466
250.0    0.664800746368
250.125    0.664400906304
250.25    0.664400906304
250.375    0.664400906304
250.5    0.635745701719
250.625    0.635745701719
250.75    0.634946021591
250.875    0.634946021591
251.0    0.655204584833
251.125    0.647074503532
251.25    0.646541383447
251.375    0.646474743436
251.5    0.644009063041
251.625    0.647540983607
251.75    0.644742103159
251.875    0.644742103159
252.0    0.64387578302
252.125    0.64287618286
252.25    0.640277222444
252.375    0.640277222444
252.5    0.634612821538
252.625    0.618352658936
252.75    0.634412901506
252.875    0.634412901506
253.0    0.643142742903
253.125    0.643142742903
253.25    0.6418765827
253.375    0.6418765827
253.5    0.634879381581
253.625    0.634879381581
253.75    0.635412501666
253.875    0.635212581634
254.0    0.627082500333
254.125    0.627082500333
254.25    0.627082500333
254.375    0.628481940557
254.5    0.63281354125
254.625    0.63281354125
254.75    0.63281354125
254.875    0.633013461282
255.0    0.63781154205
255.125    0.63781154205
255.25    0.63781154205
255.375    0.63781154205
255.5    0.600826336132
255.625    0.600826336132
255.75    0.600826336132
255.875    0.600826336132
256.0    0.620818339331
256.125    0.620818339331
256.25    0.669065707051
256.375    0.621484739438
256.5    0.616819938691
256.625    0.614554178329
256.75    0.647074503532
256.875    0.648274023724
257.0    0.640343862455
257.125    0.640343862455
257.25    0.632213781154
257.375    0.633346661335
257.5    0.617353058776
257.625    0.617353058776
257.75    0.617353058776
257.875    0.625816340131
258.0    0.605357856857
258.125    0.605357856857
258.25    0.605357856857
258.375    0.605357856857
258.5    0.609556177529
258.625    0.609556177529
258.75    0.609556177529
258.875    0.609556177529
259.0    0.582233773157
259.125    0.582233773157
259.25    0.582233773157
259.375    0.584632813541
259.5    0.613821138211
259.625    0.613821138211
259.75    0.613821138211
259.875    0.616420098627
260.0    0.606357457017
260.125    0.606357457017
260.25    0.606357457017
260.375    0.606357457017
260.5    0.61068905771
260.625    0.61068905771
260.75    0.611222177796
260.875    0.611222177796
261.0    0.619085699054
261.125    0.619085699054
261.25    0.608090097294
261.375    0.608090097294
261.5    0.607023857124
261.625    0.607023857124
261.75    0.607290417166
261.875    0.607290417166
262.0    0.606024256964
262.125    0.606024256964
262.25    0.606024256964
262.375    0.606024256964
262.5    0.591829934693
262.625    0.591829934693
262.75    0.591829934693
262.875    0.591829934693
263.0    0.575169932027
263.125    0.577035852326
263.25    0.577035852326
263.375    0.577035852326
263.5    0.589430894309
263.625    0.586632013861
263.75    0.586632013861
263.875    0.590363854458
264.0    0.6106224177
264.125    0.6106224177
264.25    0.6106224177
264.375    0.6106224177
264.5    0.617286418766
264.625    0.609156337465
264.75    0.609156337465
264.875    0.609156337465
265.0    0.586032253765
265.125    0.586032253765
265.25    0.586032253765
265.375    0.586032253765
265.5    0.578302012528
265.625    0.578302012528
265.75    0.578302012528
265.875    0.578302012528
266.0    0.619352259096
266.125    0.619352259096
266.25    0.619352259096
266.375    0.621151539384
266.5    0.584632813541
266.625    0.585898973744
266.75    0.584632813541
266.875    0.584632813541
267.0    0.565840330534
267.125    0.565840330534
267.25    0.565840330534
267.375    0.565840330534
267.5    0.582900173264
267.625    0.582900173264
267.75    0.582900173264
267.875    0.582900173264
268.0    0.585432493669
268.125    0.585432493669
268.25    0.585432493669
268.375    0.585432493669
268.5    0.594695455151
268.625    0.594695455151
268.75    0.594695455151
268.875    0.594695455151
269.0    0.607556977209
269.125    0.605091296815
269.25    0.605091296815
269.375    0.605091296815
269.5    0.567239770758
269.625    0.567239770758
269.75    0.567239770758
269.875    0.567239770758
270.0    0.582900173264
270.125    0.582900173264
270.25    0.582900173264
270.375    0.582900173264
270.5    0.578835132614
270.625    0.578835132614
270.75    0.578835132614
270.875    0.578835132614
271.0    0.586965213914
271.125    0.586965213914
271.25    0.586965213914
271.375    0.586965213914
271.5    0.579701452752
271.625    0.579701452752
271.75    0.581234172997
271.875    0.581234172997
272.0    0.607823537252
272.125    0.607823537252
272.25    0.607823537252
272.375    0.607823537252
272.5    0.589430894309
272.625    0.589430894309
272.75    0.589430894309
272.875    0.589430894309
273.0    0.597427695588
273.125    0.599027055844
273.25    0.596428095428
273.375    0.596428095428
273.5    0.581967213115
273.625    0.581967213115
273.75    0.581967213115
273.875    0.583300013328
274.0    0.585565773691
274.125    0.585565773691
274.25    0.585565773691
274.375    0.585565773691
274.5    0.580967612955
274.625    0.580967612955
274.75    0.580967612955
274.875    0.58150073304
275.0    0.602825536452
275.125    0.602825536452
275.25    0.602825536452
275.375    0.602825536452
275.5    0.583966413435
275.625    0.583966413435
275.75    0.583966413435
275.875    0.583966413435
276.0    0.576769292283
276.125    0.576769292283
276.25    0.576769292283
276.375    0.576769292283
276.5    0.565840330534
276.625    0.565840330534
276.75    0.565840330534
276.875    0.565840330534
277.0    0.577369052379
277.125    0.577369052379
277.25    0.577369052379
277.375    0.575836332134
277.5    0.586632013861
277.625    0.585032653605
277.75    0.585032653605
277.875    0.586232173797
278.0    0.601426096228
278.125    0.601426096228
278.25    0.601426096228
278.375    0.601426096228
278.5    0.587831534053
278.625    0.587831534053
278.75    0.589097694256
278.875    0.589097694256
279.0    0.583366653339
279.125    0.583366653339
279.25    0.582233773157
279.375    0.582233773157
279.5    0.567572970812
279.625    0.567572970812
279.75    0.567572970812
279.875    0.567572970812
280.0    0.564240970279
280.125    0.564240970279
280.25    0.564240970279
280.375    0.564240970279
280.5    0.570305211249
280.625    0.570305211249
280.75    0.570305211249
280.875    0.570305211249
281.0    0.565107290417
281.125    0.565107290417
281.25    0.565107290417
281.375    0.564840730375
281.5    0.585965613754
281.625    0.585965613754
281.75    0.584766093563
281.875    0.584766093563
282.0    0.608090097294
282.125    0.608090097294
282.25    0.599960015994
282.375    0.599960015994
282.5    0.595295215247
282.625    0.595295215247
282.75    0.597094495535
282.875    0.596361455418
283.0    0.587631614021
283.125    0.587631614021
283.25    0.587631614021
283.375    0.587631614021
283.5    0.568905771025
283.625    0.568905771025
283.75    0.568905771025
283.875    0.567039850726
284.0    0.579901372784
284.125    0.579901372784
284.25    0.582233773157
284.375    0.582233773157
284.5    0.572237771558
284.625    0.573503931761
284.75    0.573503931761
284.875    0.573503931761
285.0    0.607490337198
285.125    0.607490337198
285.25    0.607490337198
285.375    0.591230174597
285.5    0.568772491004
285.625    0.567972810876
285.75    0.567972810876
285.875    0.567972810876
286.0    0.618819139011
286.125    0.618819139011
286.25    0.61068905771
286.375    0.61068905771
286.5    0.569972011196
286.625    0.569972011196
286.75    0.563707850193
286.875    0.563707850193
287.0    0.569305611089
287.125    0.569305611089
287.25    0.569572171132
287.375    0.569572171132
287.5    0.59056377449
287.625    0.59056377449
287.75    0.59056377449
287.875    0.59056377449
288.0    0.565640410502
288.125    0.565640410502
288.25    0.565640410502
288.375    0.565640410502
288.5    0.598893775823
288.625    0.598893775823
288.75    0.598893775823
288.875    0.598893775823
289.0    0.59256297481
289.125    0.59256297481
289.25    0.57650273224
289.375    0.57650273224
289.5    0.605890976943
289.625    0.605890976943
289.75    0.605890976943
289.875    0.606890577102
290.0    0.580701052912
290.125    0.580701052912
290.25    0.580701052912
290.375    0.580034652806
290.5    0.602092496335
290.625    0.602092496335
290.75    0.55331200853
290.875    0.556044248967
291.0    0.594029055045
291.125    0.594029055045
291.25    0.594029055045
291.375    0.592229774757
291.5    0.578168732507
291.625    0.578168732507
291.75    0.578168732507
291.875    0.578168732507
292.0    0.599293615887
292.125    0.599293615887
292.25    0.599293615887
292.375    0.599293615887
292.5    0.571971211515
292.625    0.571971211515
292.75    0.570505131281
292.875    0.570505131281
293.0    0.569305611089
293.125    0.569305611089
293.25    0.569305611089
293.375    0.569305611089
293.5    0.55930960949
293.625    0.55930960949
293.75    0.56743969079
293.875    0.56743969079
294.0    0.593762495002
294.125    0.593762495002
