0.0    0.400883327199
0.125    0.387204024046
0.25    0.394111152006
0.375    0.390553306343
0.5    0.391743344375
0.625    0.399006256901
0.75    0.389142436511
0.875    0.391215801742
1.0    0.388173230278
1.125    0.39623359097
1.25    0.377622377622
1.375    0.391375291375
1.5    0.394466936572
1.625    0.386970923813
1.75    0.377499693289
1.875    0.381376518219
2.0    0.392418108208
2.125    0.399263894001
2.25    0.399644215434
2.375    0.381364249785
2.5    0.378346215188
2.625    0.381523739418
2.75    0.380689485953
2.875    0.381131149552
3.0    0.392970187707
3.125    0.392675745307
3.25    0.392602134707
3.375    0.39006256901
3.5    0.402134707398
3.625    0.417040853883
3.75    0.402711323764
3.875    0.388872530978
4.0    0.392135934241
4.125    0.389154704944
4.25    0.390307937676
4.375    0.400576616366
4.5    0.391399828242
4.625    0.394503741872
4.75    0.394540547172
4.875    0.395350263771
5.0    0.394147957306
5.125    0.394859526438
5.25    0.395153968838
5.375    0.398245614035
5.5    0.391976444608
5.625    0.374849711692
5.75    0.382296650718
5.875    0.393031529874
6.0    0.393068335174
6.125    0.389829468777
6.25    0.388320451478
6.375    0.379143663354
6.5    0.399950926267
6.625    0.3997055576
6.75    0.39630720157
6.875    0.389633173844
7.0    0.39379217274
7.125    0.398306956202
7.25    0.406588148693
7.375    0.408735124525
7.5    0.395730585204
7.625    0.395607900871
7.75    0.395791927371
7.875    0.400883327199
8.0    0.396221322537
8.125    0.397472702736
8.25    0.392307692308
8.375    0.394000736106
8.5    0.390222058643
8.625    0.351956815115
8.75    0.381867255551
8.875    0.392577597841
9.0    0.392442645074
9.125    0.390013495277
9.25    0.372899030794
9.375    0.380444117286
9.5    0.394393325972
9.625    0.377303398356
9.75    0.384946632315
9.875    0.38330266225
10.0    0.373021715127
10.125    0.38315544105
10.25    0.382357992884
10.375    0.372874493927
10.5    0.384051036683
10.625    0.39349773034
10.75    0.391718807508
10.875    0.393080603607
11.0    0.393694025273
11.125    0.402539565697
11.25    0.393730830573
11.375    0.403005766164
11.5    0.394307446939
11.625    0.384738068949
11.75    0.394700036805
11.875    0.379278616121
12.0    0.39017298491
12.125    0.376702245123
12.25    0.409422156791
12.375    0.390725064409
12.5    0.401913875598
12.625    0.402073365231
12.75    0.384627653049
12.875    0.397656729236
13.0    0.393694025273
13.125    0.384038768249
13.25    0.384492700282
13.375    0.389706784444
13.5    0.389645442277
13.625    0.390001226843
13.75    0.393828978039
13.875    0.390688259109
14.0    0.378002699055
14.125    0.399263894001
14.25    0.400318979266
14.375    0.402097902098
14.5    0.381106612686
14.625    0.402367807631
14.75    0.395485216538
14.875    0.385977180714
15.0    0.386676481413
15.125    0.382235308551
15.25    0.38005152742
15.375    0.395362532205
15.5    0.385670469881
15.625    0.395019016072
15.75    0.382959146117
15.875    0.381204760152
16.0    0.395669243038
16.125    0.391461170409
16.25    0.372285609128
16.375    0.396515764937
16.5    0.370028217397
16.625    0.391915102441
16.75    0.392013249908
16.875    0.392221813274
17.0    0.37654275549
17.125    0.381781376518
17.25    0.381548276285
17.375    0.376027481291
17.5    0.396466691204
17.625    0.395485216538
17.75    0.397178260336
17.875    0.388173230278
18.0    0.397018770703
18.125    0.394994479205
18.25    0.391571586308
18.375    0.395055821372
18.5    0.379511716354
18.625    0.382529750951
18.75    0.40372960373
18.875    0.386909581646
19.0    0.393154214207
19.125    0.387375782113
19.25    0.387510734879
19.375    0.395301190038
19.5    0.388050545945
19.625    0.388062814379
19.75    0.38699546068
19.875    0.394098883573
20.0    0.392798429641
20.125    0.392822966507
20.25    0.393252361673
20.375    0.394282910072
20.5    0.398233345602
20.625    0.384087841983
20.75    0.387449392713
20.875    0.387523003312
21.0    0.388762115078
21.125    0.39638081217
21.25    0.395227579438
21.375    0.376309655257
21.5    0.383130904184
21.625    0.38319224635
21.75    0.386001717581
21.875    0.384333210649
22.0    0.384664458349
22.125    0.385621396148
22.25    0.380566801619
22.375    0.384958900748
22.5    0.381842718685
22.625    0.381879523985
22.75    0.381867255551
22.875    0.380873512452
23.0    0.387707029812
23.125    0.388663967611
23.25    0.385437369648
23.375    0.381523739418
23.5    0.384603116182
23.625    0.382836461784
23.75    0.382603361551
23.875    0.386541528647
24.0    0.392663476874
24.125    0.382578824684
24.25    0.381707765918
24.375    0.381155686419
24.5    0.376064286591
24.625    0.390528769476
24.75    0.376849466323
24.875    0.38311863575
25.0    0.376223776224
25.125    0.38958410011
25.25    0.39046742731
25.375    0.37650595019
25.5    0.372518709361
25.625    0.371390013495
25.75    0.375487670225
25.875    0.384112378849
26.0    0.379401300454
26.125    0.383584836216
26.25    0.382456140351
26.375    0.382517482517
26.5    0.381646423752
26.625    0.374444853392
26.75    0.374776101092
26.875    0.374665685192
27.0    0.353649858913
27.125    0.388320451478
27.25    0.379965648387
27.375    0.381511470985
27.5    0.384038768249
27.625    0.37303398356
27.75    0.373487915593
27.875    0.372224266961
28.0    0.398454177402
28.125    0.384112378849
28.25    0.369108084898
28.375    0.376493681757
28.5    0.381670960618
28.625    0.387891056312
28.75    0.402134707398
28.875    0.385339222181
29.0    0.384149184149
29.125    0.383646178383
29.25    0.384443626549
29.375    0.360458839406
29.5    0.380444117286
29.625    0.37979389032
29.75    0.363587289903
29.875    0.361943319838
30.0    0.371574039995
30.125    0.375279106858
30.25    0.371745798062
30.375    0.372408293461
30.5    0.375046006625
30.625    0.374898785425
30.75    0.382100355785
30.875    0.382566556251
31.0    0.371574039995
31.125    0.375438596491
31.25    0.375647159858
31.375    0.370555760029
31.5    0.375794381058
31.625    0.375683965158
31.75    0.376849466323
31.875    0.387277634646
32.0    0.379094589621
32.125    0.379487179487
32.25    0.382382529751
32.375    0.38341307815
32.5    0.385535517114
32.625    0.385326953748
32.75    0.39039381671
32.875    0.389314194577
33.0    0.384001962949
33.125    0.38034596982
33.25    0.381523739418
33.375    0.378088578089
33.5    0.377904551589
33.625    0.378162188688
33.75    0.383462151883
33.875    0.378542510121
34.0    0.379254079254
34.125    0.386148938781
34.25    0.365133112502
34.375    0.378898294688
34.5    0.37986750092
34.625    0.37321801006
34.75    0.362740768004
34.875    0.37643233959
35.0    0.368457857932
35.125    0.379769353454
35.25    0.369353453564
35.375    0.368580542265
35.5    0.361047724206
35.625    0.383658446816
35.75    0.370236780763
35.875    0.38670101828
36.0    0.4004784689
36.125    0.385474174948
36.25    0.386835971046
36.375    0.38023555392
36.5    0.382995951417
36.625    0.382848730217
36.75    0.383425346583
36.875    0.362654888971
37.0    0.371267329162
37.125    0.37029812293
37.25    0.377217519323
37.375    0.380664949086
37.5    0.380076064287
37.625    0.381266102319
37.75    0.380947123052
37.875    0.381327444485
38.0    0.391939639308
38.125    0.391363022942
38.25    0.393804441173
38.375    0.390626916943
38.5    0.380112869587
38.625    0.380652680653
38.75    0.380824438719
38.875    0.378333946755
39.0    0.382443871918
39.125    0.396994233836
39.25    0.372727272727
39.375    0.379438105754
39.5    0.382578824684
39.625    0.381609618452
39.75    0.385339222181
39.875    0.385744080481
40.0    0.371794871795
40.125    0.371929824561
40.25    0.388038277512
40.375    0.37307078886
40.5    0.379781621887
40.625    0.379229542387
40.75    0.372690467427
40.875    0.374457121826
41.0    0.3663108821
41.125    0.366887498466
41.25    0.367832167832
41.375    0.371390013495
41.5    0.363194700037
41.625    0.364519690835
41.75    0.392074592075
41.875    0.395423874371
42.0    0.387351245246
42.125    0.389706784444
42.25    0.389326463011
42.375    0.382088087351
42.5    0.369758311864
42.625    0.36952521163
42.75    0.369328916697
42.875    0.368359710465
43.0    0.382014476751
43.125    0.382468408784
43.25    0.383498957183
43.375    0.37964666912
43.5    0.373868237026
43.625    0.38969451601
43.75    0.376849466323
43.875    0.366789351
44.0    0.386946386946
44.125    0.362409520304
44.25    0.385584590848
44.375    0.366948840633
44.5    0.362311372838
44.625    0.367488651699
44.75    0.37672678199
44.875    0.362115077905
45.0    0.391448901975
45.125    0.375156422525
45.25    0.373966384493
45.375    0.375009201325
45.5    0.374886516992
45.625    0.369034474298
45.75    0.376052018157
45.875    0.360802355539
46.0    0.375683965158
46.125    0.374236290026
46.25    0.375843454791
46.375    0.38684823948
46.5    0.387204024046
46.625    0.386970923813
46.75    0.385179732548
46.875    0.387915593179
47.0    0.372297877561
47.125    0.372334682861
47.25    0.372702735861
47.375    0.367513188566
47.5    0.387768371979
47.625    0.38041958042
47.75    0.362483130904
47.875    0.369586553797
48.0    0.387817445712
48.125    0.388087351245
48.25    0.371071034229
48.375    0.378211262422
48.5    0.369365721997
48.625    0.370396270396
48.75    0.373782357993
48.875    0.381020733652
49.0    0.375389522758
49.125    0.392099128941
49.25    0.375966139124
49.375    0.376555023923
49.5    0.377070298123
49.625    0.379462642621
49.75    0.379315421421
49.875    0.379965648387
50.0    0.37960986382
50.125    0.357232241443
50.25    0.373868237026
50.375    0.368985400564
50.5    0.373745552693
50.625    0.373978652926
50.75    0.377573303889
50.875    0.377450619556
51.0    0.404060851429
51.125    0.391301680775
51.25    0.393485461907
51.375    0.381695497485
51.5    0.374150410993
51.625    0.375205496258
51.75    0.374628879892
51.875    0.372383756594
52.0    0.376309655257
52.125    0.35341675868
52.25    0.360593792173
52.375    0.361121334806
52.5    0.377818672556
52.625    0.352631578947
52.75    0.375082811925
52.875    0.373647405226
53.0    0.361256287572
53.125    0.354925775978
53.25    0.36335418967
53.375    0.385388295915
53.5    0.368973132131
53.625    0.382959146117
53.75    0.387866519445
53.875    0.384406821249
54.0    0.368654152865
54.125    0.368347442032
54.25    0.369169427064
54.375    0.370752054963
54.5    0.350496871549
54.625    0.361562998405
54.75    0.358827137775
54.875    0.370494417863
55.0    0.381916329285
55.125    0.381928597718
55.25    0.357722978776
55.375    0.371623113728
55.5    0.363268310637
55.625    0.384701263649
55.75    0.385241074715
55.875    0.385535517114
56.0    0.364114832536
56.125    0.374273095326
56.25    0.361182676972
56.375    0.361624340572
56.5    0.388430867378
56.625    0.371647650595
56.75    0.372420561894
56.875    0.37040853883
57.0    0.376383265857
57.125    0.380186480186
57.25    0.374224021592
57.375    0.374960127592
57.5    0.358925285241
57.625    0.352582505214
57.75    0.355661881978
57.875    0.350840387682
58.0    0.365856950067
58.125    0.366175929334
58.25    0.366703471967
58.375    0.380652680653
58.5    0.375254569991
58.625    0.375401791191
58.75    0.375401791191
58.875    0.375782112624
59.0    0.382210771684
59.125    0.385609127714
59.25    0.364875475402
59.375    0.3661636609
59.5    0.380247822353
59.625    0.362777573304
59.75    0.362029198871
59.875    0.362029198871
60.0    0.382713777451
60.125    0.379548521654
60.25    0.379597595387
60.375    0.379769353454
60.5    0.377978162189
60.625    0.371021960496
60.75    0.37303398356
60.875    0.374211753159
61.0    0.37709483499
61.125    0.376101091891
61.25    0.37650595019
61.375    0.376481413324
61.5    0.384075573549
61.625    0.384774874249
61.75    0.385277880015
61.875    0.38622254938
62.0    0.359158385474
62.125    0.362998405104
62.25    0.362532204637
62.375    0.372862225494
62.5    0.365832413201
62.625    0.359416022574
62.75    0.373671942093
62.875    0.363673168936
63.0    0.389191510244
63.125    0.377892283155
63.25    0.374812906392
63.375    0.368298368298
63.5    0.385093853515
63.625    0.354116059379
63.75    0.368887253098
63.875    0.368506931665
64.0    0.360274812906
64.125    0.356238498344
64.25    0.356864188443
64.375    0.354287817446
64.5    0.361894246105
64.625    0.375512207091
64.75    0.374776101092
64.875    0.368212489265
65.0    0.369795117164
65.125    0.363329652803
65.25    0.362973868237
65.375    0.363624095203
65.5    0.35663108821
65.625    0.388099619679
65.75    0.389105631211
65.875    0.377597840756
66.0    0.365881486934
66.125    0.365476628635
66.25    0.365783339468
66.375    0.352791068581
66.5    0.361109066372
66.625    0.3668997669
66.75    0.367304625199
66.875    0.363734511103
67.0    0.356582014477
67.125    0.35681511471
67.25    0.364335664336
67.375    0.364372469636
67.5    0.360826892406
67.625    0.361170408539
67.75    0.361612072138
67.875    0.351367930315
68.0    0.362299104404
68.125    0.362593546804
68.25    0.363084284137
68.375    0.363256042203
68.5    0.352288062814
68.625    0.352496626181
68.75    0.353441295547
68.875    0.353294074347
69.0    0.363734511103
69.125    0.364654643602
69.25    0.366298613667
69.375    0.365771071034
69.5    0.359685928107
69.625    0.355980861244
69.75    0.353686664213
69.875    0.356164887744
70.0    0.355122070912
70.125    0.360520181573
70.25    0.356545209177
70.375    0.35677830941
70.5    0.354275549012
70.625    0.340780272359
70.75    0.341553183658
70.875    0.339688381794
71.0    0.360262544473
71.125    0.359035701141
71.25    0.35984541774
71.375    0.3668997669
71.5    0.362654888971
71.625    0.362753036437
71.75    0.387510734879
71.875    0.36379585327
72.0    0.370801128696
72.125    0.371291866029
72.25    0.352926021347
72.375    0.35282787388
72.5    0.362016930438
72.625    0.361747024905
72.75    0.338118022329
72.875    0.356005398111
73.0    0.36021347074
73.125    0.357379462643
73.25    0.357588026009
73.375    0.357330388909
73.5    0.356496135444
73.625    0.354214206846
73.75    0.356876456876
73.875    0.356361182677
74.0    0.355404244878
74.125    0.354091522513
74.25    0.354226475279
74.375    0.354545454545
74.5    0.352692921114
74.625    0.350435529383
74.75    0.354631333579
74.875    0.365574776101
75.0    0.345638571954
75.125    0.362961599804
75.25    0.349024659551
75.375    0.331394920869
75.5    0.362703962704
75.625    0.378235799288
75.75    0.377499693289
75.875    0.378677462888
76.0    0.366507177033
76.125    0.3665317139
76.25    0.34987118145
76.375    0.350325113483
76.5    0.352950558214
76.625    0.352950558214
76.75    0.356471598577
76.875    0.356606551343
77.0    0.348767022451
77.125    0.359330143541
77.25    0.359330143541
77.375    0.358937553674
77.5    0.343270764323
77.625    0.350717703349
77.75    0.347785547786
77.875    0.358802600908
78.0    0.352533431481
78.125    0.359366948841
78.25    0.359575512207
78.375    0.359796344007
78.5    0.349368175684
78.625    0.350006134217
78.75    0.349638081217
78.875    0.356128082444
79.0    0.355281560545
79.125    0.354668138879
79.25    0.351870936081
79.375    0.35042326095
79.5    0.351785057048
79.625    0.359281069807
79.75    0.366102318734
79.875    0.366359955834
80.0    0.362286835971
80.125    0.362286835971
80.25    0.361796098638
80.375    0.361697951172
80.5    0.360544718439
80.625    0.359465096307
80.75    0.361293092872
80.875    0.358360937308
81.0    0.352251257514
81.125    0.358164642375
81.25    0.358643111275
81.375    0.360152128573
81.5    0.34990798675
81.625    0.348190406085
81.75    0.348619801251
81.875    0.349245491351
82.0    0.351232977549
82.125    0.353110047847
82.25    0.351282051282
82.375    0.355576002944
82.5    0.355072997178
82.625    0.334093976199
82.75    0.334179855232
82.875    0.334179855232
83.0    0.357183167709
83.125    0.356802846277
83.25    0.357845663109
83.375    0.359293338241
83.5    0.360667402773
83.625    0.360667402773
83.75    0.363992148203
83.875    0.36039749724
84.0    0.363587289903
84.125    0.361428045639
84.25    0.344019138756
84.375    0.371991166728
84.5    0.358287326708
84.625    0.360826892406
84.75    0.360826892406
84.875    0.348926512084
85.0    0.348018648019
85.125    0.35009201325
85.25    0.348214942952
85.375    0.348938780518
85.5    0.355293828978
85.625    0.355232486811
85.75    0.355379708011
85.875    0.365611581401
86.0    0.354251012146
86.125    0.354140596246
86.25    0.353907496013
86.375    0.358017421175
86.5    0.352950558214
86.625    0.352926021347
86.75    0.353060974114
86.875    0.352913752914
87.0    0.351785057048
87.125    0.355686418844
87.25    0.355551466078
87.375    0.35618942461
87.5    0.349147343884
87.625    0.349012391118
87.75    0.36313335787
87.875    0.36339099497
88.0    0.341798552325
88.125    0.341798552325
88.25    0.355956324377
88.375    0.355907250644
88.5    0.350177892283
88.625    0.350374187216
88.75    0.351134830082
88.875    0.361697951172
89.0    0.348926512084
89.125    0.348754754018
89.25    0.349024659551
89.375    0.352091767881
89.5    0.350190160716
89.625    0.374653416759
89.75    0.378284873022
89.875    0.36036069194
90.0    0.35034965035
90.125    0.34994479205
90.25    0.347552447552
90.375    0.350435529383
90.5    0.364102564103
90.625    0.364262053736
90.75    0.364065758803
90.875    0.364323395902
91.0    0.356900993743
91.125    0.355931787511
91.25    0.360532450006
91.375    0.360704208073
91.5    0.365599312968
91.625    0.3663108821
91.75    0.363341921237
91.875    0.36357502147
92.0    0.348730217151
92.125    0.359207459207
92.25    0.359538706907
92.375    0.36305974727
92.5    0.349662618084
92.625    0.349662618084
92.75    0.35663108821
92.875    0.35637345111
93.0    0.360225739173
93.125    0.353944301313
93.25    0.360593792173
93.375    0.361612072138
93.5    0.358103300209
93.625    0.358311863575
93.75    0.357956079009
93.875    0.358189179242
94.0    0.350570482149
94.125    0.350656361183
94.25    0.361293092872
94.375    0.365623849834
94.5    0.360753281806
94.625    0.36036069194
94.75    0.360704208073
94.875    0.353882959146
95.0    0.363992148203
95.125    0.332499079868
95.25    0.355342902711
95.375    0.354079254079
95.5    0.356385719544
95.625    0.35659428291
95.75    0.358005152742
95.875    0.35692553061
96.0    0.356802846277
96.125    0.363341921237
96.25    0.356508403877
96.375    0.356618819777
96.5    0.344129554656
96.625    0.343577475156
96.75    0.358888479941
96.875    0.358434547908
97.0    0.343086737824
97.125    0.342227947491
97.25    0.342338363391
97.375    0.359649122807
97.5    0.345160103055
97.625    0.345564961354
97.75    0.345331861121
97.875    0.345331861121
98.0    0.353846153846
98.125    0.353944301313
98.25    0.354201938412
98.375    0.354201938412
98.5    0.357894736842
98.625    0.353981106613
98.75    0.354398233346
98.875    0.354361428046
99.0    0.354435038646
99.125    0.354655870445
99.25    0.354643602012
99.375    0.354533186112
99.5    0.361734756472
99.625    0.362225493804
99.75    0.358311863575
99.875    0.361943319838
100.0    0.345196908355
100.125    0.34296405349
100.25    0.343246227457
100.375    0.343246227457
100.5    0.358017421175
100.625    0.354950312845
100.75    0.355465587045
100.875    0.359317875107
101.0    0.358446816342
101.125    0.358410011042
101.25    0.364372469636
101.375    0.365611581401
101.5    0.344092749356
101.625    0.344497607656
101.75    0.344080480923
101.875    0.340878419826
102.0    0.357722978776
102.125    0.361329898172
102.25    0.361477119372
102.375    0.361329898172
102.5    0.352251257514
102.625    0.352582505214
102.75    0.352324868114
102.875    0.351404735615
103.0    0.358103300209
103.125    0.359011164274
103.25    0.362078272605
103.375    0.361857440805
103.5    0.351171635382
103.625    0.352214452214
103.75    0.356582014477
103.875    0.352582505214
104.0    0.348509385351
104.125    0.348705680285
104.25    0.349282296651
104.375    0.348754754018
104.5    0.344951539688
104.625    0.352349404981
104.75    0.356238498344
104.875    0.35955097534
105.0    0.355220218378
105.125    0.355281560545
105.25    0.354619065145
105.375    0.355514660778
105.5    0.35988222304
105.625    0.359869954607
105.75    0.37044534413
105.875    0.360090786407
106.0    0.336081462397
106.125    0.336007851797
106.25    0.333995828733
106.375    0.344473070789
106.5    0.341884431358
106.625    0.352521163047
106.75    0.35308551098
106.875    0.350717703349
107.0    0.357219973009
107.125    0.357538952276
107.25    0.335971046497
107.375    0.35308551098
107.5    0.343945528156
107.625    0.344313581156
107.75    0.344595755122
107.875    0.346705925653
108.0    0.342203410624
108.125    0.342117531591
108.25    0.342166605325
108.375    0.342497853024
108.5    0.354361428046
108.625    0.364875475402
108.75    0.365206723101
108.875    0.361906514538
109.0    0.357477610109
109.125    0.353809348546
109.25    0.357391731076
109.375    0.357612562876
109.5    0.350595019016
109.625    0.350975340449
109.75    0.350975340449
109.875    0.351048951049
110.0    0.343086737824
110.125    0.342767758557
110.25    0.343565206723
110.375    0.343835112256
110.5    0.331456263035
110.625    0.331713900135
110.75    0.347613789719
110.875    0.347294810453
111.0    0.332854864434
111.125    0.353073242547
111.25    0.353735737946
111.375    0.353772543246
111.5    0.356005398111
111.625    0.356054471844
111.75    0.35622622991
111.875    0.35670469881
112.0    0.329014844804
112.125    0.33974972396
112.25    0.342399705558
112.375    0.342399705558
112.5    0.338437001595
112.625    0.342142068458
112.75    0.353367684947
112.875    0.353919764446
113.0    0.353588516746
113.125    0.343344374923
113.25    0.342645074224
113.375    0.358041958042
113.5    0.34373696479
113.625    0.34362654889
113.75    0.343847380689
113.875    0.343920991289
114.0    0.353723469513
114.125    0.353895227579
114.25    0.355220218378
114.375    0.354251012146
114.5    0.361010918906
114.625    0.360863697706
114.75    0.342780026991
114.875    0.353330879647
115.0    0.356496135444
115.125    0.367427309533
115.25    0.36039749724
115.375    0.364531959269
115.5    0.341712673292
115.625    0.341761747025
115.75    0.341982578825
115.875    0.340755735493
116.0    0.371340939762
116.125    0.370199975463
116.25    0.35363759048
116.375    0.347073978653
116.5    0.348521653785
116.625    0.356275303644
116.75    0.345626303521
116.875    0.344927002822
117.0    0.339884676727
117.125    0.339982824193
117.25    0.357281315176
117.375    0.358054226475
117.5    0.345111029322
117.625    0.345196908355
117.75    0.345344129555
117.875    0.344816586922
118.0    0.33982333456
118.125    0.34026499816
118.25    0.340130045393
118.375    0.339872408293
118.5    0.331836584468
118.625    0.339332597227
118.75    0.34709851552
118.875    0.34351613299
119.0    0.338829591461
119.125    0.341835357625
119.25    0.34662004662
119.375    0.343160348424
120.0    0.340792540793
120.125    0.341442767759
120.25    0.341234204392
120.375    0.355391976445
120.5    0.350472334683
120.625    0.354361428046
120.75    0.350509139983
120.875    0.350533676849
121.0    0.338338854128
121.125    0.355735492578
121.25    0.349012391118
121.375    0.34709851552
121.5    0.354251012146
121.625    0.354398233346
121.75    0.355747761011
121.875    0.354582259845
122.0    0.35681511471
122.125    0.360483376273
122.25    0.360544718439
122.375    0.360593792173
122.5    0.343503864557
122.625    0.350496871549
122.75    0.350509139983
122.875    0.350631824316
123.0    0.347797816219
123.125    0.348239479818
123.25    0.348153600785
123.375    0.350619555883
123.5    0.335284014231
123.625    0.349282296651
123.75    0.346067967121
123.875    0.343172616857
124.0    0.344460802356
124.125    0.344460802356
124.25    0.344473070789
124.375    0.35652067231
124.5    0.34322169059
124.625    0.343233959023
124.75    0.348619801251
124.875    0.350545945283
125.0    0.337553674396
125.125    0.338608759661
125.25    0.339025886394
125.375    0.338706907128
125.5    0.345466813888
125.625    0.345466813888
125.75    0.334830082199
125.875    0.345785793154
126.0    0.341123788492
126.125    0.348104527052
126.25    0.348092258619
126.375    0.348104527052
126.5    0.338277511962
126.625    0.338351122562
126.75    0.338522880628
126.875    0.338927738928
127.0    0.346276530487
127.125    0.34662004662
127.25    0.34691448902
127.375    0.360753281806
127.5    0.339393939394
127.625    0.335762483131
127.75    0.335885167464
127.875    0.34285363759
128.0    0.351036682616
128.125    0.351294319715
128.25    0.351588762115
128.375    0.350226966016
128.5    0.325542878174
128.625    0.325751441541
128.75    0.325825052141
128.875    0.343835112256
129.0    0.347736474052
129.125    0.362066004171
129.25    0.354803091645
129.375    0.355036191878
129.5    0.350913998282
129.625    0.350791313949
129.75    0.341896699791
129.875    0.343822843823
130.0    0.337210158263
130.125    0.337296037296
130.25    0.337283768863
130.375    0.348288553552
130.5    0.352337136548
130.625    0.352852410747
130.75    0.321482026745
130.875    0.342448779291
131.0    0.349257759784
131.125    0.345945282787
131.25    0.362151883205
131.375    0.35980861244
131.5    0.336743957797
131.625    0.337418721629
131.75    0.338216169795
131.875    0.337565942829
132.0    0.350484603116
132.125    0.351797325482
132.25    0.362593546804
132.375    0.359060238008
132.5    0.344816586922
132.625    0.344816586922
132.75    0.349024659551
132.875    0.359477364741
133.0    0.334965034965
133.125    0.334903692798
133.25    0.346337872654
133.375    0.315335541651
133.5    0.336670347197
133.625    0.341307814992
133.75    0.342424242424
133.875    0.341504109925
134.0    0.34636240952
134.125    0.340093240093
134.25    0.350067476383
134.375    0.350263771316
134.5    0.353257269047
134.625    0.373561526193
134.75    0.335541651331
134.875    0.314562630352
135.0    0.34373696479
135.125    0.365133112502
135.25    0.337529137529
135.375    0.355809103178
135.5    0.336228683597
135.625    0.342767758557
135.75    0.343712427923
135.875    0.343945528156
136.0    0.324070666176
136.125    0.345319592688
136.25    0.359894491473
136.375    0.361513924672
136.5    0.336559931297
136.625    0.337983069562
136.75    0.337480063796
136.875    0.335934241197
137.0    0.33620414673
137.125    0.33967611336
137.25    0.339884676727
137.375    0.340252729726
137.5    0.365317139001
137.625    0.351367930315
137.75    0.351797325482
137.875    0.351429272482
138.0    0.320034351613
138.125    0.348484848485
138.25    0.348693411851
138.375    0.348521653785
138.5    0.328953502638
138.625    0.339443013127
138.75    0.345000613422
138.875    0.345466813888
139.0    0.344154091523
139.125    0.344816586922
139.25    0.345209176788
139.375    0.355661881978
139.5    0.338670101828
139.625    0.336927984296
139.75    0.339087228561
139.875    0.339516623727
140.0    0.328708133971
140.125    0.338731443995
140.25    0.349441786284
140.375    0.338952275794
140.5    0.342215679058
140.625    0.345761256288
140.75    0.346031161821
140.875    0.346166114587
141.0    0.332327321801
141.125    0.332413200834
141.25    0.346742730953
141.375    0.34698809962
141.5    0.333198380567
141.625    0.333345601767
141.75    0.333627775733
141.875    0.334351613299
142.0    0.349932523617
142.125    0.35315912158
142.25    0.34961354435
142.375    0.350263771316
142.5    0.346902220586
142.625    0.347356152619
142.75    0.350521408416
142.875    0.350828119249
143.0    0.33014354067
143.125    0.320218378113
143.25    0.331002331002
143.375    0.330916451969
143.5    0.344338118022
143.625    0.344166359956
143.75    0.344166359956
143.875    0.344055944056
144.0    0.327886148939
144.125    0.343393448657
144.25    0.342019384125
144.375    0.341221935959
144.5    0.331885658201
144.625    0.333995828733
144.75    0.324144276776
144.875    0.347258005153
145.0    0.34713532082
145.125    0.364875475402
145.25    0.329861366703
145.375    0.323334560177
145.5    0.322426696111
145.625    0.323690344743
145.75    0.352165378481
145.875    0.333934486566
146.0    0.347527910686
146.125    0.347994111152
146.25    0.327137774506
146.375    0.338019874862
146.5    0.3331370384
146.625    0.333124769967
146.75    0.3330634278
146.875    0.3331370384
147.0    0.329063918538
147.125    0.332425469268
147.25    0.331063673169
147.375    0.331014599436
147.5    0.352177646914
147.625    0.321077168446
147.75    0.341663599558
147.875    0.341688136425
148.0    0.331014599436
148.125    0.331063673169
148.25    0.334351613299
148.375    0.335050913998
148.5    0.344313581156
148.625    0.344730707889
148.75    0.347086247086
148.875    0.343970065023
149.0    0.315261931051
149.125    0.329149797571
149.25    0.331235431235
149.375    0.327849343639
149.5    0.341381425592
149.625    0.31710219605
149.75    0.334572445099
149.875    0.342657342657
150.0    0.342706416391
150.125    0.342289289658
150.25    0.342792295424
150.375    0.32955465587
150.5    0.317408906883
150.625    0.331014599436
150.75    0.338289780395
150.875    0.350693166483
151.0    0.34965034965
151.125    0.349920255183
151.25    0.350435529383
151.375    0.346889952153
151.5    0.321874616611
151.625    0.322070911545
151.75    0.321359342412
151.875    0.342362900258
152.0    0.332474543001
152.125    0.342608268924
152.25    0.34314807999
152.375    0.343859649123
152.5    0.344105017789
152.625    0.343687891056
152.75    0.343638817323
152.875    0.340608514293
153.0    0.321347073979
153.125    0.342583732057
153.25    0.342326094958
153.375    0.342571463624
153.5    0.339099496994
153.625    0.350067476383
153.75    0.350177892283
153.875    0.340399950926
154.0    0.338522880628
154.125    0.331186357502
154.25    0.331161820636
154.375    0.331738437002
154.5    0.326769721507
154.625    0.327064163906
154.75    0.348497116918
154.875    0.32711323764
155.0    0.329603729604
155.125    0.334290271132
155.25    0.330572935836
155.375    0.341896699791
155.5    0.32696601644
155.625    0.32656115814
155.75    0.326622500307
155.875    0.325358851675
156.0    0.341798552325
156.125    0.342191142191
156.25    0.348423506318
156.375    0.349110538584
156.5    0.333014354067
156.625    0.338719175561
156.75    0.327959759539
156.875    0.328327812538
157.0    0.331296773402
157.125    0.348239479818
157.25    0.341626794258
157.375    0.341626794258
157.5    0.328229665072
157.625    0.328560912771
157.75    0.328352349405
157.875    0.328229665072
158.0    0.33660900503
158.125    0.344031407189
158.25    0.343675622623
158.375    0.343920991289
158.5    0.325726904674
158.625    0.325788246841
158.75    0.343798306956
158.875    0.333014354067
159.0    0.348079990185
159.125    0.32327321801
159.25    0.348190406085
159.375    0.348497116918
159.5    0.327959759539
159.625    0.329088455404
159.75    0.333480554533
159.875    0.333308796467
160.0    0.327469022206
160.125    0.327910685805
160.25    0.334842350632
160.375    0.334866887498
160.5    0.339467549994
160.625    0.337799043062
160.75    0.338449270028
160.875    0.339381670961
161.0    0.345184639921
161.125    0.352741994847
161.25    0.354030180346
161.375    0.3335050914
161.5    0.321187584345
161.625    0.332118758435
161.75    0.332805790701
161.875    0.333112501534
162.0    0.332548153601
162.125    0.332670837934
162.25    0.34691448902
162.375    0.315961231751
162.5    0.32984909827
162.625    0.330707888603
162.75    0.350116550117
162.875    0.339074960128
163.0    0.331762973868
163.125    0.331640289535
163.25    0.335087719298
163.375    0.335553919764
163.5    0.323935713409
163.625    0.32382529751
163.75    0.324009324009
163.875    0.331431726169
164.0    0.328904428904
164.125    0.329186602871
164.25    0.329677340204
164.375    0.339798797694
164.5    0.350644092749
164.625    0.350779045516
164.75    0.344338118022
164.875    0.345147834622
165.0    0.342424242424
165.125    0.332143295301
165.25    0.332744448534
165.375    0.33982333456
165.5    0.341786283892
165.625    0.33686664213
165.75    0.338056680162
165.875    0.338719175561
166.0    0.344976076555
166.125    0.347000368053
166.25    0.345295055821
166.375    0.352950558214
166.5    0.346632315053
166.625    0.344289044289
166.75    0.342804563857
166.875    0.342804563857
167.0    0.334842350632
167.125    0.336093730831
167.25    0.339062691694
167.375    0.338829591461
167.5    0.339320328794
167.625    0.339025886394
167.75    0.338265243528
167.875    0.340902956692
168.0    0.344534412955
168.125    0.310207336523
168.25    0.309446693657
168.375    0.327886148939
168.5    0.330597472703
168.625    0.3330634278
168.75    0.34048582996
168.875    0.338203901362
169.0    0.333959023433
169.125    0.340841614526
169.25    0.327174579806
169.375    0.327959759539
169.5    0.34709851552
169.625    0.346607778187
169.75    0.340399950926
169.875    0.317151269783
170.0    0.339921482027
170.125    0.347613789719
170.25    0.347589252852
170.375    0.347895963685
170.5    0.343933259723
170.625    0.351294319715
170.75    0.347994111152
170.875    0.322880628144
171.0    0.340645319593
171.125    0.34048582996
171.25    0.341332351859
171.375    0.341283278125
171.5    0.361648877438
171.625    0.334400687032
171.75    0.347871426819
171.875    0.340768003926
172.0    0.361661145872
172.125    0.338338854128
172.25    0.32371488161
172.375    0.324193350509
172.5    0.338326585695
172.625    0.342694147957
172.75    0.346386946387
172.875    0.339062691694
173.0    0.345503619188
173.125    0.346313335787
173.25    0.328315544105
173.375    0.328425960005
173.5    0.352067231015
173.625    0.344939271255
173.75    0.356201693044
173.875    0.357170899276
174.0    0.34329530119
174.125    0.344890197522
174.25    0.345086492455
174.375    0.345687645688
174.5    0.355882713777
174.625    0.354901239112
174.75    0.355195681511
174.875    0.369844190897
175.0    0.345454545455
175.125    0.357465341676
175.25    0.355220218378
175.375    0.355330634278
175.5    0.345111029322
175.625    0.319813519814
175.75    0.33653539443
175.875    0.343957796589
176.0    0.347184394553
176.125    0.353465832413
176.25    0.362900257637
176.375    0.36283891547
176.5    0.356569746043
176.625    0.355220218378
176.75    0.356766040977
176.875    0.356128082444
177.0    0.350950803582
177.125    0.353318611213
177.25    0.352962826647
177.375    0.337995337995
177.5    0.334462029199
177.625    0.348288553552
177.75    0.360458839406
177.875    0.362826647037
178.0    0.345123297755
178.125    0.34625199362
178.25    0.34625199362
178.375    0.359379217274
178.5    0.338314317262
178.625    0.338375659428
178.75    0.338755980861
178.875    0.352594773647
179.0    0.355306097411
179.125    0.355649613544
179.25    0.355477855478
179.375    0.356115814011
180.0    0.350325113483
180.125    0.357833394675
180.25    0.333946754999
180.375    0.347797816219
180.5    0.344338118022
180.625    0.344423997056
180.75    0.34303766409
180.875    0.342424242424
181.0    0.340915225126
181.125    0.340829346093
181.25    0.340424487793
181.375    0.339811066127
181.5    0.350435529383
181.625    0.351699178015
181.75    0.351883204515
181.875    0.350864924549
182.0    0.35371120108
182.125    0.35352717458
182.25    0.352484357748
182.375    0.352508894614
182.5    0.339774260827
182.625    0.328057907005
182.75    0.332523616734
182.875    0.341712673292
183.0    0.344976076555
183.125    0.341688136425
183.25    0.345380934855
183.375    0.344264507422
183.5    0.340498098393
183.625    0.347687400319
183.75    0.353895227579
183.875    0.353576248313
184.0    0.339406207827
184.125    0.342767758557
184.25    0.34333210649
184.375    0.343307569623
184.5    0.347761010919
184.625    0.323322291743
184.75    0.322708870077
184.875    0.322549380444
185.0    0.345969819654
185.125    0.346313335787
185.25    0.337762237762
185.375    0.361857440805
185.5    0.344141823089
185.625    0.344669365722
185.75    0.323138265244
185.875    0.331186357502
186.0    0.331996074101
186.125    0.33697705803
186.25    0.336670347197
186.375    0.338915470494
186.5    0.354312354312
186.625    0.344105017789
186.75    0.344571218255
186.875    0.341160593792
187.0    0.347994111152
187.125    0.348938780518
187.25    0.324904919642
187.375    0.345896209054
187.5    0.350472334683
187.625    0.364801864802
187.75    0.353330879647
187.875    0.355625076678
188.0    0.334658324132
188.125    0.330855109802
188.25    0.331554410502
188.375    0.332339590234
188.5    0.355723224144
188.625    0.356876456876
188.75    0.35699914121
188.875    0.358863943074
189.0    0.330634278003
189.125    0.336694884063
189.25    0.34702490492
189.375    0.363489142437
189.5    0.361415777205
189.625    0.363329652803
189.75    0.360041712673
189.875    0.35969819654
190.0    0.344362654889
190.125    0.340252729726
190.25    0.33967611336
190.375    0.340363145626
190.5    0.345430008588
190.625    0.344338118022
190.75    0.34621518832
190.875    0.344755244755
191.0    0.339087228561
191.125    0.340645319593
191.25    0.350779045516
191.375    0.338437001595
191.5    0.348484848485
191.625    0.349993865783
191.75    0.350815850816
191.875    0.350754508649
192.0    0.345086492455
192.125    0.350950803582
192.25    0.350263771316
192.375    0.350803582383
192.5    0.337909458962
192.625    0.337970801129
192.75    0.338056680162
192.875    0.339504355294
193.0    0.330315298736
193.125    0.334008097166
193.25    0.331100478469
193.375    0.332290516501
193.5    0.338719175561
193.625    0.338191632928
193.75    0.339025886394
193.875    0.338351122562
194.0    0.346411483254
194.125    0.343712427923
194.25    0.344767513189
194.375    0.344792050055
194.5    0.343920991289
194.625    0.340682124893
194.75    0.340902956692
194.875    0.337099742363
195.0    0.335602993498
195.125    0.335664335664
195.25    0.339995092627
195.375    0.343822843823
195.5    0.33971291866
195.625    0.340534903693
195.75    0.339234449761
195.875    0.340473561526
196.0    0.336707152497
196.125    0.337283768863
196.25    0.341455036192
196.375    0.342007115691
196.5    0.332842596
196.625    0.33989694516
196.75    0.339577965894
196.875    0.340215924426
197.0    0.329505582137
197.125    0.329468776837
197.25    0.329198871304
197.375    0.329787756104
197.5    0.357992884309
197.625    0.340498098393
197.75    0.340939761992
197.875    0.31329898172
198.0    0.34691448902
198.125    0.347343884186
198.25    0.346853146853
198.375    0.347172126119
198.5    0.318930192614
198.625    0.318844313581
198.75    0.319715372347
198.875    0.31991166728
199.0    0.333075696234
199.125    0.3328794013
199.25    0.339111765428
199.375    0.339884676727
199.5    0.335934241197
199.625    0.32331002331
199.75    0.337185621396
199.875    0.333811802233
200.0    0.344681634155
200.125    0.344644828855
200.25    0.344595755122
200.375    0.341271009692
200.5    0.332474543001
200.625    0.332621764201
200.75    0.332683106367
200.875    0.343393448657
201.0    0.318623481781
201.125    0.318905655748
201.25    0.326953748006
201.375    0.336326831064
201.5    0.336400441664
201.625    0.337099742363
201.75    0.335750214698
201.875    0.33963930806
202.0    0.353956569746
202.125    0.353956569746
202.25    0.34026499816
202.375    0.347662863452
202.5    0.34285363759
202.625    0.329505582137
202.75    0.343859649123
202.875    0.347957305852
203.0    0.328327812538
203.125    0.328315544105
203.25    0.328794013005
203.375    0.328830818304
203.5    0.340608514293
203.625    0.333787265366
203.75    0.333419212367
203.875    0.331848852901
204.0    0.331235431235
204.125    0.333664581033
204.25    0.346153846154
204.375    0.342976321924
204.5    0.345258250521
204.625    0.344301312722
204.75    0.344276775856
204.875    0.344669365722
205.0    0.339553429027
205.125    0.340547172126
205.25    0.340718930193
205.375    0.340510366826
205.5    0.333713654766
205.625    0.333713654766
205.75    0.333198380567
205.875    0.333456017667
206.0    0.341982578825
206.125    0.341688136425
206.25    0.341982578825
206.375    0.352189915348
206.5    0.341050177892
206.625    0.341013372592
206.75    0.340510366826
206.875    0.341577720525
207.0    0.334633787265
207.125    0.334388418599
207.25    0.334412955466
207.375    0.344423997056
207.5    0.354324622746
207.625    0.348067721752
207.75    0.348092258619
207.875    0.346448288554
208.0    0.339087228561
208.125    0.339516623727
208.25    0.35315912158
208.375    0.353588516746
208.5    0.348595264385
208.625    0.341283278125
208.75    0.340608514293
208.875    0.340277266593
209.0    0.329174334438
209.125    0.329493313704
209.25    0.3335050914
209.375    0.329971782603
209.5    0.341332351859
209.625    0.312268433321
209.75    0.312342043921
209.875    0.312869586554
210.0    0.329063918538
210.125    0.329076186971
210.25    0.329149797571
210.375    0.329677340204
210.5    0.323064654644
210.625    0.32999631947
210.75    0.329100723838
210.875    0.330695620169
211.0    0.332388663968
211.125    0.318427186848
211.25    0.332413200834
211.375    0.332241442768
211.5    0.329076186971
211.625    0.332732180101
211.75    0.332732180101
211.875    0.337823579929
212.0    0.338731443995
212.125    0.338645564961
212.25    0.337590479696
212.375    0.337565942829
212.5    0.336142804564
212.625    0.336731689363
212.75    0.33635136793
212.875    0.336584468163
213.0    0.334290271132
213.125    0.333517359833
213.25    0.333774996933
213.375    0.333774996933
213.5    0.332167832168
213.625    0.332229174334
213.75    0.332229174334
213.875    0.335615261931
214.0    0.337406453196
214.125    0.337099742363
214.25    0.329947245737
214.375    0.333235185867
214.5    0.329726413937
214.625    0.328168322905
214.75    0.328560912771
214.875    0.339369402527
215.0    0.324757698442
215.125    0.323518586676
215.25    0.331272236535
215.375    0.331382652435
215.5    0.34370015949
215.625    0.34366335419
215.75    0.34366335419
215.875    0.344436265489
216.0    0.340915225126
216.125    0.340620782726
216.25    0.341136056926
216.375    0.31673414305
216.5    0.341589988958
216.625    0.340768003926
216.75    0.334866887498
216.875    0.342154336891
217.0    0.34022819286
217.125    0.333443749233
217.25    0.337075205496
217.375    0.335431235431
217.5    0.330192614403
217.625    0.328818549871
217.75    0.354901239112
217.875    0.331309041835
218.0    0.342092994725
218.125    0.341172862226
218.25    0.347932768985
218.375    0.347994111152
218.5    0.331370384002
218.625    0.331775242302
218.75    0.335946509631
218.875    0.335357624831
219.0    0.331910195068
219.125    0.352447552448
219.25    0.352410747148
219.375    0.349098270151
219.5    0.331615752668
219.625    0.338755980861
219.75    0.342755490124
219.875    0.344939271255
220.0    0.329689608637
220.125    0.330119003803
220.25    0.330425714636
220.375    0.330278493436
220.5    0.338547417495
220.625    0.348214942952
220.75    0.344963808122
220.875    0.34322169059
221.0    0.342154336891
221.125    0.342289289658
221.25    0.342203410624
221.375    0.342362900258
221.5    0.336854373696
221.625    0.336854373696
221.75    0.337173352963
221.875    0.336854373696
222.0    0.317703349282
222.125    0.333002085634
222.25    0.332364127101
222.375    0.329481045271
222.5    0.330204882836
222.625    0.330622009569
222.75    0.329211139737
222.875    0.333038890934
223.0    0.345245982088
223.125    0.343798306956
223.25    0.346227456754
223.375    0.344816586922
223.5    0.333824070666
223.625    0.344239970556
223.75    0.344644828855
223.875    0.344693902589
224.0    0.335124524598
224.125    0.343749233223
224.25    0.337909458962
224.375    0.337700895596
224.5    0.339308060361
224.625    0.339406207827
224.75    0.33952889216
224.875    0.339884676727
225.0    0.330855109802
225.125    0.334327076432
225.25    0.337983069562
225.375    0.334707397865
225.5    0.317163538216
225.625    0.317126732916
225.75    0.31710219605
225.875    0.320439209913
226.0    0.324328303276
226.125    0.324561403509
226.25    0.33627775733
226.375    0.330168077536
226.5    0.330315298736
226.625    0.330781499203
226.75    0.331198625935
226.875    0.314403140719
227.0    0.33952889216
227.125    0.339418476261
227.25    0.339504355294
227.375    0.340130045393
227.5    0.339541160594
227.625    0.339541160594
227.75    0.339663844927
227.875    0.339663844927
228.0    0.338277511962
228.125    0.338437001595
228.25    0.335418966998
228.375    0.335602993498
228.5    0.342375168691
228.625    0.332413200834
228.75    0.338633296528
228.875    0.33708747393
229.0    0.344203165256
229.125    0.302355539198
229.25    0.305263157895
229.375    0.305901116427
229.5    0.337504600662
229.625    0.338645564961
229.75    0.338841859894
229.875    0.321616979512
230.0    0.342436510858
230.125    0.34303766409
230.25    0.322782480677
230.375    0.324401913876
230.5    0.326499815974
230.625    0.326659305607
230.75    0.324561403509
230.875    0.324684087842
231.0    0.331468531469
231.125    0.331861121335
231.25    0.332057416268
231.375    0.332057416268
231.5    0.338989081094
231.625    0.337529137529
231.75    0.338522880628
231.875    0.310698073856
232.0    0.348018648019
232.125    0.348018648019
232.25    0.348681143418
232.375    0.337725432462
232.5    0.335688872531
232.625    0.335872899031
232.75    0.335590725064
232.875    0.338940007361
233.0    0.338866396761
233.125    0.339627039627
233.25    0.335541651331
233.375    0.311053858422
233.5    0.335394430131
233.625    0.335602993498
233.75    0.34968715495
233.875    0.321298000245
234.0    0.333750460066
234.125    0.334081707766
234.25    0.341246472825
234.375    0.341307814992
234.5    0.335811556864
234.625    0.334560176665
234.75    0.331296773402
234.875    0.331517605202
235.0    0.344006870323
235.125    0.343982333456
235.25    0.344289044289
235.375    0.341737210158
235.5    0.326732916207
235.625    0.325616488774
235.75    0.343847380689
235.875    0.344141823089
236.0    0.32984909827
236.125    0.329027113238
236.25    0.315863084284
236.375    0.337026131763
236.5    0.324291497976
236.625    0.324438719176
236.75    0.324512329776
236.875    0.326009078641
237.0    0.321764200712
237.125    0.320745920746
237.25    0.327861612072
237.375    0.331750705435
237.5    0.325322046375
237.625    0.325665562508
237.75    0.325518341308
237.875    0.333014354067
238.0    0.339700650227
238.125    0.340534903693
238.25    0.340731198626
238.375    0.340952030426
238.5    0.319175561281
238.625    0.336817568397
238.75    0.34008097166
238.875    0.340240461293
239.0    0.340547172126
239.125    0.340718930193
239.25    0.340853882959
239.375    0.340804809226
240.0    0.326610231873
240.125    0.323224144277
240.25    0.323481781377
240.375    0.32382529751
240.5    0.319089682248
240.625    0.321543368912
240.75    0.321040363146
240.875    0.322745675377
241.0    0.336044657097
241.125    0.334265734266
241.25    0.334106244633
241.375    0.334437492332
241.5    0.332499079868
241.625    0.332781253834
241.75    0.3329162066
241.875    0.340314071893
242.0    0.333370138633
242.125    0.3336891179
242.25    0.358557232241
242.375    0.337259231996
242.5    0.320942215679
242.625    0.321371610845
242.75    0.328327812538
242.875    0.334891424365
243.0    0.321751932278
243.125    0.349736228684
243.25    0.335615261931
243.375    0.335345356398
243.5    0.32042694148
243.625    0.31713900135
243.75    0.31688136425
243.875    0.31688136425
244.0    0.334032634033
244.125    0.334155318366
244.25    0.309765672924
244.375    0.326131762974
244.5    0.319236903447
244.625    0.319236903447
244.75    0.319384124647
244.875    0.322291743344
245.0    0.337811311495
245.125    0.337713164029
245.25    0.337676358729
245.375    0.338154827629
245.5    0.338056680162
245.625    0.341859894491
245.75    0.321408416145
245.875    0.296981965403
246.0    0.313875598086
246.125    0.327284995706
246.25    0.320365599313
246.375    0.327959759539
246.5    0.345810330021
246.625    0.345859403754
246.75    0.348889706784
246.875    0.345724450988
247.0    0.320844068212
247.125    0.334879155932
247.25    0.334879155932
247.375    0.334670592565
247.5    0.327530364372
247.625    0.330425714636
247.75    0.341491841492
247.875    0.342510121458
248.0    0.333959023433
248.125    0.302723592197
248.25    0.334228928966
248.375    0.335075450865
248.5    0.328070175439
248.625    0.327837075206
248.75    0.327873880505
248.875    0.324144276776
249.0    0.324855845908
249.125    0.323972518709
249.25    0.323972518709
249.375    0.328082443872
249.5    0.334093976199
249.625    0.334781008465
249.75    0.338314317262
249.875    0.337099742363
250.0    0.342080726291
250.125    0.342767758557
250.25    0.328511839038
250.375    0.341872162925
250.5    0.340596245859
250.625    0.339651576494
250.75    0.336559931297
250.875    0.311740890688
251.0    0.316942706416
251.125    0.316721874617
251.25    0.325542878174
251.375    0.323408170777
251.5    0.341123788492
251.625    0.348423506318
251.75    0.348435774752
251.875    0.341148325359
252.0    0.328524107471
252.125    0.335725677831
252.25    0.335688872531
252.375    0.335394430131
252.5    0.322267206478
252.625    0.321972764078
252.75    0.329333824071
252.875    0.329468776837
253.0    0.339111765428
253.125    0.340583977426
253.25    0.339627039627
253.375    0.343945528156
253.5    0.345319592688
253.625    0.345061955588
253.75    0.345589498221
253.875    0.338854128328
254.0    0.339381670961
254.125    0.339577965894
254.25    0.339688381794
254.375    0.337075205496
254.5    0.322598454177
254.625    0.324929456508
254.75    0.323432707643
254.875    0.337762237762
255.0    0.31636609005
255.125    0.344620291989
255.25    0.327088700773
255.375    0.343356643357
255.5    0.329247945037
255.625    0.329309287204
255.75    0.329677340204
255.875    0.329677340204
256.0    0.326475279107
256.125    0.335639798798
256.25    0.339246718194
256.375    0.335971046497
256.5    0.336437246964
256.625    0.336915715863
256.75    0.315887621151
256.875    0.325518341308
257.0    0.319322782481
257.125    0.319629493314
257.25    0.319555882714
257.375    0.319359587781
257.5    0.33620414673
257.625    0.32966507177
257.75    0.329407434671
257.875    0.329652803337
258.0    0.331235431235
258.125    0.338019874862
258.25    0.337933995829
258.375    0.338829591461
258.5    0.341884431358
258.625    0.341970310391
258.75    0.341835357625
258.875    0.342142068458
259.0    0.319273708747
259.125    0.319641761747
259.25    0.319641761747
259.375    0.339516623727
259.5    0.322304011778
259.625    0.323040117777
259.75    0.323579928843
259.875    0.320414673046
260.0    0.337332842596
260.125    0.337001594896
260.25    0.311667280088
260.375    0.315507299718
260.5    0.312059869955
260.625    0.329787756104
260.75    0.318856582014
260.875    0.326058152374
261.0    0.324610477242
261.125    0.325052140842
261.25    0.324757698442
261.375    0.324757698442
261.5    0.347294810453
261.625    0.347724205619
261.75    0.342375168691
261.875    0.341896699791
262.0    0.322745675377
262.125    0.326254447307
262.25    0.31640289535
262.375    0.31673414305
262.5    0.304183535762
262.625    0.324659550975
262.75    0.324168813643
262.875    0.32327321801
263.0    0.31322537112
263.125    0.314231382652
263.25    0.318353576248
263.375    0.330867378236
263.5    0.31695497485
263.625    0.31702858545
263.75    0.330940988836
263.875    0.331309041835
264.0    0.330413446203
264.125    0.328965771071
264.25    0.325984541774
264.375    0.325935468041
264.5    0.328156054472
264.625    0.327346337873
264.75    0.328499570605
264.875    0.328192859772
265.0    0.320954484112
265.125    0.320647773279
265.25    0.321629247945
265.375    0.321077168446
265.5    0.337762237762
265.625    0.337357379463
265.75    0.33649858913
265.875    0.336768494663
266.0    0.317053122316
266.125    0.316905901116
266.25    0.317286222549
266.375    0.31666053245
266.5    0.323322291743
266.625    0.323432707643
266.75    0.324009324009
266.875    0.324009324009
267.0    0.316721874617
267.125    0.320807262913
267.25    0.324365108576
267.375    0.324365108576
267.5    0.322512575144
267.625    0.322512575144
267.75    0.322684333211
267.875    0.322843822844
268.0    0.313164028954
268.125    0.327064163906
268.25    0.323935713409
268.375    0.323800760643
268.5    0.333087964667
268.625    0.305594405594
268.75    0.31691816955
268.875    0.319813519814
269.0    0.320684578579
269.125    0.320684578579
269.25    0.317163538216
269.375    0.317188075083
269.5    0.325837320574
269.625    0.326168568274
269.75    0.325199362041
269.875    0.325555146608
270.0    0.332241442768
270.125    0.332290516501
270.25    0.332265979634
270.375    0.332609495767
270.5    0.333934486566
270.625    0.330756962336
270.75    0.330192614403
270.875    0.33029076187
271.0    0.324684087842
271.125    0.324242424242
271.25    0.325542878174
271.375    0.332597227334
271.5    0.320537357379
271.625    0.320512820513
271.75    0.322696601644
271.875    0.325088946142
272.0    0.317188075083
272.125    0.327370874739
272.25    0.321113973746
272.375    0.320893141946
272.5    0.32689240584
272.625    0.326794258373
272.75    0.326794258373
272.875    0.327064163906
273.0    0.332204637468
273.125    0.3330634278
273.25    0.298981720034
273.375    0.301263648632
273.5    0.322046374678
273.625    0.329787756104
273.75    0.329947245737
273.875    0.323040117777
274.0    0.328597718071
274.125    0.328744939271
274.25    0.32626671574
274.375    0.326536621273
274.5    0.330131272237
274.625    0.340890688259
274.75    0.327407680039
274.875    0.327162311373
275.0    0.326953748006
275.125    0.327297264139
275.25    0.327358606306
275.375    0.327677585572
275.5    0.32020610968
275.625    0.320561894246
275.75    0.327984296405
275.875    0.327800269906
276.0    0.311102932156
276.125    0.318083670715
276.25    0.316145258251
276.375    0.309176788124
276.5    0.331824316035
276.625    0.331959268801
276.75    0.331652557968
276.875    0.304097656729
277.0    0.309544841124
277.125    0.309262667157
277.25    0.30975340449
277.375    0.323984787143
277.5    0.324684087842
277.625    0.325444730708
277.75    0.325322046375
277.875    0.325420193841
278.0    0.33040117777
278.125    0.33040117777
278.25    0.327088700773
278.375    0.327015090173
278.5    0.317224880383
278.625    0.314955220218
278.75    0.314611704085
278.875    0.316685069317
279.0    0.315899889584
279.125    0.316096184517
279.25    0.32297877561
279.375    0.323506318243
279.5    0.345417740155
279.625    0.345417740155
279.75    0.323027849344
279.875    0.325088946142
280.0    0.318059133849
280.125    0.318304502515
280.25    0.317997791682
280.375    0.318181818182
280.5    0.330241688136
280.625    0.32356766041
280.75    0.323101459944
280.875    0.320893141946
281.0    0.318733897681
281.125    0.318733897681
281.25    0.318733897681
281.375    0.325395656975
281.5    0.329162066004
281.625    0.329346092504
281.75    0.337210158263
281.875    0.337210158263
282.0    0.32349404981
282.125    0.323727150043
282.25    0.326941479573
282.375    0.323003312477
282.5    0.337884922095
282.625    0.338019874862
282.75    0.338081217029
282.875    0.309949699423
283.0    0.305287694761
283.125    0.305778432094
283.25    0.309274935591
283.375    0.309287204024
283.5    0.322659796344
283.625    0.322684333211
283.75    0.326205373574
283.875    0.326205373574
284.0    0.319310514047
284.125    0.319310514047
284.25    0.321727395412
284.375    0.330425714636
284.5    0.328585449638
284.625    0.332486811434
284.75    0.326389400074
284.875    0.326021347074
285.0    0.327407680039
285.125    0.327407680039
285.25    0.345564961354
285.375    0.331726168568
285.5    0.326585695007
285.625    0.298773156668
285.75    0.299276162434
285.875    0.298760888235
286.0    0.323322291743
286.125    0.32678198994
286.25    0.326536621273
286.375    0.327223653539
286.5    0.334940498098
286.625    0.334866887498
286.75    0.334523371365
286.875    0.328695865538
287.0    0.324684087842
287.125    0.314182308919
287.25    0.321371610845
287.375    0.330756962336
287.5    0.314194577352
287.625    0.314206845786
287.75    0.314820267452
287.875    0.316562384983
288.0    0.334768740032
288.125    0.334695129432
288.25    0.331210894369
288.375    0.331088210036
288.5    0.324536866642
288.625    0.324512329776
288.75    0.323849834376
288.875    0.325555146608
289.0    0.307029812293
289.125    0.310317752423
289.25    0.320819531346
289.375    0.320819531346
289.5    0.311336032389
289.625    0.310538584223
289.75    0.310894368789
289.875    0.311372837689
290.0    0.325579683474
290.125    0.325677830941
290.25    0.326131762974
290.375    0.325825052141
290.5    0.325898662741
290.625    0.325898662741
290.75    0.318917924181
290.875    0.289387805177
291.0    0.331689363268
291.125    0.331394920869
291.25    0.324708624709
291.375    0.324769966875
291.5    0.33025395657
291.625    0.323175070543
291.75    0.326769721507
291.875    0.32678198994
292.0    0.311164274322
292.125    0.314673046252
292.25    0.314660777819
292.375    0.315151515152
292.5    0.305852042694
292.625    0.305790700528
292.75    0.305631210894
292.875    0.316599190283
293.0    0.315470494418
293.125    0.315470494418
293.25    0.322512575144
293.375    0.322512575144
293.5    0.325027603975
293.625    0.325027603975
293.75    0.324880382775
293.875    0.324720893142
294.0    0.334339344866
294.125    0.334363881732
