0.0    0.256838905775
0.125    0.242479506309
0.25    0.25134935986
0.375    0.252141475546
0.5    0.255448098001
0.625    0.255162567929
0.75    0.25353228332
0.875    0.24025974026
1.0    0.252905959289
1.125    0.248549323017
1.25    0.25689416966
1.375    0.257456019158
1.5    0.255042829511
1.625    0.252592797274
1.75    0.250916459427
1.875    0.251579626048
2.0    0.250842774247
2.125    0.24894538086
2.25    0.241862392926
2.375    0.254600718431
2.5    0.258386294557
2.625    0.250962512665
2.75    0.239826839827
2.875    0.254388873538
3.0    0.255705996132
3.125    0.255088882748
3.25    0.255853366492
3.375    0.255033618863
3.5    0.253044119002
3.625    0.254315188358
3.75    0.253615179147
3.875    0.255061250806
4.0    0.255577047066
4.125    0.253587547205
4.25    0.254775720733
4.375    0.255199410519
4.5    0.251561204753
4.625    0.25160725799
4.75    0.252998065764
4.875    0.252730956986
5.0    0.252786220871
5.125    0.251819102883
5.25    0.252500690799
5.375    0.251782260293
5.5    0.264815326517
5.625    0.256479690522
5.75    0.252592797274
5.875    0.253449387492
6.0    0.253504651377
6.125    0.253744128212
6.25    0.242645297964
6.375    0.243575573363
6.5    0.252611218569
6.625    0.241871603574
6.75    0.252841484756
6.875    0.252712535691
7.0    0.255742838722
7.125    0.24270056185
7.25    0.249562494243
7.375    0.237800497375
7.5    0.248751957263
7.625    0.257032329373
7.75    0.25667311412
7.875    0.25623100304
8.0    0.253090172239
8.125    0.252666482454
8.25    0.244266371926
8.375    0.253403334254
8.5    0.252832274109
8.625    0.253163857419
8.75    0.253265174542
8.875    0.253523072672
9.0    0.252380952381
9.125    0.243778207608
9.25    0.241401860551
9.375    0.241503177673
9.5    0.254702035553
9.625    0.253016487059
9.75    0.252058579718
9.875    0.250253292806
10.0    0.25630468822
10.125    0.253707285622
10.25    0.250419084462
10.375    0.250888827485
10.5    0.250419084462
10.625    0.249737496546
10.75    0.251625679285
10.875    0.252528322741
11.0    0.241180805011
11.125    0.23811365939
11.25    0.241613705443
11.375    0.240287372202
11.5    0.244128212213
11.625    0.256921801603
11.75    0.255945472967
11.875    0.236197844708
12.0    0.255328359584
12.125    0.255134935986
12.25    0.256949433545
12.375    0.250778299714
12.5    0.254582297135
12.625    0.250207239569
12.75    0.251294095975
12.875    0.261748180897
13.0    0.25145988763
13.125    0.25171778576
13.25    0.251662521875
13.375    0.251948051948
13.5    0.252077001013
13.625    0.251469098278
13.75    0.252905959289
13.875    0.252758588929
14.0    0.251809892235
14.125    0.250630929354
14.25    0.25145988763
14.375    0.244994013079
14.5    0.244911117252
14.625    0.24584139265
14.75    0.25142304504
14.875    0.250704614534
15.0    0.255052040158
15.125    0.256461269227
15.25    0.254886248503
15.375    0.254812563323
15.5    0.254738878143
15.625    0.245086119554
15.75    0.242728193792
15.875    0.24044395321
16.0    0.242240029474
16.125    0.25131251727
16.25    0.254748088791
16.375    0.230671456203
16.5    0.241503177673
16.625    0.243916367321
16.75    0.240057106015
16.875    0.253384912959
17.0    0.252417794971
17.125    0.253145436124
17.25    0.258856037579
17.375    0.245721654232
17.5    0.24617297596
17.625    0.247563783734
17.75    0.253338859722
17.875    0.252390163028
18.0    0.255715206779
18.125    0.244413742286
18.25    0.243308464585
18.375    0.24358478401
18.5    0.23537809708
18.625    0.24051763839
18.75    0.247278253661
18.875    0.247480887906
19.0    0.252703325044
19.125    0.252703325044
19.25    0.252703325044
19.375    0.253394123607
19.5    0.247029566179
19.625    0.247600626324
19.75    0.246919038408
19.875    0.247922998987
20.0    0.243888735378
20.125    0.247296674956
20.25    0.244994013079
20.375    0.244607165884
20.5    0.2508335636
20.625    0.250317767339
20.75    0.244008473796
20.875    0.245150594087
21.0    0.248144054527
21.125    0.249000644745
21.25    0.24606244819
21.375    0.24835589942
21.5    0.24868748273
21.625    0.2484295846
21.75    0.244542691351
21.875    0.239412360689
22.0    0.24317951552
22.125    0.243851892788
22.25    0.243870314083
22.375    0.244505848761
22.5    0.246974302293
22.625    0.247011144883
22.75    0.247738786037
22.875    0.24901906604
23.0    0.233655705996
23.125    0.241843971631
23.25    0.241733443861
23.375    0.244901906604
23.5    0.247536151791
23.625    0.241862392926
23.75    0.244865064014
23.875    0.243851892788
24.0    0.246126922723
24.125    0.246550612508
24.25    0.257198121028
24.375    0.243188726167
24.5    0.246412452795
24.625    0.245822971355
24.75    0.245454545455
24.875    0.245647969052
25.0    0.242820300267
25.125    0.243861103436
25.25    0.241383439256
25.375    0.246513769918
25.5    0.247444045316
25.625    0.243428203003
25.75    0.242470295662
25.875    0.247232200424
26.0    0.247830892512
26.125    0.245942709772
26.25    0.242617666022
26.375    0.246578244451
26.5    0.244533480704
26.625    0.250584876117
26.75    0.250796721009
26.875    0.247563783734
27.0    0.247692732799
27.125    0.24632034632
27.25    0.250879616837
27.375    0.248926959565
27.5    0.244809800129
27.625    0.244155844156
27.75    0.244045316386
27.875    0.245353228332
28.0    0.241650548034
28.125    0.243317675233
28.25    0.244422952934
28.375    0.239863682417
28.5    0.241733443861
28.625    0.247830892512
28.75    0.247563783734
28.875    0.248125633232
29.0    0.24587823524
29.125    0.248070369347
29.25    0.235810997513
29.375    0.235949157226
29.5    0.246522980566
29.625    0.243879524731
29.75    0.242138712351
29.875    0.239882103712
30.0    0.242792668325
30.125    0.247830892512
30.25    0.245629547757
30.375    0.249396702588
30.5    0.244717693654
30.625    0.242433453072
30.75    0.244699272359
30.875    0.240867642995
31.0    0.247158515244
31.125    0.251303306622
31.25    0.242562402137
31.375    0.242138712351
31.5    0.239955788892
31.625    0.240093948605
31.75    0.230818826564
31.875    0.240158423137
32.0    0.243059777102
32.125    0.244708483006
32.25    0.242801878972
32.375    0.244340057106
32.5    0.242497927604
32.625    0.24070185134
32.75    0.249645390071
32.875    0.249065119278
33.0    0.252684903749
33.125    0.252574375979
33.25    0.244358478401
33.375    0.250861195542
33.5    0.242212397532
33.625    0.248632218845
33.75    0.238758404716
33.875    0.250787510362
34.0    0.246504559271
34.125    0.248346688772
34.25    0.248816431795
34.375    0.243197936815
34.5    0.240315004145
34.625    0.240895274938
34.75    0.241540020263
34.875    0.250888827485
35.0    0.24310583034
35.125    0.243465045593
35.25    0.246384820853
35.375    0.257474440453
35.5    0.24624666114
35.625    0.245353228332
35.75    0.245012434374
35.875    0.245270332504
36.0    0.241503177673
36.125    0.241613705443
36.25    0.241641337386
36.375    0.25090724878
36.5    0.242663719259
36.625    0.242866353505
36.75    0.247812471217
36.875    0.242479506309
37.0    0.252537533389
37.125    0.244238739983
37.25    0.249967762734
37.375    0.250649350649
37.5    0.241807129041
37.625    0.23275306254
37.75    0.244165054803
37.875    0.242276872064
38.0    0.245021645022
38.125    0.224233213595
38.25    0.244809800129
38.375    0.245813760707
38.5    0.243234779405
38.625    0.237514967302
38.75    0.237809708022
38.875    0.238408400111
39.0    0.247867735102
39.125    0.244828221424
39.25    0.243916367321
39.375    0.243575573363
39.5    0.229925393755
39.625    0.238786036658
39.75    0.236096527586
39.875    0.243520309478
40.0    0.239366307451
40.125    0.239476835222
40.25    0.239274200976
40.375    0.239532099107
40.5    0.234245187437
40.625    0.229455650732
40.75    0.235801786866
40.875    0.238546559823
41.0    0.241779497099
41.125    0.233029381966
41.25    0.241190015658
41.375    0.250023026619
41.5    0.240121580547
41.625    0.238997881551
41.75    0.239311043566
41.875    0.230901722391
42.0    0.236041263701
42.125    0.248816431795
42.25    0.238325504283
42.375    0.24014921249
42.5    0.234300451322
42.625    0.234954407295
42.75    0.23464124528
42.875    0.237754444137
43.0    0.234070185134
43.125    0.234982039237
43.25    0.238233397808
43.375    0.239025513494
43.5    0.241337386018
43.625    0.241236068896
43.75    0.232292530165
43.875    0.232697798655
44.0    0.234807036935
44.125    0.245325596389
44.25    0.236289951184
44.375    0.239080777379
44.5    0.242258450769
44.625    0.24277424703
44.75    0.242580823432
44.875    0.242304504007
45.0    0.224877958921
45.125    0.234263608732
45.25    0.23756102054
45.375    0.234576770747
45.5    0.237036013632
45.625    0.239495256517
45.75    0.238279451045
45.875    0.248623008197
46.0    0.238924196371
46.125    0.229584599797
46.25    0.238555770471
46.375    0.238795247306
46.5    0.243943999263
46.625    0.24358478401
46.75    0.244561112646
46.875    0.244662429769
47.0    0.251855945473
47.125    0.227199042093
47.25    0.226360873169
47.375    0.228387215621
47.5    0.23009118541
47.625    0.230966196924
47.75    0.24077553652
47.875    0.240904485585
48.0    0.241125541126
48.125    0.240158423137
48.25    0.240379478677
48.375    0.24070185134
48.5    0.243308464585
48.625    0.242645297964
48.75    0.243907156673
48.875    0.228645113751
49.0    0.23552546744
49.125    0.238647876946
49.25    0.237404439532
49.375    0.222971354886
49.5    0.245141383439
49.625    0.245601915815
49.75    0.246642718983
49.875    0.234549138804
50.0    0.244524270056
50.125    0.245491388045
50.25    0.245067698259
50.375    0.233305701391
50.5    0.242147922999
50.625    0.242074237819
50.75    0.243418992355
50.875    0.234300451322
51.0    0.23730312241
51.125    0.237800497375
51.25    0.237791286727
51.375    0.238951828314
51.5    0.236372847011
51.625    0.23756102054
51.75    0.233683337939
51.875    0.237321543705
52.0    0.239688680114
52.125    0.234364925854
52.25    0.23220042369
52.375    0.23515704154
52.5    0.235682048448
52.625    0.233250437506
52.75    0.237459703417
52.875    0.236861011329
53.0    0.235507046145
53.125    0.24099659206
53.25    0.24095974947
53.375    0.241097909183
53.5    0.245500598692
53.625    0.245463756102
53.75    0.227797734181
53.875    0.233554388874
54.0    0.238132080685
54.125    0.238693930183
54.25    0.239826839827
54.375    0.239817629179
54.5    0.231887261674
54.625    0.238205765865
54.75    0.238684719536
54.875    0.235838629456
55.0    0.24018605508
55.125    0.242267661417
55.25    0.239430781984
55.375    0.240637376808
55.5    0.23730312241
55.625    0.237514967302
55.75    0.236400478954
55.875    0.235433360965
56.0    0.23293727549
56.125    0.227724049001
56.25    0.233895182831
56.375    0.235810997513
56.5    0.241005802708
56.625    0.238730772773
56.75    0.239716312057
56.875    0.240453163857
57.0    0.236197844708
57.125    0.232974118081
57.25    0.234254398084
57.375    0.235000460532
57.5    0.24070185134
57.625    0.244008473796
57.75    0.240582112923
57.875    0.239771575942
58.0    0.24040711062
58.125    0.240858432348
58.25    0.239596573639
58.375    0.241309754076
58.5    0.235608363268
58.625    0.235857050751
58.75    0.235645205858
58.875    0.234447821682
59.0    0.242866353505
59.125    0.240388689325
59.25    0.243575573363
59.375    0.22480427374
59.5    0.229851708575
59.625    0.242792668325
59.75    0.24343741365
59.875    0.243888735378
60.0    0.2408492217
60.125    0.236511006724
60.25    0.236630745141
60.375    0.239928156949
60.5    0.245076908907
60.625    0.25101777655
60.75    0.226600350005
60.875    0.236520217371
61.0    0.244063737681
61.125    0.242359767892
61.25    0.249341438703
61.375    0.245362438979
61.5    0.239983420834
61.625    0.239034724141
61.75    0.23730312241
61.875    0.237137330754
62.0    0.238445242701
62.125    0.220926591139
62.25    0.223275306254
62.375    0.222731878051
62.5    0.240029474072
62.625    0.22454637561
62.75    0.228645113751
62.875    0.225974025974
63.0    0.229031960947
63.125    0.234097817077
63.25    0.228801694759
63.375    0.234935986
63.5    0.242903196095
63.625    0.227659574468
63.75    0.232955696785
63.875    0.227116146265
64.0    0.236787326149
64.125    0.235783365571
64.25    0.222492401216
64.375    0.232688588008
64.5    0.225642442664
64.625    0.225642442664
64.75    0.234033342544
64.875    0.22199502625
65.0    0.236907064567
65.125    0.237091277517
65.25    0.237045224279
65.375    0.2487980105
65.5    0.252537533389
65.625    0.252740167634
65.75    0.234963617942
65.875    0.235129409597
66.0    0.238859721838
66.125    0.242138712351
66.25    0.239688680114
66.375    0.234880722115
66.5    0.234300451322
66.625    0.228350373031
66.75    0.235332043843
66.875    0.23482545823
67.0    0.235074145712
67.125    0.235018881827
67.25    0.233176752326
67.375    0.225854287556
67.5    0.231003039514
67.625    0.231224095054
67.75    0.234300451322
67.875    0.216321267385
68.0    0.226775352307
68.125    0.2269871972
68.25    0.231168831169
68.375    0.236603113199
68.5    0.234337293912
68.625    0.233112277793
68.75    0.234383347149
68.875    0.235175462835
69.0    0.224914801511
69.125    0.224831905683
69.25    0.225052961223
69.375    0.225356912591
69.5    0.235718891038
69.625    0.236142580823
69.75    0.236418900249
69.875    0.236262319241
70.0    0.22983328728
70.125    0.229170120659
70.25    0.230735930736
70.375    0.211605415861
70.5    0.23212673851
70.625    0.231924104265
70.75    0.232080685272
70.875    0.232375425992
71.0    0.239264990329
71.125    0.238178133923
71.25    0.238620245003
71.375    0.237091277517
71.5    0.235424150318
71.625    0.234410979092
71.75    0.234576770747
71.875    0.233849129594
72.0    0.235460992908
72.125    0.234180712904
72.25    0.240213687022
72.375    0.237026802984
72.5    0.237100488164
72.625    0.235995210463
72.75    0.236584691904
72.875    0.228681956342
73.0    0.231463571889
73.125    0.231463571889
73.25    0.231712259372
73.375    0.231739891314
73.5    0.226462190292
73.625    0.211246200608
73.75    0.226849037487
73.875    0.223837155752
74.0    0.22950170397
74.125    0.229068803537
74.25    0.22964907433
74.375    0.229768812748
74.5    0.233204384268
74.625    0.232946486138
74.75    0.233342543981
74.875    0.232670166713
75.0    0.23223726628
75.125    0.221350280925
75.25    0.223118725246
75.375    0.223118725246
75.5    0.220558165239
75.625    0.222658192871
75.75    0.222621350281
75.875    0.217500230266
76.0    0.227788523533
76.125    0.2190384084
76.25    0.218697614442
76.375    0.209735654417
76.5    0.223625310859
76.625    0.225799023671
76.75    0.23238463664
76.875    0.231463571889
77.0    0.219572625956
77.125    0.230404347426
77.25    0.231131988579
77.375    0.228110896196
77.5    0.212600165792
77.625    0.228276687851
77.75    0.228203002671
77.875    0.228203002671
78.0    0.229916183108
78.125    0.2297596021
78.25    0.229299069725
78.375    0.230800405268
78.5    0.223054250714
78.625    0.226158238924
78.75    0.224813484388
78.875    0.225356912591
79.0    0.229768812748
79.125    0.229897761813
79.25    0.23005434282
79.375    0.22702403979
79.5    0.232992539376
79.625    0.228985907709
79.75    0.223800313162
79.875    0.223183199779
80.0    0.230726720088
80.125    0.230045132173
80.25    0.230045132173
80.375    0.229529335912
80.5    0.231813576494
80.625    0.232191213042
80.75    0.23249516441
80.875    0.23242147923
81.0    0.22739246569
81.125    0.227991157778
81.25    0.226701667127
81.375    0.224758220503
81.5    0.228875379939
81.625    0.228903011882
81.75    0.228903011882
81.875    0.229096435479
82.0    0.219066040343
82.125    0.219544994013
82.25    0.233913604126
82.375    0.233278069448
82.5    0.23504651377
82.625    0.237846550613
82.75    0.23767154831
82.875    0.23767154831
83.0    0.230303030303
83.125    0.230542507138
83.25    0.230542507138
83.375    0.230542507138
83.5    0.228856958644
83.625    0.231187252464
83.75    0.232651745418
83.875    0.232513585705
84.0    0.231205673759
84.125    0.231205673759
84.25    0.231279358939
84.375    0.231279358939
84.5    0.234742562402
84.625    0.235847840103
84.75    0.234770194345
84.875    0.236068895643
85.0    0.230035921525
85.125    0.236639955789
85.25    0.227622731878
85.375    0.226250345399
85.5    0.232108317215
85.625    0.232108317215
85.75    0.232651745418
85.875    0.232872800958
86.0    0.222289766971
86.125    0.231666206134
86.25    0.231666206134
86.375    0.242636087317
86.5    0.223634521507
86.625    0.223634521507
86.75    0.223726627982
86.875    0.223302938197
87.0    0.231150409874
87.125    0.23194252556
87.25    0.227677995763
87.375    0.228506954039
87.5    0.226674035185
87.625    0.227125356913
87.75    0.227337201805
87.875    0.227337201805
88.0    0.230597771023
88.125    0.230413558073
88.25    0.230468821958
88.375    0.229584599797
88.5    0.228810905407
88.625    0.229105646127
88.75    0.229345122962
88.875    0.22957538915
89.0    0.234033342544
89.125    0.233950446716
89.25    0.233950446716
89.375    0.233296490743
89.5    0.229778023395
89.625    0.229741180805
89.75    0.229916183108
89.875    0.232946486138
90.0    0.232532007
90.125    0.231666206134
90.25    0.231131988579
90.375    0.231887261674
90.5    0.227825366123
90.625    0.223791102515
90.75    0.22380952381
90.875    0.224058211292
91.0    0.230349083541
91.125    0.230349083541
91.25    0.227512204108
91.375    0.227484572165
91.5    0.228285898499
91.625    0.237680758957
91.75    0.23504651377
91.875    0.23504651377
92.0    0.231721470019
92.125    0.231703048724
92.25    0.231703048724
92.375    0.227585889288
92.5    0.232338583402
92.625    0.223358202082
92.75    0.23271621995
92.875    0.233582020816
93.0    0.228331951736
93.125    0.228626692456
93.25    0.228571428571
93.375    0.229437229437
93.5    0.230063553468
93.625    0.231647784839
93.75    0.22946486138
93.875    0.231758312609
94.0    0.227558257345
94.125    0.22484111633
94.25    0.224970065396
94.375    0.224970065396
94.5    0.233370175923
94.625    0.231417518652
94.75    0.231362254767
94.875    0.233112277793
95.0    0.229455650732
95.125    0.229455650732
95.25    0.230514875196
95.375    0.22753983605
95.5    0.227070093028
95.625    0.227162199503
95.75    0.226775352307
95.875    0.227327991158
96.0    0.228424058211
96.125    0.222492401216
96.25    0.222575297043
96.375    0.222612139633
96.5    0.230680666851
96.625    0.231178041816
96.75    0.231878051027
96.875    0.231647784839
97.0    0.23478861564
97.125    0.234797826287
97.25    0.224712167265
97.375    0.215593626232
97.5    0.231224095054
97.625    0.231371465414
97.75    0.231371465414
97.875    0.23238463664
98.0    0.226259556047
98.125    0.229271437782
98.25    0.229271437782
98.375    0.238399189463
98.5    0.230210923828
98.625    0.230146449295
98.75    0.231380676062
98.875    0.231380676062
99.0    0.22683982684
99.125    0.22683982684
99.25    0.227014829142
99.375    0.227042461085
99.5    0.228709588284
99.625    0.229437229437
99.75    0.22942801879
99.875    0.22942801879
100.0    0.230284609008
100.125    0.234457032329
100.25    0.228497743391
100.375    0.228396426269
100.5    0.222437137331
100.625    0.222464769273
100.75    0.222464769273
100.875    0.222206871143
101.0    0.229253016487
101.125    0.229934604403
101.25    0.230063553468
101.375    0.23020171318
101.5    0.230118817353
101.625    0.218504190845
101.75    0.218504190845
101.875    0.218623929262
102.0    0.228479322096
102.125    0.231509625127
102.25    0.231362254767
102.375    0.229289859077
102.5    0.227272727273
102.625    0.224859537625
102.75    0.225062171871
102.875    0.224049000645
103.0    0.22447269043
103.125    0.215004144791
103.25    0.208805379018
103.375    0.20835405729
103.5    0.225485861656
103.625    0.225817444966
103.75    0.225845076909
103.875    0.227051671733
104.0    0.231306990881
104.125    0.231675416782
104.25    0.231675416782
104.375    0.231647784839
104.5    0.228120106844
104.625    0.225117435756
104.75    0.233646495349
104.875    0.230929354334
105.0    0.22702403979
105.125    0.224131896472
105.25    0.223984526112
105.375    0.221829234595
105.5    0.223698996039
105.625    0.223698996039
105.75    0.223698996039
105.875    0.223698996039
106.0    0.228083264253
106.125    0.227742470296
106.25    0.227724049001
106.375    0.227972736483
106.5    0.233508335636
106.625    0.233600442111
106.75    0.22450953302
106.875    0.224739799208
107.0    0.231288569586
107.125    0.219047619048
107.25    0.234834668877
107.375    0.233388597218
107.5    0.224960854748
107.625    0.224831905683
107.75    0.21870682509
107.875    0.215731785945
108.0    0.230431979368
108.125    0.230431979368
108.25    0.231168831169
108.375    0.231675416782
108.5    0.229741180805
108.625    0.22990697246
108.75    0.230128028
108.875    0.230128028
109.0    0.224205581652
109.125    0.218098922354
109.25    0.218098922354
109.375    0.218098922354
109.5    0.224518743668
109.625    0.224012158055
109.75    0.223560836327
109.875    0.224058211292
110.0    0.228064842958
110.125    0.227788523533
110.25    0.225016118633
110.375    0.224675324675
110.5    0.227862208713
110.625    0.2273556231
110.75    0.224039789997
110.875    0.218227871419
111.0    0.229013539652
111.125    0.229013539652
111.25    0.226609560652
111.375    0.226701667127
111.5    0.228718798932
111.625    0.228718798932
111.75    0.225191120936
111.875    0.225826655614
112.0    0.229022750299
112.125    0.229041171594
112.25    0.228949065119
112.375    0.229022750299
112.5    0.226563507415
112.625    0.226627981947
112.75    0.224647692733
112.875    0.224951644101
113.0    0.228396426269
113.125    0.2273556231
113.25    0.228562217924
113.375    0.229114856774
113.5    0.225568757484
113.625    0.224739799208
113.75    0.225568757484
113.875    0.225568757484
114.0    0.22702403979
114.125    0.227033250438
114.25    0.22706088238
114.375    0.227033250438
114.5    0.225117435756
114.625    0.224316109422
114.75    0.225117435756
114.875    0.224058211292
115.0    0.225817444966
115.125    0.226056921802
115.25    0.226149028277
115.375    0.226121396334
115.5    0.215427834577
115.625    0.215639679469
115.75    0.228147738786
115.875    0.228147738786
116.0    0.216726535875
116.125    0.216689693285
116.25    0.2158975776
116.375    0.227733259648
116.5    0.228645113751
116.625    0.228820116054
116.75    0.216680482638
116.875    0.231970157502
117.0    0.228958275767
117.125    0.228958275767
117.25    0.227816155476
117.375    0.22990697246
117.5    0.229437229437
117.625    0.229483282675
117.75    0.229529335912
117.875    0.22961223174
118.0    0.228921433177
118.125    0.228820116054
118.25    0.228820116054
118.375    0.228820116054
118.5    0.218071290412
118.625    0.217914709404
118.75    0.232522796353
118.875    0.232624113475
119.0    0.219664732431
119.125    0.220079211569
119.25    0.219987105093
119.375    0.219535783366
120.0    0.223910840932
120.125    0.217675232569
120.25    0.220558165239
120.375    0.220484480059
120.5    0.225817444966
120.625    0.225845076909
120.75    0.226093764392
120.875    0.217002855301
121.0    0.225283227411
121.125    0.225283227411
121.25    0.21922262135
121.375    0.218476558902
121.5    0.216496269688
121.625    0.216616008105
121.75    0.217583126094
121.875    0.217583126094
122.0    0.229262227135
122.125    0.229262227135
122.25    0.229262227135
122.375    0.232255687575
122.5    0.225117435756
122.625    0.225117435756
122.75    0.225531914894
122.875    0.22676614166
123.0    0.225310859353
123.125    0.225633232016
123.25    0.225292438058
123.375    0.226489822234
123.5    0.223570046974
123.625    0.223570046974
123.75    0.224205581652
123.875    0.226609560652
124.0    0.22720825274
124.125    0.22717141015
124.25    0.227420097633
124.375    0.227475361518
124.5    0.225826655614
124.625    0.225762181081
124.75    0.225762181081
124.875    0.225762181081
125.0    0.227687206411
125.125    0.228479322096
125.25    0.228479322096
125.375    0.227696417058
125.5    0.217592336741
125.625    0.217619968684
125.75    0.214617297596
125.875    0.216035737312
126.0    0.227862208713
126.125    0.22188449848
126.25    0.220843695312
126.375    0.222059500783
126.5    0.218550244082
126.625    0.218762088975
126.75    0.218762088975
126.875    0.218725246385
127.0    0.22746615087
127.125    0.22746615087
127.25    0.230560928433
127.375    0.222317398913
127.5    0.228792484112
127.625    0.229704338215
127.75    0.229704338215
127.875    0.229188541954
128.0    0.227972736483
128.125    0.228037211016
128.25    0.228175370729
128.375    0.22214239661
128.5    0.215114672561
128.625    0.214294924933
128.75    0.215234410979
128.875    0.212296214424
129.0    0.221893709128
129.125    0.221525283227
129.25    0.220852905959
129.375    0.227650363821
129.5    0.22702403979
129.625    0.22731878051
129.75    0.227327991158
129.875    0.228193792024
130.0    0.216284424795
130.125    0.216367320623
130.25    0.216394952565
130.375    0.216726535875
130.5    0.22136870222
130.625    0.221681864235
130.75    0.221948973013
130.875    0.22214239661
131.0    0.222621350281
131.125    0.223210831721
131.25    0.223045040066
131.375    0.223459519204
131.5    0.222916091001
131.625    0.222943722944
131.75    0.223321359492
131.875    0.223514783089
132.0    0.221193699917
132.125    0.22122133186
132.25    0.22122133186
132.375    0.221248963802
132.5    0.220217371281
132.625    0.232393847287
132.75    0.219618679193
132.875    0.223652942802
133.0    0.213079119462
133.125    0.213079119462
133.25    0.213079119462
133.375    0.222170028553
133.5    0.223791102515
133.625    0.223054250714
133.75    0.223855577047
133.875    0.223220042369
134.0    0.222179239201
134.125    0.22195818366
134.25    0.221341070277
134.375    0.221267385097
134.5    0.220981855024
134.625    0.220981855024
134.75    0.221525283227
134.875    0.221562125817
135.0    0.222004236898
135.125    0.221654232293
135.25    0.218623929262
135.375    0.2186699825
135.5    0.222741088699
135.625    0.222741088699
135.75    0.219719996316
135.875    0.222400294741
136.0    0.212112001474
136.125    0.212213318596
136.25    0.212369899604
136.375    0.221460808695
136.5    0.210813300175
136.625    0.212333057014
136.75    0.216394952565
136.875    0.214110711983
137.0    0.217251542783
137.125    0.217260753431
137.25    0.217168646956
137.375    0.217094961776
137.5    0.216754167818
137.625    0.216754167818
137.75    0.217251542783
137.875    0.216717325228
138.0    0.220659482362
138.125    0.220300267109
138.25    0.220300267109
138.375    0.219397623653
138.5    0.225752970434
138.625    0.222354241503
138.75    0.221267385097
138.875    0.222354241503
139.0    0.212609376439
139.125    0.209579073409
139.25    0.209044855853
139.375    0.209809339597
139.5    0.212480427374
139.625    0.21575020724
139.75    0.218881827392
139.875    0.218881827392
140.0    0.223496361794
140.125    0.2242147923
140.25    0.218531822787
140.375    0.212425163489
140.5    0.21619231832
140.625    0.213106751405
140.75    0.213106751405
140.875    0.212489638022
141.0    0.220548954592
141.125    0.220539743944
141.25    0.220539743944
141.375    0.214727825366
141.5    0.216938380768
141.625    0.207709311965
141.75    0.20828037211
141.875    0.208823800313
142.0    0.201768444322
142.125    0.20495532836
142.25    0.217942341347
142.375    0.217942341347
142.5    0.216809431703
142.625    0.223072672009
142.75    0.223523993737
142.875    0.214865985079
143.0    0.217546283504
143.125    0.217527862209
143.25    0.217619968684
143.375    0.216348899328
143.5    0.215252832274
143.625    0.215704154002
143.75    0.203094777563
143.875    0.203656627061
144.0    0.215473887814
144.125    0.218089711707
144.25    0.217398913144
144.375    0.215372570692
144.5    0.203352675693
144.625    0.215326517454
144.75    0.215326517454
144.875    0.209486966934
145.0    0.221129225385
145.125    0.220797642074
145.25    0.221018697614
145.375    0.215050198029
145.5    0.215593626232
145.625    0.215602836879
145.75    0.212821221332
145.875    0.214967302201
146.0    0.220226581929
146.125    0.207755365202
146.25    0.219609468546
146.375    0.220162107396
146.5    0.218329188542
146.625    0.219029197753
146.75    0.206917196279
146.875    0.205830339873
147.0    0.222262135028
147.125    0.22166344294
147.25    0.220871327254
147.375    0.220917380492
147.5    0.221202910565
147.625    0.221202910565
147.75    0.221202910565
147.875    0.221138436032
148.0    0.222151607258
148.125    0.222354241503
148.25    0.222262135028
148.375    0.222262135028
148.5    0.215418623929
148.625    0.215694943355
148.75    0.216763378466
148.875    0.206539559731
149.0    0.222252924381
149.125    0.222584507691
149.25    0.222252924381
149.375    0.222326609561
149.5    0.213880445795
149.625    0.214000184213
149.75    0.213705443493
149.875    0.223008197476
150.0    0.218356820484
150.125    0.209219858156
150.25    0.21064750852
150.375    0.21918577876
150.5    0.220981855024
150.625    0.220981855024
150.75    0.221101593442
150.875    0.221387123515
151.0    0.216717325228
151.125    0.216164686377
151.25    0.21593442019
151.375    0.209321175279
151.5    0.218955512573
151.625    0.218937091278
151.75    0.218937091278
151.875    0.220760799484
152.0    0.21031592521
152.125    0.21031592521
152.25    0.210140922907
152.375    0.210242240029
152.5    0.219830524086
152.625    0.21925946394
152.75    0.219609468546
152.875    0.219747628258
153.0    0.20861195542
153.125    0.210988302478
153.25    0.208833010961
153.375    0.2110896196
153.5    0.217500230266
153.625    0.217472598324
153.75    0.216468637745
153.875    0.21633968868
154.0    0.221875287833
154.125    0.221976604955
154.25    0.221976604955
154.375    0.225246384821
154.5    0.204982960302
154.625    0.204982960302
154.75    0.204844800589
154.875    0.206171133831
155.0    0.215731785945
155.125    0.200561849498
155.25    0.200267108778
155.375    0.200552638851
155.5    0.218983144515
155.625    0.218513401492
155.75    0.21852261214
155.875    0.202892143318
156.0    0.214479137883
156.125    0.214562033711
156.25    0.214037026803
156.375    0.205600073685
156.5    0.20853827024
156.625    0.196417058119
156.75    0.195330201713
156.875    0.19194068343
157.0    0.205277701022
157.125    0.217398913144
157.25    0.217398913144
157.375    0.223127935894
157.5    0.217002855301
157.625    0.211006723773
157.75    0.210555402045
157.875    0.210629087225
158.0    0.220889748549
158.125    0.220696324952
158.25    0.221525283227
158.375    0.221525283227
158.5    0.215335728102
158.625    0.214396242056
158.75    0.21863313991
158.875    0.218734457032
159.0    0.217104172423
159.125    0.211927788524
159.25    0.212277793129
159.375    0.221387123515
159.5    0.208492217003
159.625    0.208529059593
159.75    0.208722483191
159.875    0.209136962328
160.0    0.211411992263
160.125    0.211448834853
160.25    0.211964631114
160.375    0.210840932118
160.5    0.206244819011
160.625    0.206926406926
160.75    0.207046145344
160.875    0.207138251819
161.0    0.208842221608
161.125    0.206475085198
161.25    0.206475085198
161.375    0.206475085198
161.5    0.209984341899
161.625    0.209947499309
161.75    0.210186976144
161.875    0.209790918302
162.0    0.200027631943
162.125    0.196951275675
162.25    0.203536888643
162.375    0.203619784471
162.5    0.216569954868
162.625    0.208409321175
162.75    0.211034355715
162.875    0.2107211937
163.0    0.198332872801
163.125    0.201492124896
163.25    0.201492124896
163.375    0.200506585613
163.5    0.216993644653
163.625    0.217039697891
163.75    0.217435755734
163.875    0.202348715115
164.0    0.211909367229
164.125    0.212139633416
164.25    0.212139633416
164.375    0.199567099567
164.5    0.205811918578
164.625    0.200718430506
164.75    0.212858063922
164.875    0.21305148752
165.0    0.205959288938
165.125    0.207018513401
165.25    0.206069816708
165.375    0.206346136133
165.5    0.211319885788
165.625    0.210804089527
165.75    0.21086856406
165.875    0.210408031685
166.0    0.207110619877
166.125    0.205535599153
166.25    0.205535599153
166.375    0.205600073685
166.5    0.205950078291
166.625    0.20565533757
166.75    0.206815879156
166.875    0.207386939302
167.0    0.209597494704
167.125    0.209459334991
167.25    0.206548770379
167.375    0.206548770379
167.5    0.212204107949
167.625    0.212204107949
167.75    0.212204107949
167.875    0.212204107949
168.0    0.214414663351
168.125    0.215059408676
168.25    0.205535599153
168.375    0.205857971815
168.5    0.211955420466
168.625    0.203638205766
168.75    0.200828958276
168.875    0.209846182187
169.0    0.216698903933
169.125    0.215437045224
169.25    0.188680114212
169.375    0.189149857235
169.5    0.207525099014
169.625    0.203767154831
169.75    0.203278990513
169.875    0.207092198582
170.0    0.212793589389
170.125    0.209772497007
170.25    0.206171133831
170.375    0.206567191674
170.5    0.204172423321
170.625    0.203555309938
170.75    0.203555309938
170.875    0.203684259003
171.0    0.212185686654
171.125    0.212130422769
171.25    0.212130422769
171.375    0.213033066225
171.5    0.208851432256
171.625    0.213944920328
171.75    0.211780418163
171.875    0.211715943631
172.0    0.215004144791
172.125    0.214921248964
172.25    0.214976512849
172.375    0.214856774431
172.5    0.204006631666
172.625    0.18913143594
172.75    0.197384176108
172.875    0.193828866169
173.0    0.213954130975
173.125    0.214165975868
173.25    0.211540941328
173.375    0.212931749102
173.5    0.2075803629
173.625    0.2075803629
173.75    0.207432992539
173.875    0.209717233121
174.0    0.210058027079
174.125    0.21086856406
174.25    0.204807957999
174.375    0.196647324307
174.5    0.217841024224
174.625    0.218218660772
174.75    0.217380491849
174.875    0.217748917749
175.0    0.2190384084
175.125    0.218117343649
175.25    0.218273924657
175.375    0.218504190845
175.5    0.214930459611
175.625    0.215105461914
175.75    0.215685732707
175.875    0.215262042922
176.0    0.218366031132
176.125    0.218430505665
176.25    0.1972275951
176.375    0.200930275398
176.5    0.212535691259
176.625    0.213060698167
176.75    0.213208068527
176.875    0.212830431979
177.0    0.215593626232
177.125    0.214294924933
177.25    0.215777839182
177.375    0.215980473427
177.5    0.19689601179
177.625    0.19704338215
177.75    0.208971170673
177.875    0.209201436861
178.0    0.206456663903
178.125    0.209505388229
178.25    0.206484295846
178.375    0.201114488349
178.5    0.217601547389
178.625    0.214552823063
178.75    0.214340978171
178.875    0.199686837985
179.0    0.213594915723
179.125    0.213594915723
179.25    0.212259371834
179.375    0.213668600903
180.0    0.218144975592
180.125    0.218098922354
180.25    0.218356820484
180.375    0.218255503362
180.5    0.195864419269
180.625    0.198876301004
180.75    0.198867090356
180.875    0.199106567192
181.0    0.205848761168
181.125    0.205673758865
181.25    0.205894814405
181.375    0.207644837432
181.5    0.213815971263
181.625    0.213723864788
181.75    0.213769918025
181.875    0.213769918025
182.0    0.194224924012
182.125    0.191120935802
182.25    0.20029474072
182.375    0.200497374965
182.5    0.209164594271
182.625    0.215326517454
182.75    0.200423689785
182.875    0.206364557428
183.0    0.199502625035
183.125    0.210629087225
183.25    0.20791194621
183.375    0.21330938565
183.5    0.210988302478
183.625    0.21123698996
183.75    0.211789628811
183.875    0.212333057014
184.0    0.211633047803
184.125    0.208225108225
184.25    0.206042184766
184.375    0.205811918578
184.5    0.21353044119
184.625    0.214000184213
184.75    0.213769918025
184.875    0.213944920328
185.0    0.206097448651
185.125    0.206207976421
185.25    0.209348807221
185.375    0.209302753984
185.5    0.211144883485
185.625    0.195956525744
185.75    0.196315740997
185.875    0.21083172147
186.0    0.215455466519
186.125    0.206705351386
186.25    0.214442295293
186.375    0.214442295293
186.5    0.215262042922
186.625    0.215529151699
186.75    0.21090540665
186.875    0.210619876577
187.0    0.208492217003
187.125    0.209993552547
187.25    0.208943538731
187.375    0.206806668509
187.5    0.204725062172
187.625    0.196076264161
187.75    0.205167173252
187.875    0.205167173252
188.0    0.208565902183
188.125    0.205517177858
188.25    0.20550796721
188.375    0.206180344478
188.5    0.211513309386
188.625    0.211080408953
188.75    0.209229068804
188.875    0.204421110804
189.0    0.20842774247
189.125    0.208409321175
189.25    0.211881735286
189.375    0.196168370636
189.5    0.192834116238
189.625    0.193442018974
189.75    0.193524914802
189.875    0.193524914802
190.0    0.204854011237
190.125    0.204660587639
190.25    0.20813300175
190.375    0.208105369807
190.5    0.203932946486
190.625    0.206281661601
190.75    0.206281661601
190.875    0.205646126923
191.0    0.214037026803
191.125    0.214119922631
191.25    0.208068527217
191.375    0.199023671364
191.5    0.211964631114
191.625    0.211936999171
191.75    0.212351478309
191.875    0.212019894999
192.0    0.216505480335
192.125    0.216588376163
192.25    0.20502901354
192.375    0.217371281201
192.5    0.213042276872
192.625    0.21345675601
192.75    0.213475177305
192.875    0.213475177305
193.0    0.211715943631
193.125    0.197660495533
193.25    0.212812010684
193.375    0.211623837156
193.5    0.213926499033
193.625    0.215087040619
193.75    0.214525191121
193.875    0.213981762918
194.0    0.215381781339
194.125    0.21389886709
194.25    0.21382518191
194.375    0.214801510546
194.5    0.202523717417
194.625    0.202284240582
194.75    0.202394768352
194.875    0.201832918854
195.0    0.196306530349
195.125    0.196398636824
195.25    0.195947315096
195.375    0.196463111357
195.5    0.217684443216
195.625    0.217684443216
195.75    0.217076540481
195.875    0.212176476006
196.0    0.199152620429
196.125    0.198949986184
196.25    0.203638205766
196.375    0.201528967486
196.5    0.218651561205
196.625    0.218651561205
196.75    0.21914893617
196.875    0.21911209358
197.0    0.213659390255
197.125    0.214350188818
197.25    0.212600165792
197.375    0.2134935986
197.5    0.210380399742
197.625    0.210813300175
197.75    0.217435755734
197.875    0.217527862209
198.0    0.21319885788
198.125    0.213208068527
198.25    0.214396242056
198.375    0.214396242056
198.5    0.219010776458
198.625    0.200939486046
198.75    0.210205397439
198.875    0.209919867367
199.0    0.209302753984
199.125    0.200552638851
199.25    0.197586810353
199.375    0.212084369531
199.5    0.211329096435
199.625    0.211789628811
199.75    0.20572902275
199.875    0.197393386755
200.0    0.21341991342
200.125    0.21338307083
200.25    0.21338307083
200.375    0.222768720641
200.5    0.21382518191
200.625    0.213659390255
200.75    0.213852813853
200.875    0.214221239753
201.0    0.205636916275
201.125    0.206300082896
201.25    0.206419821313
201.375    0.205821129225
201.5    0.205857971815
201.625    0.206300082896
201.75    0.205231647785
201.875    0.225449019066
202.0    0.211577783918
202.125    0.212176476006
202.25    0.212287003776
202.375    0.21297780234
202.5    0.210371189095
202.625    0.209929078014
202.75    0.209800128949
202.875    0.194648613798
203.0    0.197236805747
203.125    0.197402597403
203.25    0.197476282583
203.375    0.208869853551
203.5    0.209385649811
203.625    0.188330109607
203.75    0.185861656074
203.875    0.185898498664
204.0    0.191019618679
204.125    0.191065671917
204.25    0.19449203279
204.375    0.2003684259
204.5    0.196518375242
204.625    0.196380215529
204.75    0.196380215529
204.875    0.196389426177
205.0    0.214958091554
205.125    0.215529151699
205.25    0.206659298149
205.375    0.207479045777
205.5    0.207055355992
205.625    0.207055355992
205.75    0.207055355992
205.875    0.207819839735
206.0    0.189011697522
206.125    0.191839366307
206.25    0.192539375518
206.375    0.204780326057
206.5    0.213668600903
206.625    0.213659390255
206.75    0.213659390255
206.875    0.210021184489
207.0    0.196149949341
207.125    0.196334162292
207.25    0.208823800313
207.375    0.208860642903
207.5    0.21127383255
207.625    0.220484480059
207.75    0.209311964631
207.875    0.193874919407
208.0    0.197568389058
208.125    0.201086856406
208.25    0.201142120291
208.375    0.204319793681
208.5    0.209754075712
208.625    0.191710417242
208.75    0.191378833932
208.875    0.208630376715
209.0    0.214387031408
209.125    0.217564704799
209.25    0.217564704799
209.375    0.214322556876
209.5    0.214230450401
209.625    0.214727825366
209.75    0.215169936447
209.875    0.214543612416
210.0    0.21330938565
210.125    0.21330938565
210.25    0.213217279175
210.375    0.21068435111
210.5    0.211771207516
210.625    0.212010684351
210.75    0.21323570047
210.875    0.200580270793
211.0    0.195284148476
211.125    0.195652574376
211.25    0.196278898407
211.375    0.196398636824
211.5    0.211190936723
211.625    0.210509348807
211.75    0.211780418163
211.875    0.212121212121
212.0    0.207331675417
212.125    0.207994842037
212.25    0.208584323478
212.375    0.216735746523
212.5    0.210444874275
212.625    0.210444874275
212.75    0.198323662153
212.875    0.207221147647
213.0    0.208713272543
213.125    0.208869853551
213.25    0.208786957723
213.375    0.2079487888
213.5    0.212554112554
213.625    0.212554112554
213.75    0.212517269964
213.875    0.211927788524
214.0    0.194805194805
214.125    0.195652574376
214.25    0.194814405453
214.375    0.194759141568
214.5    0.204522427927
214.625    0.204402689509
214.75    0.203223726628
214.875    0.20258819195
215.0    0.20861195542
215.125    0.20802247398
215.25    0.208621166068
215.375    0.207552730957
215.5    0.217233121488
215.625    0.217242332136
215.75    0.217242332136
215.875    0.208400110528
216.0    0.20850142765
216.125    0.208961960026
216.25    0.20846458506
216.375    0.209533020171
216.5    0.212194897301
216.625    0.209164594271
216.75    0.194215713365
216.875    0.196840747905
217.0    0.203582941881
217.125    0.20321451598
217.25    0.200709219858
217.375    0.202901353965
217.5    0.203536888643
217.625    0.209459334991
217.75    0.210527770102
217.875    0.204504006632
218.0    0.200939486046
218.125    0.198019710786
218.25    0.201040803168
218.375    0.201390807774
218.5    0.204006631666
218.625    0.203988210371
218.75    0.203914525191
218.875    0.204144791379
219.0    0.212259371834
219.125    0.210131712259
219.25    0.212646219029
219.375    0.210085659022
219.5    0.197034171502
219.625    0.197282858985
219.75    0.198728930644
219.875    0.199732891222
220.0    0.192585428756
220.125    0.192714377821
220.25    0.189859077093
220.375    0.189785391913
220.5    0.209173804918
220.625    0.203656627061
220.75    0.212554112554
220.875    0.212240950539
221.0    0.216459427098
221.125    0.217223910841
221.25    0.2166344294
221.375    0.204513217279
221.5    0.213760707378
221.625    0.213908077738
221.75    0.212996223635
221.875    0.211697522336
222.0    0.198498664456
222.125    0.201593442019
222.25    0.203361886341
222.375    0.201786865617
222.5    0.214847563784
222.625    0.20262503454
222.75    0.214294924933
222.875    0.201639495257
223.0    0.214037026803
223.125    0.213373860182
223.25    0.213594915723
223.375    0.214258082343
223.5    0.198093395966
223.625    0.198084185318
223.75    0.198249976973
223.875    0.20029474072
224.0    0.211513309386
224.125    0.212065948236
224.25    0.212102790826
224.375    0.211642258451
224.5    0.212968591692
224.625    0.213300175002
224.75    0.213484387952
224.875    0.213760707378
225.0    0.205452703325
225.125    0.205452703325
225.25    0.205986920881
225.375    0.205425071383
225.5    0.205305332965
225.625    0.205056645482
225.75    0.204936907065
225.875    0.205636916275
226.0    0.211329096435
226.125    0.211264621903
226.25    0.211365939026
226.375    0.211393570968
226.5    0.211061987658
226.625    0.211209358018
226.75    0.195892051211
226.875    0.194188081422
227.0    0.196573639127
227.125    0.196564428479
227.25    0.197163120567
227.375    0.197163120567
227.5    0.201621073961
227.625    0.201657916552
227.75    0.204706640877
227.875    0.204761904762
228.0    0.21393570968
228.125    0.215114672561
228.25    0.215584415584
228.375    0.215639679469
228.5    0.202118448927
228.625    0.202136870222
228.75    0.201805286912
228.875    0.201335543889
229.0    0.204421110804
229.125    0.198784194529
229.25    0.199217094962
229.375    0.199327622732
229.5    0.213373860182
229.625    0.213373860182
229.75    0.21330938565
229.875    0.212996223635
230.0    0.19689601179
230.125    0.196592060422
230.25    0.19696969697
230.375    0.19689601179
230.5    0.212296214424
230.625    0.212323846366
230.75    0.212351478309
230.875    0.211973841761
231.0    0.203205305333
231.125    0.203205305333
231.25    0.203269779866
231.375    0.203269779866
231.5    0.214884406374
231.625    0.214884406374
231.75    0.214046237451
231.875    0.214663350834
232.0    0.210555402045
232.125    0.210435663627
232.25    0.204817168647
232.375    0.2134935986
232.5    0.203435571521
232.625    0.206493506494
232.75    0.206493506494
232.875    0.206493506494
233.0    0.195919683154
233.125    0.195873629916
233.25    0.195919683154
233.375    0.196094685456
233.5    0.206631666206
233.625    0.203582941881
233.75    0.203582941881
233.875    0.203675048356
234.0    0.205793497283
234.125    0.206880353689
234.25    0.207294832827
234.375    0.206254029658
234.5    0.212360688956
234.625    0.212333057014
234.75    0.212333057014
234.875    0.212443584784
235.0    0.213742286083
235.125    0.212848853274
235.25    0.213769918025
235.375    0.213769918025
235.5    0.215271253569
235.625    0.200128949065
235.75    0.200396057843
235.875    0.212913327807
236.0    0.206696140739
236.125    0.206696140739
236.25    0.205867182463
236.375    0.199843418992
236.5    0.194482822142
236.625    0.191489361702
236.75    0.191489361702
236.875    0.194519664732
237.0    0.199898682877
237.125    0.19981578705
237.25    0.197549967763
237.375    0.200451321728
237.5    0.203988210371
237.625    0.203582941881
237.75    0.203380307636
237.875    0.203932946486
238.0    0.198314451506
238.125    0.198314451506
238.25    0.198314451506
238.375    0.204071106199
238.5    0.198572349636
238.625    0.198572349636
238.75    0.198572349636
238.875    0.198673666759
239.0    0.200589481441
239.125    0.201086856406
239.25    0.201022381873
239.375    0.201464492954
240.0    0.20543428203
240.125    0.204329004329
240.25    0.214423873998
240.375    0.214497559178
240.5    0.206696140739
240.625    0.206723772681
240.75    0.207405360597
240.875    0.207405360597
241.0    0.207184305057
241.125    0.219305517178
241.25    0.204614534402
241.375    0.204614534402
241.5    0.214580455006
241.625    0.214562033711
241.75    0.20251450677
241.875    0.21079487888
242.0    0.216864695588
242.125    0.217076540481
242.25    0.213208068527
242.375    0.21334622824
242.5    0.214792299899
242.625    0.214801510546
242.75    0.214783089251
242.875    0.214783089251
243.0    0.200911854103
243.125    0.200976328636
243.25    0.192078843143
243.375    0.192078843143
243.5    0.204430321452
243.625    0.204430321452
243.75    0.200957907341
243.875    0.203380307636
244.0    0.20813300175
244.125    0.20813300175
244.25    0.202026342452
244.375    0.212913327807
244.5    0.205379018145
244.625    0.205526388505
244.75    0.204292161739
244.875    0.205010592245
245.0    0.206465874551
245.125    0.206465874551
245.25    0.206548770379
245.375    0.20587639311
245.5    0.198213134383
245.625    0.197678916828
245.75    0.207847471677
245.875    0.20765404808
246.0    0.206769825919
246.125    0.206990881459
246.25    0.198102606613
246.375    0.198968407479
246.5    0.196776273372
246.625    0.198655245464
246.75    0.197421018698
246.875    0.196905222437
247.0    0.205526388505
247.125    0.206594823616
247.25    0.206189555126
247.375    0.206235608363
247.5    0.205314543612
247.625    0.207082987934
247.75    0.207285622179
247.875    0.206373768076
248.0    0.20569218016
248.125    0.20569218016
248.25    0.196997328912
248.375    0.1972275951
248.5    0.188781431335
248.625    0.188127475362
248.75    0.188136686009
248.875    0.203417150226
249.0    0.206631666206
249.125    0.210343557152
249.25    0.20772773326
249.375    0.209173804918
249.5    0.205268490375
249.625    0.205268490375
249.75    0.196260477112
249.875    0.201611863314
250.0    0.203021092383
250.125    0.202643455835
250.25    0.209238279451
250.375    0.215197568389
250.5    0.206373768076
250.625    0.206521138436
250.75    0.206686930091
250.875    0.206134291241
251.0    0.207129041172
251.125    0.206493506494
251.25    0.206677719444
251.375    0.206834300451
251.5    0.209100119738
251.625    0.209164594271
251.75    0.208768536428
251.875    0.208814589666
252.0    0.2158975776
252.125    0.200746062448
252.25    0.200746062448
252.375    0.217196278898
252.5    0.203122409505
252.625    0.203122409505
252.75    0.204632955697
252.875    0.202827668785
253.0    0.188661692917
253.125    0.188753799392
253.25    0.188422216082
253.375    0.193138067606
253.5    0.206456663903
253.625    0.206456663903
253.75    0.20029474072
253.875    0.206465874551
254.0    0.199511835682
254.125    0.196536796537
254.25    0.196444690062
254.375    0.196951275675
254.5    0.196509164594
254.625    0.199732891222
254.75    0.196564428479
254.875    0.196564428479
255.0    0.204310583034
255.125    0.204181633969
255.25    0.204200055264
255.375    0.203426360873
255.5    0.197421018698
255.625    0.198563138989
255.75    0.20765404808
255.875    0.207543520309
256.0    0.204411900157
256.125    0.204411900157
256.25    0.201768444322
256.375    0.198774983881
256.5    0.206705351386
256.625    0.205756654693
256.75    0.205710601455
256.875    0.207027724049
257.0    0.208685640601
257.125    0.20828037211
257.25    0.209422492401
257.375    0.207055355992
257.5    0.201832918854
257.625    0.202053974394
257.75    0.201225016119
257.875    0.204273740444
258.0    0.209376439164
258.125    0.209321175279
258.25    0.209413281754
258.375    0.209413281754
258.5    0.207967210095
258.625    0.207967210095
258.75    0.207967210095
258.875    0.208630376715
259.0    0.20510269872
259.125    0.20510269872
259.25    0.205526388505
259.375    0.201869761444
259.5    0.196269687759
259.625    0.205904025053
259.75    0.203647416413
259.875    0.203905314544
260.0    0.201989499862
260.125    0.208335635995
260.25    0.205093488072
260.375    0.205157962605
260.5    0.208483006355
260.625    0.209183015566
260.75    0.209615915999
260.875    0.209781707654
261.0    0.204144791379
261.125    0.204550059869
261.25    0.204706640877
261.375    0.202173712812
261.5    0.201878972092
261.625    0.202431610942
261.75    0.205526388505
261.875    0.205526388505
262.0    0.189877498388
262.125    0.195293359123
262.25    0.19774339136
262.375    0.203803997421
262.5    0.206825089804
262.625    0.203675048356
262.75    0.202671087777
262.875    0.202247397992
263.0    0.202680298425
263.125    0.203085566915
263.25    0.202606613245
263.375    0.200175002303
263.5    0.187703785576
263.625    0.19985262964
263.75    0.203094777563
263.875    0.214589665654
264.0    0.206189555126
264.125    0.20583955052
264.25    0.205857971815
264.375    0.205857971815
264.5    0.209781707654
264.625    0.209984341899
264.75    0.209984341899
264.875    0.210076448374
265.0    0.190651192779
265.125    0.190651192779
265.25    0.206548770379
265.375    0.205996131528
265.5    0.209155383623
265.625    0.209311964631
265.75    0.208031684627
265.875    0.208704061896
266.0    0.200930275398
266.125    0.201068435111
266.25    0.200994749931
266.375    0.201418439716
266.5    0.204577691812
266.625    0.204494795984
266.75    0.204743483467
266.875    0.204725062172
267.0    0.205830339873
267.125    0.205848761168
267.25    0.205848761168
267.375    0.2059132357
267.5    0.205609284333
267.625    0.20565533757
267.75    0.20565533757
267.875    0.205701390808
268.0    0.209855392834
268.125    0.207165883762
268.25    0.204282951091
268.375    0.201252648061
268.5    0.200681587916
268.625    0.200681587916
268.75    0.200718430506
268.875    0.200948696693
269.0    0.203278990513
269.125    0.203656627061
269.25    0.203693469651
269.375    0.201160541586
269.5    0.204706640877
269.625    0.204761904762
269.75    0.20828037211
269.875    0.204605323754
270.0    0.206097448651
270.125    0.206327714838
270.25    0.209394860459
270.375    0.209551441466
270.5    0.200340793958
270.625    0.200340793958
270.75    0.199428939854
270.875    0.200340793958
271.0    0.209238279451
271.125    0.208197476283
271.25    0.205489545915
271.375    0.205489545915
271.5    0.205609284333
271.625    0.208704061896
271.75    0.208704061896
271.875    0.190126185871
272.0    0.211688311688
272.125    0.202431610942
272.25    0.203205305333
272.375    0.203242147923
272.5    0.208786957723
272.625    0.208786957723
272.75    0.208805379018
272.875    0.208667219306
273.0    0.210785668232
273.125    0.210325135857
273.25    0.21083172147
273.375    0.211006723773
273.5    0.208768536428
273.625    0.208658008658
273.75    0.199981578705
273.875    0.199981578705
274.0    0.207092198582
274.125    0.207092198582
274.25    0.207313254122
274.375    0.207782997145
274.5    0.203048724325
274.625    0.20303030303
274.75    0.204200055264
274.875    0.204071106199
275.0    0.187372202266
275.125    0.190614350189
275.25    0.190936722852
275.375    0.190936722852
275.5    0.197255227042
275.625    0.191590678825
275.75    0.191590678825
275.875    0.190641982131
276.0    0.206171133831
276.125    0.206438242608
276.25    0.206419821313
276.375    0.207700101317
276.5    0.204015842314
276.625    0.204015842314
276.75    0.204448742747
276.875    0.203932946486
277.0    0.201031592521
277.125    0.203297411808
277.25    0.194178870775
277.375    0.203361886341
277.5    0.207304043474
277.625    0.206613244911
277.75    0.207479045777
277.875    0.206106659298
278.0    0.206935617574
278.125    0.207313254122
278.25    0.207221147647
278.375    0.207248779589
278.5    0.188302477664
278.625    0.187961683706
278.75    0.187823523994
278.875    0.187823523994
279.0    0.194252555955
279.125    0.197513125173
279.25    0.197964446901
279.375    0.198949986184
279.5    0.207607994842
279.625    0.207607994842
279.75    0.207165883762
279.875    0.207165883762
280.0    0.20325135857
280.125    0.20325135857
280.25    0.203573731233
280.375    0.203269779866
280.5    0.203850050659
280.625    0.203794786773
280.75    0.204301372386
280.875    0.204301372386
281.0    0.198406557981
281.125    0.195265727181
281.25    0.195542046606
281.375    0.195818366031
281.5    0.209229068804
281.625    0.208400110528
281.75    0.208400110528
281.875    0.202247397992
282.0    0.192797273648
282.125    0.189757759971
282.25    0.202044763747
282.375    0.20543428203
282.5    0.199336833379
282.625    0.202671087777
282.75    0.182730035922
282.875    0.184305056645
283.0    0.210619876577
283.125    0.210619876577
283.25    0.210619876577
283.375    0.210619876577
283.5    0.201381597126
283.625    0.201381597126
283.75    0.201289490651
283.875    0.201298701299
284.0    0.192567007461
284.125    0.19219858156
284.25    0.192880169476
284.375    0.195449940131
284.5    0.201906604034
284.625    0.201796076264
284.75    0.196297319702
284.875    0.195836787326
285.0    0.205498756563
285.125    0.208529059593
285.25    0.20550796721
285.375    0.20853827024
285.5    0.204393478862
285.625    0.204393478862
285.75    0.204246108501
285.875    0.204384268214
286.0    0.200792115686
286.125    0.20047895367
286.25    0.194888090633
286.375    0.194464400847
286.5    0.202450032237
286.625    0.202450032237
286.75    0.20225660864
286.875    0.205609284333
287.0    0.183890577508
287.125    0.184572165423
287.25    0.184240582113
287.375    0.187869577231
287.5    0.196757852077
287.625    0.196085474809
287.75    0.196767062724
287.875    0.196813115962
288.0    0.191701206595
288.125    0.191701206595
288.25    0.204421110804
288.375    0.204421110804
288.5    0.196205213226
288.625    0.196205213226
288.75    0.196205213226
288.875    0.202680298425
289.0    0.185585336649
289.125    0.188670903565
289.25    0.188624850327
289.375    0.18876301004
289.5    0.192438058396
289.625    0.192981486599
289.75    0.195219673943
289.875    0.193331491204
290.0    0.204034263609
290.125    0.204329004329
290.25    0.203859261306
290.375    0.204660587639
290.5    0.205480335268
290.625    0.20521322649
290.75    0.193082803721
290.875    0.190052500691
291.0    0.191913051488
291.125    0.191701206595
291.25    0.19478677351
291.375    0.194722298978
291.5    0.190135396518
291.625    0.189297227595
291.75    0.183568204845
291.875    0.191194620982
292.0    0.190080132633
292.125    0.189251174358
292.25    0.189297227595
292.375    0.192318319978
292.5    0.196877590495
292.625    0.195882840564
292.75    0.193405176384
292.875    0.193902551349
293.0    0.187795892051
293.125    0.196951275675
293.25    0.199567099567
293.375    0.184940591324
293.5    0.18949986184
293.625    0.18949986184
293.75    0.189628810905
293.875    0.189628810905
294.0    0.191701206595
294.125    0.19216173897
