0.0    0.093903067801
0.125    0.0841980321389
0.25    0.0890102689697
0.375    0.0892788089714
0.5    0.0924260977915
0.625    0.0926785253931
0.75    0.0898803385752
0.875    0.0903798229784
1.0    0.0898642261751
1.125    0.0900844289765
1.25    0.0907987453811
1.375    0.0909759817823
1.5    0.092963177795
1.625    0.0922434905904
1.75    0.0922810861906
1.875    0.0932048637965
2.0    0.0902670361777
2.125    0.091099510183
2.25    0.0906161381799
2.375    0.091255263384
2.5    0.0905194637793
2.625    0.0903744521784
2.75    0.090310002578
2.875    0.0900736873765
3.0    0.0880757497637
3.125    0.0859918793503
3.25    0.0859757669502
3.375    0.0859274297499
3.5    0.0870606685572
3.625    0.0873023545587
3.75    0.0870982641574
3.875    0.087345320959
4.0    0.0879468505629
4.125    0.0879468505629
4.25    0.0877105353613
4.375    0.0877105353613
4.5    0.093441178998
4.625    0.093441178998
4.75    0.0909061613818
4.875    0.0917386353871
5.0    0.0930974477958
5.125    0.0929040989946
5.25    0.0924153561915
5.375    0.0935808197989
5.5    0.086405430953
5.625    0.086405430953
5.75    0.0865450717539
5.875    0.0865450717539
6.0    0.0890210105697
6.125    0.0890210105697
6.25    0.0890210105697
6.375    0.0894077081722
6.5    0.0894828993727
6.625    0.0892788089714
6.75    0.0892788089714
6.875    0.0892788089714
7.0    0.090938386182
7.125    0.0909759817823
7.25    0.0909169029819
7.375    0.0912069261837
7.5    0.0888598865687
7.625    0.0888598865687
7.75    0.0889726733694
7.875    0.0890263813698
8.0    0.0879575921629
8.125    0.0879575921629
8.25    0.0878394345622
8.375    0.0879575921629
8.5    0.0883066941652
8.625    0.0883765145656
8.75    0.0885268969666
8.875    0.0885000429664
9.0    0.0886557961674
9.125    0.0886557961674
9.25    0.0886557961674
9.375    0.088274469365
9.5    0.0918084557876
9.625    0.0918084557876
9.75    0.0918084557876
9.875    0.091255263384
10.0    0.101255693048
10.125    0.0939728882014
10.25    0.0940104838017
10.375    0.0937849102002
10.5    0.0894345621724
10.625    0.0894130789722
10.75    0.0894882701727
10.875    0.0893325169717
11.0    0.0883926269657
11.125    0.0883926269657
11.25    0.0886396837673
11.375    0.0891123141703
11.5    0.089842742975
11.625    0.0899716421758
11.75    0.0900360917762
11.875    0.0900575749764
12.0    0.0913250837845
12.125    0.091400274985
12.25    0.0914324997852
12.375    0.0915936237862
12.5    0.0879844461631
12.625    0.0887256165678
12.75    0.0887256165678
12.875    0.0887256165678
13.0    0.0892036177709
13.125    0.0889189653691
13.25    0.0889189653691
13.375    0.0889297069691
13.5    0.0894721577726
13.625    0.0894721577726
13.75    0.0894721577726
13.875    0.0885806049669
14.0    0.0890854601701
14.125    0.0890854601701
14.25    0.0898158889748
14.375    0.0898105181748
14.5    0.0891069433703
14.625    0.0892734381714
14.75    0.0892734381714
14.875    0.0892734381714
15.0    0.0890854601701
15.125    0.0893110337716
15.25    0.0885698633668
15.375    0.0890800893701
15.5    0.0874527369597
15.625    0.0878931425625
15.75    0.0877105353613
15.875    0.0875547821604
16.0    0.0923723897912
16.125    0.0915775113861
16.25    0.0868512073558
16.375    0.0892358425711
16.5    0.0898105181748
16.625    0.0898105181748
16.75    0.0901435077769
16.875    0.0901703617771
17.0    0.0888491449686
17.125    0.0888491449686
17.25    0.0888222909685
17.375    0.0891015725703
17.5    0.0897138437742
17.625    0.0897138437742
17.75    0.0896547649738
17.875    0.0898749677752
18.0    0.0872164217582
18.125    0.0869586233565
18.25    0.0869586233565
18.375    0.0869586233565
18.5    0.089525865773
18.625    0.0888974821689
18.75    0.0894023373722
18.875    0.0894023373722
19.0    0.0873990289594
19.125    0.0942951362035
19.25    0.0875440405603
19.375    0.0875440405603
19.5    0.0907235541806
19.625    0.0909598693821
19.75    0.0904013061786
19.875    0.0906376213801
20.0    0.0854923949472
20.125    0.0855783277477
20.25    0.0855783277477
20.375    0.0855622153476
20.5    0.0902938901779
20.625    0.0902294405775
20.75    0.0899447881756
20.875    0.0876299733608
21.0    0.0875225573601
21.125    0.0875332989602
21.25    0.0875332989602
21.375    0.0875332989602
21.5    0.0910243189826
21.625    0.0920555125892
21.75    0.0916688149867
21.875    0.0918138265876
22.0    0.0855729569477
22.125    0.0855729569477
22.25    0.0925549969923
22.375    0.0925549969923
22.5    0.0877642433617
22.625    0.087651456561
22.75    0.087651456561
22.875    0.0879522213629
23.0    0.0893647417719
23.125    0.0893647417719
23.25    0.0893432585718
23.375    0.0893432585718
23.5    0.0890048981696
23.625    0.087973704563
23.75    0.0874581077597
23.875    0.0892626965713
24.0    0.0911639597835
24.125    0.0911639597835
24.25    0.0911639597835
24.375    0.0911639597835
24.5    0.0889243361691
24.625    0.0889511901693
24.75    0.0889511901693
24.875    0.0889565609693
25.0    0.0904603849789
25.125    0.0905033513792
25.25    0.0906698461803
25.375    0.0906698461803
25.5    0.0897621809745
25.625    0.0889619317694
25.75    0.0885376385666
25.875    0.0895204949729
26.0    0.0905678009796
26.125    0.0905678009796
26.25    0.0905087221793
26.375    0.0881939073644
26.5    0.0921307037896
26.625    0.0921307037896
26.75    0.0921307037896
26.875    0.0907665205809
27.0    0.0868297241557
27.125    0.0868297241557
27.25    0.0868297241557
27.375    0.0864430265532
27.5    0.0886343129673
27.625    0.0863570937527
27.75    0.0863141273524
27.875    0.0863732061528
28.0    0.0886987625677
28.125    0.0886396837673
28.25    0.0883818853656
28.375    0.0883818853656
28.5    0.0881133453639
28.625    0.088118716164
28.75    0.0884194809659
28.875    0.0897944057747
29.0    0.0893915957721
29.125    0.0917064105869
29.25    0.0918245681877
29.375    0.0895097533729
29.5    0.0900360917762
29.625    0.089993125376
29.75    0.0899018217754
29.875    0.0876783105611
30.0    0.0889780441695
30.125    0.0896440233737
30.25    0.0889995273696
30.375    0.0891176849704
30.5    0.0873775457592
30.625    0.0873775457592
30.75    0.0903314857781
30.875    0.0901381369769
31.0    0.0910619145828
31.125    0.0909974649824
31.25    0.0909974649824
31.375    0.0905302053794
31.5    0.089681618974
31.625    0.0899662713758
31.75    0.0899877545759
31.875    0.0901220245768
32.0    0.091099510183
32.125    0.0912284093839
32.25    0.0913465669846
32.375    0.0913465669846
32.5    0.0916204777864
32.625    0.0902079573773
32.75    0.0904496433789
32.875    0.0904496433789
33.0    0.0878340637621
33.125    0.0880327833634
33.25    0.094993340208
33.375    0.0949772278079
33.5    0.092963177795
33.625    0.0921199621896
33.75    0.0910833977829
33.875    0.0912176677838
34.0    0.0832688837329
34.125    0.0834729741342
34.25    0.092350906591
34.375    0.092350906591
34.5    0.0886933917676
34.625    0.0886343129673
34.75    0.088596717367
34.875    0.0886450545673
35.0    0.0903314857781
35.125    0.0886557961674
35.25    0.0888974821689
35.375    0.0879146257627
35.5    0.0903422273782
35.625    0.0904120477786
35.75    0.0890800893701
35.875    0.0909759817822
36.0    0.0859274297499
36.125    0.0859274297499
36.25    0.0845471341411
36.375    0.0845686173412
36.5    0.0852023717453
36.625    0.0893593709719
36.75    0.0887578413681
36.875    0.0889404485692
37.0    0.0912874881842
37.125    0.0982319326287
37.25    0.0985112142305
37.375    0.0985702930309
37.5    0.0848801237432
37.625    0.094375698204
37.75    0.088591346567
37.875    0.0899125633754
38.0    0.089848113775
38.125    0.089837372175
38.25    0.0901918449772
38.375    0.0905355761794
38.5    0.0902133281774
38.625    0.0897944057747
38.75    0.0897944057747
38.875    0.0893002921715
39.0    0.0910511729827
39.125    0.091717152187
39.25    0.0916473317865
39.375    0.0870499269571
39.5    0.090933015382
39.625    0.0907396665807
39.75    0.0907396665807
39.875    0.0907396665807
40.0    0.0852775629458
40.125    0.0866471169545
40.25    0.086722308155
40.375    0.086722308155
40.5    0.0941286414024
40.625    0.0936237861992
40.75    0.0931618973962
40.875    0.0838005929363
41.0    0.0866202629544
41.125    0.0867491621552
41.25    0.086883432156
41.375    0.0859542837501
41.5    0.0905946549798
41.625    0.0904496433789
41.75    0.0904066769786
41.875    0.0905946549798
42.0    0.087189567758
42.125    0.0863356105525
42.25    0.086099295351
42.375    0.0865182177537
42.5    0.0874258829595
42.625    0.0920555125892
42.75    0.0851379221449
42.875    0.0851432929449
43.0    0.0880327833634
43.125    0.0879898169631
43.25    0.0874097705594
43.375    0.088124086964
43.5    0.0924153561915
43.625    0.0924153561915
43.75    0.0924153561915
43.875    0.0924153561915
44.0    0.0850197645441
44.125    0.085309787746
44.25    0.0854010913466
44.375    0.0880757497637
44.5    0.0880972329638
44.625    0.0881401993641
44.75    0.0881401993641
44.875    0.0881992781645
45.0    0.0892680673713
45.125    0.0892680673713
45.25    0.0883335481653
45.375    0.0884033685658
45.5    0.0922864569906
45.625    0.0925925925926
45.75    0.0930491105955
45.875    0.0926248173928
46.0    0.0886182005672
46.125    0.0882207613646
46.25    0.0883120649652
46.375    0.0857501933488
46.5    0.0886826501676
46.625    0.0892680673713
46.75    0.0886343129673
46.875    0.0886504253674
47.0    0.0887202457678
47.125    0.0878662885623
47.25    0.0874097705594
47.375    0.0876460857609
47.5    0.0890962017702
47.625    0.0892412133711
47.75    0.0892412133711
47.875    0.0892519549712
48.0    0.0868941737561
48.125    0.0851325513448
48.25    0.0893271461717
48.375    0.0888222909685
48.5    0.0867974993555
48.625    0.0855461029475
48.75    0.0852399673455
48.875    0.0894345621724
49.0    0.0950524190083
49.125    0.0944508894045
49.25    0.086405430953
49.375    0.0864483973533
49.5    0.0890102689697
49.625    0.0884678181662
49.75    0.0882100197645
49.875    0.0883765145656
50.0    0.0891445389705
50.125    0.0891606513706
50.25    0.0883872561657
50.375    0.0893862249721
50.5    0.0893969665721
50.625    0.0893969665721
50.75    0.0893969665721
50.875    0.0894399329724
51.0    0.0869693649566
51.125    0.0875332989602
51.25    0.0874258829595
51.375    0.0871304889576
51.5    0.0871197473576
51.625    0.0877588725617
51.75    0.0850251353442
51.875    0.0896547649738
52.0    0.0873775457592
52.125    0.0873775457592
52.25    0.0881509409642
52.375    0.0884194809659
52.5    0.0909920941824
52.625    0.0909491277821
52.75    0.0910243189826
52.875    0.0906967001805
53.0    0.0813515081206
53.125    0.0906913293804
53.25    0.0911102517831
53.375    0.0901005413766
53.5    0.0883711437656
53.625    0.0884194809659
53.75    0.0884194809659
53.875    0.0893056629716
54.0    0.0896547649738
54.125    0.0896601357738
54.25    0.0885376385666
54.375    0.0881348285641
54.5    0.0860563289508
54.625    0.0860563289508
54.75    0.0860563289508
54.875    0.0860563289508
55.0    0.0892680673713
55.125    0.0893862249721
55.25    0.0872808713586
55.375    0.0875816361605
55.5    0.0875762653605
55.625    0.0882583569649
55.75    0.0876192317608
55.875    0.0880650081636
56.0    0.0968408954198
56.125    0.0850895849446
56.25    0.0825599381284
56.375    0.0895634613732
56.5    0.0869371401564
56.625    0.0875923777606
56.75    0.0873130961588
56.875    0.0873936581593
57.0    0.0870821517573
57.125    0.0884678181662
57.25    0.08750644496
57.375    0.0873721749592
57.5    0.0877642433617
57.625    0.0876729397611
57.75    0.0876031193607
57.875    0.0855192489473
58.0    0.0872325341583
58.125    0.0874527369597
58.25    0.0879414797628
58.375    0.0882637277649
58.5    0.0871358597577
58.625    0.0881831657644
58.75    0.0879361089628
58.875    0.0896064277735
59.0    0.0878716593624
59.125    0.0887632121681
59.25    0.0884463349661
59.375    0.0884194809659
59.5    0.0864806221535
59.625    0.0891875053708
59.75    0.0891821345708
59.875    0.0888276617685
60.0    0.0891713929707
60.125    0.0891875053708
60.25    0.088596717367
60.375    0.0886557961674
60.5    0.0865235885538
60.625    0.086566554954
60.75    0.0871788261579
60.875    0.0869371401564
61.0    0.0781612529002
61.125    0.0897514393744
61.25    0.087184196958
61.375    0.0872056801581
61.5    0.092023287789
61.625    0.0918299389877
61.75    0.0848854945433
61.875    0.0849123485434
62.0    0.0882905817651
62.125    0.0882583569649
62.25    0.0880972329638
62.375    0.0879414797628
62.5    0.0870015897568
62.625    0.0862604193521
62.75    0.0861744865515
62.875    0.0869908481567
63.0    0.0866739709547
63.125    0.0865987797542
63.25    0.0868350949557
63.375    0.084686774942
63.5    0.0871197473576
63.625    0.0876299733608
63.75    0.0870552977572
63.875    0.0873560625591
64.0    0.0846384377417
64.125    0.0889350777692
64.25    0.0931135601959
64.375    0.0906805877804
64.5    0.0861422617513
64.625    0.0838435593366
64.75    0.085476282547
64.875    0.0864430265532
65.0    0.0897245853742
65.125    0.0908578241815
65.25    0.0917064105869
65.375    0.0903637105783
65.5    0.08906934777
65.625    0.0899877545759
65.75    0.0893969665721
65.875    0.0892358425711
66.0    0.0858253845493
66.125    0.0866041505543
66.25    0.0940104838017
66.375    0.0942736530033
66.5    0.0916204777864
66.625    0.0920447709891
66.75    0.0921414453897
66.875    0.0900522041763
67.0    0.0894077081722
67.125    0.0882583569649
67.25    0.0884785597663
67.375    0.0874581077597
67.5    0.0843215605396
67.625    0.0844021225402
67.75    0.0836448397353
67.875    0.0837039185357
68.0    0.0885054137664
68.125    0.0885054137664
68.25    0.0883872561657
68.375    0.0911371057833
68.5    0.0910780269829
68.625    0.0902025865773
68.75    0.0911800721835
68.875    0.0885591217668
69.0    0.0754221448827
69.125    0.0757551344848
69.25    0.0747346824783
69.375    0.0772428460944
69.5    0.0827103205294
69.625    0.0813676205208
69.75    0.0807284953167
69.875    0.0872701297585
70.0    0.0836931769356
70.125    0.0835105697345
70.25    0.082661983329
70.375    0.0826405001289
70.5    0.0941178998024
70.625    0.0941178998024
70.75    0.0950309358082
70.875    0.0941716078027
71.0    0.0802021569133
71.125    0.0801914153132
71.25    0.0800088081121
71.375    0.0808735069176
71.5    0.088124086964
71.625    0.0839133797371
71.75    0.081405216121
71.875    0.084063762138
72.0    0.0867974993555
72.125    0.0868350949557
72.25    0.0868082409556
72.375    0.0869156569563
72.5    0.0869747357566
72.625    0.087189567758
72.75    0.0870875225574
72.875    0.0874634785598
73.0    0.0936774941995
73.125    0.0844397181404
73.25    0.0867974993555
73.375    0.0863141273524
73.5    0.0832098049325
73.625    0.0833601873335
73.75    0.0833494457334
73.875    0.083435378534
74.0    0.0860616997508
74.125    0.0841174701384
74.25    0.0840369081378
74.375    0.0928342785941
74.5    0.0786983329037
74.625    0.0787412993039
74.75    0.0857501933488
74.875    0.0871412305577
75.0    0.0930759645957
75.125    0.0925657385924
75.25    0.0931457849961
75.375    0.0922058949901
75.5    0.0863946893529
75.625    0.0860455873507
75.75    0.0864967345536
75.875    0.0841282117384
76.0    0.0856535189482
76.125    0.0858629801495
76.25    0.0856803729484
76.375    0.0858683509496
76.5    0.0816254189224
76.625    0.0815878233222
76.75    0.082183982126
76.875    0.0824901177279
77.0    0.0833225917333
77.125    0.0840154249377
77.25    0.0935002577984
77.375    0.0938493598006
77.5    0.0847028873421
77.625    0.0843860101401
77.75    0.084998281344
77.875    0.0814428117212
78.0    0.0857931597491
78.125    0.0857179685486
78.25    0.0858092721492
78.375    0.085777047349
78.5    0.0861368909513
78.625    0.0862228237518
78.75    0.0864483973533
78.875    0.0864483973533
79.0    0.0879898169631
79.125    0.0874795909599
79.25    0.0875118157601
79.375    0.0846169545415
79.5    0.0864698805534
79.625    0.0862711609521
79.75    0.0864645097534
79.875    0.0855407321475
80.0    0.0848747529432
80.125    0.0848317865429
80.25    0.0860026209504
80.375    0.0850197645441
80.5    0.0841335825385
80.625    0.084842528143
80.75    0.0942414282031
80.875    0.093596932199
81.0    0.0852990461459
81.125    0.0881670533643
81.25    0.0880918621638
81.375    0.086716937355
81.5    0.0865343301538
81.625    0.0871466013577
81.75    0.0858253845493
81.875    0.0814481825213
82.0    0.083746884936
82.125    0.0836502105354
82.25    0.081555598522
82.375    0.0816683853227
82.5    0.0862335653519
82.625    0.0869962189568
82.75    0.0862174529518
82.875    0.0861905989516
83.0    0.0856750021483
83.125    0.083746884936
83.25    0.0834729741342
83.375    0.0834729741342
83.5    0.084998281344
83.625    0.0854440577468
83.75    0.0857931597491
83.875    0.0859757669502
84.0    0.0843591561399
84.125    0.0847136289422
84.25    0.0847995617427
84.375    0.0847995617427
84.5    0.0858200137492
84.625    0.0864537681533
84.75    0.0858200137492
84.875    0.0858414969494
85.0    0.0846491793418
85.125    0.0846599209418
85.25    0.084837157343
85.375    0.0837629973361
85.5    0.0874849617599
85.625    0.0797832345106
85.75    0.0811366761193
85.875    0.0807446077168
86.0    0.0823612185271
86.125    0.0826136461287
86.25    0.089848113775
86.375    0.0900683165764
86.5    0.089686989774
86.625    0.0905731717797
86.75    0.0890156397697
86.875    0.0890800893701
87.0    0.0913197129844
87.125    0.0908470825814
87.25    0.0907880037811
87.375    0.0910404313827
87.5    0.0854977657472
87.625    0.0848908653433
87.75    0.0848854945433
87.875    0.084842528143
88.0    0.0830486809315
88.125    0.0831936925324
88.25    0.0836878061356
88.375    0.0831883217324
88.5    0.0862819025522
88.625    0.0863570937527
88.75    0.0863624645527
88.875    0.0865934089542
89.0    0.084536392541
89.125    0.0845739881413
89.25    0.0849499441437
89.375    0.0827801409298
89.5    0.0870660393572
89.625    0.086555813354
89.75    0.0874419953596
89.875    0.0872540173584
90.0    0.0839187505371
90.125    0.084214144539
90.25    0.0845578757412
90.375    0.0839617169374
90.5    0.0927322333935
90.625    0.092807424594
90.75    0.0907342957807
90.875    0.0908578241815
91.0    0.0848103033428
91.125    0.0841711781387
91.25    0.0841711781387
91.375    0.0842785941394
91.5    0.0866363753545
91.625    0.0849230901435
91.75    0.0926194465928
91.875    0.0857287101487
92.0    0.0884302225659
92.125    0.087662198161
92.25    0.087334579359
92.375    0.0886826501676
92.5    0.0861315201512
92.625    0.0837683681361
92.75    0.0815180029217
92.875    0.0839509753373
93.0    0.0860831829509
93.125    0.0865128469537
93.25    0.085782418149
93.375    0.0864537681533
93.5    0.0915130617857
93.625    0.0915775113861
93.75    0.0869156569563
93.875    0.086867319756
94.0    0.0863302397525
94.125    0.086405430953
94.25    0.086561184154
94.375    0.0864269141531
94.5    0.0877266477615
94.625    0.0879307381628
94.75    0.0860778121509
94.875    0.0862765317522
95.0    0.083897267337
95.125    0.0841228409384
95.25    0.0911693305835
95.375    0.0911371057833
95.5    0.082661983329
95.625    0.0828338489301
95.75    0.0833870413337
95.875    0.0841604365386
96.0    0.0840476497379
96.125    0.0841980321389
96.25    0.0843269313397
96.375    0.0836072441351
96.5    0.0870015897568
96.625    0.0862926441523
96.75    0.086099295351
96.875    0.086555813354
97.0    0.0815931941222
97.125    0.0828714445304
97.25    0.082028228925
97.375    0.0824149265275
97.5    0.0846330669416
97.625    0.0850627309444
97.75    0.0855461029475
97.875    0.0873882873593
98.0    0.0834192661339
98.125    0.083908008937
98.25    0.0828499613302
98.375    0.0864537681533
98.5    0.0849069777434
98.625    0.0849069777434
98.75    0.0849821689439
98.875    0.0852238549454
99.0    0.0822323193263
99.125    0.0828499613302
99.25    0.083123872132
99.375    0.0832366589327
99.5    0.0824740053278
99.625    0.0820550829252
99.75    0.0817059809229
99.875    0.082500859328
100.0    0.0864806221535
100.125    0.0888330325685
100.25    0.0870767809573
100.375    0.0886020881671
100.5    0.0853259001461
100.625    0.085159405345
100.75    0.0857501933488
100.875    0.0854172037467
101.0    0.0882153905646
101.125    0.088279840165
101.25    0.0887202457678
101.375    0.0886772793675
101.5    0.0835750193349
101.625    0.0833118501332
101.75    0.083585760935
101.875    0.0847941909427
102.0    0.0833494457334
102.125    0.0835803901349
102.25    0.0860616997508
102.375    0.0861154077511
102.5    0.0867599037553
102.625    0.0863570937527
102.75    0.0864537681533
102.875    0.0938117642004
103.0    0.0847727077425
103.125    0.0801699321131
103.25    0.0847995617427
103.375    0.0842356277391
103.5    0.0872486465584
103.625    0.0785157257025
103.75    0.0792031881069
103.875    0.0796650769099
104.0    0.0869102861562
104.125    0.0804868093151
104.25    0.0801108533127
104.375    0.0810722265189
104.5    0.0850143937441
104.625    0.0851003265446
104.75    0.0759055168858
104.875    0.0763781472888
105.0    0.0904389017788
105.125    0.0904174185787
105.25    0.0907289249807
105.375    0.0898534845751
105.5    0.0875977485606
105.625    0.087662198161
105.75    0.0878286929621
105.875    0.0882690985649
106.0    0.0860670705508
106.125    0.086249677752
106.25    0.0852184841454
106.375    0.0853312709461
106.5    0.0852077425453
106.625    0.0823236229269
106.75    0.0915828821861
106.875    0.092028658589
107.0    0.082506230128
107.125    0.0819369253244
107.25    0.0826405001289
107.375    0.0825384549282
107.5    0.082183982126
107.625    0.0808305405173
107.75    0.0814481825213
107.875    0.0824632637278
108.0    0.0888169201684
108.125    0.0890424937699
108.25    0.0891176849704
108.375    0.0887632121681
108.5    0.0867974993555
108.625    0.0868458365558
108.75    0.0880972329638
108.875    0.087345320959
109.0    0.0884785597663
109.125    0.0777584428977
109.25    0.0868941737561
109.375    0.0802558649136
109.5    0.082968118931
109.625    0.0830486809315
109.75    0.0834676033342
109.875    0.08281773653
110.0    0.0876246025608
110.125    0.0877535017616
110.25    0.0866686001547
110.375    0.0872271633582
110.5    0.0830110853313
110.625    0.0832098049325
110.75    0.0830862765318
110.875    0.0834890865343
111.0    0.0834622325342
111.125    0.0833870413337
111.25    0.0836663229355
111.375    0.0829412649308
111.5    0.0832420297327
111.625    0.0834944573344
111.75    0.0837254017358
111.875    0.0835696485348
112.0    0.088440964166
112.125    0.091878276188
112.25    0.0939191802011
112.375    0.0907020709805
112.5    0.0836878061356
112.625    0.0838059637364
112.75    0.083902638137
112.875    0.0838328177365
113.0    0.0900092377761
113.125    0.0921307037896
113.25    0.0921736701899
113.375    0.0913036005843
113.5    0.0880488957635
113.625    0.0892465841712
113.75    0.0883711437656
113.875    0.0876836813612
114.0    0.0814804073215
114.125    0.0799443585116
114.25    0.0777208472974
114.375    0.0777477012976
114.5    0.0797241557102
114.625    0.0799551001117
114.75    0.079992695712
114.875    0.0892519549712
115.0    0.0894506745725
115.125    0.0852184841454
115.25    0.0851755177451
115.375    0.0845417633411
115.5    0.0813461373206
115.625    0.082189352926
115.75    0.0823021397267
115.875    0.0776725100971
116.0    0.0850949557446
116.125    0.0849069777434
116.25    0.0849392025436
116.375    0.0842678525393
116.5    0.0821087909255
116.625    0.0820443413251
116.75    0.0829949729312
116.875    0.080631820916
117.0    0.0793428289078
117.125    0.0886880209676
117.25    0.0910028357824
117.375    0.0887095041677
117.5    0.0831346137321
117.625    0.0831346137321
117.75    0.0823021397267
117.875    0.0827318037295
118.0    0.0813515081206
118.125    0.082968118931
118.25    0.0807284953167
118.375    0.0810238893186
118.5    0.0830862765318
118.625    0.0826351293289
118.75    0.0827318037295
118.875    0.0827640285297
119.0    0.0804331013148
119.125    0.0804760677151
119.25    0.0805620005156
119.375    0.0805351465154
120.0    0.0802290109135
120.125    0.0802666065137
120.25    0.0805566297156
120.375    0.0809111025178
120.5    0.0815931941222
120.625    0.0816683853227
120.75    0.0816683853227
120.875    0.0816683853227
121.0    0.0922166365902
121.125    0.0922005241901
121.25    0.0925818509925
121.375    0.0899609005758
121.5    0.0821410157257
121.625    0.0913465669846
121.75    0.0819745209246
121.875    0.0819852625247
122.0    0.078596287703
122.125    0.0810453725187
122.25    0.0858629801495
122.375    0.0870015897568
122.5    0.0822913981267
122.625    0.0824041849274
122.75    0.082506230128
122.875    0.0849230901435
123.0    0.0817919137235
123.125    0.0818080261236
123.25    0.0811689009195
123.375    0.0818080261236
123.5    0.0834568617341
123.625    0.0840798745381
123.75    0.0860402165507
123.875    0.0845632465412
124.0    0.0910350605826
124.125    0.0902777777778
124.25    0.0911156225831
124.375    0.091099510183
124.5    0.0817006101229
124.625    0.0818080261236
124.75    0.0819637793246
124.875    0.0796489645098
125.0    0.0854547993469
125.125    0.0855461029475
125.25    0.0801699321131
125.375    0.0794233909083
125.5    0.0841765489387
125.625    0.0819745209246
125.75    0.0823021397267
125.875    0.0821087909255
126.0    0.0816898685228
126.125    0.0816898685228
126.25    0.0818509925239
126.375    0.0818133969236
126.5    0.0846491793418
126.625    0.0849230901435
126.75    0.0826029045287
126.875    0.0824740053278
127.0    0.0832098049325
127.125    0.0837092893357
127.25    0.0836233565352
127.375    0.0836448397353
127.5    0.0913197129844
127.625    0.0774308240956
127.75    0.0797886053107
127.875    0.0845417633411
128.0    0.0780592076996
128.125    0.0783868265017
128.25    0.0783868265017
128.375    0.085621294148
128.5    0.0806586749162
128.625    0.0806640457163
128.75    0.0808251697173
128.875    0.0803525393142
129.0    0.0854816533471
129.125    0.0859650253502
129.25    0.0862604193521
129.375    0.0839456045372
129.5    0.0836555813354
129.625    0.083908008937
129.75    0.0839402337372
129.875    0.0839348629372
130.0    0.0727152616654
130.125    0.0727152616654
130.25    0.0824901177279
130.375    0.082495488528
130.5    0.0818456217238
130.625    0.0809003609178
130.75    0.0811903841196
130.875    0.0810400017187
131.0    0.088913594569
131.125    0.0796167397096
131.25    0.0889673025694
131.375    0.0861422617513
131.5    0.086255048552
131.625    0.086255048552
131.75    0.0862657901521
131.875    0.0841658073387
132.0    0.0849767981438
132.125    0.0851110681447
132.25    0.0855192489473
132.375    0.0855514737475
132.5    0.0818617341239
132.625    0.0819369253244
132.75    0.079847684111
132.875    0.0796543353098
133.0    0.0825545673283
133.125    0.0825760505285
133.25    0.0826888373292
133.375    0.0830862765318
133.5    0.0757658760849
133.625    0.0759699664862
133.75    0.0767326200911
133.875    0.0767326200911
134.0    0.0789883561055
134.125    0.0790044685056
134.25    0.0792300421071
134.375    0.0792730085074
134.5    0.0786392541033
134.625    0.0787950073043
134.75    0.0788433445046
134.875    0.0789185357051
135.0    0.0862980149523
135.125    0.0841282117384
135.25    0.0844773137407
135.375    0.079836942511
135.5    0.083118501332
135.625    0.083118501332
135.75    0.0832366589327
135.875    0.0893647417719
136.0    0.0808197989172
136.125    0.0810077769185
136.25    0.0811742717195
136.375    0.081410586921
136.5    0.0817919137235
136.625    0.0817919137235
136.75    0.0826351293289
136.875    0.0827586577297
137.0    0.0794395033084
137.125    0.0793159749076
137.25    0.0818885881241
137.375    0.0809862937183
137.5    0.0865826673541
137.625    0.0869801065567
137.75    0.0803740225144
137.875    0.0810400017187
138.0    0.080621079316
138.125    0.0810292601186
138.25    0.0806747873163
138.375    0.083129242932
138.5    0.0738055340724
138.625    0.0738055340724
138.75    0.0733597576695
138.875    0.0738323880725
139.0    0.0834568617341
139.125    0.0834568617341
139.25    0.0824256681275
139.375    0.0839294921372
139.5    0.0800571453124
139.625    0.0803686517144
139.75    0.0809540689181
139.875    0.0812279797199
140.0    0.0835696485348
140.125    0.0859757669502
140.25    0.0862120821518
140.375    0.0865826673541
140.5    0.0827586577297
140.625    0.0828016241299
140.75    0.0828016241299
140.875    0.0830970181318
141.0    0.0805673713156
141.125    0.0806694165163
141.25    0.0760290452866
141.375    0.0760021912864
141.5    0.0770870928934
141.625    0.0770709804932
141.75    0.0863302397525
141.875    0.0863302397525
142.0    0.083279625333
142.125    0.0842678525393
142.25    0.083279625333
142.375    0.0820873077254
142.5    0.0801001117127
142.625    0.0804438429148
142.75    0.0771461716937
142.875    0.077817521698
143.0    0.0835320529346
143.125    0.0838865257369
143.25    0.083897267337
143.375    0.0841335825385
143.5    0.0745950416774
143.625    0.0754919652831
143.75    0.0754812236831
143.875    0.0757336512847
144.0    0.0887363581679
144.125    0.0901703617771
144.25    0.07968118931
144.375    0.0866256337544
144.5    0.0764425968892
144.625    0.0768615192919
144.75    0.0768615192919
144.875    0.0725219128641
145.0    0.0846062129415
145.125    0.0733275328693
145.25    0.0806801581164
145.375    0.076098865687
145.5    0.0785318381026
145.625    0.0785157257025
145.75    0.0787359285039
145.875    0.0810238893186
146.0    0.0781451405001
146.125    0.0804277305147
146.25    0.0772697000945
146.375    0.0773824868952
146.5    0.0849553149437
146.625    0.0852131133454
146.75    0.0852131133454
146.875    0.080787574117
147.0    0.0810829681189
147.125    0.0764533384893
147.25    0.0762277648879
147.375    0.0761042364871
147.5    0.0766037208903
147.625    0.0766037208903
147.75    0.0768561484919
147.875    0.0768883732921
148.0    0.0790957721062
148.125    0.0790957721062
148.25    0.0862228237518
148.375    0.0864806221535
148.5    0.075932370886
148.625    0.0758947752857
148.75    0.0759860788863
148.875    0.0765500128899
149.0    0.0791226261064
149.125    0.0770709804932
149.25    0.0770709804932
149.375    0.077189138094
149.5    0.085476282547
149.625    0.0809540689181
149.75    0.0809540689181
149.875    0.0818348801238
150.0    0.0746970868781
150.125    0.0814804073215
150.25    0.079219300507
150.375    0.0724198676635
150.5    0.077973274899
150.625    0.0802880897138
150.75    0.0823182521268
150.875    0.0823827017272
151.0    0.079380424508
151.125    0.0794663573086
151.25    0.079536177709
151.375    0.0815394861219
151.5    0.0777101056973
151.625    0.0800249205122
151.75    0.0777101056973
151.875    0.0801108533127
152.0    0.0775597232964
152.125    0.0775597232964
152.25    0.0755403024835
152.375    0.0755403024835
152.5    0.0796382229097
152.625    0.0797456389104
152.75    0.0798960213113
152.875    0.0801162241127
153.0    0.0872647589585
153.125    0.0872325341583
153.25    0.087656827361
153.375    0.0874795909599
153.5    0.0788057489044
153.625    0.0787144453038
153.75    0.0778819712985
153.875    0.0785103549025
154.0    0.0813568789207
154.125    0.0811420469193
154.25    0.0795737733093
154.375    0.0776402852969
154.5    0.081722093323
154.625    0.0819261837243
154.75    0.0817650597233
154.875    0.0822484317264
155.0    0.0783223769013
155.125    0.0784620177022
155.25    0.0784620177022
155.375    0.0785157257025
155.5    0.0775436108963
155.625    0.0774630488958
155.75    0.0775758356965
155.875    0.0780001288992
156.0    0.0785318381026
156.125    0.0785157257025
156.25    0.0785157257025
156.375    0.0783599725015
156.5    0.0779786456991
156.625    0.0782203317006
156.75    0.0768024404915
156.875    0.0781719945003
157.0    0.0648309272149
157.125    0.0833548165335
157.25    0.0811366761193
157.375    0.0789185357051
157.5    0.072973060067
157.625    0.072973060067
157.75    0.0731771504683
157.875    0.0732040044685
158.0    0.0760505284867
158.125    0.0762170232878
158.25    0.0829573773309
158.375    0.0769581936925
158.5    0.077962533299
158.625    0.077967904099
158.75    0.0765929792902
158.875    0.0780484660995
159.0    0.0814589241213
159.125    0.082194723726
159.25    0.0819798917247
159.375    0.0819584085245
159.5    0.077339520495
159.625    0.0761042364871
159.75    0.0773717452952
159.875    0.0773824868952
160.0    0.0764479676893
160.125    0.0768454068918
160.25    0.0768346652917
160.375    0.0767863280914
160.5    0.0790205809057
160.625    0.0791279969064
160.75    0.0792622669073
160.875    0.0792622669073
161.0    0.0793267165077
161.125    0.080003437312
161.25    0.0802397525135
161.375    0.0795737733093
161.5    0.0757282804847
161.625    0.0758410672854
161.75    0.0758410672854
161.875    0.0761364612873
162.0    0.0809594397181
162.125    0.0811044513191
162.25    0.081099080519
162.375    0.0811796425195
162.5    0.0777047348973
162.625    0.0777047348973
162.75    0.0799389877116
162.875    0.0801323365128
163.0    0.0752180544814
163.125    0.0730751052677
163.25    0.0732523416688
163.375    0.0741385236745
163.5    0.0808144281172
163.625    0.0807177537166
163.75    0.0760773824869
163.875    0.0764748216894
164.0    0.0745413336771
164.125    0.0766413164905
164.25    0.0773341496949
164.375    0.0776456560969
164.5    0.0781021740999
164.625    0.0781505113002
164.75    0.0782203317006
164.875    0.0784244221019
165.0    0.0766090916903
165.125    0.0767272492911
165.25    0.0758571796855
165.375    0.0767594740913
165.5    0.0749602560797
165.625    0.0749334020796
165.75    0.0751106384807
165.875    0.0753952908825
166.0    0.0733382744694
166.125    0.0733382744694
166.25    0.0734080948698
166.375    0.0735047692704
166.5    0.0808466529174
166.625    0.0808627653175
166.75    0.0762331356879
166.875    0.0787681533041
167.0    0.0763190684884
167.125    0.0772589584945
167.25    0.0773556328951
167.375    0.077506015296
167.5    0.0795898857094
167.625    0.0795898857094
167.75    0.0774415656956
167.875    0.0776295436968
168.0    0.0785479505027
168.125    0.0788648277047
168.25    0.0759753372862
168.375    0.0762331356879
168.5    0.0792354129071
168.625    0.0747239408782
168.75    0.0865772965541
168.875    0.0749387728796
169.0    0.076883002492
169.125    0.0769098564922
169.25    0.0769098564922
169.375    0.0769098564922
169.5    0.0754489988829
169.625    0.075470482083
169.75    0.0826834665292
169.875    0.0826834665292
170.0    0.0799604709117
170.125    0.0799604709117
170.25    0.0799873249119
170.375    0.0776725100971
170.5    0.0804169889147
170.625    0.0804169889147
170.75    0.0805566297156
170.875    0.0805566297156
171.0    0.0706743576523
171.125    0.0753415828822
171.25    0.0778228924981
171.375    0.0781236573
171.5    0.0808305405173
171.625    0.0785157257025
171.75    0.0760558992868
171.875    0.0783707141016
172.0    0.0834192661339
172.125    0.0811044513191
172.25    0.0810346309186
172.375    0.0787198161038
172.5    0.0777906676979
172.625    0.0778604880983
172.75    0.0872003093581
172.875    0.0779410500988
173.0    0.0785210965025
173.125    0.0776134312967
173.25    0.0776080604967
173.375    0.0770494972931
173.5    0.0776725100971
173.625    0.0777584428976
173.75    0.0777584428976
173.875    0.0778819712985
174.0    0.0830379393314
174.125    0.0828768153304
174.25    0.0828768153304
174.375    0.0830057145312
174.5    0.0820873077254
174.625    0.0821678697259
174.75    0.0822538025264
174.875    0.0823827017272
175.0    0.0772374752943
175.125    0.0764157428891
175.25    0.077189138094
175.375    0.0772858124946
175.5    0.0782632981009
175.625    0.0783653433015
175.75    0.0805297757154
175.875    0.0805834837157
176.0    0.0785479505027
176.125    0.076249248088
176.25    0.0763835180889
176.375    0.0764425968892
176.5    0.0759592248861
176.625    0.0759484832861
176.75    0.0768615192919
176.875    0.0762223940878
177.0    0.076088124087
177.125    0.076088124087
177.25    0.0761042364871
177.375    0.0755993812838
177.5    0.0781934777004
177.625    0.0781666237003
177.75    0.0781558821002
177.875    0.0782042193005
178.0    0.0801430781129
178.125    0.0853957205465
178.25    0.0862604193521
178.375    0.084692145742
178.5    0.0783170061012
178.625    0.0785533213027
178.75    0.0763459224886
178.875    0.0764479676893
179.0    0.0790152101057
179.125    0.0712651456561
179.25    0.0712651456561
179.375    0.0712329208559
180.0    0.0760558992868
180.125    0.0756369768841
180.25    0.075937741686
180.375    0.0762331356879
180.5    0.0790742889061
180.625    0.0789615021054
180.75    0.0785372089026
180.875    0.0789615021054
181.0    0.0833440749334
181.125    0.0812655753201
181.25    0.0792998625075
181.375    0.079063547306
181.5    0.0806533041162
181.625    0.0822162069262
181.75    0.0808788777176
181.875    0.0791870757068
182.0    0.0765983500902
182.125    0.0765016756896
182.25    0.07656612529
182.375    0.0771193176936
182.5    0.0786338833033
182.625    0.0786338833033
182.75    0.0786338833033
182.875    0.0785640629028
183.0    0.0758571796855
183.125    0.0760451576867
183.25    0.0760451576867
183.375    0.0760451576867
183.5    0.0821732405259
183.625    0.0821732405259
183.75    0.082194723726
183.875    0.079992695712
184.0    0.0762116524878
184.125    0.0767057660909
184.25    0.0769152272923
184.375    0.0757175388846
184.5    0.0791226261064
184.625    0.0790098393057
184.75    0.0791333677064
184.875    0.0802021569133
185.0    0.0823558477271
185.125    0.070776402853
185.25    0.0802880897138
185.375    0.0792998625075
185.5    0.0762868436882
185.625    0.076399630489
185.75    0.0764318552892
185.875    0.0765983500902
186.0    0.0766950244908
186.125    0.0767916988915
186.25    0.0765983500902
186.375    0.0765983500902
186.5    0.0764157428891
186.625    0.0717753716594
186.75    0.0718290796597
186.875    0.0718344504597
187.0    0.080626450116
187.125    0.080626450116
187.25    0.0807123829166
187.375    0.0806855289164
187.5    0.0655452436195
187.625    0.0656634012202
187.75    0.0657439632208
187.875    0.0655774684197
188.0    0.0808305405173
188.125    0.0799336169116
188.25    0.081410586921
188.375    0.0815878233222
188.5    0.0796328521097
188.625    0.0813192833205
188.75    0.0794985821088
188.875    0.0792730085074
189.0    0.0762062816877
189.125    0.081099080519
189.25    0.081099080519
189.375    0.0881509409642
189.5    0.0770602388932
189.625    0.079375053708
189.75    0.0791065137063
189.875    0.0791011429062
190.0    0.0772428460944
190.125    0.0771569132938
190.25    0.0769152272923
190.375    0.0772321044943
190.5    0.0821571281258
190.625    0.082189352926
190.75    0.0824310389276
190.875    0.0823128813268
191.0    0.0766090916903
191.125    0.0766950244908
191.25    0.0720653948612
191.375    0.0771193176936
191.5    0.0843054481396
191.625    0.0843054481396
191.75    0.0843269313397
191.875    0.0836931769356
192.0    0.0767003952909
192.125    0.0776295436968
192.25    0.073279195669
192.375    0.0725863624646
192.5    0.0795469193091
192.625    0.0795039529088
192.75    0.0795576609092
192.875    0.0797026725101
193.0    0.0794072785082
193.125    0.0795576609092
193.25    0.0795576609092
193.375    0.0798208301109
193.5    0.0793106041076
193.625    0.0788272321045
193.75    0.0784244221019
193.875    0.0795200653089
194.0    0.0797671221105
194.125    0.0799389877116
194.25    0.0797510097104
194.375    0.0801001117127
194.5    0.0790205809057
194.625    0.074535962877
194.75    0.0745735584773
194.875    0.0745735584773
195.0    0.0827962533299
195.125    0.0773126664948
195.25    0.0780430952995
195.375    0.0805942253158
195.5    0.0738162756724
195.625    0.0751697172811
195.75    0.0835051989344
195.875    0.0740525908739
196.0    0.0781666237003
196.125    0.0782257025006
196.25    0.0784835009023
196.375    0.0741009280742
196.5    0.0784996133024
196.625    0.0784996133024
196.75    0.0784996133024
196.875    0.0785425797027
197.0    0.0722372604623
197.125    0.0675270688322
197.25    0.0676344848329
197.375    0.0830325685314
197.5    0.0806157085159
197.625    0.0806157085159
197.75    0.0758732920856
197.875    0.0745843000773
198.0    0.0785318381026
198.125    0.0785318381026
198.25    0.0783062645012
198.375    0.078590916903
198.5    0.0741224112744
198.625    0.0741546360746
198.75    0.0741546360746
198.875    0.0743265016757
199.0    0.0815878233222
199.125    0.0814642949214
199.25    0.0815931941222
199.375    0.0811259345192
199.5    0.0737196012718
199.625    0.0737249720718
199.75    0.0741976024749
199.875    0.0740418492739
200.0    0.0797778637106
200.125    0.0798799089112
200.25    0.0753952908825
200.375    0.075465111283
200.5    0.0869586233565
200.625    0.0871036349575
200.75    0.0860294749506
200.875    0.0864698805534
201.0    0.0801054825127
201.125    0.0817006101229
201.25    0.0795684025092
201.375    0.0821732405259
201.5    0.0845901005414
201.625    0.0845417633411
201.75    0.0844612013406
201.875    0.0848586405431
202.0    0.0844558305405
202.125    0.0844826845407
202.25    0.0847404829424
202.375    0.0847565953425
202.5    0.0792354129071
202.625    0.0792354129071
202.75    0.0807284953167
202.875    0.0793159749076
203.0    0.0805405173155
203.125    0.0804868093151
203.25    0.0804975509152
203.375    0.0804975509152
203.5    0.0802827189138
203.625    0.080314943714
203.75    0.0805244049154
203.875    0.0805244049154
204.0    0.076093494887
204.125    0.0749495144797
204.25    0.0749871100799
204.375    0.0762385064879
204.5    0.0847673369425
204.625    0.0847673369425
204.75    0.0822376901263
204.875    0.0729086104666
205.0    0.0830164561313
205.125    0.0829412649308
205.25    0.0829358941308
205.375    0.080621079316
205.5    0.0746111540775
205.625    0.0746218956776
205.75    0.0755295608834
205.875    0.079530806909
206.0    0.0757551344848
206.125    0.0762277648879
206.25    0.0757121680846
206.375    0.0759699664862
206.5    0.0803793933144
206.625    0.0803525393142
206.75    0.0802773481138
206.875    0.0797241557102
207.0    0.0801753029131
207.125    0.0756584600842
207.25    0.0734993984704
207.375    0.0734618028702
207.5    0.0809057317178
207.625    0.0809003609178
207.75    0.0809003609178
207.875    0.0809003609178
208.0    0.0748743232792
208.125    0.075470482083
208.25    0.0757229096846
208.375    0.0755725272837
208.5    0.0791118845063
208.625    0.0794287617083
208.75    0.079530806909
208.875    0.0797939761107
209.0    0.0832151757326
209.125    0.0832151757326
209.25    0.0833118501332
209.375    0.0831507261322
209.5    0.0845632465412
209.625    0.0845578757412
209.75    0.0845525049411
209.875    0.0845525049411
210.0    0.0827747701298
210.125    0.0842356277391
210.25    0.0843913809401
210.375    0.0828553321303
210.5    0.0774200824955
210.625    0.0767916988915
210.75    0.0769420812924
210.875    0.0770924636934
211.0    0.0843430437398
211.125    0.0846223253416
211.25    0.084531021741
211.375    0.0849123485434
211.5    0.0771945088941
211.625    0.0765070464896
211.75    0.0764318552892
211.875    0.0771193176936
212.0    0.0850143937441
212.125    0.086410801753
212.25    0.0861691157515
212.375    0.0848693821432
212.5    0.0813246541205
212.625    0.0813300249205
212.75    0.0813300249205
212.875    0.0813300249205
213.0    0.0772697000945
213.125    0.0773019248947
213.25    0.0776456560969
213.375    0.0769259688923
213.5    0.0772321044943
213.625    0.0886557961674
213.75    0.0886343129673
213.875    0.0860348457506
214.0    0.0832312881327
214.125    0.0832098049325
214.25    0.0836824353356
214.375    0.0899609005758
214.5    0.0773985992953
214.625    0.0773985992953
214.75    0.0774093408954
214.875    0.077495273696
215.0    0.0811527885194
215.125    0.0742781644754
215.25    0.0743426140758
215.375    0.0746165248776
215.5    0.0780538368996
215.625    0.0783546017015
215.75    0.0780216120993
215.875    0.0781290281
216.0    0.0772321044943
216.125    0.0774576780957
216.25    0.0771246884936
216.375    0.0767916988915
216.5    0.0775758356965
216.625    0.077656397697
216.75    0.0777154764974
216.875    0.077806780098
217.0    0.0848049325428
217.125    0.0824901177279
217.25    0.0825223425282
217.375    0.0850358769442
217.5    0.0781827361004
217.625    0.0781075448999
217.75    0.0758034716851
217.875    0.0780592076996
218.0    0.0774308240956
218.125    0.0737625676721
218.25    0.0737679384721
218.375    0.0724198676635
218.5    0.0747830196786
218.625    0.0748904356793
218.75    0.0750300764802
218.875    0.0751912004812
219.0    0.0778604880983
219.125    0.0778551172983
219.25    0.0755940104838
219.375    0.0754006616826
219.5    0.0833387041334
219.625    0.0828875569305
219.75    0.0819154421243
219.875    0.0832635129329
220.0    0.0747293116783
220.125    0.0866202629544
220.25    0.0750193348801
220.375    0.0733543868695
220.5    0.0778282632981
220.625    0.0780269828994
220.75    0.0782632981009
220.875    0.0763351808885
221.0    0.0820174873249
221.125    0.0821732405259
221.25    0.0775436108963
221.375    0.0822108361262
221.5    0.0772374752943
221.625    0.0773126664948
221.75    0.0776134312967
221.875    0.0774093408954
222.0    0.0773824868952
222.125    0.0775543524963
222.25    0.0771246884936
222.375    0.0865719257541
222.5    0.0776832516972
222.625    0.0778336340981
222.75    0.0776939932972
222.875    0.0776939932972
223.0    0.0841228409384
223.125    0.0841980321389
223.25    0.0852292257455
223.375    0.0852507089456
223.5    0.0771085760935
223.625    0.0771085760935
223.75    0.0772858124946
223.875    0.0753415828822
224.0    0.0817972845235
224.125    0.0818295093237
224.25    0.0823719601272
224.375    0.0832527713328
224.5    0.0770870928934
224.625    0.0770870928934
224.75    0.0771783964939
224.875    0.0769259688923
225.0    0.0798691673112
225.125    0.0798530549111
225.25    0.0798530549111
225.375    0.0915076909857
225.5    0.0797026725101
225.625    0.0798154593108
225.75    0.0790957721062
225.875    0.0791924465068
226.0    0.079369682908
226.125    0.0793267165077
226.25    0.0795039529088
226.375    0.079525436109
226.5    0.0771246884936
226.625    0.0794395033084
226.75    0.0795845149093
226.875    0.0797187849102
227.0    0.0779141960986
227.125    0.0779141960986
227.25    0.0780968032998
227.375    0.0781558821002
227.5    0.0800732577125
227.625    0.084686774942
227.75    0.0799443585116
227.875    0.0800571453124
228.0    0.0784888717023
228.125    0.0784888717023
228.25    0.0762277648879
228.375    0.0760236744865
228.5    0.0783599725015
228.625    0.0763029560883
228.75    0.0755027068832
228.875    0.075470482083
229.0    0.0760451576867
229.125    0.0760773824869
229.25    0.0761525736874
229.375    0.0811903841196
229.5    0.078596287703
229.625    0.0774361948956
229.75    0.0774308240956
229.875    0.0778497464982
230.0    0.0799819541119
230.125    0.0799819541119
230.25    0.0792354129071
230.375    0.079847684111
230.5    0.0757390220847
230.625    0.0757390220847
230.75    0.0757390220847
230.875    0.0758625504855
231.0    0.0780108704993
231.125    0.0775973188966
231.25    0.075781988485
231.375    0.0717377760591
231.5    0.0815072613216
231.625    0.0816630145226
231.75    0.0817382057231
231.875    0.0817382057231
232.0    0.086093924551
232.125    0.086093924551
232.25    0.0862013405517
232.375    0.0863570937527
232.5    0.0803686517144
232.625    0.0780538368996
232.75    0.0784835009023
232.875    0.0784835009023
233.0    0.0792891209075
233.125    0.0788755693048
233.25    0.0786929621036
233.375    0.0783653433015
233.5    0.0773610036951
233.625    0.0774415656956
233.75    0.0774469364957
233.875    0.0774469364957
234.0    0.0781236573
234.125    0.0781558821002
234.25    0.0755456732835
234.375    0.0757658760849
234.5    0.0768078112916
234.625    0.0739559164733
234.75    0.0810077769185
234.875    0.0810185185185
235.0    0.0768024404915
235.125    0.0769689352926
235.25    0.0769689352926
235.375    0.0769904184927
235.5    0.0783599725015
235.625    0.0784136805019
235.75    0.0784512761021
235.875    0.0787305577039
236.0    0.0787896365043
236.125    0.0788863109049
236.25    0.0905140929793
236.375    0.0813461373206
236.5    0.0697183552462
236.625    0.0697237260462
236.75    0.072033170061
236.875    0.0720546532611
237.0    0.0755403024835
237.125    0.0755725272837
237.25    0.0762653604881
237.375    0.0764157428891
237.5    0.0799013921114
237.625    0.0799336169116
237.75    0.0799067629114
237.875    0.0800088081121
238.0    0.0883657729655
238.125    0.0819691501246
238.25    0.0825867921286
238.375    0.0821410157257
238.5    0.0802075277133
238.625    0.080470696915
238.75    0.0805727421157
238.875    0.0807392369167
239.0    0.0803847641145
239.125    0.0803471685142
239.25    0.0804438429148
239.375    0.0805888545158
240.0    0.0752287960815
240.125    0.0753039872819
240.25    0.0779088252986
240.375    0.0773287788949
240.5    0.0750247056802
240.625    0.0756906848844
240.75    0.0756154936839
240.875    0.0750676720804
241.0    0.0807553493168
241.125    0.0807553493168
241.25    0.0797939761107
241.375    0.0810077769185
241.5    0.0761257196872
241.625    0.0761257196872
241.75    0.0761203488872
241.875    0.0761310904872
242.0    0.0740257368738
242.125    0.0740257368738
242.25    0.0741224112744
242.375    0.0740955572742
242.5    0.078746670104
242.625    0.0787788949042
242.75    0.0788648277047
242.875    0.079369682908
243.0    0.0758034716851
243.125    0.0850627309444
243.25    0.0828016241299
243.375    0.0805136633153
243.5    0.0813139125204
243.625    0.0813139125204
243.75    0.0813085417204
243.875    0.0807016413165
244.0    0.0774093408954
244.125    0.0778497464982
244.25    0.0772911832947
244.375    0.0775865772966
244.5    0.0763942596889
244.625    0.0742889060754
244.75    0.0743963220761
244.875    0.0742459396752
245.0    0.0829036693306
245.125    0.0815072613216
245.25    0.0816254189224
245.375    0.0815824525221
245.5    0.0783707141016
245.625    0.0785103549025
245.75    0.0791763341067
245.875    0.076243877288
246.0    0.077028014093
246.125    0.0771032052935
246.25    0.0739398040732
246.375    0.0740472200739
246.5    0.0744661424766
246.625    0.0751321216808
246.75    0.0820604537252
246.875    0.0812118673198
247.0    0.0833870413337
247.125    0.0833924121337
247.25    0.0838167053364
247.375    0.0842087737389
247.5    0.0768991148922
247.625    0.076249248088
247.75    0.0775436108963
247.875    0.0776456560969
248.0    0.0749548852797
248.125    0.07499785168
248.25    0.0720707656613
248.375    0.072027799261
248.5    0.0847727077425
248.625    0.0782364441007
248.75    0.0779893872991
248.875    0.0786285125032
249.0    0.0776241728968
249.125    0.0775436108963
249.25    0.0776456560969
249.375    0.0776456560969
249.5    0.0800356621122
249.625    0.082661983329
249.75    0.082661983329
249.875    0.0825277133282
250.0    0.0689610724414
250.125    0.0782364441007
250.25    0.0786124001031
250.375    0.079063547306
250.5    0.0784996133024
250.625    0.0784996133024
250.75    0.0786499957034
250.875    0.0786499957034
251.0    0.0788111197044
251.125    0.078907794105
251.25    0.0762223940878
251.375    0.0762761020882
251.5    0.0756799432843
251.625    0.0757605052849
251.75    0.0757605052849
251.875    0.0757605052849
252.0    0.0757927300851
252.125    0.075781988485
252.25    0.0758464380854
252.375    0.0734564320701
252.5    0.0773824868952
252.625    0.0727528572656
252.75    0.0893593709719
252.875    0.0894345621724
253.0    0.0708408524534
253.125    0.0707388072527
253.25    0.0822645441265
253.375    0.0823182521268
253.5    0.0737088596717
253.625    0.0738538712727
253.75    0.0738914668729
253.875    0.0725541376643
254.0    0.0783116353012
254.125    0.068901993641
254.25    0.0691168256424
254.375    0.0692940620435
254.5    0.0680211824353
254.625    0.0680211824353
254.75    0.0681017444359
254.875    0.068278980837
255.0    0.0790152101057
255.125    0.0780914324998
255.25    0.0757229096846
255.375    0.0751965712813
255.5    0.0793965369081
255.625    0.079375053708
255.75    0.0793428289078
255.875    0.079536177709
256.0    0.0788809401048
256.125    0.0791065137063
256.25    0.0768507776918
256.375    0.0791655925067
256.5    0.0781129156999
256.625    0.0783599725015
256.75    0.0783599725015
256.875    0.0786070293031
257.0    0.0779356792988
257.125    0.0790044685056
257.25    0.0790152101057
257.375    0.0780914324998
257.5    0.0802719773137
257.625    0.0804277305147
257.75    0.0804975509152
257.875    0.0804438429148
258.0    0.0797832345106
258.125    0.079992695712
258.25    0.079992695712
258.375    0.0808627653175
258.5    0.0815502277219
258.625    0.0817596889233
258.75    0.0794448741084
258.875    0.0794448741084
259.0    0.0770119016929
259.125    0.0770387556931
259.25    0.0820121165249
259.375    0.0764533384893
259.5    0.0759108876858
259.625    0.0759108876858
259.75    0.0759645956862
259.875    0.0760129328865
260.0    0.0776993640973
260.125    0.0776886224972
260.25    0.0779356792988
260.375    0.0777423304975
260.5    0.0770172724929
260.625    0.0771730256939
260.75    0.0771730256939
260.875    0.0772052504941
261.0    0.0792622669073
261.125    0.0791065137063
261.25    0.0793159749076
261.375    0.0796435937097
261.5    0.0844504597405
261.625    0.0846115837415
261.75    0.084681404142
261.875    0.0851110681447
262.0    0.0766574288906
262.125    0.0768561484919
262.25    0.076872260892
262.375    0.0773878576953
262.5    0.0852614505457
262.625    0.0846599209418
262.75    0.0840745037381
262.875    0.0819960041248
263.0    0.0816469021225
263.125    0.081877846524
263.25    0.0818295093237
263.375    0.0819047005242
263.5    0.0773287788949
263.625    0.0773556328951
263.75    0.0706421328521
263.875    0.0706904700524
264.0    0.0779195668987
264.125    0.0774308240956
264.25    0.0778604880983
264.375    0.0778604880983
264.5    0.0788326029045
264.625    0.0788970525049
264.75    0.0766144624903
264.875    0.0766144624903
265.0    0.0749065480794
265.125    0.0841658073387
265.25    0.0843323021397
265.375    0.086722308155
265.5    0.0773180372948
265.625    0.0773126664948
265.75    0.0773126664948
265.875    0.0726830368652
266.0    0.0744661424766
266.125    0.0743211308757
266.25    0.0743211308757
266.375    0.0728334192661
266.5    0.0795200653089
266.625    0.0797510097104
266.75    0.0799604709117
266.875    0.080309572914
267.0    0.078274039701
267.125    0.0782955229011
267.25    0.0742996476755
267.375    0.0742996476755
267.5    0.0738592420727
267.625    0.0738216464725
267.75    0.0833011085331
267.875    0.0833011085331
268.0    0.0789990977056
268.125    0.0721459568617
268.25    0.0745896708774
268.375    0.0747615364785
268.5    0.0772589584945
268.625    0.0771945088941
268.75    0.0778228924981
268.875    0.0794502449085
269.0    0.0791387385065
269.125    0.0791172553063
269.25    0.0807016413165
269.375    0.0808251697173
269.5    0.0818456217238
269.625    0.0818456217238
269.75    0.0797026725101
269.875    0.0798852797113
270.0    0.0824471513277
270.125    0.0824471513277
270.25    0.0825438257283
270.375    0.0825223425282
270.5    0.0743426140758
270.625    0.0743426140758
270.75    0.0736712640715
270.875    0.0804331013148
271.0    0.0712221792558
271.125    0.0735638480708
271.25    0.0736658932715
271.375    0.0748850648793
271.5    0.0868082409556
271.625    0.0859757669502
271.75    0.0853527541463
271.875    0.0830271977314
272.0    0.0809916645184
272.125    0.0811850133196
272.25    0.0767057660909
272.375    0.0775758356965
272.5    0.0744876256767
272.625    0.0693638824439
272.75    0.074680974478
272.875    0.0745843000773
273.0    0.079369682908
273.125    0.0794395033084
273.25    0.0797187849102
273.375    0.0812870585202
273.5    0.0767272492911
273.625    0.0765929792902
273.75    0.076872260892
273.875    0.0861261493512
274.0    0.0718183380596
274.125    0.0713295952565
274.25    0.0790850305061
274.375    0.0795845149093
274.5    0.073902208473
274.625    0.073902208473
274.75    0.076399630489
274.875    0.078601658503
275.0    0.0774469364957
275.125    0.0776134312967
275.25    0.077651026897
275.375    0.0772159920942
275.5    0.0853688665464
275.625    0.0853688665464
275.75    0.0849553149437
275.875    0.0857663057489
276.0    0.0740364784738
276.125    0.0749065480794
276.25    0.0750784136805
276.375    0.0750354472802
276.5    0.0766144624903
276.625    0.0782042193005
276.75    0.0737034888717
276.875    0.0734886568703
277.0    0.0852614505457
277.125    0.0852614505457
277.25    0.0849284609435
277.375    0.0849123485434
277.5    0.0823021397267
277.625    0.077656397697
277.75    0.0778604880983
277.875    0.0779303084988
278.0    0.0789990977056
278.125    0.0790205809057
278.25    0.079063547306
278.375    0.0793213457077
278.5    0.0744768840766
278.625    0.0744446592765
278.75    0.074686345278
278.875    0.074686345278
279.0    0.0759055168858
279.125    0.0850143937441
279.25    0.0747883904786
279.375    0.0747937612787
279.5    0.0841711781387
279.625    0.0843645269399
279.75    0.0847780785426
279.875    0.0847673369425
280.0    0.070003007648
280.125    0.0863732061528
280.25    0.0749172896795
280.375    0.0864537681533
280.5    0.0790098393057
280.625    0.0769528228925
280.75    0.0771193176936
280.875    0.0770870928934
281.0    0.0808842485177
281.125    0.0808520237175
281.25    0.0810668557188
281.375    0.0810668557188
281.5    0.0787412993039
281.625    0.078752040904
281.75    0.0811205637192
281.875    0.0817435765232
282.0    0.0802182693134
282.125    0.0801806737132
282.25    0.0811742717195
282.375    0.080470696915
282.5    0.0788755693048
282.625    0.0788755693048
282.75    0.0785694337028
282.875    0.0788916817049
283.0    0.0790796597061
283.125    0.0791172553063
283.25    0.0791333677064
283.375    0.0794448741084
283.5    0.0828338489301
283.625    0.0827855117298
283.75    0.0826458709289
283.875    0.0826351293289
284.0    0.090003866976
284.125    0.0848962361433
284.25    0.082968118931
284.375    0.08281236573
284.5    0.0800732577125
284.625    0.0823773309272
284.75    0.0850681017444
284.875    0.0804814385151
285.0    0.0836931769356
285.125    0.0820711953253
285.25    0.0841765489387
285.375    0.0843591561399
285.5    0.0769367104924
285.625    0.0767326200911
285.75    0.0771300592936
285.875    0.0768830024921
286.0    0.0906752169803
286.125    0.0906429921801
286.25    0.0911478473834
286.375    0.0909276445819
286.5    0.0814589241213
286.625    0.0816039357223
286.75    0.0843269313397
286.875    0.0820711953253
287.0    0.0807607201169
287.125    0.0809218441179
287.25    0.0809218441179
287.375    0.0809218441179
287.5    0.0815824525221
287.625    0.0817811721234
287.75    0.0817811721234
287.875    0.0819100713242
288.0    0.0820174873249
288.125    0.0797026725101
288.25    0.082495488528
288.375    0.082500859328
288.5    0.0812226089198
288.625    0.0813837329209
288.75    0.0791978173069
288.875    0.0799389877116
289.0    0.0725809916645
289.125    0.0724467216637
289.25    0.0738753544728
289.375    0.0744070636762
289.5    0.0808359113174
289.625    0.0819906333247
289.75    0.0822699149265
289.875    0.0816844977228
290.0    0.0811527885194
290.125    0.0817382057231
290.25    0.0831131305319
290.375    0.0815985649222
290.5    0.083902638137
290.625    0.0844987969408
290.75    0.0847189997422
290.875    0.0848693821432
291.0    0.0878609177623
291.125    0.0878394345622
291.25    0.084998281344
291.375    0.0855246197474
291.5    0.084058391338
291.625    0.0835374237346
291.75    0.082189352926
291.875    0.0823934433273
292.0    0.0860187333505
292.125    0.0860616997508
292.25    0.0859596545502
292.375    0.0862228237518
292.5    0.0853634957463
292.625    0.0844665721406
292.75    0.0849338317436
292.875    0.0849660565438
293.0    0.0822108361262
293.125    0.0824471513277
293.25    0.0823988141273
293.375    0.0804814385151
293.5    0.0856857437484
293.625    0.0868995445562
293.75    0.0861100369511
293.875    0.0921199621896
294.0    0.0834461201341
294.125    0.0833924121337
