0    669    287
1    939    110
2    844    36
3    615    100
4    612    419
5    770    422
6    454    258
7    455    404
8    976    198
9    970    336
10    463    107
11    608    541
12    909    125
13    827    56
14    813    471
15    835    487
16    610    259
17    616    123
18    603    401
19    475    259
20    421    60
21    409    446
22    602    279
23    604    515
24    877    139
25    731    511
26    360    255
27    486    498
28    368    372
29    369    137
30    664    457
31    682    71
32    970    263
33    847    496
