0    447    312
1    681    257
2    705    397
3    776    619
4    704    217
5    452    159
6    460    465
7    538    227
8    535    389
9    609    7
10    617    613
11    709    543
12    700    67
13    628    309
14    790    141
15    550    535
16    537    87
17    795    469
18    638    466
19    631    152
20    939    154
21    942    455
22    985    516
23    981    95
24    412    249
25    418    383
26    489    310
27    774    19
28    782    590
29    491    171
30    491    447
31    903    33
32    906    575
33    566    105
34    577    512
35    795    164
36    973    501
37    972    107
38    715    620
39    780    44
40    781    559
41    467    127
42    471    493
43    899    58
44    903    550
45    525    184
46    524    432
