0    644    368
1    640    52
2    941    381
3    613    679
4    858    159
5    835    596
6    620    529
7    636    211
8    465    362
9    478    206
10    419    134
11    462    514
12    394    571
13    778    534
14    968    314
15    961    447
16    635    84
17    618    652
18    608    650
19    344    350
20    891    519
21    912    245
22    467    632
23    491    85
24    823    576
25    843    174
26    435    157
27    411    555
28    632    230
29    620    511
30    484    362
31    935    438
32    944    315
33    670    681
34    634    107
35    608    624
36    885    254
37    502    109
38    488    610
39    365    355
40    908    556
41    927    202
42    802    552
43    820    196
