0.0    0.194391903103
0.125    0.181350589016
0.25    0.187207565953
0.375    0.184702173552
0.5    0.191073502572
0.625    0.184154637465
0.75    0.190492782479
0.875    0.185929981749
1.0    0.189198606272
1.125    0.189198606272
1.25    0.185133565621
1.375    0.190277086444
1.5    0.184005309441
1.625    0.185830429733
1.75    0.185830429733
1.875    0.185863613738
2.0    0.192135390742
2.125    0.191786958686
2.25    0.192135390742
2.375    0.192135390742
2.5    0.189381118301
2.625    0.189381118301
2.75    0.191405342625
2.875    0.188352414136
3.0    0.189547038328
3.125    0.190409822466
3.25    0.191256014601
3.375    0.191256014601
3.5    0.189646590343
3.625    0.186394557823
3.75    0.184420109507
3.875    0.184420109507
4.0    0.191587854654
4.125    0.191156462585
4.25    0.190575742492
4.375    0.190575742492
4.5    0.187058237929
4.625    0.187058237929
4.75    0.187141197943
4.875    0.187141197943
5.0    0.191919694707
5.125    0.191919694707
5.25    0.191919694707
5.375    0.191919694707
5.5    0.187705326033
5.625    0.187705326033
5.75    0.187705326033
5.875    0.187555998009
6.0    0.187473037996
6.125    0.187522814004
6.25    0.188700846192
6.375    0.188617886179
6.5    0.192583374813
6.625    0.192450638792
6.75    0.192168574747
6.875    0.192351086776
7.0    0.186178861789
7.125    0.186178861789
7.25    0.186178861789
7.375    0.186178861789
7.5    0.184569437531
7.625    0.184917869587
7.75    0.184569437531
7.875    0.186742989879
8.0    0.18656047785
8.125    0.18656047785
8.25    0.187025053924
8.375    0.186942093911
8.5    0.184834909574
8.625    0.185399037664
8.75    0.18556495769
8.875    0.184386925502
9.0    0.178911564626
9.125    0.178911564626
9.25    0.179608428737
9.375    0.179608428737
9.5    0.189264974282
9.625    0.189264974282
9.75    0.189264974282
9.875    0.189264974282
10.0    0.18656047785
10.125    0.18656047785
10.25    0.187771694043
10.375    0.187771694043
10.5    0.189049278248
10.625    0.189281566285
10.75    0.189281566285
10.875    0.189430894309
11.0    0.181699021072
11.125    0.181699021072
11.25    0.181699021072
11.375    0.181699021072
11.5    0.188634478182
11.625    0.186859133897
11.75    0.187788286046
11.875    0.187788286046
12.0    0.186527293844
12.125    0.182462253194
12.25    0.182346109175
12.375    0.182976605276
12.5    0.189281566285
12.625    0.189281566285
12.75    0.189281566285
12.875    0.189281566285
13.0    0.186394557823
13.125    0.186394557823
13.25    0.186394557823
13.375    0.186394557823
13.5    0.186278413805
13.625    0.186278413805
13.75    0.18637796582
13.875    0.18637796582
14.0    0.193379790941
14.125    0.193844367015
14.25    0.193844367015
14.375    0.193844367015
14.5    0.183557325369
14.625    0.183540733367
14.75    0.178828604613
14.875    0.191023726564
15.0    0.192583374813
15.125    0.192583374813
15.25    0.192583374813
15.375    0.192583374813
15.5    0.190227310436
15.625    0.190227310436
15.75    0.190144350423
15.875    0.190144350423
16.0    0.187041645927
16.125    0.187041645927
16.25    0.187041645927
16.375    0.187041645927
16.5    0.194441679111
16.625    0.181649245064
16.75    0.182362701178
16.875    0.186776173884
17.0    0.189331342293
17.125    0.189331342293
17.25    0.189331342293
17.375    0.189331342293
17.5    0.189364526298
17.625    0.189331342293
17.75    0.187738510038
17.875    0.186859133897
18.0    0.190077982412
18.125    0.189961838394
18.25    0.189961838394
18.375    0.189961838394
18.5    0.189729550357
18.625    0.189729550357
18.75    0.189961838394
18.875    0.19006139041
19.0    0.184851501576
19.125    0.189613406338
19.25    0.182362701178
19.375    0.182843869255
19.5    0.187406669985
19.625    0.186427741828
19.75    0.186427741828
19.875    0.186427741828
20.0    0.182777501244
20.125    0.182777501244
20.25    0.18493446159
20.375    0.185199933632
20.5    0.184851501576
20.625    0.184851501576
20.75    0.184851501576
20.875    0.184851501576
21.0    0.184486477518
21.125    0.184486477518
21.25    0.184486477518
21.375    0.184486477518
21.5    0.190492782479
21.625    0.20268790443
21.75    0.203052928488
21.875    0.196084287373
22.0    0.183242077319
22.125    0.183358221337
22.25    0.183507549361
22.375    0.196266799403
22.5    0.188883358221
22.625    0.205143520823
22.75    0.200862784138
22.875    0.200862784138
23.0    0.190476190476
23.125    0.190476190476
23.25    0.190476190476
23.375    0.190476190476
23.5    0.189829102373
23.625    0.189829102373
23.75    0.189829102373
23.875    0.189829102373
24.0    0.192317902771
24.125    0.187838062054
24.25    0.188335822134
24.375    0.18843537415
24.5    0.185399037664
24.625    0.185399037664
24.75    0.185399037664
24.875    0.185399037664
25.0    0.189845694375
25.125    0.190857806537
25.25    0.190077982412
25.375    0.186012941762
25.5    0.177650572424
25.625    0.184901277584
25.75    0.186029533765
25.875    0.186029533765
26.0    0.180139372822
26.125    0.189414302306
26.25    0.188734030197
26.375    0.188286046126
26.5    0.18493446159
26.625    0.184071677451
26.75    0.18493446159
26.875    0.18493446159
27.0    0.196233615397
27.125    0.195636303302
27.25    0.195636303302
27.375    0.195486975278
27.5    0.190044798407
27.625    0.189862286378
27.75    0.17775012444
27.875    0.185797245728
28.0    0.185166749627
28.125    0.184619213539
28.25    0.185349261656
28.375    0.185531773685
28.5    0.186643437863
28.625    0.186643437863
28.75    0.186643437863
28.875    0.187970798075
29.0    0.191969470715
29.125    0.192467230795
29.25    0.194176207068
29.375    0.194176207068
29.5    0.190608926497
29.625    0.1906255185
29.75    0.182495437199
29.875    0.182495437199
30.0    0.17662186826
30.125    0.17856313257
30.25    0.17662186826
30.375    0.18174879708
30.5    0.193180686909
30.625    0.193512526962
30.75    0.193512526962
30.875    0.173286875726
31.0    0.1887506222
31.125    0.1887506222
31.25    0.17637298822
31.375    0.17637298822
31.5    0.203086112494
31.625    0.198539903766
31.75    0.190277086444
31.875    0.190957358553
32.0    0.189115646259
32.125    0.189115646259
32.25    0.190077982412
32.375    0.190077982412
32.5    0.188949726232
32.625    0.188451966152
32.75    0.189115646259
32.875    0.18924838228
33.0    0.192069022731
33.125    0.192069022731
33.25    0.189331342293
33.375    0.185299485648
33.5    0.178596316575
33.625    0.178579724573
33.75    0.17668823627
33.875    0.180753276921
34.0    0.194524639124
34.125    0.194524639124
34.25    0.182329517173
34.375    0.192102206736
34.5    0.18149991704
34.625    0.181864941098
34.75    0.182130413141
34.875    0.182180189149
35.0    0.181267629003
35.125    0.181267629003
35.25    0.182395885183
35.375    0.182130413141
35.5    0.189397710304
35.625    0.173137547702
35.75    0.190426414468
35.875    0.190426414468
36.0    0.183557325369
36.125    0.180404844865
36.25    0.181864941098
36.375    0.183972125436
36.5    0.183557325369
36.625    0.183391405343
36.75    0.183607101377
36.875    0.183723245396
37.0    0.191355566617
37.125    0.203550688568
37.25    0.183225485316
37.375    0.183225485316
37.5    0.181450141032
37.625    0.181416957027
37.75    0.181416957027
37.875    0.184337149494
38.0    0.183573917372
38.125    0.183573917372
38.25    0.18369006139
38.375    0.184586029534
38.5    0.182711133234
38.625    0.18418782147
38.75    0.181848349096
38.875    0.177783308445
39.0    0.180205740833
39.125    0.176771196283
39.25    0.176837564294
39.375    0.176837564294
39.5    0.190791438527
39.625    0.189945246391
39.75    0.189945246391
39.875    0.19118964659
40.0    0.18093578895
40.125    0.18093578895
40.25    0.179890492782
40.375    0.178944748631
40.5    0.181732205077
40.625    0.181732205077
40.75    0.181781981085
40.875    0.181118300979
41.0    0.182976605276
41.125    0.18556495769
41.25    0.187738510038
41.375    0.18656047785
41.5    0.18369006139
41.625    0.18369006139
41.75    0.183756429401
41.875    0.183822797412
42.0    0.18012278082
42.125    0.18012278082
42.25    0.18012278082
42.375    0.170847851336
42.5    0.181599469056
42.625    0.181450141032
42.75    0.194524639124
42.875    0.177816492451
43.0    0.171163099386
43.125    0.175078812013
43.25    0.199253359881
43.375    0.180869420939
43.5    0.193047950888
43.625    0.193429566949
43.75    0.185349261656
43.875    0.184635805542
44.0    0.195968143355
44.125    0.179707980753
44.25    0.196316575411
44.375    0.196980255517
44.5    0.191637630662
44.625    0.192699518832
44.75    0.170715115314
44.875    0.170582379293
45.0    0.176290028206
45.125    0.180155964825
45.25    0.180869420939
45.375    0.181201260992
45.5    0.183076157292
45.625    0.183076157292
45.75    0.179011116642
45.875    0.179011116642
46.0    0.180852828936
46.125    0.183590509374
46.25    0.182926829268
46.375    0.183457773353
46.5    0.192732702837
46.625    0.19381118301
46.75    0.19381118301
46.875    0.19381118301
47.0    0.183159117305
47.125    0.183607101377
47.25    0.183291853327
47.375    0.182827277252
47.5    0.182727725236
47.625    0.182113821138
47.75    0.194740335158
47.875    0.174514683922
48.0    0.17743487639
48.125    0.17743487639
48.25    0.17743487639
48.375    0.173270283723
48.5    0.182545213207
48.625    0.182545213207
48.75    0.187240749959
48.875    0.184254189481
49.0    0.173336651734
49.125    0.178164924506
49.25    0.178662684586
49.375    0.182661357226
49.5    0.178944748631
49.625    0.179973452796
49.75    0.170101211216
49.875    0.170101211216
50.0    0.182843869255
50.125    0.184851501576
50.25    0.17668823627
50.375    0.17725236436
50.5    0.180288700846
50.625    0.181035340966
50.75    0.181051932968
50.875    0.181715613074
51.0    0.18549858968
51.125    0.186892317903
51.25    0.174697195952
51.375    0.18631159781
51.5    0.190044798407
51.625    0.189712958354
51.75    0.185647917704
51.875    0.174614235938
52.0    0.176522316244
52.125    0.175676124108
52.25    0.176953708313
52.375    0.176240252198
52.5    0.181881533101
52.625    0.177816492451
52.75    0.186012941762
52.875    0.187074829932
53.0    0.180504396881
53.125    0.17994026879
53.25    0.18012278082
53.375    0.17856313257
53.5    0.1775012444
53.625    0.176887340302
53.75    0.176887340302
53.875    0.177567612411
54.0    0.180985564958
54.125    0.181450141032
54.25    0.180139372822
54.375    0.180985564958
54.5    0.185730877717
54.625    0.181101708976
54.75    0.181699021072
54.875    0.180902604944
55.0    0.184834909574
55.125    0.181300813008
55.25    0.181433549029
55.375    0.16975277916
55.5    0.1756263481
55.625    0.175493612079
55.75    0.175576572092
55.875    0.182014269122
56.0    0.175327692052
56.125    0.174398539904
56.25    0.184951053592
56.375    0.175277916044
56.5    0.180554172889
56.625    0.180554172889
56.75    0.180554172889
56.875    0.180554172889
57.0    0.180869420939
57.125    0.182943421271
57.25    0.182943421271
57.375    0.183076157292
57.5    0.174099883856
57.625    0.174713787954
57.75    0.176903932305
57.875    0.18118466899
58.0    0.190642110503
58.125    0.191322382612
58.25    0.191488302638
58.375    0.182760909242
58.5    0.178032188485
58.625    0.177468060395
58.75    0.17725236436
58.875    0.175111996018
59.0    0.186361373818
59.125    0.174597643936
59.25    0.177418284387
59.375    0.175294508047
59.5    0.181267629003
59.625    0.179790940767
59.75    0.180421436867
59.875    0.176820972291
60.0    0.177451468392
60.125    0.177700348432
60.25    0.176854156297
60.375    0.176854156297
60.5    0.187058237929
60.625    0.182993197279
60.75    0.182993197279
60.875    0.183540733367
61.0    0.172424091588
61.125    0.173452795752
61.25    0.174116475859
61.375    0.174116475859
61.5    0.188966318235
61.625    0.189165422266
61.75    0.189530446325
61.875    0.187638958022
62.0    0.184138045462
62.125    0.175958188153
62.25    0.176256844201
62.375    0.178513356562
62.5    0.177716940435
62.625    0.177219180355
62.75    0.177219180355
62.875    0.177219180355
63.0    0.191986062718
63.125    0.178115148498
63.25    0.178115148498
63.375    0.178231292517
63.5    0.186742989879
63.625    0.186178861789
63.75    0.185913389746
63.875    0.173419611747
64.0    0.177053260329
64.125    0.177053260329
64.25    0.178098556496
64.375    0.177833084453
64.5    0.173303467729
64.625    0.173303467729
64.75    0.173701675792
64.875    0.174680603949
65.0    0.183474365356
65.125    0.183474365356
65.25    0.185067197611
65.375    0.179956860793
65.5    0.172971627675
65.625    0.177816492451
65.75    0.17987390078
65.875    0.178546540567
66.0    0.17806537249
66.125    0.178115148498
66.25    0.181300813008
66.375    0.178081964493
66.5    0.180155964825
66.625    0.181433549029
66.75    0.181881533101
66.875    0.181234444998
67.0    0.187638958022
67.125    0.184668989547
67.25    0.184967645595
67.375    0.184884685582
67.5    0.169138875062
67.625    0.169454123113
67.75    0.180803052928
67.875    0.181284221005
68.0    0.184221005475
68.125    0.189165422266
68.25    0.188667662187
68.375    0.187987390078
68.5    0.180421436867
68.625    0.181201260992
68.75    0.18118466899
68.875    0.180371660859
69.0    0.191421934628
69.125    0.192666334827
69.25    0.167147834744
69.375    0.16699850672
69.5    0.185382445661
69.625    0.162883690061
69.75    0.168558154969
69.875    0.168292682927
70.0    0.178081964493
70.125    0.178081964493
70.25    0.178081964493
70.375    0.178081964493
70.5    0.17643935623
70.625    0.180886012942
70.75    0.193744814999
70.875    0.185913389746
71.0    0.175394060063
71.125    0.167711962834
71.25    0.167711962834
71.375    0.184984237597
71.5    0.177567612411
71.625    0.177633980421
71.75    0.17268956363
71.875    0.169537083126
72.0    0.1662518666
72.125    0.167396714783
72.25    0.169703003152
72.375    0.169669819147
72.5    0.165737514518
72.625    0.184021901444
72.75    0.182594989215
72.875    0.185399037664
73.0    0.167048282728
73.125    0.179243404679
73.25    0.183308445329
73.375    0.18737348598
73.5    0.196731375477
73.625    0.180919196947
73.75    0.177484652398
73.875    0.177932636469
74.0    0.183507549361
74.125    0.179442508711
74.25    0.1793761407
74.375    0.177086444334
74.5    0.18012278082
74.625    0.18012278082
74.75    0.192317902771
74.875    0.18825286212
75.0    0.186295005807
75.125    0.189530446325
75.25    0.172523643604
75.375    0.170433051269
75.5    0.183291853327
75.625    0.182760909242
75.75    0.183109341297
75.875    0.182478845197
76.0    0.18387257342
76.125    0.18118466899
76.25    0.186427741828
76.375    0.188617886179
76.5    0.180537580886
76.625    0.179276588684
76.75    0.167330346773
76.875    0.167330346773
77.0    0.16893977103
77.125    0.16918865107
77.25    0.165853658537
77.375    0.168508378961
77.5    0.187738510038
77.625    0.189082462253
77.75    0.189049278248
77.875    0.169586859134
78.0    0.180404844865
78.125    0.180404844865
78.25    0.164741994359
78.375    0.173403019744
78.5    0.180886012942
78.625    0.18093578895
78.75    0.16943753111
78.875    0.17156130745
79.0    0.171942923511
79.125    0.180056412809
79.25    0.178845196615
79.375    0.180388252862
79.5    0.181831757093
79.625    0.182080637133
79.75    0.182744317239
79.875    0.182594989215
80.0    0.173618715779
80.125    0.173552347768
80.25    0.17099717936
80.375    0.177086444334
80.5    0.184552845528
80.625    0.183955533433
80.75    0.184171229467
80.875    0.18418782147
81.0    0.180786460926
81.125    0.1831259333
81.25    0.185614733698
81.375    0.17587522814
81.5    0.174083291853
81.625    0.173087771694
81.75    0.194176207068
81.875    0.174614235938
82.0    0.183009789282
82.125    0.17293844367
82.25    0.188418782147
82.375    0.184702173552
82.5    0.170068027211
82.625    0.171461755434
82.75    0.171113323378
82.875    0.171046955368
83.0    0.173369835739
83.125    0.173485979758
83.25    0.157491289199
83.375    0.165389082462
83.5    0.17906089265
83.625    0.177418284387
83.75    0.175974780156
83.875    0.175659532106
84.0    0.183042973287
84.125    0.183042973287
84.25    0.165173386428
84.375    0.167894474863
84.5    0.162485481998
84.625    0.172971627675
84.75    0.170316907251
84.875    0.169902107184
85.0    0.167280570765
85.125    0.172208395553
85.25    0.17268956363
85.375    0.168956363033
85.5    0.169586859134
85.625    0.170681931309
85.75    0.174116475859
85.875    0.169703003152
86.0    0.171113323378
86.125    0.17099717936
86.25    0.174514683922
86.375    0.171909739506
86.5    0.168010618882
86.625    0.167413306786
86.75    0.169039323046
86.875    0.168508378961
87.0    0.17368508379
87.125    0.173651899784
87.25    0.174033515845
87.375    0.173834411814
87.5    0.177716940435
87.625    0.176771196283
87.75    0.165173386428
87.875    0.165853658537
88.0    0.168773851004
88.125    0.168773851004
88.25    0.164708810353
88.375    0.169238427078
88.5    0.169039323046
88.625    0.168475194956
88.75    0.169586859134
88.875    0.170233947237
89.0    0.168807035009
89.125    0.168807035009
89.25    0.168889995022
89.375    0.168923179028
89.5    0.176472540236
89.625    0.171262651402
89.75    0.1681267629
89.875    0.175443836071
90.0    0.173021403683
90.125    0.184951053592
90.25    0.176820972291
90.375    0.168558154969
90.5    0.191720590675
90.625    0.179658204745
90.75    0.187273933964
90.875    0.187522814004
91.0    0.160643769703
91.125    0.16518997843
91.25    0.16406172225
91.375    0.163912394226
91.5    0.162883690061
91.625    0.163481002157
91.75    0.163995354239
91.875    0.159963497594
92.0    0.173353243737
92.125    0.173917371827
92.25    0.173768043803
92.375    0.173651899784
92.5    0.168923179028
92.625    0.171743819479
92.75    0.172606603617
92.875    0.170184171229
93.0    0.174448315912
93.125    0.174216027875
93.25    0.173701675792
93.375    0.178463580554
93.5    0.173336651734
93.625    0.171760411482
93.75    0.166368010619
93.875    0.183507549361
94.0    0.172191803551
94.125    0.172224987556
94.25    0.173386427742
94.375    0.1737514518
94.5    0.173983739837
94.625    0.172590011614
94.75    0.170798075328
94.875    0.173817819811
95.0    0.160925833748
95.125    0.155417288867
95.25    0.17181018749
95.375    0.168475194956
95.5    0.171494939439
95.625    0.171494939439
95.75    0.168508378961
95.875    0.167263978762
96.0    0.178032188485
96.125    0.174630827941
96.25    0.174630827941
96.375    0.192102206736
96.5    0.180504396881
96.625    0.180720092915
96.75    0.181450141032
96.875    0.18149991704
97.0    0.169835739174
97.125    0.170615563298
97.25    0.172158619545
97.375    0.171677451468
97.5    0.185996349759
97.625    0.16918865107
97.75    0.185448813672
97.875    0.177318732371
98.0    0.174216027875
98.125    0.178446988552
98.25    0.178679276589
98.375    0.177584204413
98.5    0.172407499585
98.625    0.173519163763
98.75    0.170980587357
98.875    0.172208395553
99.0    0.172241579559
99.125    0.172706155633
99.25    0.167546042807
99.375    0.171030363365
99.5    0.173154139705
99.625    0.173154139705
99.75    0.173220507715
99.875    0.173303467729
100.0    0.187771694043
100.125    0.170134395222
100.25    0.17693711631
100.375    0.17693711631
100.5    0.179757756761
100.625    0.180371660859
100.75    0.196034511366
100.875    0.190277086444
101.0    0.171030363365
101.125    0.170980587357
101.25    0.170947403352
101.375    0.171959515514
101.5    0.171212875394
101.625    0.17156130745
101.75    0.171329019413
101.875    0.171976107516
102.0    0.170300315248
102.125    0.172722747636
102.25    0.17237431558
102.375    0.174829931973
102.5    0.161639289862
102.625    0.161290857807
102.75    0.165355898457
102.875    0.169006139041
103.0    0.173021403683
103.125    0.176638460262
103.25    0.173834411814
103.375    0.174995851999
103.5    0.165820474531
103.625    0.165720922515
103.75    0.16618549859
103.875    0.16724738676
104.0    0.167529450805
104.125    0.154803384769
104.25    0.19568607931
104.375    0.178928156629
104.5    0.177302140368
104.625    0.177584204413
104.75    0.178281068525
104.875    0.173237099718
105.0    0.176605276257
105.125    0.176738012278
105.25    0.176090924175
105.375    0.174232619877
105.5    0.172473867596
105.625    0.172473867596
105.75    0.169420939107
105.875    0.169055915049
106.0    0.17368508379
106.125    0.174050107848
106.25    0.190277086444
106.375    0.181134892982
106.5    0.167645594823
106.625    0.167512858802
106.75    0.16781151485
106.875    0.168989547038
107.0    0.180769868923
107.125    0.181533101045
107.25    0.18093578895
107.375    0.182246557159
107.5    0.180637132902
107.625    0.177053260329
107.75    0.177451468392
107.875    0.180620540899
108.0    0.172208395553
108.125    0.173104363697
108.25    0.173104363697
108.375    0.174083291853
108.5    0.17049941928
108.625    0.170333499253
108.75    0.174232619877
108.875    0.172473867596
109.0    0.190260494442
109.125    0.186975277916
109.25    0.187721918036
109.375    0.180155964825
109.5    0.168856811017
109.625    0.169006139041
109.75    0.170101211216
109.875    0.169819147171
110.0    0.180272108844
110.125    0.178264476522
110.25    0.190243902439
110.375    0.187838062054
110.5    0.169918699187
110.625    0.170582379293
110.75    0.178662684586
110.875    0.173286875726
111.0    0.172955035673
111.125    0.172755931641
111.25    0.172755931641
111.375    0.173004811681
111.5    0.167944250871
111.625    0.166533930645
111.75    0.167794922847
111.875    0.167778330845
112.0    0.171246059399
112.125    0.171046955368
112.25    0.170914219346
112.375    0.190973950556
112.5    0.177020076323
112.625    0.177069852331
112.75    0.164990874399
112.875    0.165422266468
113.0    0.177285548366
113.125    0.177036668326
113.25    0.176986892318
113.375    0.178347436536
113.5    0.177103036336
113.625    0.176173884188
113.75    0.180819644931
113.875    0.180504396881
114.0    0.172208395553
114.125    0.196515679443
114.25    0.180703500913
114.375    0.168508378961
114.5    0.183739837398
114.625    0.182976605276
114.75    0.180869420939
114.875    0.181251037
115.0    0.180985564958
115.125    0.181051932968
115.25    0.180603948897
115.375    0.177053260329
115.5    0.166733034677
115.625    0.170881035341
115.75    0.171246059399
115.875    0.171246059399
116.0    0.17612410818
116.125    0.163464410154
116.25    0.16756263481
116.375    0.167280570765
116.5    0.166583706653
116.625    0.165505226481
116.75    0.168076986892
116.875    0.145130247221
117.0    0.17293844367
117.125    0.173734859798
117.25    0.170466235275
117.375    0.170366683259
117.5    0.173104363697
117.625    0.172905259665
117.75    0.172905259665
117.875    0.17049941928
118.0    0.176787788286
118.125    0.17268956363
118.25    0.171777003484
118.375    0.171926331508
118.5    0.174697195952
118.625    0.174713787954
118.75    0.175775676124
118.875    0.176157292185
119.0    0.174464907914
119.125    0.173286875726
119.25    0.174166251867
119.375    0.18524970964
120.0    0.175858636137
120.125    0.164808362369
120.25    0.165654554505
120.375    0.165870250539
120.5    0.16512361042
120.625    0.16674962668
120.75    0.178944748631
120.875    0.173320059731
121.0    0.186029533765
121.125    0.181964493114
121.25    0.181433549029
121.375    0.177882860461
121.5    0.16756263481
121.625    0.179757756761
121.75    0.163381450141
121.875    0.170333499253
122.0    0.168076986892
122.125    0.168425418948
122.25    0.183656877385
122.375    0.184386925502
122.5    0.179707980753
122.625    0.179243404679
122.75    0.175178364029
122.875    0.174232619877
123.0    0.168889995022
123.125    0.168840219014
123.25    0.170847851336
123.375    0.167529450805
123.5    0.179774348764
123.625    0.17831425253
123.75    0.178480172557
123.875    0.179425916708
124.0    0.168242906919
124.125    0.167280570765
124.25    0.166384602622
124.375    0.16787788286
124.5    0.177036668326
124.625    0.177036668326
124.75    0.176157292185
124.875    0.174780155965
125.0    0.176887340302
125.125    0.177849676456
125.25    0.176356396217
125.375    0.177600796416
125.5    0.171196283391
125.625    0.171229467397
125.75    0.171279243405
125.875    0.171279243405
126.0    0.169918699187
126.125    0.171163099386
126.25    0.166882362701
126.375    0.167380122781
126.5    0.184901277584
126.625    0.181284221005
126.75    0.180554172889
126.875    0.180454620873
127.0    0.173054587689
127.125    0.186709805874
127.25    0.173900779824
127.375    0.171329019413
127.5    0.168690890991
127.625    0.169238427078
127.75    0.169022731044
127.875    0.168641114983
128.0    0.187589182014
128.125    0.18043802887
128.25    0.184552845528
128.375    0.18068690891
128.5    0.179973452796
128.625    0.179790940767
128.75    0.180255516841
128.875    0.184834909574
129.0    0.178579724573
129.125    0.178795420607
129.25    0.173286875726
129.375    0.177235772358
129.5    0.183009789282
129.625    0.183009789282
129.75    0.18256180521
129.875    0.182976605276
130.0    0.174282395885
130.125    0.173071179691
130.25    0.173071179691
130.375    0.170847851336
130.5    0.172606603617
130.625    0.173253691721
130.75    0.156993529119
130.875    0.182196781151
131.0    0.180338476854
131.125    0.175709308113
131.25    0.176057740169
131.375    0.167861290858
131.5    0.171577899452
131.625    0.17262319562
131.75    0.152878712461
131.875    0.160925833748
132.0    0.173336651734
132.125    0.177650572424
132.25    0.161854985897
132.375    0.17099717936
132.5    0.181848349096
132.625    0.173768043803
132.75    0.178712460594
132.875    0.174680603949
133.0    0.169304795089
133.125    0.16975277916
133.25    0.16975277916
133.375    0.171246059399
133.5    0.165239754438
133.625    0.170947403352
133.75    0.170034843206
133.875    0.170034843206
134.0    0.168724074996
134.125    0.170615563298
134.25    0.165671146507
134.375    0.169603451137
134.5    0.173635307782
134.625    0.156346441015
134.75    0.162170233947
134.875    0.174614235938
135.0    0.173120955699
135.125    0.173320059731
135.25    0.158851833416
135.375    0.172556827609
135.5    0.18206404513
135.625    0.171212875394
135.75    0.170101211216
135.875    0.173900779824
136.0    0.167413306786
136.125    0.172838891654
136.25    0.16837564294
136.375    0.173602123776
136.5    0.169885515182
136.625    0.171992699519
136.75    0.181649245064
136.875    0.17806537249
137.0    0.168392234943
137.125    0.14556163929
137.25    0.154073336652
137.375    0.152331176373
137.5    0.168989547038
137.625    0.167496266799
137.75    0.156197112992
137.875    0.16080968973
138.0    0.17162767546
138.125    0.164244234279
138.25    0.164078314253
138.375    0.163597146176
138.5    0.169039323046
138.625    0.168226314916
138.75    0.1543719927
138.875    0.176704828273
139.0    0.181433549029
139.125    0.178181516509
139.25    0.169354571097
139.375    0.169221835075
139.5    0.170565787291
139.625    0.170150987224
139.75    0.172075659532
139.875    0.172523643604
140.0    0.184204413473
140.125    0.17343620375
140.25    0.165754106521
140.375    0.163464410154
140.5    0.16356396217
140.625    0.179807532769
140.75    0.155234776838
140.875    0.155234776838
141.0    0.15068856811
141.125    0.170034843206
141.25    0.182346109175
141.375    0.17318732371
141.5    0.169503899121
141.625    0.162236601958
141.75    0.162070681931
141.875    0.162717770035
142.0    0.164758586361
142.125    0.164028538245
142.25    0.164194458271
142.375    0.177633980421
142.5    0.177766716443
142.625    0.161290857807
142.75    0.173485979758
142.875    0.173270283723
143.0    0.176555500249
143.125    0.175493612079
143.25    0.189148830264
143.375    0.176671644267
143.5    0.178048780488
143.625    0.177584204413
143.75    0.173552347768
143.875    0.174547867928
144.0    0.171096731375
144.125    0.169404347105
144.25    0.170632155301
144.375    0.170781483325
144.5    0.174033515845
144.625    0.173900779824
144.75    0.173303467729
144.875    0.184652397544
145.0    0.168309274929
145.125    0.168574746972
145.25    0.168574746972
145.375    0.16512361042
145.5    0.173651899784
145.625    0.175725900116
145.75    0.186958685913
145.875    0.174265803883
146.0    0.162153641945
146.125    0.162585034014
146.25    0.161888169902
146.375    0.162618218019
146.5    0.167695370831
146.625    0.163829434213
146.75    0.162220009955
146.875    0.158519993363
147.0    0.164741994359
147.125    0.156976937116
147.25    0.156163928986
147.375    0.157590841215
147.5    0.167429898789
147.625    0.167512858802
147.75    0.167263978762
147.875    0.167263978762
148.0    0.167413306786
148.125    0.16862452298
148.25    0.165488634478
148.375    0.187987390078
148.5    0.167048282728
148.625    0.175443836071
148.75    0.175261324042
148.875    0.162468889995
149.0    0.179907084785
149.125    0.179342956695
149.25    0.180023228804
149.375    0.177882860461
149.5    0.157159449146
149.625    0.157093081135
149.75    0.15681101709
149.875    0.178496764559
150.0    0.178430396549
150.125    0.177600796416
150.25    0.177783308445
150.375    0.161639289862
150.5    0.18524970964
150.625    0.166152314584
150.75    0.165671146507
150.875    0.169238427078
151.0    0.165820474531
151.125    0.167911066866
151.25    0.165206570433
151.375    0.166334826614
151.5    0.167977434876
151.625    0.168574746972
151.75    0.16837564294
151.875    0.168359050937
152.0    0.165737514518
152.125    0.168840219014
152.25    0.175808860129
152.375    0.161904761905
152.5    0.161274265804
152.625    0.161655881865
152.75    0.164194458271
152.875    0.164327194292
153.0    0.167529450805
153.125    0.16806039489
153.25    0.168110170898
153.375    0.168840219014
153.5    0.163198938112
153.625    0.168740666999
153.75    0.184851501576
153.875    0.160776505724
154.0    0.17081466733
154.125    0.167230794757
154.25    0.17081466733
154.375    0.162585034014
154.5    0.168325866932
154.625    0.168508378961
154.75    0.165107018417
154.875    0.166202090592
155.0    0.167728554837
155.125    0.163481002157
155.25    0.163895802223
155.375    0.163928986229
155.5    0.165555002489
155.625    0.165969802555
155.75    0.165720922515
155.875    0.165886842542
156.0    0.187954206073
156.125    0.188037166086
156.25    0.188584702174
156.375    0.179724572756
156.5    0.16056080969
156.625    0.157225817156
156.75    0.161539737846
156.875    0.162302969968
157.0    0.161821801891
157.125    0.160975609756
157.25    0.170549195288
157.375    0.16650074664
157.5    0.176704828273
157.625    0.177551020408
157.75    0.174962667994
157.875    0.177318732371
158.0    0.163198938112
158.125    0.163646922184
158.25    0.172424091588
158.375    0.164808362369
158.5    0.162203417953
158.625    0.163033018085
158.75    0.16243570599
158.875    0.163713290194
159.0    0.159664841546
159.125    0.163597146176
159.25    0.169039323046
159.375    0.16412809026
159.5    0.171046955368
159.625    0.170831259333
159.75    0.171146507383
159.875    0.167629002821
160.0    0.153476024556
160.125    0.157955865273
160.25    0.163132570101
160.375    0.163298490128
160.5    0.163115978099
160.625    0.170632155301
160.75    0.170980587357
160.875    0.171295835407
161.0    0.18118466899
161.125    0.181483325037
161.25    0.180421436867
161.375    0.181333997013
161.5    0.169736187158
161.625    0.165953210553
161.75    0.169221835075
161.875    0.169470715115
162.0    0.156512361042
162.125    0.157640617222
162.25    0.158138377302
162.375    0.158702505392
162.5    0.161655881865
162.625    0.159681433549
162.75    0.16087605774
162.875    0.172955035673
163.0    0.160759913722
163.125    0.161639289862
163.25    0.162419113987
163.375    0.150273768044
163.5    0.166683258669
163.625    0.16643437863
163.75    0.166484154637
163.875    0.167463082794
164.0    0.167761738842
164.125    0.166583706653
164.25    0.168972955036
164.375    0.16918865107
164.5    0.160046457607
164.625    0.160660361706
164.75    0.156329849013
164.875    0.154537912726
165.0    0.166235274598
165.125    0.166650074664
165.25    0.166965322714
165.375    0.16699850672
165.5    0.164476522316
165.625    0.165903434545
165.75    0.166069354571
165.875    0.17400033184
166.0    0.16487473038
166.125    0.164758586361
166.25    0.161307449809
166.375    0.161539737846
166.5    0.172324539572
166.625    0.173535755766
166.75    0.172672971628
166.875    0.161506553841
167.0    0.165206570433
167.125    0.165803882529
167.25    0.165654554505
167.375    0.1681267629
167.5    0.168657706985
167.625    0.169868923179
167.75    0.169238427078
167.875    0.169221835075
168.0    0.163348266136
168.125    0.159897129584
168.25    0.162701178032
168.375    0.167181018749
168.5    0.185432221669
168.625    0.172921851667
168.75    0.174531275925
168.875    0.17368508379
169.0    0.159415961507
169.125    0.159415961507
169.25    0.16837564294
169.375    0.159382777501
169.5    0.170798075328
169.625    0.170731707317
169.75    0.170598971296
169.875    0.159084121453
170.0    0.157458105193
170.125    0.157773353244
170.25    0.16787788286
170.375    0.155516840883
170.5    0.157109673138
170.625    0.157109673138
170.75    0.157275593164
170.875    0.156927161108
171.0    0.156611913058
171.125    0.156611913058
171.25    0.156611913058
171.375    0.156744649079
171.5    0.163082794093
171.625    0.162236601958
171.75    0.158470217355
171.875    0.160029865605
172.0    0.163066202091
172.125    0.162784138045
172.25    0.16356396217
172.375    0.159548697528
172.5    0.164907914385
172.625    0.16462585034
172.75    0.161921353907
172.875    0.161921353907
173.0    0.171279243405
173.125    0.17156130745
173.25    0.173237099718
173.375    0.174116475859
173.5    0.165969802555
173.625    0.166915546706
173.75    0.166782810685
173.875    0.171710635474
174.0    0.165355898457
174.125    0.172739339638
174.25    0.172739339638
174.375    0.176140700183
174.5    0.151385432222
174.625    0.151634312261
174.75    0.153293512527
174.875    0.1524970964
175.0    0.164725402356
175.125    0.164941098391
175.25    0.165007466401
175.375    0.145594823295
175.5    0.171411979426
175.625    0.172523643604
175.75    0.172855483657
175.875    0.17350257176
176.0    0.169205243073
176.125    0.169736187158
176.25    0.167048282728
176.375    0.167711962834
176.5    0.162966650075
176.625    0.161572921852
176.75    0.160079641613
176.875    0.161008793761
177.0    0.146158951385
177.125    0.150306952049
177.25    0.150223992036
177.375    0.150041480007
177.5    0.15974780156
177.625    0.160129417621
177.75    0.157043305127
177.875    0.156927161108
178.0    0.162701178032
178.125    0.163846026215
178.25    0.163680106189
178.375    0.16162269786
178.5    0.160477849676
178.625    0.158636137382
178.75    0.15550024888
178.875    0.159167081467
179.0    0.158304297329
179.125    0.155533432885
179.25    0.157657209225
179.375    0.156893977103
180.0    0.170018251203
180.125    0.165953210553
180.25    0.167230794757
180.375    0.16993529119
180.5    0.160593993695
180.625    0.160593993695
180.75    0.160726729716
180.875    0.160710137714
181.0    0.153558984569
181.125    0.150340136054
181.25    0.152132072341
181.375    0.151352248216
181.5    0.155798904928
181.625    0.163115978099
181.75    0.147585863614
181.875    0.151037000166
182.0    0.160046457607
182.125    0.158154969305
182.25    0.166334826614
182.375    0.157839721254
182.5    0.168442010951
182.625    0.168442010951
182.75    0.168342458935
182.875    0.169072507052
183.0    0.167297162768
183.125    0.162850506056
183.25    0.163464410154
183.375    0.155350920856
183.5    0.17074829932
183.625    0.171146507383
183.75    0.173535755766
183.875    0.168889995022
184.0    0.169006139041
184.125    0.169006139041
184.25    0.168972955036
184.375    0.152696200431
184.5    0.158636137382
184.625    0.159698025552
184.75    0.160411481666
184.875    0.157989049278
185.0    0.169354571097
185.125    0.169769371163
185.25    0.162087273934
185.375    0.163348266136
185.5    0.155964824954
185.625    0.155782312925
185.75    0.157889497262
185.875    0.158204745313
186.0    0.162070681931
186.125    0.162369337979
186.25    0.160992201759
186.375    0.165024058404
186.5    0.161108345777
186.625    0.162269785963
186.75    0.162551850008
186.875    0.158636137382
187.0    0.167629002821
187.125    0.159615065538
187.25    0.159698025552
187.375    0.159880537581
187.5    0.167048282728
187.625    0.168906587025
187.75    0.168408826945
187.875    0.172855483657
188.0    0.160195785631
188.125    0.160892649743
188.25    0.161788617886
188.375    0.160046457607
188.5    0.161473369836
188.625    0.162419113987
188.75    0.162352745976
188.875    0.164028538245
189.0    0.166832586693
189.125    0.1681267629
189.25    0.1681267629
189.375    0.164824954372
189.5    0.164177866268
189.625    0.163713290194
189.75    0.16431060229
189.875    0.165223162436
190.0    0.163862618218
190.125    0.162236601958
190.25    0.160511033682
190.375    0.160394889663
190.5    0.181267629003
190.625    0.160394889663
190.75    0.160378297661
190.875    0.155948232952
191.0    0.164974282396
191.125    0.163912394226
191.25    0.166484154637
191.375    0.166484154637
191.5    0.153741496599
191.625    0.170963995354
191.75    0.171345611415
191.875    0.171279243405
192.0    0.171046955368
192.125    0.172059067529
192.25    0.172523643604
192.375    0.171893147503
192.5    0.162419113987
192.625    0.165472042476
192.75    0.162385929982
192.875    0.162817322051
193.0    0.165107018417
193.125    0.1662518666
193.25    0.167844698855
193.375    0.168558154969
193.5    0.165837066534
193.625    0.165322714452
193.75    0.165239754438
193.875    0.165637962502
194.0    0.149693047951
194.125    0.149643271943
194.25    0.157773353244
194.375    0.157839721254
194.5    0.162916874067
194.625    0.167761738842
194.75    0.166368010619
194.875    0.159631657541
195.0    0.162485481998
195.125    0.163580554173
195.25    0.162518666003
195.375    0.163198938112
195.5    0.161058569769
195.625    0.175178364029
195.75    0.170366683259
195.875    0.169769371163
196.0    0.167164426746
196.125    0.167164426746
196.25    0.167181018749
196.375    0.167048282728
196.5    0.165239754438
196.625    0.165405674465
196.75    0.165107018417
196.875    0.165405674465
197.0    0.162269785963
197.125    0.166202090592
197.25    0.166218682595
197.375    0.166218682595
197.5    0.16455948233
197.625    0.164957690393
197.75    0.164824954372
197.875    0.16381284221
198.0    0.163082794093
198.125    0.161821801891
198.25    0.161655881865
198.375    0.161539737846
198.5    0.162933466069
198.625    0.163796250207
198.75    0.14856479177
198.875    0.148315911731
199.0    0.166351418616
199.125    0.167512858802
199.25    0.167512858802
199.375    0.164990874399
199.5    0.170847851336
199.625    0.169321387091
199.75    0.169321387091
199.875    0.170598971296
200.0    0.178281068525
200.125    0.178712460594
200.25    0.162452297992
200.375    0.162452297992
200.5    0.167629002821
200.625    0.161523145844
200.75    0.161589513854
200.875    0.160925833748
201.0    0.148315911731
201.125    0.15068856811
201.25    0.153608760577
201.375    0.154073336652
201.5    0.164576074332
201.625    0.165156794425
201.75    0.163879210221
201.875    0.165156794425
202.0    0.173104363697
202.125    0.174282395885
202.25    0.175327692052
202.375    0.173602123776
202.5    0.161838393894
202.625    0.161854985897
202.75    0.164924506388
202.875    0.165057242409
203.0    0.160610585698
203.125    0.162452297992
203.25    0.154587688734
203.375    0.154289032686
203.5    0.154902936784
203.625    0.1550024888
203.75    0.156960345114
203.875    0.155201592832
204.0    0.144449975112
204.125    0.144449975112
204.25    0.161108345777
204.375    0.162634810022
204.5    0.165272938444
204.625    0.164659034345
204.75    0.166318234611
204.875    0.16756263481
205.0    0.156329849013
205.125    0.164526298324
205.25    0.165422266468
205.375    0.159382777501
205.5    0.166782810685
205.625    0.15787290526
205.75    0.154504728721
205.875    0.155632984901
206.0    0.167363530778
206.125    0.166981914717
206.25    0.166716442675
206.375    0.158138377302
206.5    0.15331010453
206.625    0.154670648747
206.75    0.151418616227
206.875    0.144433383109
207.0    0.166318234611
207.125    0.166650074664
207.25    0.167479674797
207.375    0.168027210884
207.5    0.15306122449
207.625    0.171096731375
207.75    0.166368010619
207.875    0.153857640617
208.0    0.168972955036
208.125    0.167662186826
208.25    0.168707482993
208.375    0.168906587025
208.5    0.159333001493
208.625    0.17481333997
208.75    0.158486809358
208.875    0.158553177369
209.0    0.166401194624
209.125    0.165455450473
209.25    0.165571594491
209.375    0.166484154637
209.5    0.159465737515
209.625    0.162103865937
209.75    0.16031192965
209.875    0.159897129584
210.0    0.159117305459
210.125    0.160643769703
210.25    0.157906089265
210.375    0.162004313921
210.5    0.160029865605
210.625    0.159980089597
210.75    0.155964824954
210.875    0.151368840219
211.0    0.16137381782
211.125    0.160660361706
211.25    0.160925833748
211.375    0.159698025552
211.5    0.16218682595
211.625    0.161788617886
211.75    0.161788617886
211.875    0.16218682595
212.0    0.160859465738
212.125    0.153276920524
212.25    0.15418948067
212.375    0.154206072673
212.5    0.154338808694
212.625    0.15443836071
212.75    0.155068856811
212.875    0.15550024888
213.0    0.156761241082
213.125    0.157242409159
213.25    0.156080968973
213.375    0.157192633151
213.5    0.160146009623
213.625    0.168276090924
213.75    0.155666168907
213.875    0.156296665007
214.0    0.155765720923
214.125    0.155848680936
214.25    0.159084121453
214.375    0.154305624689
214.5    0.155450472872
214.625    0.15574912892
214.75    0.158237929318
214.875    0.176140700183
215.0    0.155832088933
215.125    0.157358553177
215.25    0.157590841215
215.375    0.157541065207
215.5    0.168027210884
215.625    0.166583706653
215.75    0.149941927991
215.875    0.169620043139
216.0    0.153857640617
216.125    0.153907416625
216.25    0.153907416625
216.375    0.155334328853
216.5    0.170267131243
216.625    0.170267131243
216.75    0.161639289862
216.875    0.161639289862
217.0    0.172291355567
217.125    0.172291355567
217.25    0.168176538908
217.375    0.168176538908
217.5    0.162916874067
217.625    0.161921353907
217.75    0.162286377966
217.875    0.149742823959
218.0    0.152430728389
218.125    0.152663016426
218.25    0.153359880538
218.375    0.158901609424
218.5    0.158702505392
218.625    0.146507383441
218.75    0.171710635474
218.875    0.152297992368
219.0    0.155467064875
219.125    0.151468392235
219.25    0.154222664676
219.375    0.153442840551
219.5    0.149842375975
219.625    0.169835739174
219.75    0.155151816824
219.875    0.153177368508
220.0    0.168458602953
220.125    0.168342458935
220.25    0.168458602953
220.375    0.157640617222
220.5    0.149145511863
220.625    0.147038327526
220.75    0.167944250871
220.875    0.150954040153
221.0    0.154869752779
221.125    0.156396217023
221.25    0.175858636137
221.375    0.152414136386
221.5    0.15793927327
221.625    0.167612410818
221.75    0.167612410818
221.875    0.158901609424
222.0    0.152629832421
222.125    0.151551352248
222.25    0.152945080471
222.375    0.151451800232
222.5    0.156976937116
222.625    0.156976937116
222.75    0.156976937116
222.875    0.158951385432
223.0    0.148830263813
223.125    0.150058072009
223.25    0.150257176041
223.375    0.150506056081
223.5    0.165555002489
223.625    0.165588186494
223.75    0.165571594491
223.875    0.167147834744
224.0    0.151883192301
224.125    0.151883192301
224.25    0.151949560312
224.375    0.151800232288
224.5    0.158370665339
224.625    0.158486809358
224.75    0.158387257342
224.875    0.153957192633
225.0    0.149825783972
225.125    0.154720424755
225.25    0.138277750124
225.375    0.15043968807
225.5    0.155848680936
225.625    0.155848680936
225.75    0.151800232288
225.875    0.152779160445
226.0    0.16455948233
226.125    0.16331508213
226.25    0.165870250539
226.375    0.165289530446
226.5    0.148714119794
226.625    0.150854488137
226.75    0.150506056081
226.875    0.148216359715
227.0    0.147270615563
227.125    0.148465239754
227.25    0.148830263813
227.375    0.149410983906
227.5    0.146955367513
227.625    0.148481831757
227.75    0.14962667994
227.875    0.148232951717
228.0    0.149792599967
228.125    0.150190808031
228.25    0.150141032023
228.375    0.154670648747
228.5    0.153210552514
228.625    0.153210552514
228.75    0.157275593164
228.875    0.157275593164
229.0    0.164327194292
229.125    0.164327194292
229.25    0.164410154306
229.375    0.165953210553
229.5    0.153525800564
229.625    0.153343288535
229.75    0.153393064543
229.875    0.146971959516
230.0    0.15143520823
230.125    0.143354902937
230.25    0.143421270947
230.375    0.149676455948
230.5    0.15681101709
230.625    0.156893977103
230.75    0.157242409159
230.875    0.15705989713
231.0    0.158636137382
231.125    0.15893479343
231.25    0.158851833416
231.375    0.161821801891
231.5    0.157325369172
231.625    0.155334328853
231.75    0.155317736851
231.875    0.155467064875
232.0    0.14956031193
232.125    0.15362535258
232.25    0.154239256678
232.375    0.154239256678
232.5    0.146540567446
232.625    0.14393562303
232.75    0.145279575245
232.875    0.154803384769
233.0    0.153177368508
233.125    0.153177368508
233.25    0.153177368508
233.375    0.153758088601
233.5    0.155782312925
233.625    0.155832088933
233.75    0.155964824954
233.875    0.148299319728
234.0    0.171594491455
234.125    0.146971959516
234.25    0.147303799569
234.375    0.152911896466
234.5    0.150074664012
234.625    0.150074664012
234.75    0.141944582711
234.875    0.149593495935
235.0    0.146723079476
235.125    0.150091256015
235.25    0.142027542724
235.375    0.141114982578
235.5    0.151551352248
235.625    0.151883192301
235.75    0.15143520823
235.875    0.15143520823
236.0    0.147784967646
236.125    0.147403351585
236.25    0.147934295669
236.375    0.149444167911
236.5    0.151418616227
236.625    0.151584536254
236.75    0.151567944251
236.875    0.151899784304
237.0    0.152297992368
237.125    0.155035672806
237.25    0.155035672806
237.375    0.152447320392
237.5    0.152629832421
237.625    0.152629832421
237.75    0.15256346441
237.875    0.152712792434
238.0    0.158470217355
238.125    0.158470217355
238.25    0.158802057408
238.375    0.154737016758
238.5    0.149460759914
238.625    0.151534760246
238.75    0.151534760246
238.875    0.151551352248
239.0    0.145080471213
239.125    0.145478679277
239.25    0.145478679277
239.375    0.14906255185
240.0    0.154421768707
240.125    0.1550024888
240.25    0.149394391903
240.375    0.14718765555
240.5    0.136153973785
240.625    0.148946407831
240.75    0.148714119794
240.875    0.148730711797
241.0    0.146075991372
241.125    0.145959847354
241.25    0.15037332006
241.375    0.149012775842
241.5    0.158785465406
241.625    0.158885017422
241.75    0.154803384769
241.875    0.154803384769
242.0    0.144599303136
242.125    0.14400199104
242.25    0.143421270947
242.375    0.143802887008
242.5    0.14906255185
242.625    0.14906255185
242.75    0.149112327858
242.875    0.149112327858
243.0    0.157076489132
243.125    0.157010121122
243.25    0.158619545379
243.375    0.158154969305
243.5    0.146922183508
243.625    0.147635639622
243.75    0.147171063547
243.875    0.147171063547
244.0    0.151003816161
244.125    0.151003816161
244.25    0.150887672142
244.375    0.152215032354
244.5    0.147619047619
244.625    0.147851335656
244.75    0.164891322383
244.875    0.164211050274
245.0    0.153111000498
245.125    0.154322216692
245.25    0.154322216692
245.375    0.15418948067
245.5    0.14718765555
245.625    0.14718765555
245.75    0.147137879542
245.875    0.147950887672
246.0    0.142658038825
246.125    0.150489464078
246.25    0.152629832421
246.375    0.153160776506
246.5    0.14668989547
246.625    0.151020408163
246.75    0.150904264145
246.875    0.151319064211
247.0    0.155035672806
247.125    0.155035672806
247.25    0.146905591505
247.375    0.146822631492
247.5    0.148763895802
247.625    0.148763895802
247.75    0.148763895802
247.875    0.148332503733
248.0    0.132503733201
248.125    0.15712626514
248.25    0.147021735523
248.375    0.147021735523
248.5    0.158967977435
248.625    0.158835241414
248.75    0.158885017422
248.875    0.158885017422
249.0    0.174298987888
249.125    0.157955865273
249.25    0.158735689398
249.375    0.151733864277
249.5    0.153243736519
249.625    0.153575576572
249.75    0.152945080471
249.875    0.152945080471
250.0    0.149693047951
250.125    0.14824954372
250.25    0.150058072009
250.375    0.150671976108
250.5    0.144549527128
250.625    0.145146839223
250.75    0.147353575577
250.875    0.14743653559
251.0    0.148465239754
251.125    0.148830263813
251.25    0.148763895802
251.375    0.168359050937
251.5    0.152596648415
251.625    0.167197610752
251.75    0.140285382446
251.875    0.141662518666
252.0    0.147884519662
252.125    0.14775178364
252.25    0.148199767712
252.375    0.146474199436
252.5    0.151269288203
252.625    0.150788120126
252.75    0.150788120126
252.875    0.151916376307
253.0    0.155483656877
253.125    0.151385432222
253.25    0.140550854488
253.375    0.148680935789
253.5    0.154670648747
253.625    0.155433880869
253.75    0.156728057076
253.875    0.156728057076
254.0    0.144715447154
254.125    0.147967479675
254.25    0.147967479675
254.375    0.151136552182
254.5    0.145777335324
254.625    0.146706487473
254.75    0.146457607433
254.875    0.145893479343
255.0    0.147818151651
255.125    0.147768375643
255.25    0.140849510536
255.375    0.141380454621
255.5    0.151468392235
255.625    0.148232951717
255.75    0.14824954372
255.875    0.150887672142
256.0    0.154620872739
256.125    0.155981416957
256.25    0.153326696532
256.375    0.153326696532
256.5    0.152629832421
256.625    0.15331010453
256.75    0.154006968641
256.875    0.154206072673
257.0    0.152115480338
257.125    0.152463912394
257.25    0.171411979426
257.375    0.155782312925
257.5    0.155699352912
257.625    0.155201592832
257.75    0.155201592832
257.875    0.1475029036
258.0    0.154969304795
258.125    0.130579060893
258.25    0.156844201095
258.375    0.157176041148
258.5    0.141728886677
258.625    0.142425750788
258.75    0.142425750788
258.875    0.141845030695
259.0    0.150987224158
259.125    0.152513688402
259.25    0.152397544384
259.375    0.1531275925
259.5    0.142458934793
259.625    0.137132901941
259.75    0.152862120458
259.875    0.145511863282
260.0    0.154006968641
260.125    0.154720424755
260.25    0.1550024888
260.375    0.157209225153
260.5    0.164011946242
260.625    0.164011946242
260.75    0.14043471047
260.875    0.14099883856
261.0    0.163464410154
261.125    0.161722249876
261.25    0.161340633814
261.375    0.152679608429
261.5    0.160179193629
261.625    0.155384104861
261.75    0.155384104861
261.875    0.155483656877
262.0    0.144582711133
262.125    0.144383607101
262.25    0.145097063216
262.375    0.14531275925
262.5    0.151070184171
262.625    0.151070184171
262.75    0.150771528123
262.875    0.150771528123
263.0    0.139406006305
263.125    0.140136054422
263.25    0.141098390576
263.375    0.157142857143
263.5    0.143504230961
263.625    0.144333831093
263.75    0.152148664344
263.875    0.15362535258
264.0    0.140965654555
264.125    0.140965654555
264.25    0.141894806703
264.375    0.146606935457
264.5    0.142392566783
264.625    0.142392566783
264.75    0.14531275925
264.875    0.144284055085
265.0    0.146855815497
265.125    0.145545047287
265.25    0.145545047287
265.375    0.144350423096
265.5    0.145959847354
265.625    0.144134727062
265.75    0.145843703335
265.875    0.133416293347
266.0    0.156711465074
266.125    0.15769039323
266.25    0.157673801228
266.375    0.146324871412
266.5    0.153111000498
266.625    0.152845528455
266.75    0.140650406504
266.875    0.135905093745
267.0    0.141728886677
267.125    0.141728886677
267.25    0.142110502738
267.375    0.168773851004
267.5    0.147934295669
267.625    0.147967479675
267.75    0.147967479675
267.875    0.152049112328
268.0    0.135855317737
268.125    0.135457109673
268.25    0.140086278414
268.375    0.138891654223
268.5    0.154073336652
268.625    0.153807864609
268.75    0.154737016758
268.875    0.154753608761
269.0    0.133366517339
269.125    0.133665173386
269.25    0.157657209225
269.375    0.15143520823
269.5    0.146806039489
269.625    0.14718765555
269.75    0.135838725734
269.875    0.154272440684
270.0    0.143620374979
270.125    0.14425087108
270.25    0.14425087108
270.375    0.144449975112
270.5    0.121204579393
270.625    0.125269620043
270.75    0.128521652563
270.875    0.12681267629
271.0    0.157259001161
271.125    0.157259001161
271.25    0.149145511863
271.375    0.146175543388
271.5    0.146275095404
271.625    0.146275095404
271.75    0.146341463415
271.875    0.143371494939
272.0    0.140766550523
272.125    0.14050107848
272.25    0.158022233284
272.375    0.158503401361
272.5    0.146673303468
272.625    0.143255350921
272.75    0.143255350921
272.875    0.148282727725
273.0    0.13919031027
273.125    0.140285382446
273.25    0.139157126265
273.375    0.137464741994
273.5    0.143537414966
273.625    0.143753111
273.75    0.143421270947
273.875    0.143471046955
274.0    0.126115812179
274.125    0.12900282064
274.25    0.124888003982
274.375    0.14074995852
274.5    0.152181848349
274.625    0.16031192965
274.75    0.172490459598
274.875    0.15199933632
275.0    0.158536585366
275.125    0.141363862618
275.25    0.140567446491
275.375    0.156827609092
275.5    0.140683590509
275.625    0.139605110337
275.75    0.140418118467
275.875    0.141081798573
276.0    0.145545047287
276.125    0.145644599303
276.25    0.145943255351
276.375    0.145943255351
276.5    0.149344615895
276.625    0.149344615895
276.75    0.155765720923
276.875    0.133084453294
277.0    0.142575078812
277.125    0.143487638958
277.25    0.14318898291
277.375    0.143255350921
277.5    0.142458934793
277.625    0.142458934793
277.75    0.142409158785
277.875    0.142409158785
278.0    0.1456280073
278.125    0.146258503401
278.25    0.14637464742
278.375    0.147784967646
278.5    0.141363862618
278.625    0.141363862618
278.75    0.141164758586
278.875    0.140584038493
279.0    0.144649079144
279.125    0.142840550854
279.25    0.141861622698
279.375    0.141347270616
279.5    0.140219014435
279.625    0.144350423096
279.75    0.140301974448
279.875    0.140517670483
280.0    0.144284055085
280.125    0.144284055085
280.25    0.149162103866
280.375    0.149162103866
280.5    0.142641446823
280.625    0.142143686743
280.75    0.140351750456
280.875    0.138510038162
281.0    0.145777335324
281.125    0.14800066368
281.25    0.14800066368
281.375    0.148631159781
281.5    0.148067031691
281.625    0.147801559648
281.75    0.138145014103
281.875    0.136104197777
282.0    0.139654886345
282.125    0.139654886345
282.25    0.139654886345
282.375    0.139240086278
282.5    0.144466567115
282.625    0.14237597478
282.75    0.14237597478
282.875    0.13831093413
283.0    0.138692550191
283.125    0.139654886345
283.25    0.140169238427
283.375    0.140335158454
283.5    0.16837564294
283.625    0.164841546375
283.75    0.166666666667
283.875    0.16618549859
284.0    0.144284055085
284.125    0.14637464742
284.25    0.145959847354
284.375    0.145993031359
284.5    0.144284055085
284.625    0.132105525137
284.75    0.144549527128
284.875    0.145644599303
285.0    0.141728886677
285.125    0.141728886677
285.25    0.143222166916
285.375    0.142890326862
285.5    0.146358055417
285.625    0.147453127592
285.75    0.153011448482
285.875    0.153276920524
286.0    0.151518168243
286.125    0.146109175377
286.25    0.170881035341
286.375    0.14587688734
286.5    0.145677783308
286.625    0.145677783308
286.75    0.142210054754
286.875    0.141861622698
287.0    0.142807366849
287.125    0.142442342791
287.25    0.142442342791
287.375    0.143587190974
287.5    0.139538742326
287.625    0.155732536917
287.75    0.143703334993
287.875    0.143985399038
288.0    0.138709142193
288.125    0.139256678281
288.25    0.141164758586
288.375    0.141164758586
288.5    0.145760743322
288.625    0.145760743322
288.75    0.146075991372
288.875    0.143703334993
289.0    0.155516840883
289.125    0.155301144848
289.25    0.155367512859
289.375    0.151169736187
289.5    0.141695702671
289.625    0.145793927327
289.75    0.15256346441
289.875    0.152978264477
290.0    0.15656213705
290.125    0.155350920856
290.25    0.155533432885
290.375    0.156014600962
290.5    0.144665671147
290.625    0.144267463083
290.75    0.145760743322
290.875    0.146407831425
291.0    0.14181184669
291.125    0.142906918865
291.25    0.164708810353
291.375    0.160643769703
291.5    0.148166583707
291.625    0.145910071346
291.75    0.148465239754
291.875    0.147917703667
292.0    0.134262485482
292.125    0.134262485482
292.25    0.134212709474
292.375    0.134212709474
292.5    0.138211382114
292.625    0.14025219844
292.75    0.13568939771
292.875    0.135755765721
293.0    0.153276920524
293.125    0.149162103866
293.25    0.137149493944
293.375    0.145196615231
293.5    0.144201095072
293.625    0.145827111332
293.75    0.145893479343
293.875    0.147718599635
294.0    0.13325037332
294.125    0.133150821304
294.25    0.121586195454
294.375    0.122399203584
294.5    0.13537414966
294.625    0.137298821968
294.75    0.138493446159
294.875    0.158868425419
295.0    0.128886676622
295.125    0.138095238095
295.25    0.151518168243
295.375    0.155881864941
295.5    0.144649079144
295.625    0.144649079144
295.75    0.144698855152
295.875    0.132951717272
296.0    0.138974614236
296.125    0.138974614236
296.25    0.139057574249
296.375    0.138078646093
296.5    0.15143520823
296.625    0.151850008296
296.75    0.150257176041
296.875    0.151850008296
297.0    0.155350920856
297.125    0.157076489132
297.25    0.153924008628
297.375    0.153924008628
297.5    0.143719926995
297.625    0.143719926995
297.75    0.143736518998
297.875    0.143504230961
298.0    0.1512526962
298.125    0.145777335324
298.25    0.147702007632
298.375    0.144947735192
298.5    0.16275095404
298.625    0.146606935457
298.75    0.149045959847
298.875    0.146606935457
299.0    0.134411813506
299.125    0.135589845694
299.25    0.13593827775
299.375    0.135954869753
300.0    0.142359382777
300.125    0.142674630828
300.25    0.138642774183
300.375    0.138642774183
300.5    0.139107350257
300.625    0.137514518002
300.75    0.149659863946
300.875    0.125369172059
301.0    0.140700182512
301.125    0.140932470549
301.25    0.142093910735
301.375    0.141645926663
301.5    0.145246391239
301.625    0.145246391239
301.75    0.145246391239
301.875    0.145246391239
302.0    0.136353077816
302.125    0.136303301809
302.25    0.136137381782
302.375    0.136137381782
302.5    0.151302472208
302.625    0.151335656214
302.75    0.151335656214
302.875    0.134776837564
303.0    0.140152646424
303.125    0.139920358387
303.25    0.139853990377
303.375    0.139804214369
303.5    0.148365687739
303.625    0.148365687739
303.75    0.140866102539
303.875    0.140783142525
304.0    0.143869255019
304.125    0.144665671147
304.25    0.144433383109
304.375    0.145661191306
304.5    0.149527127924
304.625    0.152082296333
304.75    0.143869255019
304.875    0.139870582379
305.0    0.144300647088
305.125    0.142790774847
305.25    0.136170565787
305.375    0.132669653227
305.5    0.12069022731
305.625    0.127393396383
305.75    0.139588518334
305.875    0.138709142193
306.0    0.150223992036
306.125    0.149361207898
306.25    0.141679110669
306.375    0.141795254687
306.5    0.138045462087
306.625    0.162485481998
306.75    0.142160278746
306.875    0.133549029368
307.0    0.137398373984
307.125    0.136701509872
307.25    0.134909573586
307.375    0.137597478016
307.5    0.143603782977
307.625    0.143537414966
307.75    0.140982246557
307.875    0.141778662685
308.0    0.137829766053
308.125    0.138775510204
308.25    0.138659366185
308.375    0.138891654223
308.5    0.149128919861
308.625    0.149128919861
308.75    0.153111000498
308.875    0.157259001161
309.0    0.146706487473
309.125    0.146706487473
309.25    0.146706487473
309.375    0.146955367513
309.5    0.137116309939
309.625    0.139389414302
309.75    0.139853990377
309.875    0.139853990377
310.0    0.146540567446
310.125    0.145080471213
310.25    0.149145511863
310.375    0.136884021901
310.5    0.129351252696
310.625    0.129467396715
310.75    0.128820308611
310.875    0.128753940601
311.0    0.14212709474
311.125    0.133781317405
311.25    0.133648581384
311.375    0.133648581384
311.5    0.167197610752
311.625    0.166981914717
311.75    0.167994026879
311.875    0.161058569769
312.0    0.138692550191
312.125    0.143371494939
312.25    0.143255350921
312.375    0.143338310934
312.5    0.134428405509
312.625    0.142110502738
312.75    0.14230960677
312.875    0.141413638626
313.0    0.15150157624
313.125    0.145843703335
313.25    0.145843703335
313.375    0.147254023561
313.5    0.154388584702
313.625    0.142193462751
313.75    0.142093910735
313.875    0.14718765555
314.0    0.147154471545
314.125    0.147486311598
314.25    0.172789115646
314.375    0.144333831093
314.5    0.145943255351
314.625    0.145943255351
314.75    0.145943255351
314.875    0.145943255351
315.0    0.151451800232
315.125    0.151418616227
315.25    0.147801559648
315.375    0.151866600299
315.5    0.154040152646
315.625    0.154089928654
315.75    0.154089928654
315.875    0.155550024888
316.0    0.153924008628
316.125    0.149693047951
316.25    0.149460759914
316.375    0.137381781981
316.5    0.136236933798
316.625    0.140301974448
316.75    0.140301974448
316.875    0.143039654886
317.0    0.141231126597
317.125    0.137016757923
