0.0    0.141502548656
0.125    0.14250463392
0.25    0.140320898981
0.375    0.139677942539
0.5    0.142458294717
0.625    0.141925393883
0.75    0.142162882298
0.875    0.147422381835
1.0    0.141317191844
1.125    0.142591519926
1.25    0.142377201112
1.375    0.142429332715
1.5    0.143066496756
1.625    0.14796686747
1.75    0.143211306766
1.875    0.14797265987
2.0    0.142730537535
2.125    0.142730537535
2.25    0.142730537535
2.375    0.142481464319
2.5    0.137436283596
2.625    0.137436283596
2.75    0.147381835032
2.875    0.14468257646
3.0    0.139457831325
3.125    0.139457831325
3.25    0.139457831325
3.375    0.138861214087
3.5    0.142070203893
3.625    0.14187326228
3.75    0.14187326228
3.875    0.142209221501
4.0    0.138733781279
4.125    0.139822752549
4.25    0.13984012975
4.375    0.139677942539
4.5    0.142672613531
4.625    0.142632066728
4.75    0.143396663577
4.875    0.144404541242
5.0    0.141699490269
5.125    0.142643651529
5.25    0.142684198332
5.375    0.142626274328
5.5    0.144265523633
5.625    0.144265523633
5.75    0.143894810009
5.875    0.14296223355
6.0    0.143402455978
6.125    0.143576227989
6.25    0.143639944393
6.375    0.143784754402
6.5    0.143825301205
6.625    0.14406858202
6.75    0.143946941613
6.875    0.143946941613
7.0    0.14452618165
7.125    0.144862140871
7.25    0.143819508804
7.375    0.143819508804
7.5    0.14187905468
7.625    0.141890639481
7.75    0.141890639481
7.875    0.142012279889
8.0    0.142608897127
8.125    0.143738415199
8.25    0.143361909175
8.375    0.142765291937
8.5    0.143703660797
8.625    0.144028035218
8.75    0.144028035218
8.875    0.143703660797
9.0    0.144914272475
9.125    0.144769462465
9.25    0.143732622799
9.375    0.143732622799
9.5    0.142996987952
9.625    0.145481927711
9.75    0.145481927711
9.875    0.145481927711
10.0    0.140349860982
10.125    0.139955977757
10.25    0.139631603336
10.375    0.139955977757
10.5    0.144207599629
10.625    0.1453197405
10.75    0.137384151993
10.875    0.142122335496
11.0    0.139168211307
11.125    0.139168211307
11.25    0.138200880445
11.375    0.139121872104
11.5    0.139869091752
11.625    0.139869091752
11.75    0.139869091752
11.875    0.139869091752
12.0    0.141826923077
12.125    0.141861677479
12.25    0.142400370714
12.375    0.135096153846
12.5    0.147920528267
12.625    0.147920528267
12.75    0.147920528267
12.875    0.147700417053
13.0    0.139672150139
13.125    0.140668443003
13.25    0.140477293791
13.375    0.140257182576
13.5    0.140882761816
13.625    0.143529888786
13.75    0.143489341983
13.875    0.143489341983
14.0    0.138085032437
14.125    0.138085032437
14.25    0.140488878591
14.375    0.140552594995
14.5    0.140801668211
14.625    0.141166589435
14.75    0.14125347544
14.875    0.146061167748
15.0    0.143054911956
15.125    0.14312442076
15.25    0.142637859129
15.375    0.142122335496
15.5    0.141861677479
15.625    0.14186746988
15.75    0.141751621872
15.875    0.140911723818
16.0    0.14015291937
16.125    0.140141334569
16.25    0.139979147359
16.375    0.139979147359
16.5    0.139712696942
16.625    0.139898053753
16.75    0.139898053753
16.875    0.139295644115
17.0    0.14140407785
17.125    0.140668443003
17.25    0.133665430955
17.375    0.140876969416
17.5    0.138919138091
17.625    0.138502085264
17.75    0.138473123262
17.875    0.139295644115
18.0    0.141137627433
18.125    0.141357738647
18.25    0.141357738647
18.375    0.139967562558
18.5    0.13766218721
18.625    0.137789620019
18.75    0.138050278035
18.875    0.137992354032
19.0    0.139191380908
19.125    0.139191380908
19.25    0.138977062095
19.375    0.139330398517
19.5    0.137569508804
19.625    0.137754865616
19.75    0.137430491196
19.875    0.14593373494
20.0    0.14313021316
20.125    0.143060704356
20.25    0.143060704356
20.375    0.143060704356
20.5    0.14155468026
20.625    0.141670528267
20.75    0.141612604263
20.875    0.14781047266
21.0    0.144126506024
21.125    0.143987488415
21.25    0.144265523633
21.375    0.144306070436
21.5    0.141595227062
21.625    0.14186746988
21.75    0.141936978684
21.875    0.141658943466
22.0    0.138994439296
22.125    0.138687442076
22.25    0.138617933272
22.375    0.138617933272
22.5    0.144097544022
22.625    0.143848470806
22.75    0.142411955514
22.875    0.142411955514
23.0    0.14015291937
23.125    0.14015291937
23.25    0.140019694161
23.375    0.14015291937
23.5    0.139805375348
23.625    0.139898053753
23.75    0.140071825765
23.875    0.140262974977
24.0    0.146680954588
24.125    0.138461538462
24.25    0.138484708063
24.375    0.13874536608
24.5    0.140228220575
24.625    0.13843257646
24.75    0.138542632067
24.875    0.138791705283
25.0    0.140234012975
25.125    0.140234012975
25.25    0.140234012975
25.375    0.139237720111
25.5    0.141050741427
25.625    0.141155004634
25.75    0.140807460612
25.875    0.145615152919
26.0    0.14046570899
26.125    0.141241890639
26.25    0.141241890639
26.375    0.14109128823
26.5    0.141838507878
26.625    0.140541010195
26.75    0.141896431881
26.875    0.141896431881
27.0    0.139874884152
27.125    0.139880676552
27.25    0.139562094532
27.375    0.139961770158
27.5    0.139365152919
27.625    0.139469416126
27.75    0.139469416126
27.875    0.139567886932
28.0    0.144410333642
28.125    0.144566728452
28.25    0.144566728452
28.375    0.144827386469
28.5    0.141670528267
28.625    0.141317191844
28.75    0.140755329008
28.875    0.141120250232
29.0    0.140436746988
29.125    0.140500463392
29.25    0.13968373494
29.375    0.13968373494
29.5    0.143773169601
29.625    0.143773169601
29.75    0.14343141798
29.875    0.143182344764
30.0    0.140801668211
30.125    0.140801668211
30.25    0.140477293791
30.375    0.140680027804
30.5    0.14281742354
30.625    0.14281742354
30.75    0.142863762743
30.875    0.142863762743
31.0    0.146003243744
31.125    0.14609592215
31.25    0.146843141798
31.375    0.146970574606
31.5    0.145545644115
31.625    0.145574606117
31.75    0.145510889713
31.875    0.143564643188
32.0    0.143269230769
32.125    0.143043327155
32.25    0.143159175162
32.375    0.143170759963
32.5    0.138832252085
32.625    0.139011816497
32.75    0.139498378128
32.875    0.13984592215
33.0    0.145458758109
33.125    0.145232854495
33.25    0.1328081557
33.375    0.133051436515
33.5    0.139243512512
33.625    0.139243512512
33.75    0.139347775718
33.875    0.139243512512
34.0    0.138241427247
34.125    0.143020157553
34.25    0.143072289157
34.375    0.143703660797
34.5    0.143941149212
34.625    0.14405699722
34.75    0.144398748842
34.875    0.144143883225
35.0    0.143582020389
35.125    0.143553058387
35.25    0.143553058387
35.375    0.144196014829
35.5    0.144265523633
35.625    0.144039620019
35.75    0.143634151993
35.875    0.143848470806
36.0    0.146536144578
36.125    0.147225440222
36.25    0.147173308619
36.375    0.147063253012
36.5    0.142093373494
36.625    0.14155468026
36.75    0.141195551437
36.875    0.142099165894
37.0    0.140013901761
37.125    0.139787998146
37.25    0.139822752549
37.375    0.139950185357
37.5    0.14859244671
37.625    0.148343373494
37.75    0.150897822057
37.875    0.150573447637
38.0    0.148870481928
38.125    0.148922613531
38.25    0.148812557924
38.375    0.148256487488
38.5    0.144624652456
38.625    0.144699953661
38.75    0.14296223355
38.875    0.142203429101
39.0    0.140766913809
39.125    0.140905931418
39.25    0.140848007414
39.375    0.140848007414
39.5    0.142713160334
39.625    0.141850092678
39.75    0.143570435589
39.875    0.144601482854
40.0    0.139776413346
40.125    0.138513670065
40.25    0.138727988879
40.375    0.139799582947
40.5    0.14109128823
40.625    0.140911723818
40.75    0.140911723818
40.875    0.143332947173
41.0    0.140801668211
41.125    0.140801668211
41.25    0.147179101019
41.375    0.146455050973
41.5    0.143309777572
41.625    0.142794253939
41.75    0.142939063948
41.875    0.14343721038
42.0    0.146993744208
42.125    0.147265987025
42.25    0.147265987025
42.375    0.147254402224
42.5    0.141728452271
42.625    0.141166589435
42.75    0.141050741427
42.875    0.141050741427
43.0    0.143518303985
43.125    0.143894810009
43.25    0.144033827618
43.375    0.146848934198
43.5    0.145615152919
43.625    0.145568813716
43.75    0.145951112141
43.875    0.14593373494
44.0    0.147781510658
44.125    0.147781510658
44.25    0.14593952734
44.375    0.146495597776
44.5    0.140766913809
44.625    0.142475671918
44.75    0.142446709917
44.875    0.142469879518
45.0    0.142238183503
45.125    0.141693697868
45.25    0.141601019462
45.375    0.141797961075
45.5    0.144190222428
45.625    0.144439295644
45.75    0.143975903614
45.875    0.14327502317
46.0    0.141774791474
46.125    0.142162882298
46.25    0.142527803522
46.375    0.141994902688
46.5    0.144566728452
46.625    0.14453197405
46.75    0.14421918443
46.875    0.144491427247
47.0    0.145690454124
47.125    0.145545644115
47.25    0.151946246525
47.375    0.15234012975
47.5    0.144601482854
47.625    0.144618860056
47.75    0.144236561631
47.875    0.14484476367
48.0    0.145852641335
48.125    0.145759962929
48.25    0.145846848934
48.375    0.146437673772
48.5    0.142272937905
48.625    0.142608897127
48.75    0.145499304912
48.875    0.145331325301
49.0    0.143784754402
49.125    0.143842678406
49.25    0.146455050973
49.375    0.143883225209
49.5    0.144288693234
49.625    0.143292400371
49.75    0.143211306766
49.875    0.142875347544
50.0    0.144271316033
50.125    0.143952734013
50.25    0.144392956441
50.375    0.144514596849
50.5    0.143686283596
50.625    0.143807924004
50.75    0.144468257646
50.875    0.143448795181
51.0    0.140691612604
51.125    0.138652687674
51.25    0.140303521779
51.375    0.139712696942
51.5    0.1453139481
51.625    0.145348702502
51.75    0.144891102873
51.875    0.145273401298
52.0    0.147202270621
52.125    0.148528730306
52.25    0.148418674699
52.375    0.148714087118
52.5    0.140917516219
52.625    0.140963855422
52.75    0.142122335496
52.875    0.141525718258
53.0    0.141108665431
53.125    0.140998609824
53.25    0.142301899907
53.375    0.141044949027
53.5    0.139411492122
53.625    0.137998146432
53.75    0.141299814643
53.875    0.139654772938
54.0    0.142545180723
54.125    0.141305607044
54.25    0.141236098239
54.375    0.141317191844
54.5    0.141137627433
54.625    0.14109708063
54.75    0.141166589435
54.875    0.141606811863
55.0    0.138490500463
55.125    0.138994439296
55.25    0.139098702502
55.375    0.146205977757
55.5    0.141676320667
55.625    0.141780583874
55.75    0.141398285449
55.875    0.141398285449
56.0    0.141890639481
56.125    0.143182344764
56.25    0.143518303985
56.375    0.140135542169
56.5    0.143159175162
56.625    0.143159175162
56.75    0.143159175162
56.875    0.142272937905
57.0    0.141629981464
57.125    0.141942771084
57.25    0.142099165894
57.375    0.142151297498
57.5    0.139591056534
57.625    0.139898053753
57.75    0.140674235403
57.875    0.139672150139
58.0    0.138467330862
58.125    0.138542632067
58.25    0.138699026877
58.375    0.141282437442
58.5    0.140506255792
58.625    0.140569972196
58.75    0.140645273401
58.875    0.140905931418
59.0    0.142788461538
59.125    0.142550973123
59.25    0.142545180723
59.375    0.142110750695
59.5    0.142834800741
59.625    0.153620250232
59.75    0.154541241891
59.875    0.154384847081
60.0    0.140616311399
60.125    0.140824837813
60.25    0.140842215014
60.375    0.140454124189
60.5    0.14234823911
60.625    0.142325069509
60.75    0.140054448563
60.875    0.140060240964
61.0    0.141479379055
61.125    0.14233665431
61.25    0.142724745134
61.375    0.142794253939
61.5    0.14264944393
61.625    0.142834800741
61.75    0.140332483781
61.875    0.139515755329
62.0    0.14578892493
62.125    0.138502085264
62.25    0.150428637627
62.375    0.150700880445
62.5    0.144462465246
62.625    0.144549351251
62.75    0.143865848007
62.875    0.144172845227
63.0    0.14280583874
63.125    0.142881139944
63.25    0.142881139944
63.375    0.142771084337
63.5    0.150596617238
63.625    0.150283827618
63.75    0.150411260426
63.875    0.145800509731
64.0    0.142319277108
64.125    0.141143419833
64.25    0.141508341057
64.375    0.141351946247
64.5    0.146130676552
64.625    0.146368164968
64.75    0.146356580167
64.875    0.146055375348
65.0    0.138554216867
65.125    0.138449953661
65.25    0.138235634847
65.375    0.138067655236
65.5    0.15047497683
65.625    0.150399675626
65.75    0.150892029657
65.875    0.147289156627
66.0    0.13874536608
66.125    0.13874536608
66.25    0.13874536608
66.375    0.139567886932
66.5    0.139591056534
66.625    0.138310936052
66.75    0.138363067655
66.875    0.139104494903
67.0    0.144155468026
67.125    0.144410333642
67.25    0.138229842447
67.375    0.137053985171
67.5    0.142701575533
67.625    0.142354031511
67.75    0.142435125116
67.875    0.143107043559
68.0    0.14140987025
68.125    0.14187905468
68.25    0.141936978684
68.375    0.142110750695
68.5    0.142243975904
68.625    0.142243975904
68.75    0.142151297498
68.875    0.141768999073
69.0    0.139811167748
69.125    0.139266682113
69.25    0.139185588508
69.375    0.139504170528
69.5    0.140952270621
69.625    0.141079703429
69.75    0.141015987025
69.875    0.141189759036
70.0    0.128504402224
70.125    0.143761584801
70.25    0.143941149212
70.375    0.143889017609
70.5    0.145076459685
70.625    0.144699953661
70.75    0.142875347544
70.875    0.142927479147
71.0    0.142689990732
71.125    0.142713160334
71.25    0.152357506951
71.375    0.14250463392
71.5    0.138785912882
71.625    0.1390697405
71.75    0.1390697405
71.875    0.1390697405
72.0    0.140147126969
72.125    0.14031510658
72.25    0.140598934198
72.375    0.140651065802
72.5    0.142168674699
72.625    0.142556765524
72.75    0.141664735867
72.875    0.141809545876
73.0    0.141201343837
73.125    0.142713160334
73.25    0.142881139944
73.375    0.142794253939
73.5    0.143141797961
73.625    0.145198100093
73.75    0.141270852641
73.875    0.141792168675
74.0    0.141960148285
74.125    0.142533595922
74.25    0.140048656163
74.375    0.144821594069
74.5    0.1421918443
74.625    0.141994902688
74.75    0.141322984245
74.875    0.14281742354
75.0    0.146675162187
75.125    0.146987951807
75.25    0.147121177016
75.375    0.147040083411
75.5    0.1421918443
75.625    0.14186746988
75.75    0.141786376274
75.875    0.142238183503
76.0    0.141195551437
76.125    0.142284522706
76.25    0.14468836886
76.375    0.143993280816
76.5    0.138386237257
76.625    0.148870481928
76.75    0.148563484708
76.875    0.148719879518
77.0    0.138739573679
77.125    0.138635310473
77.25    0.138496292864
77.375    0.1390697405
77.5    0.144091751622
77.625    0.132257877665
77.75    0.146680954588
77.875    0.146669369787
78.0    0.137546339203
78.125    0.13781278962
78.25    0.139341983318
78.375    0.138200880445
78.5    0.142991195551
78.625    0.142203429101
78.75    0.141971733086
78.875    0.1421860519
79.0    0.145499304912
79.125    0.145111214087
79.25    0.146119091752
79.375    0.146507182576
79.5    0.140529425394
79.625    0.139162418906
79.75    0.138513670065
79.875    0.139695319741
80.0    0.141699490269
80.125    0.141288229842
80.25    0.142290315107
80.375    0.142753707136
80.5    0.145956904541
80.625    0.14609592215
80.75    0.146153846154
80.875    0.149391797961
81.0    0.142626274328
81.125    0.142626274328
81.25    0.142632066728
81.375    0.142875347544
81.5    0.143159175162
81.625    0.14077849861
81.75    0.139521547729
81.875    0.139660565338
82.0    0.141740037071
82.125    0.141855885079
82.25    0.142110750695
82.375    0.142249768304
82.5    0.143975903614
82.625    0.143553058387
82.75    0.143761584801
82.875    0.143993280816
83.0    0.138629518072
83.125    0.138629518072
83.25    0.138200880445
83.375    0.1374942076
83.5    0.141705282669
83.625    0.14172265987
83.75    0.141965940686
83.875    0.142162882298
84.0    0.142319277108
84.125    0.132756024096
84.25    0.141699490269
84.375    0.141855885079
84.5    0.142354031511
84.625    0.143553058387
84.75    0.14280583874
84.875    0.142110750695
85.0    0.145841056534
85.125    0.145719416126
85.25    0.146014828545
85.375    0.146466635774
85.5    0.140795875811
85.625    0.14093489342
85.75    0.147764133457
85.875    0.147457136237
86.0    0.142585727525
86.125    0.142701575533
86.25    0.142290315107
86.375    0.142411955514
86.5    0.139567886932
86.625    0.140824837813
86.75    0.140871177016
86.875    0.141062326228
87.0    0.140512048193
87.125    0.141728452271
87.25    0.140575764597
87.375    0.141189759036
87.5    0.140761121409
87.625    0.140905931418
87.75    0.141241890639
87.875    0.140714782206
88.0    0.144033827618
88.125    0.143929564411
88.25    0.143831093605
88.375    0.144097544022
88.5    0.138351482855
88.625    0.139730074143
88.75    0.145082252085
88.875    0.144937442076
89.0    0.142800046339
89.125    0.14296223355
89.25    0.143373493976
89.375    0.142718952734
89.5    0.138403614458
89.625    0.137760658017
89.75    0.138525254866
89.875    0.138577386469
90.0    0.13328892493
90.125    0.133155699722
90.25    0.133155699722
90.375    0.149982622799
90.5    0.146733086191
90.625    0.146124884152
90.75    0.145800509731
90.875    0.146437673772
91.0    0.141519925857
91.125    0.141120250232
91.25    0.142267145505
91.375    0.142110750695
91.5    0.140280352178
91.625    0.140552594995
91.75    0.140239805375
91.875    0.144972196478
92.0    0.145615152919
92.125    0.145279193698
92.25    0.144937442076
92.375    0.14452618165
92.5    0.145574606117
92.625    0.145383456905
92.75    0.146298656163
92.875    0.143952734013
93.0    0.140077618165
93.125    0.140060240964
93.25    0.140384615385
93.375    0.139712696942
93.5    0.146414504171
93.625    0.146808387396
93.75    0.147208063021
93.875    0.147462928638
94.0    0.14249304912
94.125    0.143709453197
94.25    0.143025949954
94.375    0.143385078777
94.5    0.143367701576
94.625    0.143512511585
94.75    0.14155468026
94.875    0.14094068582
95.0    0.142238183503
95.125    0.139874884152
95.25    0.140222428174
95.375    0.139816960148
95.5    0.139869091752
95.625    0.139776413346
95.75    0.139857506951
95.875    0.140593141798
96.0    0.143350324374
96.125    0.143854263207
96.25    0.143188137164
96.375    0.14047150139
96.5    0.149021084337
96.625    0.148928405931
96.75    0.147358665431
96.875    0.147688832252
97.0    0.142597312326
97.125    0.14500115848
97.25    0.14468257646
97.375    0.142522011121
97.5    0.140917516219
97.625    0.141322984245
97.75    0.14124768304
97.875    0.141386700649
98.0    0.140853799815
98.125    0.140900139018
98.25    0.135495829472
98.375    0.13671223355
98.5    0.148546107507
98.625    0.143251853568
98.75    0.142927479147
98.875    0.143164967563
99.0    0.141502548656
99.125    0.143970111214
99.25    0.143634151993
99.375    0.143373493976
99.5    0.144746292864
99.625    0.143726830399
99.75    0.147671455051
99.875    0.146107506951
100.0    0.143622567192
100.125    0.144427710843
100.25    0.143471964782
100.375    0.144358202039
100.5    0.135611677479
100.625    0.140413577386
100.75    0.147729379055
100.875    0.135698563485
101.0    0.142904309546
101.125    0.142776876738
101.25    0.142904309546
101.375    0.135530583874
101.5    0.13609823911
101.625    0.135252548656
101.75    0.13515407785
101.875    0.142794253939
102.0    0.137476830399
102.125    0.137528962002
102.25    0.135130908248
102.375    0.135582715477
102.5    0.135721733086
102.625    0.148152224282
102.75    0.149287534754
102.875    0.147781510658
103.0    0.140801668211
103.125    0.140894346617
103.25    0.14280583874
103.375    0.140824837813
103.5    0.145377664504
103.625    0.146078544949
103.75    0.140541010195
103.875    0.142765291937
104.0    0.14312442076
104.125    0.143031742354
104.25    0.144560936052
104.375    0.145452965709
104.5    0.136689063948
104.625    0.13672381835
104.75    0.137459453197
104.875    0.135547961075
105.0    0.140425162187
105.125    0.140564179796
105.25    0.136619555144
105.375    0.141687905468
105.5    0.137262511585
105.625    0.137644810009
105.75    0.14796107507
105.875    0.135883920297
106.0    0.143923772011
106.125    0.143796339203
106.25    0.141890639481
106.375    0.141276645042
106.5    0.141351946247
106.625    0.141438832252
106.75    0.143784754402
106.875    0.143338739574
107.0    0.141398285449
107.125    0.14156626506
107.25    0.141531510658
107.375    0.141925393883
107.5    0.138363067655
107.625    0.138339898054
107.75    0.138345690454
107.875    0.138502085264
108.0    0.143419833179
108.125    0.143715245598
108.25    0.143831093605
108.375    0.144311862836
108.5    0.136185125116
108.625    0.137430491196
108.75    0.137384151993
108.875    0.137673772011
109.0    0.140871177016
109.125    0.140639481001
109.25    0.143946941613
109.375    0.143385078777
109.5    0.145383456905
109.625    0.145383456905
109.75    0.146020620945
109.875    0.146599860982
110.0    0.143205514365
110.125    0.143089666358
110.25    0.140685820204
110.375    0.140529425394
110.5    0.141212928638
110.625    0.141044949027
110.75    0.140876969416
110.875    0.141496756256
111.0    0.143767377201
111.125    0.148604031511
111.25    0.14859244671
111.375    0.148638785913
111.5    0.138258804449
111.625    0.138310936052
111.75    0.138814874884
111.875    0.138374652456
112.0    0.142064411492
112.125    0.142151297498
112.25    0.142290315107
112.375    0.143095458758
112.5    0.137285681186
112.625    0.13828197405
112.75    0.137940222428
112.875    0.137088739574
113.0    0.143049119555
113.125    0.137888090825
113.25    0.137563716404
113.375    0.147179101019
113.5    0.13797497683
113.625    0.13797497683
113.75    0.137922845227
113.875    0.137332020389
114.0    0.132449026877
114.125    0.135264133457
114.25    0.132889249305
114.375    0.133677015755
114.5    0.137511584801
114.625    0.137471037998
114.75    0.142562557924
114.875    0.142406163114
115.0    0.145198100093
115.125    0.145082252085
115.25    0.145082252085
115.375    0.145082252085
115.5    0.142417747915
115.625    0.142591519926
115.75    0.142718952734
115.875    0.145111214087
116.0    0.135924467099
116.125    0.142776876738
116.25    0.143164967563
116.375    0.143164967563
116.5    0.144584105653
116.625    0.137528962002
116.75    0.143663113994
116.875    0.149756719184
117.0    0.135947636701
117.125    0.13609244671
117.25    0.136080861909
117.375    0.136752780352
117.5    0.133891334569
117.625    0.142852177943
117.75    0.14343141798
117.875    0.143234476367
118.0    0.13515407785
118.125    0.135298887859
118.25    0.134812326228
118.375    0.134760194625
118.5    0.132089898054
118.625    0.142064411492
118.75    0.142174467099
118.875    0.141044949027
119.0    0.143553058387
119.125    0.143836886006
119.25    0.143831093605
119.375    0.145024328082
120.0    0.1374942076
120.125    0.143066496756
120.25    0.142939063948
120.375    0.136775949954
120.5    0.145852641335
120.625    0.145649907322
120.75    0.145638322521
120.875    0.145829471733
121.0    0.137245134384
121.125    0.137308850788
121.25    0.137123493976
121.375    0.136671686747
121.5    0.132327386469
121.625    0.142006487488
121.75    0.141740037071
121.875    0.141467794254
122.0    0.142904309546
122.125    0.14296223355
122.25    0.143796339203
122.375    0.144937442076
122.5    0.136677479147
122.625    0.136746987952
122.75    0.13702502317
122.875    0.137019230769
123.0    0.129952502317
123.125    0.139730074143
123.25    0.139359360519
123.375    0.140708989805
123.5    0.143634151993
123.625    0.143535681186
123.75    0.143558850788
123.875    0.140853799815
124.0    0.135947636701
124.125    0.135432113068
124.25    0.135501621872
124.375    0.135327849861
124.5    0.135762279889
124.625    0.137123493976
124.75    0.136132993513
124.875    0.136358897127
125.0    0.134505329008
125.125    0.134887627433
125.25    0.135478452271
125.375    0.134864457831
125.5    0.139706904541
125.625    0.139730074143
125.75    0.139145041705
125.875    0.140344068582
126.0    0.135067191844
126.125    0.13296455051
126.25    0.13765060241
126.375    0.140118164968
126.5    0.141236098239
126.625    0.140216635774
126.75    0.14485055607
126.875    0.145904772938
127.0    0.135414735867
127.125    0.135681186284
127.25    0.135681186284
127.375    0.135675393883
127.5    0.140737951807
127.625    0.1406221038
127.75    0.140911723818
127.875    0.140795875811
128.0    0.135107738647
128.125    0.144074374421
128.25    0.136260426321
128.375    0.139324606117
128.5    0.137465245598
128.625    0.138102409639
128.75    0.135889712697
128.875    0.135750695088
129.0    0.13655583874
129.125    0.135333642261
129.25    0.135420528267
129.375    0.135501621872
129.5    0.15015060241
129.625    0.1499942076
129.75    0.146837349398
129.875    0.145452965709
130.0    0.147990037071
130.125    0.148053753475
130.25    0.148100092678
130.375    0.138467330862
130.5    0.134383688601
130.625    0.134383688601
130.75    0.134771779425
130.875    0.135188832252
131.0    0.146675162187
131.125    0.146640407785
131.25    0.147080630213
131.375    0.147219647822
131.5    0.147891566265
131.625    0.149252780352
131.75    0.142267145505
131.875    0.136173540315
132.0    0.136318350324
132.125    0.138895968489
132.25    0.139492585728
132.375    0.138768535681
132.5    0.145325532901
132.625    0.14640871177
132.75    0.141131835032
132.875    0.141386700649
133.0    0.136225671918
133.125    0.136022937905
133.25    0.135513206673
133.375    0.137766450417
133.5    0.137488415199
133.625    0.137077154773
133.75    0.137667979611
133.875    0.137783827618
134.0    0.13609823911
134.125    0.135959221501
134.25    0.139874884152
134.375    0.137934430028
134.5    0.1390697405
134.625    0.136984476367
134.75    0.137250926784
134.875    0.151459684893
135.0    0.137673772011
135.125    0.140170296571
135.25    0.140199258573
135.375    0.140199258573
135.5    0.147069045412
135.625    0.147254402224
135.75    0.14125347544
135.875    0.141502548656
136.0    0.141317191844
136.125    0.142330861909
136.25    0.141809545876
136.375    0.148638785913
136.5    0.138420991659
136.625    0.138293558851
136.75    0.140604726599
136.875    0.140506255792
137.0    0.136167747915
137.125    0.13608665431
137.25    0.138716404078
137.375    0.136538461538
137.5    0.137320435589
137.625    0.137546339203
137.75    0.138305143652
137.875    0.137922845227
138.0    0.140274559778
138.125    0.1406278962
138.25    0.140344068582
138.375    0.140419369787
138.5    0.136521084337
138.625    0.141601019462
138.75    0.140998609824
138.875    0.140361445783
139.0    0.138090824838
139.125    0.138096617238
139.25    0.138044485635
139.375    0.138003938832
139.5    0.138872798888
139.625    0.138820667285
139.75    0.136219879518
139.875    0.136996061168
140.0    0.134244670992
140.125    0.133526413346
140.25    0.133850787766
140.375    0.134082483781
140.5    0.137216172382
140.625    0.136161955514
140.75    0.139260889713
140.875    0.139591056534
141.0    0.138061862836
141.125    0.139712696942
141.25    0.138368860056
141.375    0.138525254866
141.5    0.135860750695
141.625    0.143495134384
141.75    0.1437442076
141.875    0.141589434662
142.0    0.136671686747
142.125    0.140274559778
142.25    0.141380908248
142.375    0.138780120482
142.5    0.139359360519
142.625    0.137389944393
142.75    0.137586886006
142.875    0.135090361446
143.0    0.141664735867
143.125    0.144433503244
143.25    0.143692075996
143.375    0.143379286376
143.5    0.140795875811
143.625    0.140795875811
143.75    0.140865384615
143.875    0.140523632994
144.0    0.135762279889
144.125    0.136069277108
144.25    0.136463160334
144.375    0.136283595922
144.5    0.145221269694
144.625    0.144335032437
144.75    0.145215477294
144.875    0.145111214087
145.0    0.141960148285
145.125    0.139550509731
145.25    0.139735866543
145.375    0.139984939759
145.5    0.136886005561
145.625    0.137175625579
145.75    0.138108202039
145.875    0.136920759963
146.0    0.149571362373
146.125    0.14953081557
146.25    0.139185588508
146.375    0.140355653383
146.5    0.142736329935
146.625    0.143199721965
146.75    0.141537303058
146.875    0.141809545876
147.0    0.13781278962
147.125    0.13765060241
147.25    0.138305143652
147.375    0.138137164041
147.5    0.137882298424
147.625    0.137899675626
147.75    0.138339898054
147.875    0.137980769231
148.0    0.135953429101
148.125    0.1359360519
148.25    0.135895505097
148.375    0.134887627433
148.5    0.143703660797
148.625    0.143703660797
148.75    0.143732622799
148.875    0.142608897127
149.0    0.136654309546
149.125    0.137824374421
149.25    0.138565801668
149.375    0.136312557924
149.5    0.140147126969
149.625    0.144190222428
149.75    0.145435588508
149.875    0.145922150139
150.0    0.135854958295
150.125    0.136347312326
150.25    0.136127201112
150.375    0.136266218721
150.5    0.143141797961
150.625    0.143663113994
150.75    0.133966635774
150.875    0.133856580167
151.0    0.143153382762
151.125    0.143101251158
151.25    0.141236098239
151.375    0.133375810936
151.5    0.140894346617
151.625    0.142110750695
151.75    0.141543095459
151.875    0.141328776645
152.0    0.135959221501
152.125    0.135547961075
152.25    0.135547961075
152.375    0.135536376274
152.5    0.141942771084
152.625    0.142354031511
152.75    0.141479379055
152.875    0.141172381835
153.0    0.138797497683
153.125    0.139092910102
153.25    0.139475208526
153.375    0.139475208526
153.5    0.136694856348
153.625    0.139098702502
153.75    0.139637395737
153.875    0.139301436515
154.0    0.134319972196
154.125    0.141236098239
154.25    0.138780120482
154.375    0.138971269694
154.5    0.12469300278
154.625    0.125422845227
154.75    0.13266334569
154.875    0.13219416126
155.0    0.141832715477
155.125    0.142562557924
155.25    0.142672613531
155.375    0.144786839666
155.5    0.142417747915
155.625    0.141438832252
155.75    0.142788461538
155.875    0.142736329935
156.0    0.135113531047
156.125    0.134916589435
156.25    0.143222891566
156.375    0.139973354958
156.5    0.135675393883
156.625    0.135594300278
156.75    0.135594300278
156.875    0.136550046339
157.0    0.137644810009
157.125    0.137743280816
157.25    0.137882298424
157.375    0.138200880445
157.5    0.139973354958
157.625    0.145302363299
157.75    0.140019694161
157.875    0.138420991659
158.0    0.134308387396
158.125    0.145232854495
158.25    0.145232854495
158.375    0.135351019462
158.5    0.137679564411
158.625    0.13812557924
158.75    0.138299351251
158.875    0.137847544022
159.0    0.136735403151
159.125    0.128805607044
159.25    0.141044949027
159.375    0.141276645042
159.5    0.141647358665
159.625    0.129628127896
159.75    0.129628127896
159.875    0.139388322521
160.0    0.141010194625
160.125    0.140848007414
160.25    0.140349860982
160.375    0.138293558851
160.5    0.140419369787
160.625    0.141780583874
160.75    0.14172265987
160.875    0.140761121409
161.0    0.138368860056
161.125    0.145812094532
161.25    0.138646895273
161.375    0.138571594069
161.5    0.141687905468
161.625    0.141687905468
161.75    0.142417747915
161.875    0.138704819277
162.0    0.141085495829
162.125    0.140598934198
162.25    0.138195088044
162.375    0.139399907322
162.5    0.141485171455
162.625    0.138994439296
162.75    0.138994439296
162.875    0.14171107507
163.0    0.13188137164
163.125    0.136689063948
163.25    0.137285681186
163.375    0.132362140871
163.5    0.147173308619
163.625    0.144705746061
163.75    0.144352409639
163.875    0.144705746061
164.0    0.137714318814
164.125    0.137615848007
164.25    0.137905468026
164.375    0.137621640408
164.5    0.14203544949
164.625    0.142359823911
164.75    0.143396663577
164.875    0.142411955514
165.0    0.131105189991
165.125    0.130166821131
165.25    0.133178869323
165.375    0.132935588508
165.5    0.128075764597
165.625    0.13780699722
165.75    0.138681649676
165.875    0.139423076923
166.0    0.141936978684
166.125    0.139654772938
166.25    0.139828544949
166.375    0.140338276182
166.5    0.139029193698
166.625    0.134899212234
166.75    0.127403846154
166.875    0.126459684893
167.0    0.140274559778
167.125    0.137870713624
167.25    0.138334105653
167.375    0.138426784059
167.5    0.139898053753
167.625    0.139892261353
167.75    0.140008109361
167.875    0.140228220575
168.0    0.143414040778
168.125    0.140552594995
168.25    0.140685820204
168.375    0.140488878591
168.5    0.143338739574
168.625    0.143367701576
168.75    0.138722196478
168.875    0.138994439296
169.0    0.129946709917
169.125    0.132582252085
169.25    0.131887164041
169.375    0.146437673772
169.5    0.142087581094
169.625    0.1421860519
169.75    0.141282437442
169.875    0.141514133457
170.0    0.138867006488
170.125    0.134082483781
170.25    0.134267840593
170.375    0.131863994439
170.5    0.127513901761
170.625    0.127890407785
170.75    0.135101946247
170.875    0.134858665431
171.0    0.148140639481
171.125    0.136121408712
171.25    0.132889249305
171.375    0.143292400371
171.5    0.132460611677
171.625    0.132952965709
171.75    0.133010889713
171.875    0.132924003707
172.0    0.130195783133
172.125    0.130236329935
172.25    0.130276876738
172.375    0.130224745134
172.5    0.143825301205
172.625    0.144503012048
172.75    0.144734708063
172.875    0.144595690454
173.0    0.14343721038
173.125    0.14343721038
173.25    0.14343721038
173.375    0.144039620019
173.5    0.133555375348
173.625    0.13390291937
173.75    0.13390291937
173.875    0.146298656163
174.0    0.14109128823
174.125    0.14109128823
174.25    0.141207136237
174.375    0.141658943466
174.5    0.132420064875
174.625    0.132420064875
174.75    0.132333178869
174.875    0.13172497683
175.0    0.140842215014
175.125    0.136115616311
175.25    0.136144578313
175.375    0.136602177943
175.5    0.14327502317
175.625    0.141328776645
175.75    0.141149212234
175.875    0.141149212234
176.0    0.142325069509
176.125    0.132692307692
176.25    0.135194624652
176.375    0.135194624652
176.5    0.138473123262
176.625    0.136283595922
176.75    0.136515291937
176.875    0.135681186284
177.0    0.143303985171
177.125    0.143303985171
177.25    0.143303985171
177.375    0.140900139018
177.5    0.144091751622
177.625    0.144126506024
177.75    0.144259731233
177.875    0.144236561631
178.0    0.135478452271
178.125    0.134719647822
178.25    0.13422150139
178.375    0.13422150139
178.5    0.138867006488
178.625    0.137951807229
178.75    0.13874536608
178.875    0.138826459685
179.0    0.139266682113
179.125    0.138867006488
179.25    0.143674698795
179.375    0.144039620019
180.0    0.139139249305
180.125    0.131927710843
180.25    0.134383688601
180.375    0.139087117702
180.5    0.136051899907
180.625    0.135895505097
180.75    0.136208294717
180.875    0.136231464319
181.0    0.135298887859
181.125    0.140564179796
181.25    0.141004402224
181.375    0.141004402224
181.5    0.132489573679
181.625    0.132489573679
181.75    0.133451112141
181.875    0.133572752549
182.0    0.150115848007
182.125    0.143240268767
182.25    0.143240268767
182.375    0.135849165894
182.5    0.137864921223
182.625    0.137864921223
182.75    0.138067655236
182.875    0.138264596849
183.0    0.143570435589
183.125    0.143883225209
183.25    0.144126506024
183.375    0.143848470806
183.5    0.140876969416
183.625    0.140876969416
183.75    0.141126042632
183.875    0.140008109361
184.0    0.140094995366
184.125    0.135594300278
184.25    0.137053985171
184.375    0.137169833179
184.5    0.135449490269
184.625    0.135547961075
184.75    0.133144114921
184.875    0.133051436515
185.0    0.140743744208
185.125    0.140743744208
185.25    0.135924467099
185.375    0.135768072289
185.5    0.134800741427
185.625    0.134070898981
185.75    0.134708063021
185.875    0.135258341057
186.0    0.133648053753
186.125    0.133549582947
186.25    0.134163577386
186.375    0.135356811863
186.5    0.139156626506
186.625    0.136932344764
186.75    0.13703081557
186.875    0.137314643188
187.0    0.131470111214
187.125    0.131371640408
187.25    0.131545412419
187.375    0.131632298424
187.5    0.133144114921
187.625    0.133144114921
187.75    0.133144114921
187.875    0.145128591288
188.0    0.137720111214
188.125    0.137708526413
188.25    0.137685356812
188.375    0.136972891566
188.5    0.139637395737
188.625    0.139718489342
188.75    0.139718489342
188.875    0.137326227989
189.0    0.134140407785
189.125    0.134088276182
189.25    0.133949258573
189.375    0.132084105653
189.5    0.136521084337
189.625    0.136521084337
189.75    0.136521084337
189.875    0.136828081557
190.0    0.134412650602
190.125    0.134412650602
190.25    0.136839666358
190.375    0.136764365153
190.5    0.135825996293
190.625    0.13577965709
190.75    0.136063484708
190.875    0.136341519926
191.0    0.13562326228
191.125    0.134516913809
191.25    0.129825069509
191.375    0.130282669138
191.5    0.130728683967
191.625    0.140344068582
191.75    0.140344068582
191.875    0.137853336423
192.0    0.13874536608
192.125    0.137308850788
192.25    0.138704819277
192.375    0.137644810009
192.5    0.138623725672
192.625    0.141033364226
192.75    0.138571594069
192.875    0.138478915663
193.0    0.134105653383
193.125    0.131012511585
193.25    0.130925625579
193.375    0.13577386469
193.5    0.132947173309
193.625    0.13202618165
193.75    0.13468489342
193.875    0.129518072289
194.0    0.136300973123
194.125    0.136300973123
194.25    0.136144578313
194.375    0.136144578313
194.5    0.133775486562
194.625    0.134036144578
194.75    0.131632298424
194.875    0.131632298424
195.0    0.135113531047
195.125    0.13515987025
195.25    0.134186746988
195.375    0.141537303058
195.5    0.129037303058
195.625    0.139591056534
195.75    0.13686862836
195.875    0.136961306766
196.0    0.141294022243
196.125    0.140992817424
196.25    0.141114457831
196.375    0.140761121409
196.5    0.137888090825
196.625    0.135889712697
196.75    0.136225671918
196.875    0.136225671918
197.0    0.134771779425
197.125    0.132564874884
197.25    0.131701807229
197.375    0.132721269694
197.5    0.13608665431
197.625    0.136468952734
197.75    0.136961306766
197.875    0.137158248378
198.0    0.133480074143
198.125    0.133485866543
198.25    0.133167284523
198.375    0.13359592215
198.5    0.133665430955
198.625    0.133317886932
198.75    0.130914040778
198.875    0.130919833179
199.0    0.138305143652
199.125    0.138148748842
199.25    0.135269925857
199.375    0.135437905468
199.5    0.136607970343
199.625    0.136607970343
199.75    0.137604263207
199.875    0.138148748842
200.0    0.135646431881
200.125    0.135895505097
200.25    0.135895505097
200.375    0.135895505097
200.5    0.133416357739
200.625    0.133416357739
200.75    0.133300509731
200.875    0.133300509731
201.0    0.131817655236
201.125    0.13219416126
201.25    0.132553290083
201.375    0.131730769231
201.5    0.131968257646
201.625    0.131968257646
201.75    0.131771316033
201.875    0.131771316033
202.0    0.138056070436
202.125    0.130763438369
202.25    0.132130444856
202.375    0.132466404078
202.5    0.133254170528
202.625    0.133254170528
202.75    0.133381603336
202.875    0.131423772011
203.0    0.133074606117
203.125    0.134262048193
203.25    0.133578544949
203.375    0.132408480074
203.5    0.136022937905
203.625    0.136022937905
203.75    0.136115616311
203.875    0.136127201112
204.0    0.136121408712
204.125    0.136121408712
204.25    0.133960843374
204.375    0.133688600556
204.5    0.137911260426
204.625    0.137911260426
204.75    0.13828197405
204.875    0.13828197405
205.0    0.13858897127
205.125    0.136185125116
205.25    0.1343721038
205.375    0.134453197405
205.5    0.132014596849
205.625    0.132014596849
205.75    0.132014596849
205.875    0.13219416126
206.0    0.132588044486
206.125    0.132489573679
206.25    0.130085727525
206.375    0.127566033364
206.5    0.136596385542
206.625    0.134192539388
206.75    0.134192539388
206.875    0.136596385542
207.0    0.138079240037
207.125    0.139017608897
207.25    0.136741195551
207.375    0.136816496756
207.5    0.132223123262
207.625    0.132223123262
207.75    0.13219416126
207.875    0.132622798888
208.0    0.134244670992
208.125    0.131916126043
208.25    0.12703313253
208.375    0.12640755329
208.5    0.130097312326
208.625    0.130450648749
208.75    0.130751853568
208.875    0.130751853568
209.0    0.132622798888
209.125    0.133045644115
209.25    0.133074606117
209.375    0.133410565338
209.5    0.133068813716
209.625    0.132593836886
209.75    0.132866079703
209.875    0.131777108434
210.0    0.128962001854
210.125    0.130966172382
210.25    0.1312442076
210.375    0.131788693234
210.5    0.131858202039
210.625    0.141473586654
210.75    0.141328776645
210.875    0.134348934198
211.0    0.140413577386
211.125    0.140147126969
211.25    0.140674235403
211.375    0.141039156627
211.5    0.13094300278
211.625    0.131116774791
211.75    0.126309082484
211.875    0.126309082484
212.0    0.137297265987
212.125    0.136741195551
212.25    0.137320435589
212.375    0.137320435589
212.5    0.13686862836
212.625    0.136642724745
212.75    0.136949721965
212.875    0.137314643188
213.0    0.130329008341
213.125    0.130329008341
213.25    0.130329008341
213.375    0.130763438369
213.5    0.129037303058
213.625    0.129037303058
213.75    0.134256255792
213.875    0.134580630213
214.0    0.140234012975
214.125    0.140234012975
214.25    0.140367238184
214.375    0.140367238184
214.5    0.130189990732
214.625    0.130722891566
214.75    0.131047265987
214.875    0.130914040778
215.0    0.131342678406
215.125    0.133862372567
215.25    0.131122567192
215.375    0.131122567192
215.5    0.135802826691
215.625    0.135802826691
215.75    0.136428405931
215.875    0.137245134384
216.0    0.127629749768
216.125    0.127629749768
216.25    0.128058387396
216.375    0.128058387396
216.5    0.133341056534
216.625    0.12625695088
216.75    0.126662418906
216.875    0.127519694161
217.0    0.136538461538
217.125    0.136538461538
217.25    0.136492122335
217.375    0.136347312326
217.5    0.13390871177
217.625    0.133949258573
217.75    0.133792863763
217.875    0.133509036145
218.0    0.137986561631
218.125    0.138299351251
218.25    0.13515407785
218.375    0.13515407785
218.5    0.13624304912
218.625    0.136358897127
218.75    0.137795412419
218.875    0.136358897127
219.0    0.127716635774
219.125    0.128052594995
219.25    0.128029425394
219.375    0.128029425394
219.5    0.135333642261
219.625    0.142869555144
219.75    0.142869555144
219.875    0.137957599629
220.0    0.130693929564
220.125    0.130693929564
220.25    0.130137859129
220.375    0.130259499537
220.5    0.135235171455
220.625    0.135449490269
220.75    0.137766450417
220.875    0.137789620019
221.0    0.134563253012
221.125    0.134806533828
221.25    0.137633225209
221.375    0.137598470806
221.5    0.135733317887
221.625    0.135733317887
221.75    0.13093141798
221.875    0.13093141798
222.0    0.126320667285
222.125    0.126529193698
222.25    0.138548424467
222.375    0.131174698795
222.5    0.128376969416
222.625    0.128515987025
222.75    0.129512279889
222.875    0.129182113068
223.0    0.128510194625
223.125    0.128863531047
223.25    0.129355885079
223.375    0.129633920297
223.5    0.127380676552
223.625    0.127398053753
223.75    0.127299582947
223.875    0.127641334569
224.0    0.126801436515
224.125    0.126841983318
224.25    0.126465477294
224.375    0.128869323448
224.5    0.135965013902
224.625    0.135895505097
224.75    0.135895505097
224.875    0.135912882298
225.0    0.130027803522
225.125    0.130027803522
225.25    0.129477525487
225.375    0.129477525487
225.5    0.139365152919
225.625    0.139365152919
225.75    0.132373725672
225.875    0.129657089898
226.0    0.126540778499
226.125    0.138948100093
226.25    0.139278266914
226.375    0.127259036145
226.5    0.137360982391
226.625    0.137360982391
226.75    0.137100324374
226.875    0.137100324374
227.0    0.137801204819
227.125    0.138380444856
227.25    0.131956672845
227.375    0.132153614458
227.5    0.130172613531
227.625    0.130195783133
227.75    0.13031163114
227.875    0.135298887859
228.0    0.127768767377
228.125    0.130595458758
228.25    0.130676552363
228.375    0.130612835959
228.5    0.133410565338
228.625    0.138218257646
228.75    0.137940222428
228.875    0.137940222428
229.0    0.133844995366
229.125    0.134169369787
229.25    0.133700185357
229.375    0.132008804449
229.5    0.130363762743
229.625    0.130421686747
229.75    0.130421686747
229.875    0.130699721965
230.0    0.133231000927
230.125    0.13343952734
230.25    0.133404772938
230.375    0.133844995366
230.5    0.130607043559
230.625    0.130178405931
230.75    0.130439063948
230.875    0.130711306766
231.0    0.128655004634
231.125    0.128655004634
231.25    0.128857738647
231.375    0.128857738647
231.5    0.137476830399
231.625    0.138021316033
231.75    0.138061862836
231.875    0.137830166821
232.0    0.129263206673
232.125    0.129558619092
232.25    0.129570203892
232.375    0.129321130677
232.5    0.138392029657
232.625    0.137407321594
232.75    0.137789620019
232.875    0.138027108434
233.0    0.133984012975
233.125    0.133984012975
233.25    0.131539620019
233.375    0.131545412419
233.5    0.133619091752
233.625    0.133619091752
233.75    0.133729147359
233.875    0.133526413346
234.0    0.137830166821
234.125    0.13828197405
234.25    0.138357275255
234.375    0.138310936052
234.5    0.140042863763
234.625    0.140042863763
234.75    0.137980769231
234.875    0.137980769231
235.0    0.127838276182
235.125    0.13046223355
235.25    0.130902455978
235.375    0.130717099166
235.5    0.135177247451
235.625    0.135177247451
235.75    0.134794949027
235.875    0.135072984245
236.0    0.129019925857
236.125    0.129257414272
236.25    0.141276645042
236.375    0.131661260426
236.5    0.128255329008
236.625    0.128452270621
236.75    0.130856116775
236.875    0.130832947173
237.0    0.131383225209
237.125    0.13171339203
237.25    0.131278962002
237.375    0.131278962002
237.5    0.139336190918
237.625    0.139208758109
237.75    0.139208758109
237.875    0.139521547729
238.0    0.131777108434
238.125    0.131701807229
238.25    0.131701807229
238.375    0.131701807229
238.5    0.133833410565
238.625    0.131429564411
238.75    0.131429564411
238.875    0.131429564411
239.0    0.134458989805
239.125    0.134354726599
239.25    0.134458989805
239.375    0.134713855422
240.0    0.128458063021
240.125    0.127791936979
240.25    0.127791936979
240.375    0.127571825765
240.5    0.134169369787
240.625    0.134256255792
240.75    0.13421570899
240.875    0.134406858202
241.0    0.139289851715
241.125    0.139579471733
241.25    0.139509962929
241.375    0.138345690454
241.5    0.130740268767
241.625    0.131319508804
241.75    0.131360055607
241.875    0.130879286376
242.0    0.132993512512
242.125    0.13297613531
242.25    0.14499536608
242.375    0.144398748842
242.5    0.133196246525
242.625    0.133196246525
242.75    0.133387395737
242.875    0.133810240964
243.0    0.130861909175
243.125    0.129749768304
243.25    0.128851946247
243.375    0.140772706209
243.5    0.132321594069
243.625    0.133155699722
243.75    0.131696014829
243.875    0.132559082484
244.0    0.134731232623
244.125    0.134731232623
244.25    0.132541705283
244.375    0.132553290083
244.5    0.138021316033
244.625    0.138658480074
244.75    0.138502085264
244.875    0.138635310473
245.0    0.132205746061
245.125    0.132727062095
245.25    0.130224745134
245.375    0.13061862836
245.5    0.130514365153
245.625    0.13046223355
245.75    0.130705514365
245.875    0.131331093605
246.0    0.135959221501
246.125    0.135959221501
246.25    0.135959221501
246.375    0.13719300278
246.5    0.13250115848
246.625    0.13250115848
246.75    0.132472196478
246.875    0.132449026877
247.0    0.132622798888
247.125    0.132761816497
247.25    0.133051436515
247.375    0.128313253012
247.5    0.13046223355
247.625    0.13046223355
247.75    0.13047381835
247.875    0.13046223355
248.0    0.131696014829
248.125    0.132014596849
248.25    0.131661260426
248.375    0.131429564411
248.5    0.137326227989
248.625    0.136897590361
248.75    0.138015523633
248.875    0.136990268767
249.0    0.126981000927
249.125    0.126946246525
249.25    0.127734012975
249.375    0.127734012975
249.5    0.136961306766
249.625    0.137314643188
249.75    0.137088739574
249.875    0.13468489342
250.0    0.128898285449
250.125    0.128718721038
250.25    0.131122567192
250.375    0.133526413346
250.5    0.125845690454
250.625    0.125845690454
250.75    0.125845690454
250.875    0.127844068582
251.0    0.134493744208
251.125    0.134493744208
251.25    0.134493744208
251.375    0.134493744208
251.5    0.13671802595
251.625    0.139121872104
251.75    0.136636932345
251.875    0.134696478221
252.0    0.132727062095
252.125    0.1328139481
252.25    0.1328139481
252.375    0.132547497683
252.5    0.127716635774
252.625    0.127716635774
252.75    0.127647126969
252.875    0.127907784986
253.0    0.133445319741
253.125    0.133566960148
253.25    0.132837117702
253.375    0.132837117702
253.5    0.135715940686
253.625    0.135096153846
253.75    0.135171455051
253.875    0.135020852641
254.0    0.132692307692
254.125    0.133549582947
254.25    0.130664967563
254.375    0.138571594069
254.5    0.139440454124
254.625    0.139440454124
254.75    0.139440454124
254.875    0.139440454124
255.0    0.134933966636
255.125    0.135820203892
255.25    0.134603799815
255.375    0.135501621872
255.5    0.142203429101
255.625    0.139799582947
255.75    0.139046570899
255.875    0.139046570899
256.0    0.133520620945
256.125    0.130995134384
256.25    0.130867701576
256.375    0.133178869323
256.5    0.131835032437
256.625    0.131863994439
256.75    0.129460148285
256.875    0.130809777572
257.0    0.131499073216
257.125    0.131551204819
257.25    0.131551204819
257.375    0.131354263207
257.5    0.122051668211
257.625    0.131522242817
257.75    0.131522242817
257.875    0.130751853568
258.0    0.133879749768
258.125    0.133879749768
258.25    0.134018767377
258.375    0.134557460612
258.5    0.134175162187
258.625    0.135379981464
258.75    0.135379981464
258.875    0.135449490269
259.0    0.129906163114
259.125    0.141734244671
259.25    0.141734244671
259.375    0.137204587581
259.5    0.137534754402
259.625    0.139857506951
259.75    0.140141334569
259.875    0.139637395737
260.0    0.142267145505
260.125    0.144016450417
260.25    0.139208758109
260.375    0.139278266914
260.5    0.131116774791
260.625    0.131458526413
260.75    0.136266218721
260.875    0.136063484708
261.0    0.131151529194
261.125    0.131151529194
261.25    0.13108781279
261.375    0.131116774791
261.5    0.131192075996
261.625    0.131487488415
261.75    0.130751853568
261.875    0.130282669138
262.0    0.135675393883
262.125    0.135721733086
262.25    0.13609244671
262.375    0.136822289157
262.5    0.131203660797
262.625    0.130954587581
262.75    0.130954587581
262.875    0.131389017609
263.0    0.132443234476
263.125    0.132003012048
263.25    0.132107275255
263.375    0.132107275255
263.5    0.128770852641
263.625    0.128770852641
263.75    0.128770852641
263.875    0.128770852641
264.0    0.131545412419
264.125    0.131916126043
264.25    0.132153614458
264.375    0.132402687674
264.5    0.137221964782
264.625    0.137221964782
264.75    0.134957136237
264.875    0.134957136237
265.0    0.137696941613
265.125    0.137859128823
265.25    0.13860055607
265.375    0.138513670065
265.5    0.14093489342
265.625    0.140987025023
265.75    0.140987025023
265.875    0.139011816497
266.0    0.1328197405
266.125    0.132779193698
266.25    0.135351019462
266.375    0.135287303058
266.5    0.130717099166
266.625    0.129454355885
266.75    0.130276876738
266.875    0.131365848007
267.0    0.134453197405
267.125    0.134881835032
267.25    0.134516913809
267.375    0.134516913809
267.5    0.136272011121
267.625    0.136272011121
267.75    0.136492122335
267.875    0.135802826691
268.0    0.136237256719
268.125    0.136156163114
268.25    0.13375231696
268.375    0.13375231696
268.5    0.138507877665
268.625    0.139301436515
268.75    0.138258804449
268.875    0.138675857275
269.0    0.13125
269.125    0.13125
269.25    0.13125
269.375    0.131701807229
269.5    0.133300509731
269.625    0.133984012975
269.75    0.133984012975
269.875    0.134169369787
270.0    0.131458526413
270.125    0.131458526413
270.25    0.130699721965
270.375    0.139202965709
270.5    0.137511584801
270.625    0.137511584801
270.75    0.13625463392
270.875    0.136706441149
271.0    0.134406858202
271.125    0.134337349398
271.25    0.135269925857
271.375    0.132924003707
271.5    0.137795412419
271.625    0.137673772011
271.75    0.137592678406
271.875    0.137893883225
272.0    0.13624304912
272.125    0.135924467099
272.25    0.135924467099
272.375    0.13608665431
272.5    0.134036144578
272.625    0.135183039852
272.75    0.135183039852
272.875    0.134731232623
273.0    0.141705282669
273.125    0.14203544949
273.25    0.14203544949
273.375    0.142000695088
273.5    0.140384615385
273.625    0.140384615385
273.75    0.140384615385
273.875    0.140494670992
274.0    0.129859823911
274.125    0.129888785913
274.25    0.130027803522
274.375    0.130178405931
274.5    0.1421860519
274.625    0.142197636701
274.75    0.138305143652
274.875    0.138803290083
275.0    0.14203544949
275.125    0.14203544949
275.25    0.14172265987
275.375    0.141740037071
275.5    0.141328776645
275.625    0.141467794254
275.75    0.142047034291
275.875    0.141629981464
276.0    0.131180491196
276.125    0.131128359592
276.25    0.128840361446
276.375    0.140859592215
276.5    0.14313021316
276.625    0.141241890639
276.75    0.141241890639
276.875    0.141241890639
277.0    0.147879981464
277.125    0.147798887859
277.25    0.148349165894
277.375    0.148766218721
277.5    0.139399907322
277.625    0.1390697405
277.75    0.142041241891
277.875    0.139950185357
278.0    0.135026645042
278.125    0.135414735867
278.25    0.135501621872
278.375    0.135547961075
278.5    0.143344531974
278.625    0.143703660797
278.75    0.140668443003
278.875    0.141693697868
279.0    0.134007182576
279.125    0.133688600556
279.25    0.13468489342
279.375    0.134099860982
279.5    0.144236561631
279.625    0.144120713624
279.75    0.143842678406
279.875    0.14359360519
280.0    0.13531626506
280.125    0.137221964782
280.25    0.146391334569
280.375    0.143917979611
280.5    0.147990037071
280.625    0.147642493049
280.75    0.147874189064
280.875    0.147874189064
281.0    0.143692075996
281.125    0.144977988879
281.25    0.144833178869
281.375    0.144456672845
281.5    0.144103336423
281.625    0.144103336423
281.75    0.14452618165
281.875    0.144416126043
282.0    0.144462465246
282.125    0.14453197405
282.25    0.144601482854
282.375    0.144363994439
282.5    0.144676784059
282.625    0.145122798888
282.75    0.145122798888
282.875    0.144491427247
283.0    0.142985403151
283.125    0.142678405931
283.25    0.142087581094
283.375    0.142464087118
283.5    0.154790315107
283.625    0.154599165894
283.75    0.155717099166
283.875    0.154894578313
284.0    0.150596617238
284.125    0.148192771084
284.25    0.147769925857
284.375    0.14796107507
284.5    0.143802131603
284.625    0.144462465246
284.75    0.144346617238
284.875    0.144479842447
285.0    0.142313484708
285.125    0.142174467099
285.25    0.142012279889
285.375    0.142637859129
285.5    0.154413809082
285.625    0.154043095459
285.75    0.154089434662
285.875    0.154958294717
286.0    0.153510194625
286.125    0.152983086191
286.25    0.153017840593
286.375    0.153139481001
286.5    0.147109592215
286.625    0.147804680259
286.75    0.148181186284
286.875    0.147549814643
287.0    0.151436515292
287.125    0.146680954588
287.25    0.146819972196
287.375    0.147804680259
287.5    0.143460379981
287.625    0.142846385542
287.75    0.142782669138
287.875    0.143020157553
288.0    0.144734708063
288.125    0.147138554217
288.25    0.148036376274
288.375    0.148094300278
288.5    0.156748146432
288.625    0.156800278035
288.75    0.152421223355
288.875    0.147011121409
289.0    0.152461770158
289.125    0.152716635774
289.25    0.153232159407
289.375    0.153162650602
289.5    0.153237951807
289.625    0.153365384615
289.75    0.153527571826
289.875    0.154089434662
290.0    0.146385542169
290.125    0.146385542169
290.25    0.146762048193
290.375    0.147439759036
290.5    0.149507645968
290.625    0.148980537535
290.75    0.154286376274
290.875    0.154859823911
291.0    0.155132066728
291.125    0.155132066728
291.25    0.155016218721
291.375    0.154940917516
291.5    0.144294485635
291.625    0.143796339203
291.75    0.14500115848
291.875    0.145493512512
292.0    0.151818813716
292.125    0.152062094532
292.25    0.14485055607
292.375    0.149252780352
292.5    0.150301204819
292.625    0.150185356812
292.75    0.149513438369
292.875    0.147804680259
293.0    0.154153151066
293.125    0.153857738647
293.25    0.154755560704
293.375    0.153817191844
293.5    0.144659406858
293.625    0.144786839666
293.75    0.143993280816
293.875    0.144514596849
294.0    0.145424003707
294.125    0.14672150139
294.25    0.146020620945
294.375    0.145690454124
294.5    0.145117006487
294.625    0.145117006487
294.75    0.144775254866
294.875    0.14468257646
295.0    0.142411955514
295.125    0.149582947173
295.25    0.150335959222
295.375    0.144862140871
295.5    0.148233317887
295.625    0.148690917516
295.75    0.14889944393
295.875    0.151355421687
296.0    0.143622567192
296.125    0.143622567192
296.25    0.143622567192
296.375    0.143414040778
296.5    0.144769462465
296.625    0.145267608897
296.75    0.146391334569
296.875    0.145829471733
297.0    0.147590361446
297.125    0.151865152919
297.25    0.151755097312
297.375    0.152566033364
297.5    0.152606580167
297.625    0.152710843373
297.75    0.152954124189
297.875    0.152954124189
298.0    0.149635078777
298.125    0.150173772011
298.25    0.150173772011
298.375    0.143315569972
298.5    0.148001621872
298.625    0.148887859129
298.75    0.148505560704
298.875    0.148528730306
299.0    0.144172845227
299.125    0.144091751622
299.25    0.143495134384
299.375    0.144485634847
300.0    0.148702502317
300.125    0.14718489342
300.25    0.144439295644
300.375    0.143831093605
300.5    0.15406626506
300.625    0.149386005561
300.75    0.149496061168
300.875    0.149397590361
301.0    0.154715013902
301.125    0.154350092678
301.25    0.154871408712
301.375    0.155045180723
301.5    0.150996292864
301.625    0.151031047266
301.75    0.150220111214
301.875    0.150266450417
302.0    0.154170528267
302.125    0.152977293791
302.25    0.153382761817
302.375    0.146356580167
302.5    0.14453776645
302.625    0.158960843374
302.75    0.143610982391
302.875    0.149154309546
303.0    0.147051668211
303.125    0.146825764597
303.25    0.153411723818
303.375    0.153400139018
303.5    0.154489110287
303.625    0.149727757183
303.75    0.148140639481
303.875    0.14875463392
304.0    0.150503938832
304.125    0.150388090825
304.25    0.14890523633
304.375    0.148997914736
304.5    0.146808387396
304.625    0.154772937905
304.75    0.154193697868
304.875    0.154657089898
305.0    0.147520852641
305.125    0.148453429101
305.25    0.150086886006
305.375    0.148204355885
305.5    0.146426088971
305.625    0.146426088971
305.75    0.145812094532
305.875    0.145927942539
306.0    0.148772011121
306.125    0.146495597776
306.25    0.149472891566
306.375    0.149194856348
306.5    0.148951575533
306.625    0.149658248378
306.75    0.149472891566
306.875    0.149658248378
307.0    0.148731464319
307.125    0.146802594995
307.25    0.147405004634
307.375    0.147144346617
307.5    0.142881139944
307.625    0.142388785913
307.75    0.143188137164
307.875    0.152241658943
308.0    0.147590361446
308.125    0.150793558851
308.25    0.155601251158
308.375    0.155502780352
308.5    0.149009499537
308.625    0.147561399444
308.75    0.147908943466
308.875    0.147856811863
309.0    0.145817886932
309.125    0.145059082484
309.25    0.144311862836
309.375    0.145493512512
309.5    0.149629286376
309.625    0.149698795181
309.75    0.149750926784
309.875    0.148163809082
310.0    0.146211770158
310.125    0.146553521779
310.25    0.146756255792
310.375    0.152218489342
310.5    0.141884847081
310.625    0.141884847081
310.75    0.14640871177
310.875    0.147613531047
311.0    0.15672497683
311.125    0.154900370714
311.25    0.154454355885
311.375    0.154558619092
311.5    0.154153151066
311.625    0.154813484708
311.75    0.15389828545
311.875    0.153892493049
312.0    0.148951575533
312.125    0.150428637627
312.25    0.149154309546
312.375    0.14906163114
312.5    0.149629286376
312.625    0.150225903614
312.75    0.150127432808
312.875    0.150144810009
313.0    0.147729379055
313.125    0.147729379055
313.25    0.147468721038
313.375    0.147549814643
313.5    0.146009036145
313.625    0.153156858202
313.75    0.153985171455
313.875    0.149258572753
314.0    0.148916821131
314.125    0.149258572753
314.25    0.149878359592
314.375    0.150028962002
314.5    0.147381835032
314.625    0.147358665431
314.75    0.14672150139
314.875    0.14672150139
315.0    0.152959916589
315.125    0.152896200185
315.25    0.147798887859
315.375    0.147798887859
315.5    0.145059082484
315.625    0.144607275255
315.75    0.145059082484
315.875    0.144931649676
316.0    0.155346385542
316.125    0.155514365153
316.25    0.155566496756
316.375    0.154286376274
316.5    0.148418674699
316.625    0.146449258573
316.75    0.146889481001
316.875    0.147995829472
317.0    0.145893188137
317.125    0.145018535681
