0.0    0.303529772867
0.125    0.320012277471
0.25    0.315960712093
0.375    0.315960712093
0.5    0.321945979128
0.625    0.325199508901
0.75    0.325076734193
0.875    0.325076734193
1.0    0.321731123389
1.125    0.321731123389
1.25    0.321731123389
1.375    0.322713321056
1.5    0.319828115408
1.625    0.321853898097
1.75    0.32532228361
1.875    0.324953959484
2.0    0.31123388582
2.125    0.31123388582
2.25    0.312154696133
2.375    0.315101289134
2.5    0.319674647023
2.625    0.320933087784
2.75    0.322160834868
2.875    0.322160834868
3.0    0.315960712093
3.125    0.315960712093
3.25    0.315930018416
3.375    0.316144874156
3.5    0.318723143033
3.625    0.318723143033
3.75    0.313167587477
3.875    0.309177409454
4.0    0.31992019644
4.125    0.319889502762
4.25    0.319889502762
4.375    0.319889502762
4.5    0.318170656845
4.625    0.317618170657
4.75    0.319091467158
4.875    0.319091467158
5.0    0.320503376304
5.125    0.32044198895
5.25    0.321178637201
5.375    0.320626151013
5.5    0.3171577655
5.625    0.3171577655
5.75    0.311663597299
5.875    0.311663597299
6.0    0.317219152855
6.125    0.314886433395
6.25    0.309392265193
6.375    0.309576427256
6.5    0.313505217925
6.625    0.313198281154
6.75    0.313198281154
6.875    0.307765500307
7.0    0.315285451197
7.125    0.315500306937
7.25    0.309914057704
7.375    0.309914057704
7.5    0.315868631062
7.625    0.315930018416
7.75    0.317495395948
7.875    0.317004297115
8.0    0.320288520565
8.125    0.320288520565
8.25    0.315009208103
8.375    0.312584407612
8.5    0.313474524248
8.625    0.313689379988
8.75    0.319183548189
8.875    0.317802332719
9.0    0.315285451197
9.125    0.314917127072
9.25    0.314917127072
9.375    0.314917127072
9.5    0.311111111111
9.625    0.311111111111
9.75    0.31663597299
9.875    0.31663597299
10.0    0.326365868631
10.125    0.291221608349
10.25    0.291221608349
10.375    0.292817679558
10.5    0.313627992634
10.625    0.314640883978
10.75    0.309208103131
10.875    0.315868631062
11.0    0.315377532228
11.125    0.315377532228
11.25    0.314640883978
11.375    0.314825046041
11.5    0.314272559853
11.625    0.314272559853
11.75    0.315316144874
11.875    0.315316144874
12.0    0.311418047882
12.125    0.315101289134
12.25    0.315745856354
12.375    0.316144874156
12.5    0.329527317373
12.625    0.307550644567
12.75    0.324033149171
12.875    0.316666666667
13.0    0.314119091467
13.125    0.314671577655
13.25    0.314794352363
13.375    0.314794352363
13.5    0.307857581338
13.625    0.304174340086
13.75    0.304419889503
13.875    0.310343769184
14.0    0.303345610804
14.125    0.303437691835
14.25    0.303621853898
14.375    0.331092694905
14.5    0.314456721915
14.625    0.313597298956
14.75    0.314395334561
14.875    0.315377532228
15.0    0.311847759362
15.125    0.312216083487
15.25    0.312154696133
15.375    0.312154696133
15.5    0.31620626151
15.625    0.317648864334
15.75    0.316052793125
15.875    0.316052793125
16.0    0.322283609576
16.125    0.322590546347
16.25    0.322590546347
16.375    0.322191528545
16.5    0.319091467158
16.625    0.319091467158
16.75    0.319091467158
16.875    0.319091467158
17.0    0.31620626151
17.125    0.31620626151
17.25    0.314947820749
17.375    0.315684468999
17.5    0.304481276857
17.625    0.303744628607
17.75    0.299631675875
17.875    0.299079189687
18.0    0.312768569675
18.125    0.312768569675
18.25    0.312246777164
18.375    0.319613259669
18.5    0.320902394107
18.625    0.320902394107
18.75    0.315408225905
18.875    0.315408225905
19.0    0.326120319214
19.125    0.327777777778
19.25    0.326856967465
19.375    0.326856967465
19.5    0.315346838551
19.625    0.315346838551
19.75    0.315837937385
19.875    0.316789441375
20.0    0.323388581952
20.125    0.322651933702
20.25    0.323388581952
20.375    0.322836095764
20.5    0.319459791283
20.625    0.319459791283
20.75    0.3197053407
20.875    0.3197053407
21.0    0.319521178637
21.125    0.319521178637
21.25    0.315408225905
21.375    0.315899324739
21.5    0.297697974217
21.625    0.305064456722
21.75    0.30466543892
21.875    0.325936157152
22.0    0.308041743401
22.125    0.308041743401
22.25    0.308962553714
22.375    0.308962553714
22.5    0.32065684469
22.625    0.32065684469
22.75    0.321025168815
22.875    0.318845917741
23.0    0.303529772867
23.125    0.325598526704
23.25    0.32605893186
23.375    0.325721301412
23.5    0.320165745856
23.625    0.320165745856
23.75    0.319950890117
23.875    0.319828115408
24.0    0.318815224064
24.125    0.318815224064
24.25    0.319459791283
24.375    0.3171577655
24.5    0.31620626151
24.625    0.31620626151
24.75    0.31620626151
24.875    0.31620626151
25.0    0.324953959484
25.125    0.324861878453
25.25    0.303836709638
25.375    0.306936771025
25.5    0.321669736034
25.625    0.318723143033
25.75    0.318723143033
25.875    0.318999386126
26.0    0.300890116636
26.125    0.302271332106
26.25    0.302731737262
26.375    0.335174953959
26.5    0.319643953346
26.625    0.319459791283
26.75    0.319459791283
26.875    0.319459791283
27.0    0.309699201964
27.125    0.33167587477
27.25    0.309146715777
27.375    0.309576427256
27.5    0.323112338858
27.625    0.323634131369
27.75    0.323971761817
27.875    0.323971761817
28.0    0.307458563536
28.125    0.30794966237
28.25    0.307366482505
28.375    0.307918968692
28.5    0.32182320442
28.625    0.321853898097
28.75    0.321853898097
28.875    0.32182320442
29.0    0.321669736034
29.125    0.321853898097
29.25    0.321853898097
29.375    0.322406384285
29.5    0.307581338244
29.625    0.307243707796
29.75    0.3237262124
29.875    0.32160834868
30.0    0.296378146102
30.125    0.312891344383
30.25    0.312891344383
30.375    0.31270718232
30.5    0.296992019644
30.625    0.302578268877
30.75    0.296992019644
30.875    0.302516881522
31.0    0.314456721915
31.125    0.314579496624
31.25    0.314579496624
31.375    0.313842848373
31.5    0.323511356661
31.625    0.323634131369
31.75    0.325168815224
31.875    0.325046040516
32.0    0.310865561694
32.125    0.310865561694
32.25    0.312676488643
32.375    0.312676488643
32.5    0.309054634745
32.625    0.309607120933
32.75    0.33707796194
32.875    0.309791282996
33.0    0.30190300798
33.125    0.30190300798
33.25    0.30190300798
33.375    0.30190300798
33.5    0.299631675875
33.625    0.299631675875
33.75    0.300859422959
33.875    0.300828729282
34.0    0.311939840393
34.125    0.312676488643
34.25    0.313658686311
34.375    0.314180478821
34.5    0.314702271332
34.625    0.314579496624
34.75    0.314579496624
34.875    0.312891344383
35.0    0.314456721915
35.125    0.314456721915
35.25    0.31430325353
35.375    0.308532842235
35.5    0.301565377532
35.625    0.301749539595
35.75    0.30138121547
35.875    0.300521792511
36.0    0.33664825046
36.125    0.331092694905
36.25    0.325475751995
36.375    0.325076734193
36.5    0.309361571516
36.625    0.309361571516
36.75    0.309361571516
36.875    0.309361571516
37.0    0.317096378146
37.125    0.317096378146
37.25    0.317096378146
37.375    0.309729895642
37.5    0.309484346225
37.625    0.303898096992
37.75    0.309361571516
37.875    0.309361571516
38.0    0.315500306937
38.125    0.315500306937
38.25    0.31525475752
38.375    0.31525475752
38.5    0.311817065684
38.625    0.315438919583
38.75    0.31546961326
38.875    0.309085328422
39.0    0.313075506446
39.125    0.313075506446
39.25    0.313996316759
39.375    0.314917127072
39.5    0.298496009822
39.625    0.298496009822
39.75    0.298496009822
39.875    0.298496009822
40.0    0.309484346225
40.125    0.311479435236
40.25    0.308164518109
40.375    0.310497237569
40.5    0.31503990178
40.625    0.31503990178
40.75    0.312553713935
40.875    0.312492326581
41.0    0.30306936771
41.125    0.302823818293
41.25    0.30349907919
41.375    0.30349907919
41.5    0.319613259669
41.625    0.320196439533
41.75    0.320564763659
41.875    0.313566605279
42.0    0.309699201964
42.125    0.30963781461
42.25    0.310098219767
42.375    0.310128913444
42.5    0.311387354205
42.625    0.311387354205
42.75    0.311387354205
42.875    0.311571516268
43.0    0.30751995089
43.125    0.308870472683
43.25    0.308870472683
43.375    0.309668508287
43.5    0.315009208103
43.625    0.314794352363
43.75    0.315009208103
43.875    0.298373235114
44.0    0.315162676489
44.125    0.315162676489
44.25    0.315101289134
44.375    0.315101289134
44.5    0.311448741559
44.625    0.311448741559
44.75    0.311878453039
44.875    0.311878453039
45.0    0.31080417434
45.125    0.311325966851
45.25    0.311325966851
45.375    0.300368324125
45.5    0.311356660528
45.625    0.31503990178
45.75    0.31503990178
45.875    0.31503990178
46.0    0.309729895642
46.125    0.312001227747
46.25    0.312031921424
46.375    0.311663597299
46.5    0.311909146716
46.625    0.314149785144
46.75    0.313535911602
46.875    0.313535911602
47.0    0.309944751381
47.125    0.304419889503
47.25    0.309944751381
47.375    0.309944751381
47.5    0.313904235727
47.625    0.303683241252
47.75    0.303560466544
47.875    0.303591160221
48.0    0.308072437078
48.125    0.303314917127
48.25    0.319398403929
48.375    0.319398403929
48.5    0.308195211786
48.625    0.308195211786
48.75    0.308195211786
48.875    0.308225905463
49.0    0.298066298343
49.125    0.298066298343
49.25    0.297575199509
49.375    0.303007980356
49.5    0.312277470841
49.625    0.305923879681
49.75    0.313597298956
49.875    0.311817065684
50.0    0.309883364027
50.125    0.311111111111
50.25    0.310435850215
50.375    0.310466543892
50.5    0.314640883978
50.625    0.315162676489
50.75    0.315162676489
50.875    0.300613873542
51.0    0.308440761203
51.125    0.303038674033
51.25    0.308502148557
51.375    0.308502148557
51.5    0.31218538981
51.625    0.311418047882
51.75    0.310681399632
51.875    0.311172498465
52.0    0.309821976673
52.125    0.309821976673
52.25    0.309821976673
52.375    0.293339472069
52.5    0.303990178023
52.625    0.309760589319
52.75    0.303990178023
52.875    0.304082259055
53.0    0.311080417434
53.125    0.310896255371
53.25    0.310896255371
53.375    0.316390423573
53.5    0.311295273174
53.625    0.311295273174
53.75    0.311295273174
53.875    0.311295273174
54.0    0.315316144874
54.125    0.315316144874
54.25    0.315684468999
54.375    0.311909146716
54.5    0.3025475752
54.625    0.279864947821
54.75    0.313720073665
54.875    0.313720073665
55.0    0.316114180479
55.125    0.308809085328
55.25    0.295395948435
55.375    0.302793124616
55.5    0.317955801105
55.625    0.301810926949
55.75    0.301872314303
55.875    0.301872314303
56.0    0.31663597299
56.125    0.320411295273
56.25    0.300153468386
56.375    0.316605279312
56.5    0.309085328422
56.625    0.309085328422
56.75    0.309085328422
56.875    0.309085328422
57.0    0.289103744629
57.125    0.289103744629
57.25    0.300092081031
57.375    0.300092081031
57.5    0.310405156538
57.625    0.310926949049
57.75    0.310558624923
57.875    0.310681399632
58.0    0.308133824432
58.125    0.307642725599
58.25    0.307213014119
58.375    0.308747697974
58.5    0.30963781461
58.625    0.307028852056
58.75    0.307028852056
58.875    0.30773480663
59.0    0.284837323511
59.125    0.320135052179
59.25    0.320073664825
59.375    0.325782688766
59.5    0.305739717618
59.625    0.305739717618
59.75    0.305739717618
59.875    0.305739717618
60.0    0.316605279312
60.125    0.316605279312
60.25    0.316605279312
60.375    0.311632903622
60.5    0.302915899325
60.625    0.303775322284
60.75    0.310466543892
60.875    0.308103130755
61.0    0.311724984653
61.125    0.311724984653
61.25    0.311724984653
61.375    0.311663597299
61.5    0.311939840393
61.625    0.311571516268
61.75    0.311295273174
61.875    0.312338858195
62.0    0.294321669736
62.125    0.289318600368
62.25    0.295303867403
62.375    0.294628606507
62.5    0.301197053407
62.625    0.301718845918
62.75    0.302363413137
62.875    0.302578268877
63.0    0.305033763045
63.125    0.30445058318
63.25    0.30423572744
63.375    0.306844689994
63.5    0.305371393493
63.625    0.305678330264
63.75    0.306230816452
63.875    0.305739717618
64.0    0.301933701657
64.125    0.302670349908
64.25    0.31292203806
64.375    0.31292203806
64.5    0.309392265193
64.625    0.317434008594
64.75    0.317434008594
64.875    0.317434008594
65.0    0.321792510743
65.125    0.32160834868
65.25    0.314272559853
65.375    0.294413750767
65.5    0.317127071823
65.625    0.314272559853
65.75    0.307120933088
65.875    0.307489257213
66.0    0.304266421117
66.125    0.304266421117
66.25    0.311632903622
66.375    0.304266421117
66.5    0.314794352363
66.625    0.309607120933
66.75    0.30847145488
66.875    0.307612031921
67.0    0.318876611418
67.125    0.316728054021
67.25    0.313812154696
67.375    0.313812154696
67.5    0.31175567833
67.625    0.319858809085
67.75    0.306998158379
67.875    0.314364640884
68.0    0.314241866176
68.125    0.314241866176
68.25    0.314825046041
68.375    0.310834868017
68.5    0.31080417434
68.625    0.310220994475
68.75    0.311510128913
68.875    0.313720073665
69.0    0.327378759975
69.125    0.326335174954
69.25    0.322744014733
69.375    0.306721915285
69.5    0.313443830571
69.625    0.314333947207
69.75    0.313934929405
69.875    0.31387354205
70.0    0.302486187845
70.125    0.30985267035
70.25    0.30985267035
70.375    0.30985267035
70.5    0.292019643953
70.625    0.29152854512
70.75    0.291896869245
70.875    0.320626151013
71.0    0.303222836096
71.125    0.299539594843
71.25    0.299539594843
71.375    0.299539594843
71.5    0.314978514426
71.625    0.314610190301
71.75    0.314610190301
71.875    0.313689379988
72.0    0.294045426642
72.125    0.294014732965
72.25    0.294106813996
72.375    0.29386126458
72.5    0.302087170043
72.625    0.302578268877
72.75    0.302179251074
72.875    0.302179251074
73.0    0.308256599141
73.125    0.308072437078
73.25    0.308993247391
73.375    0.308993247391
73.5    0.30868631062
73.625    0.30868631062
73.75    0.308655616943
73.875    0.317311233886
74.0    0.312154696133
74.125    0.307274401473
74.25    0.307274401473
74.375    0.280662983425
74.5    0.278054020872
74.625    0.284775936157
74.75    0.317065684469
74.875    0.317065684469
75.0    0.294137507673
75.125    0.293953345611
75.25    0.297636586863
75.375    0.297636586863
75.5    0.314456721915
75.625    0.314518109269
75.75    0.314518109269
75.875    0.314518109269
76.0    0.302701043585
76.125    0.301841620626
76.25    0.30233271946
76.375    0.302302025783
76.5    0.300061387354
76.625    0.300061387354
76.75    0.300245549417
76.875    0.300306936771
77.0    0.312860650706
77.125    0.312891344383
77.25    0.315009208103
77.375    0.314825046041
77.5    0.305831798649
77.625    0.305831798649
77.75    0.305831798649
77.875    0.305831798649
78.0    0.316329036219
78.125    0.316329036219
78.25    0.315592387968
78.375    0.315592387968
78.5    0.327777777778
78.625    0.32203806016
78.75    0.299355432781
78.875    0.321700429711
79.0    0.31620626151
79.125    0.316820135052
79.25    0.323449969306
79.375    0.318937998772
79.5    0.293922651934
79.625    0.293339472069
79.75    0.294106813996
79.875    0.32255985267
80.0    0.305064456722
80.125    0.305064456722
80.25    0.30518723143
80.375    0.305801104972
80.5    0.290699815838
80.625    0.292817679558
80.75    0.313627992634
80.875    0.312492326581
81.0    0.307826887661
81.125    0.307826887661
81.25    0.307826887661
81.375    0.307826887661
81.5    0.267249846532
81.625    0.30021485574
81.75    0.322467771639
81.875    0.322682627379
82.0    0.297206875384
82.125    0.297391037446
82.25    0.297544505832
82.375    0.297206875384
82.5    0.307427869859
82.625    0.307182320442
82.75    0.307182320442
82.875    0.300122774708
83.0    0.298557397176
83.125    0.298526703499
83.25    0.299017802333
83.375    0.325782688766
83.5    0.314947820749
83.625    0.314917127072
83.75    0.29861878453
83.875    0.304143646409
84.0    0.318631062001
84.125    0.318631062001
84.25    0.318631062001
84.375    0.318815224064
84.5    0.300705954573
84.625    0.317004297115
84.75    0.317004297115
84.875    0.316697360344
85.0    0.306138735421
85.125    0.306138735421
85.25    0.306138735421
85.375    0.305831798649
85.5    0.296408839779
85.625    0.295610804174
85.75    0.295610804174
85.875    0.301841620626
86.0    0.317648864334
86.125    0.317648864334
86.25    0.320994475138
86.375    0.321301411909
86.5    0.292909760589
86.625    0.293063228975
86.75    0.294168201351
86.875    0.318907305095
87.0    0.314057704113
87.125    0.302363413137
87.25    0.313597298956
87.375    0.314119091467
87.5    0.300613873542
87.625    0.300613873542
87.75    0.30073664825
87.875    0.300552486188
88.0    0.308317986495
88.125    0.308563535912
88.25    0.308379373849
88.375    0.308563535912
88.5    0.305524861878
88.625    0.30561694291
88.75    0.306261510129
88.875    0.305524861878
89.0    0.294843462247
89.125    0.301411909147
89.25    0.294260282382
89.375    0.294260282382
89.5    0.316083486802
89.625    0.297145488029
89.75    0.302639656231
89.875    0.302639656231
90.0    0.299294045427
90.125    0.299232658072
90.25    0.299232658072
90.375    0.301074278699
90.5    0.284131368938
90.625    0.306967464702
90.75    0.290116635973
90.875    0.306599140577
91.0    0.277041129527
91.125    0.277041129527
91.25    0.287722529159
91.375    0.294290976059
91.5    0.304051565378
91.625    0.303806015961
91.75    0.304051565378
91.875    0.298557397176
92.0    0.298772252916
92.125    0.299754450583
92.25    0.299754450583
92.375    0.28876611418
92.5    0.28993247391
92.625    0.294505831799
92.75    0.311878453039
92.875    0.285328422345
93.0    0.302486187845
93.125    0.302486187845
93.25    0.301411909147
93.375    0.30233271946
93.5    0.302608962554
93.625    0.305156537753
93.75    0.308870472683
93.875    0.308870472683
94.0    0.306476365869
94.125    0.304358502149
94.25    0.304481276857
94.375    0.304419889503
94.5    0.305064456722
94.625    0.310650705955
94.75    0.310650705955
94.875    0.31123388582
95.0    0.300460405157
95.125    0.300460405157
95.25    0.300460405157
95.375    0.300460405157
95.5    0.284929404543
95.625    0.306906077348
95.75    0.305371393493
95.875    0.305310006139
96.0    0.298189073051
96.125    0.299355432781
96.25    0.299355432781
96.375    0.298434622468
96.5    0.289901780233
96.625    0.286279926335
96.75    0.323388581952
96.875    0.295917740945
97.0    0.295641497851
97.125    0.297237569061
97.25    0.300705954573
97.375    0.295027624309
97.5    0.304481276857
97.625    0.304481276857
97.75    0.304481276857
97.875    0.304481276857
98.0    0.2934315531
98.125    0.292725598527
98.25    0.294321669736
98.375    0.294198895028
98.5    0.29926335175
98.625    0.29926335175
98.75    0.299324739104
98.875    0.299600982198
99.0    0.301749539595
99.125    0.31197053407
99.25    0.305248618785
99.375    0.308164518109
99.5    0.295610804174
99.625    0.301104972376
99.75    0.300644567219
99.875    0.300092081031
100.0    0.306660527931
100.125    0.306322897483
100.25    0.300828729282
100.375    0.300828729282
100.5    0.296255371393
100.625    0.296255371393
100.75    0.296255371393
100.875    0.296255371393
101.0    0.302793124616
101.125    0.292326580724
101.25    0.293001841621
101.375    0.2934315531
101.5    0.254972375691
101.625    0.282443216697
101.75    0.303928790669
101.875    0.304112952732
102.0    0.296408839779
102.125    0.296654389196
102.25    0.297022713321
102.375    0.297022713321
102.5    0.282074892572
102.625    0.305248618785
102.75    0.304389195826
102.875    0.298895027624
103.0    0.303100061387
103.125    0.303100061387
103.25    0.304051565378
103.375    0.304051565378
103.5    0.309330877839
103.625    0.308870472683
103.75    0.303192142419
103.875    0.297636586863
104.0    0.299723756906
104.125    0.294229588705
104.25    0.294444444444
104.375    0.293370165746
104.5    0.300368324125
104.625    0.300061387354
104.75    0.30190300798
104.875    0.302363413137
105.0    0.308317986495
105.125    0.308103130755
105.25    0.309484346225
105.375    0.293308778392
105.5    0.306875383671
105.625    0.307335788828
105.75    0.290883977901
105.875    0.308164518109
106.0    0.309515039902
106.125    0.311264579497
106.25    0.311847759362
106.375    0.311847759362
106.5    0.301841620626
106.625    0.302179251074
106.75    0.301810926949
106.875    0.301810926949
107.0    0.296316758748
107.125    0.296316758748
107.25    0.296316758748
107.375    0.297728667894
107.5    0.305923879681
107.625    0.306200122775
107.75    0.306200122775
107.875    0.305248618785
108.0    0.295887047268
108.125    0.29693063229
108.25    0.296961325967
108.375    0.296224677716
108.5    0.29766728054
108.625    0.298403928791
108.75    0.295825659914
108.875    0.295825659914
109.0    0.284591774095
109.125    0.284591774095
109.25    0.301074278699
109.375    0.302179251074
109.5    0.301718845918
109.625    0.301749539595
109.75    0.302793124616
109.875    0.301043585021
110.0    0.302793124616
110.125    0.303314917127
110.25    0.303314917127
110.375    0.292786985881
110.5    0.301135666053
110.625    0.301135666053
110.75    0.301135666053
110.875    0.301135666053
111.0    0.297544505832
111.125    0.297544505832
111.25    0.296992019644
111.375    0.296992019644
111.5    0.303253529773
111.625    0.304297114794
111.75    0.304389195826
111.875    0.304143646409
112.0    0.29766728054
112.125    0.298557397176
112.25    0.298496009822
112.375    0.29904849601
112.5    0.297176181707
112.625    0.297421731123
112.75    0.296746470227
112.875    0.291344383057
113.0    0.288121546961
113.125    0.293707796194
113.25    0.293707796194
113.375    0.294106813996
113.5    0.299324739104
113.625    0.299017802333
113.75    0.29904849601
113.875    0.298987108656
114.0    0.291866175568
114.125    0.29269490485
114.25    0.292572130141
114.375    0.294321669736
114.5    0.303744628607
114.625    0.303468385513
114.75    0.299938612646
114.875    0.300675260896
115.0    0.313781461019
115.125    0.303621853898
115.25    0.304051565378
115.375    0.304696132597
115.5    0.296347452425
115.625    0.312829957029
115.75    0.296869244936
115.875    0.296408839779
116.0    0.301964395335
116.125    0.30211786372
116.25    0.30211786372
116.375    0.301534683855
116.5    0.305432780847
116.625    0.307857581338
116.75    0.299877225292
116.875    0.300122774708
117.0    0.28781461019
117.125    0.287047268263
117.25    0.287569060773
117.375    0.289441375077
117.5    0.301841620626
117.625    0.301995089012
117.75    0.303038674033
117.875    0.30211786372
118.0    0.310159607121
118.125    0.299201964395
118.25    0.302885205648
118.375    0.302885205648
118.5    0.296838551258
118.625    0.296838551258
118.75    0.298250460405
118.875    0.297513812155
119.0    0.314947820749
119.125    0.314947820749
119.25    0.304082259055
119.375    0.304082259055
120.0    0.302578268877
120.125    0.297943523634
120.25    0.298066298343
120.375    0.298311847759
120.5    0.297912829957
120.625    0.292848373235
120.75    0.292848373235
120.875    0.309883364027
121.0    0.30349907919
121.125    0.298465316145
121.25    0.277133210559
121.375    0.288367096378
121.5    0.296869244936
121.625    0.296899938613
121.75    0.296899938613
121.875    0.297820748926
122.0    0.303959484346
122.125    0.303713934929
122.25    0.303775322284
122.375    0.304143646409
122.5    0.29459791283
122.625    0.294106813996
122.75    0.29438305709
122.875    0.30138121547
123.0    0.284284837324
123.125    0.284284837324
123.25    0.284284837324
123.375    0.31175567833
123.5    0.301933701657
123.625    0.305095150399
123.75    0.305310006139
123.875    0.306046654389
124.0    0.304757519951
124.125    0.304757519951
124.25    0.29386126458
124.375    0.288152240638
124.5    0.301841620626
124.625    0.301350521793
124.75    0.301350521793
124.875    0.301657458564
125.0    0.300767341928
125.125    0.299846531614
125.25    0.299478207489
125.375    0.299631675875
125.5    0.298987108656
125.625    0.298987108656
125.75    0.29978514426
125.875    0.298035604665
126.0    0.30678330264
126.125    0.306292203806
126.25    0.306292203806
126.375    0.307028852056
126.5    0.297912829957
126.625    0.298189073051
126.75    0.294505831799
126.875    0.294505831799
127.0    0.300337630448
127.125    0.299969306323
127.25    0.300092081031
127.375    0.293984039288
127.5    0.29926335175
127.625    0.29904849601
127.75    0.29904849601
127.875    0.304573357888
128.0    0.304972375691
128.125    0.305064456722
128.25    0.305893186004
128.375    0.294843462247
128.5    0.299386126458
128.625    0.299631675875
128.75    0.299478207489
128.875    0.283271945979
129.0    0.290853284223
129.125    0.291589932474
129.25    0.291804788214
129.375    0.282381829343
129.5    0.294843462247
129.625    0.294843462247
129.75    0.294198895028
129.875    0.305494168201
130.0    0.295211786372
130.125    0.295211786372
130.25    0.297053406998
130.375    0.299815837937
130.5    0.302179251074
130.625    0.301565377532
130.75    0.301565377532
130.875    0.302793124616
131.0    0.310098219767
131.125    0.310497237569
131.25    0.310742786986
131.375    0.300521792511
131.5    0.301043585021
131.625    0.301043585021
131.75    0.304112952732
131.875    0.30445058318
132.0    0.304205033763
132.125    0.30306936771
132.25    0.303836709638
132.375    0.30328422345
132.5    0.294321669736
132.625    0.294321669736
132.75    0.29386126458
132.875    0.29883364027
133.0    0.280448127686
133.125    0.281307550645
133.25    0.302793124616
133.375    0.302793124616
133.5    0.296531614487
133.625    0.296623695519
133.75    0.27955801105
133.875    0.313228974831
134.0    0.302793124616
134.125    0.302516881522
134.25    0.279834254144
134.375    0.265408225905
134.5    0.298219766728
134.625    0.298465316145
134.75    0.298465316145
134.875    0.298465316145
135.0    0.272897483118
135.125    0.300368324125
135.25    0.311939840393
135.375    0.311939840393
135.5    0.306936771025
135.625    0.307918968692
135.75    0.307918968692
135.875    0.307918968692
136.0    0.299324739104
136.125    0.300030693677
136.25    0.299846531614
136.375    0.302424800491
136.5    0.285880908533
136.625    0.28569674647
136.75    0.285942295887
136.875    0.313750767342
137.0    0.301841620626
137.125    0.305064456722
137.25    0.305064456722
137.375    0.299693063229
137.5    0.307673419276
137.625    0.302240638429
137.75    0.302240638429
137.875    0.303314917127
138.0    0.296992019644
138.125    0.296531614487
138.25    0.300705954573
138.375    0.284192756292
138.5    0.310159607121
138.625    0.276795580111
138.75    0.303437691835
138.875    0.304143646409
139.0    0.297820748926
139.125    0.297206875384
139.25    0.297605893186
139.375    0.298373235114
139.5    0.310159607121
139.625    0.310159607121
139.75    0.310159607121
139.875    0.310036832413
140.0    0.303192142419
140.125    0.303161448742
140.25    0.299693063229
140.375    0.299693063229
140.5    0.30890116636
140.625    0.314149785144
140.75    0.303130755064
140.875    0.303038674033
141.0    0.271485573972
141.125    0.287968078576
141.25    0.288121546961
141.375    0.289993861265
141.5    0.282320441989
141.625    0.282780847145
141.75    0.275291589932
141.875    0.282658072437
142.0    0.277655003069
142.125    0.305862492327
142.25    0.283640270104
142.375    0.283640270104
142.5    0.300583179865
142.625    0.299969306323
142.75    0.302731737262
142.875    0.28612645795
143.0    0.303560466544
143.125    0.303591160221
143.25    0.303591160221
143.375    0.303591160221
143.5    0.276918354819
143.625    0.321700429711
143.75    0.272222222222
143.875    0.293769183548
144.0    0.309607120933
144.125    0.288090853284
144.25    0.311264579497
144.375    0.294290976059
144.5    0.28167587477
144.625    0.303652547575
144.75    0.302793124616
144.875    0.303529772867
145.0    0.292572130141
145.125    0.292572130141
145.25    0.292510742787
145.375    0.291866175568
145.5    0.296378146102
145.625    0.295702885206
145.75    0.294076120319
145.875    0.294751381215
146.0    0.313106200123
146.125    0.312492326581
146.25    0.311724984653
146.375    0.311724984653
146.5    0.294076120319
146.625    0.294198895028
146.75    0.294198895028
146.875    0.294689993861
147.0    0.312952731737
147.125    0.296531614487
147.25    0.291129527317
147.375    0.296439533456
147.5    0.312645794966
147.625    0.312400245549
147.75    0.290423572744
147.875    0.290791896869
148.0    0.284898710866
148.125    0.295887047268
148.25    0.295887047268
148.375    0.295887047268
148.5    0.294628606507
148.625    0.294628606507
148.75    0.294352363413
148.875    0.310773480663
149.0    0.291866175568
149.125    0.297176181707
149.25    0.298004910988
149.375    0.28496009822
149.5    0.292725598527
149.625    0.292817679558
149.75    0.29205033763
149.875    0.292633517495
150.0    0.275874769797
150.125    0.275874769797
150.25    0.309208103131
150.375    0.308870472683
150.5    0.2894106814
150.625    0.289993861265
150.75    0.290945365255
150.875    0.290423572744
151.0    0.288213627993
151.125    0.294137507673
151.25    0.294137507673
151.375    0.293830570902
151.5    0.285389809699
151.625    0.296132596685
151.75    0.296593001842
151.875    0.296593001842
152.0    0.288950276243
152.125    0.288919582566
152.25    0.291559238797
152.375    0.291375076734
152.5    0.283179864948
152.625    0.283179864948
152.75    0.283670963781
152.875    0.305156537753
153.0    0.292510742787
153.125    0.292572130141
153.25    0.292541436464
153.375    0.287323511357
153.5    0.29671577655
153.625    0.296777163904
153.75    0.296746470227
153.875    0.29671577655
154.0    0.296439533456
154.125    0.290945365255
154.25    0.290883977901
154.375    0.312860650706
154.5    0.299600982198
154.625    0.300245549417
154.75    0.300429711479
154.875    0.299846531614
155.0    0.295089011664
155.125    0.295488029466
155.25    0.298710865562
155.375    0.298680171885
155.5    0.290822590546
155.625    0.290392879067
155.75    0.290392879067
155.875    0.290331491713
156.0    0.293492940454
156.125    0.293799877225
156.25    0.293278084715
156.375    0.293339472069
156.5    0.297421731123
156.625    0.297513812155
156.75    0.297544505832
156.875    0.298434622468
157.0    0.299938612646
157.125    0.299938612646
157.25    0.294444444444
157.375    0.294475138122
157.5    0.294536525476
157.625    0.294076120319
157.75    0.293922651934
157.875    0.294106813996
158.0    0.283271945979
158.125    0.284069981584
158.25    0.284069981584
158.375    0.284069981584
158.5    0.295119705341
158.625    0.295027624309
158.75    0.295119705341
158.875    0.312584407612
159.0    0.292940454266
159.125    0.292940454266
159.25    0.292940454266
159.375    0.293953345611
159.5    0.28993247391
159.625    0.28993247391
159.75    0.28993247391
159.875    0.28993247391
160.0    0.296777163904
160.125    0.296777163904
160.25    0.297114794352
160.375    0.297114794352
160.5    0.296439533456
160.625    0.296531614487
160.75    0.297943523634
160.875    0.297943523634
161.0    0.29386126458
161.125    0.29386126458
161.25    0.295242480049
161.375    0.295242480049
161.5    0.287599754451
161.625    0.287753222836
161.75    0.287753222836
161.875    0.288305709024
162.0    0.298403928791
162.125    0.30073664825
162.25    0.284039287907
162.375    0.283271945979
162.5    0.293278084715
162.625    0.28802946593
162.75    0.291160220994
162.875    0.291497851443
163.0    0.287906691222
163.125    0.287906691222
163.25    0.287906691222
163.375    0.287937384899
163.5    0.28707796194
163.625    0.291927562922
163.75    0.291804788214
163.875    0.291804788214
164.0    0.285788827502
164.125    0.283947206875
164.25    0.283947206875
164.375    0.284499693063
164.5    0.282473910374
164.625    0.282596685083
164.75    0.28262737876
164.875    0.28262737876
165.0    0.285666052793
165.125    0.285727440147
165.25    0.285727440147
165.375    0.301135666053
165.5    0.290116635973
165.625    0.289748311848
165.75    0.289901780233
165.875    0.290546347452
166.0    0.283701657459
166.125    0.283302639656
166.25    0.283732351136
166.375    0.284315531001
166.5    0.299294045427
166.625    0.282811540823
166.75    0.282811540823
166.875    0.282811540823
167.0    0.303959484346
167.125    0.303959484346
167.25    0.287446286065
167.375    0.287415592388
167.5    0.295457335789
167.625    0.295825659914
167.75    0.29533456108
167.875    0.292203806016
168.0    0.304604051565
168.125    0.304757519951
168.25    0.304757519951
168.375    0.304604051565
168.5    0.317986494782
168.625    0.306936771025
168.75    0.306936771025
168.875    0.307090239411
169.0    0.296623695519
169.125    0.29057704113
169.25    0.285144260282
169.375    0.285543278085
169.5    0.297176181707
169.625    0.297176181707
169.75    0.281184775936
169.875    0.280969920196
170.0    0.296838551258
170.125    0.296838551258
170.25    0.269521178637
170.375    0.297360343769
170.5    0.290116635973
170.625    0.292111724985
170.75    0.292848373235
170.875    0.292848373235
171.0    0.291068139963
171.125    0.291221608349
171.25    0.302056476366
171.375    0.301596071209
171.5    0.295365254758
171.625    0.295365254758
171.75    0.299478207489
171.875    0.288489871087
172.0    0.294996930632
172.125    0.294996930632
172.25    0.294996930632
172.375    0.289533456108
172.5    0.286494782075
172.625    0.286494782075
172.75    0.286494782075
172.875    0.286678944138
173.0    0.293063228975
173.125    0.293063228975
173.25    0.293339472069
173.375    0.294413750767
173.5    0.281338244322
173.625    0.280939226519
173.75    0.280939226519
173.875    0.281338244322
174.0    0.283701657459
174.125    0.273235113567
174.25    0.284039287907
174.375    0.287108655617
174.5    0.287354205034
174.625    0.287354205034
174.75    0.287354205034
174.875    0.287354205034
175.0    0.298342541436
175.125    0.298342541436
175.25    0.298342541436
175.375    0.298342541436
175.5    0.290976058932
175.625    0.283609576427
175.75    0.28729281768
175.875    0.288489871087
176.0    0.292971147944
176.125    0.292971147944
176.25    0.292940454266
176.375    0.292940454266
176.5    0.288612645795
176.625    0.288612645795
176.75    0.288612645795
176.875    0.288612645795
177.0    0.294567219153
177.125    0.294935543278
177.25    0.294935543278
177.375    0.295488029466
177.5    0.299631675875
177.625    0.299478207489
177.75    0.300337630448
177.875    0.300337630448
178.0    0.293830570902
178.125    0.293830570902
178.25    0.293830570902
178.375    0.293677102517
178.5    0.295518723143
178.625    0.295518723143
178.75    0.300705954573
178.875    0.301258440761
179.0    0.29226519337
179.125    0.29226519337
179.25    0.29226519337
179.375    0.29226519337
180.0    0.298710865562
180.125    0.298281154082
180.25    0.298311847759
180.375    0.298680171885
180.5    0.297206875384
180.625    0.297206875384
180.75    0.296777163904
180.875    0.296193984039
181.0    0.295426642112
181.125    0.296531614487
181.25    0.296531614487
181.375    0.297268262738
181.5    0.296777163904
181.625    0.296777163904
181.75    0.296777163904
181.875    0.29152854512
182.0    0.298127685697
182.125    0.298127685697
182.25    0.29788213628
182.375    0.310128913444
182.5    0.307243707796
182.625    0.290761203192
182.75    0.296777163904
182.875    0.292295887047
183.0    0.288950276243
183.125    0.288950276243
183.25    0.289686924494
183.375    0.289318600368
183.5    0.29766728054
183.625    0.29766728054
183.75    0.29766728054
183.875    0.29693063229
184.0    0.2974524248
184.125    0.2974524248
184.25    0.297912829957
184.375    0.297421731123
184.5    0.289717618171
184.625    0.289717618171
184.75    0.289717618171
184.875    0.289717618171
185.0    0.278667894414
185.125    0.278667894414
185.25    0.306138735421
185.375    0.30635359116
185.5    0.293032535298
185.625    0.293032535298
185.75    0.293462246777
185.875    0.293339472069
186.0    0.295641497851
186.125    0.295641497851
186.25    0.295641497851
186.375    0.303007980356
186.5    0.288397790055
186.625    0.288397790055
186.75    0.288397790055
186.875    0.288459177409
187.0    0.290515653775
187.125    0.290300798036
187.25    0.290822590546
187.375    0.289901780233
187.5    0.276949048496
187.625    0.276949048496
187.75    0.277900552486
187.875    0.27839165132
188.0    0.281798649478
188.125    0.276304481277
188.25    0.276304481277
188.375    0.276304481277
188.5    0.286372007366
188.625    0.286372007366
188.75    0.286372007366
188.875    0.286740331492
189.0    0.285297728668
189.125    0.285236341314
189.25    0.284714548803
189.375    0.284714548803
189.5    0.285021485574
189.625    0.285021485574
189.75    0.285021485574
189.875    0.285021485574
190.0    0.294475138122
190.125    0.295825659914
190.25    0.296255371393
190.375    0.296286065071
190.5    0.284223449969
190.625    0.284714548803
190.75    0.284714548803
190.875    0.284223449969
191.0    0.286709637815
191.125    0.286709637815
191.25    0.286709637815
191.375    0.286709637815
191.5    0.296132596685
191.625    0.296132596685
191.75    0.296132596685
191.875    0.296132596685
192.0    0.306230816452
192.125    0.306230816452
192.25    0.279895641498
192.375    0.279895641498
192.5    0.288397790055
192.625    0.288397790055
192.75    0.289134438306
192.875    0.289134438306
193.0    0.302793124616
193.125    0.280141190915
193.25    0.280141190915
193.375    0.275291589932
193.5    0.298127685697
193.625    0.298127685697
193.75    0.287139349294
193.875    0.287139349294
194.0    0.293278084715
194.125    0.293278084715
194.25    0.293278084715
194.375    0.293278084715
194.5    0.284990791897
194.625    0.284990791897
194.75    0.284990791897
194.875    0.284775936157
195.0    0.281522406384
195.125    0.281522406384
195.25    0.281522406384
195.375    0.281522406384
195.5    0.280049109883
195.625    0.280049109883
195.75    0.280049109883
195.875    0.279957028852
196.0    0.278054020872
196.125    0.278054020872
196.25    0.278054020872
196.375    0.278054020872
196.5    0.28707796194
196.625    0.287047268263
196.75    0.287047268263
196.875    0.287047268263
197.0    0.275936157152
197.125    0.283302639656
197.25    0.275936157152
197.375    0.283302639656
197.5    0.27605893186
197.625    0.27605893186
197.75    0.276335174954
197.875    0.276335174954
198.0    0.27489257213
198.125    0.27489257213
198.25    0.27489257213
198.375    0.27489257213
198.5    0.281645181093
198.625    0.281645181093
198.75    0.277071823204
198.875    0.278729281768
199.0    0.283548189073
199.125    0.283548189073
199.25    0.277470841007
199.375    0.27796193984
199.5    0.292909760589
199.625    0.298403928791
199.75    0.281798649478
199.875    0.276243093923
200.0    0.280171884592
200.125    0.280171884592
200.25    0.27467771639
200.375    0.275168815224
200.5    0.280141190915
200.625    0.280141190915
200.75    0.280141190915
200.875    0.280141190915
201.0    0.277133210559
201.125    0.283640270104
201.25    0.274616329036
201.375    0.275537139349
201.5    0.28400859423
201.625    0.28400859423
201.75    0.28400859423
201.875    0.28400859423
202.0    0.276580724371
202.125    0.276580724371
202.25    0.276580724371
202.375    0.276580724371
202.5    0.279588704727
202.625    0.285052179251
202.75    0.283333333333
202.875    0.283333333333
203.0    0.278483732351
203.125    0.278483732351
203.25    0.278483732351
203.375    0.278483732351
203.5    0.284714548803
203.625    0.285451197053
203.75    0.284898710866
203.875    0.284898710866
204.0    0.278729281768
204.125    0.278729281768
204.25    0.284254143646
204.375    0.284254143646
204.5    0.286372007366
204.625    0.286372007366
204.75    0.286372007366
204.875    0.285819521179
205.0    0.281860036832
205.125    0.281860036832
205.25    0.282381829343
205.375    0.282381829343
205.5    0.275291589932
205.625    0.275291589932
205.75    0.276089625537
205.875    0.276089625537
206.0    0.283916513198
206.125    0.283916513198
206.25    0.278453038674
206.375    0.277900552486
206.5    0.286279926335
206.625    0.28591160221
206.75    0.285666052793
206.875    0.286034376918
207.0    0.288367096378
207.125    0.288367096378
207.25    0.288367096378
207.375    0.287691835482
207.5    0.293922651934
207.625    0.288305709024
207.75    0.288305709024
207.875    0.288459177409
208.0    0.278238182934
208.125    0.278238182934
208.25    0.278667894414
208.375    0.278667894414
208.5    0.282473910374
208.625    0.281553100061
208.75    0.283947206875
208.875    0.283701657459
209.0    0.288796807858
209.125    0.288305709024
209.25    0.288305709024
209.375    0.288305709024
209.5    0.282351135666
209.625    0.282658072437
209.75    0.282780847145
209.875    0.282780847145
210.0    0.286218538981
210.125    0.286187845304
210.25    0.286157151627
210.375    0.286034376918
210.5    0.293462246777
210.625    0.293462246777
210.75    0.276764886433
210.875    0.276764886433
211.0    0.286955187231
211.125    0.286955187231
211.25    0.286955187231
211.375    0.287446286065
211.5    0.283609576427
211.625    0.283609576427
211.75    0.283609576427
211.875    0.285666052793
212.0    0.284775936157
212.125    0.284775936157
212.25    0.284775936157
212.375    0.279251074279
212.5    0.282105586249
212.625    0.282105586249
212.75    0.282105586249
212.875    0.282105586249
213.0    0.285236341314
213.125    0.286341313689
213.25    0.293707796194
213.375    0.293707796194
213.5    0.282934315531
213.625    0.282934315531
213.75    0.282934315531
213.875    0.282934315531
214.0    0.285389809699
214.125    0.268661755678
214.25    0.285389809699
214.375    0.274094536525
214.5    0.288459177409
214.625    0.288459177409
214.75    0.271761817066
214.875    0.271761817066
215.0    0.284591774095
215.125    0.285052179251
215.25    0.285052179251
215.375    0.285052179251
215.5    0.283425414365
215.625    0.283425414365
215.75    0.283425414365
215.875    0.283425414365
216.0    0.268385512584
216.125    0.29036218539
216.25    0.29036218539
216.375    0.29036218539
216.5    0.27796193984
216.625    0.27796193984
216.75    0.277747084101
216.875    0.282688766114
217.0    0.281982811541
217.125    0.276795580111
217.25    0.276795580111
217.375    0.276795580111
217.5    0.278913443831
217.625    0.278913443831
217.75    0.278913443831
217.875    0.278913443831
218.0    0.269766728054
218.125    0.276089625537
218.25    0.275936157152
218.375    0.275936157152
218.5    0.274186617557
218.625    0.274186617557
218.75    0.273634131369
218.875    0.274309392265
219.0    0.287354205034
219.125    0.287354205034
219.25    0.287354205034
219.375    0.286771025169
219.5    0.277869858809
219.625    0.277869858809
219.75    0.277869858809
219.875    0.277869858809
220.0    0.286955187231
220.125    0.286494782075
220.25    0.285727440147
220.375    0.286003683241
220.5    0.287783916513
220.625    0.271301411909
220.75    0.271055862492
220.875    0.271055862492
221.0    0.282473910374
221.125    0.281737262124
221.25    0.281737262124
221.375    0.281737262124
221.5    0.283701657459
221.625    0.284100675261
221.75    0.284100675261
221.875    0.284100675261
222.0    0.287691835482
222.125    0.288643339472
222.25    0.287661141805
222.375    0.287661141805
222.5    0.287231430325
222.625    0.287231430325
222.75    0.287231430325
222.875    0.287231430325
223.0    0.287231430325
223.125    0.287262124002
223.25    0.281982811541
223.375    0.281982811541
223.5    0.278054020872
223.625    0.278054020872
223.75    0.278790669122
223.875    0.278054020872
224.0    0.282013505218
224.125    0.282013505218
224.25    0.276519337017
224.375    0.276519337017
224.5    0.282013505218
224.625    0.282013505218
224.75    0.282013505218
224.875    0.254266421117
225.0    0.289901780233
225.125    0.289901780233
225.25    0.285604665439
225.375    0.285451197053
225.5    0.286402701044
225.625    0.286157151627
225.75    0.286157151627
225.875    0.263259668508
226.0    0.275782688766
226.125    0.293308778392
226.25    0.293400859423
226.375    0.286402701044
226.5    0.272866789441
226.625    0.272866789441
226.75    0.272866789441
226.875    0.272866789441
227.0    0.273143032535
227.125    0.273173726212
227.25    0.273143032535
227.375    0.273143032535
227.5    0.259085328422
227.625    0.259453652548
227.75    0.259453652548
227.875    0.259576427256
228.0    0.274953959484
228.125    0.274953959484
228.25    0.274953959484
228.375    0.274953959484
228.5    0.285972989564
228.625    0.285972989564
228.75    0.285972989564
228.875    0.285972989564
229.0    0.278637200737
229.125    0.278637200737
229.25    0.278637200737
229.375    0.278637200737
229.5    0.286709637815
229.625    0.286709637815
229.75    0.286709637815
229.875    0.287108655617
230.0    0.266114180479
230.125    0.293585021486
230.25    0.293585021486
230.375    0.271362799263
230.5    0.275445058318
230.625    0.275445058318
230.75    0.274432166974
230.875    0.285359116022
231.0    0.281368937999
231.125    0.282381829343
231.25    0.282504604052
231.375    0.284683855126
231.5    0.269030079804
231.625    0.269030079804
231.75    0.269030079804
231.875    0.269030079804
232.0    0.262829957029
232.125    0.262829957029
232.25    0.262829957029
232.375    0.263075506446
232.5    0.290392879067
232.625    0.290392879067
232.75    0.26292203806
232.875    0.273910374463
233.0    0.285666052793
233.125    0.285666052793
233.25    0.286218538981
233.375    0.281522406384
233.5    0.270841006753
233.625    0.270841006753
233.75    0.270841006753
233.875    0.270841006753
234.0    0.284284837324
234.125    0.284284837324
234.25    0.284284837324
234.375    0.284653161449
234.5    0.283149171271
234.625    0.284499693063
234.75    0.284254143646
234.875    0.284990791897
235.0    0.270042971148
235.125    0.270042971148
235.25    0.270042971148
235.375    0.270042971148
235.5    0.288305709024
235.625    0.288305709024
235.75    0.288305709024
235.875    0.288305709024
236.0    0.282351135666
236.125    0.282351135666
236.25    0.281829343155
236.375    0.282811540823
236.5    0.268201350522
236.625    0.267403314917
236.75    0.253007980356
236.875    0.253744628607
237.0    0.274401473297
237.125    0.274401473297
237.25    0.274401473297
237.375    0.274033149171
237.5    0.287139349294
237.625    0.287139349294
237.75    0.287139349294
237.875    0.287047268263
238.0    0.288796807858
238.125    0.28781461019
238.25    0.288919582566
238.375    0.277931246163
238.5    0.274309392265
238.625    0.274309392265
238.75    0.274309392265
238.875    0.274217311234
239.0    0.273020257827
239.125    0.273020257827
239.25    0.274278698588
239.375    0.274278698588
240.0    0.279373848987
240.125    0.279373848987
240.25    0.279373848987
240.375    0.279373848987
240.5    0.277593615715
240.625    0.277593615715
240.75    0.277593615715
240.875    0.277593615715
241.0    0.296193984039
241.125    0.29650092081
241.25    0.275874769797
241.375    0.275874769797
241.5    0.289287906691
241.625    0.261479435236
241.75    0.261295273174
241.875    0.265131982812
242.0    0.272836095764
242.125    0.294751381215
242.25    0.294874155924
242.375    0.27182320442
242.5    0.273879680786
242.625    0.274401473297
242.75    0.274401473297
242.875    0.274769797422
243.0    0.261847759362
243.125    0.252823818293
243.25    0.25233271946
243.375    0.252823818293
243.5    0.272283609576
243.625    0.273173726212
243.75    0.273235113567
243.875    0.274493554328
244.0    0.281123388582
244.125    0.281123388582
244.25    0.286985880909
244.375    0.286985880909
244.5    0.273235113567
244.625    0.273235113567
244.75    0.272437077962
244.875    0.295027624309
245.0    0.277562922038
245.125    0.277562922038
245.25    0.27701043585
245.375    0.278146101903
245.5    0.25306936771
245.625    0.259300184162
245.75    0.254788213628
245.875    0.255340699816
246.0    0.273879680786
246.125    0.273879680786
246.25    0.273756906077
246.375    0.27415592388
246.5    0.290423572744
246.625    0.301442602824
246.75    0.284499693063
246.875    0.27298956415
247.0    0.28357888275
247.125    0.28357888275
247.25    0.28357888275
247.375    0.282013505218
247.5    0.277869858809
247.625    0.28898096992
247.75    0.28898096992
247.875    0.283517495396
248.0    0.291405770411
248.125    0.291405770411
248.25    0.281522406384
248.375    0.282750153468
248.5    0.257857581338
248.625    0.274861878453
248.75    0.274861878453
248.875    0.273910374463
249.0    0.27584407612
249.125    0.27584407612
249.25    0.298127685697
249.375    0.275936157152
249.5    0.275537139349
249.625    0.275537139349
249.75    0.275537139349
249.875    0.281092694905
250.0    0.28400859423
250.125    0.289533456108
250.25    0.291282995703
250.375    0.280386740331
250.5    0.303038674033
250.625    0.292111724985
250.75    0.291559238797
250.875    0.292971147944
251.0    0.28569674647
251.125    0.286249232658
251.25    0.286586863106
251.375    0.287262124002
251.5    0.278759975445
251.625    0.279864947821
251.75    0.281491712707
251.875    0.281491712707
252.0    0.299877225292
252.125    0.283486801719
252.25    0.30021485574
252.375    0.300644567219
252.5    0.286464088398
252.625    0.286464088398
252.75    0.287047268263
252.875    0.287231430325
253.0    0.293400859423
253.125    0.293400859423
253.25    0.293400859423
253.375    0.293400859423
253.5    0.302578268877
253.625    0.303683241252
253.75    0.298987108656
253.875    0.300798035605
254.0    0.284775936157
254.125    0.284346224678
254.25    0.312768569675
254.375    0.31927562922
254.5    0.297114794352
254.625    0.297421731123
254.75    0.291958256599
254.875    0.290024554942
255.0    0.301197053407
255.125    0.301534683855
255.25    0.301534683855
255.375    0.297636586863
255.5    0.299079189687
255.625    0.265745856354
255.75    0.298710865562
255.875    0.298710865562
256.0    0.287323511357
256.125    0.287323511357
256.25    0.272375690608
256.375    0.261479435236
256.5    0.302578268877
256.625    0.302762430939
256.75    0.29766728054
256.875    0.312952731737
257.0    0.294689993861
257.125    0.293922651934
257.25    0.293922651934
257.375    0.293554327808
257.5    0.276550030694
257.625    0.276611418048
257.75    0.277071823204
257.875    0.275352977287
258.0    0.301135666053
258.125    0.300306936771
258.25    0.300306936771
258.375    0.300798035605
258.5    0.280141190915
258.625    0.280141190915
258.75    0.280816451811
258.875    0.281276856967
259.0    0.295211786372
259.125    0.294843462247
259.25    0.289165131983
259.375    0.289165131983
259.5    0.303652547575
259.625    0.303928790669
259.75    0.304910988336
259.875    0.304910988336
260.0    0.286556169429
260.125    0.285389809699
260.25    0.285389809699
260.375    0.302701043585
260.5    0.28400859423
260.625    0.284622467772
260.75    0.256813996317
260.875    0.257612031921
261.0    0.276243093923
261.125    0.276243093923
261.25    0.276243093923
261.375    0.278974831185
261.5    0.284868017188
261.625    0.301227747084
261.75    0.301227747084
261.875    0.301227747084
262.0    0.253806015961
262.125    0.272467771639
262.25    0.272467771639
262.375    0.261356660528
262.5    0.290454266421
262.625    0.290454266421
262.75    0.290761203192
262.875    0.290055248619
263.0    0.278759975445
263.125    0.27912829957
263.25    0.280969920196
263.375    0.281000613874
263.5    0.285236341314
263.625    0.285236341314
263.75    0.285666052793
263.875    0.285666052793
264.0    0.274493554328
264.125    0.274493554328
264.25    0.274493554328
264.375    0.274493554328
264.5    0.27796193984
264.625    0.279158993247
264.75    0.281860036832
264.875    0.280877839165
265.0    0.292081031308
265.125    0.292940454266
265.25    0.293615715163
265.375    0.285267034991
265.5    0.277102516882
265.625    0.277102516882
265.75    0.27817679558
265.875    0.27817679558
266.0    0.274769797422
266.125    0.290945365255
266.25    0.290945365255
266.375    0.292295887047
266.5    0.264732965009
266.625    0.264732965009
266.75    0.264794352363
266.875    0.26546961326
267.0    0.297206875384
267.125    0.295825659914
267.25    0.295825659914
267.375    0.296562308165
267.5    0.272344996931
267.625    0.279158993247
267.75    0.279158993247
267.875    0.272529158993
268.0    0.279435236341
268.125    0.279435236341
268.25    0.272068753837
268.375    0.279435236341
268.5    0.298649478207
268.625    0.298649478207
268.75    0.298649478207
268.875    0.298649478207
269.0    0.278299570289
269.125    0.278299570289
269.25    0.277747084101
269.375    0.278299570289
269.5    0.277900552486
269.625    0.277593615715
269.75    0.277900552486
269.875    0.310896255371
270.0    0.279066912216
270.125    0.279066912216
270.25    0.270933087784
270.375    0.270994475138
270.5    0.272314303254
270.625    0.272314303254
270.75    0.272928176796
270.875    0.275629220381
271.0    0.272682627379
271.125    0.272682627379
271.25    0.272498465316
271.375    0.272498465316
271.5    0.294413750767
271.625    0.271577655003
271.75    0.27065684469
271.875    0.27065684469
272.0    0.270748925721
272.125    0.270748925721
272.25    0.270748925721
272.375    0.270257826888
272.5    0.274708410068
272.625    0.27532228361
272.75    0.275690607735
272.875    0.275199508901
273.0    0.276642111725
273.125    0.276642111725
273.25    0.276642111725
273.375    0.277378759975
273.5    0.27532228361
273.625    0.27532228361
273.75    0.27532228361
273.875    0.307642725599
274.0    0.273480662983
274.125    0.273480662983
274.25    0.273480662983
274.375    0.273235113567
274.5    0.274554941682
274.625    0.274554941682
274.75    0.274524248005
274.875    0.274524248005
275.0    0.280908532842
275.125    0.280908532842
275.25    0.280908532842
275.375    0.282074892572
275.5    0.274616329036
275.625    0.274616329036
275.75    0.275046040516
275.875    0.275046040516
276.0    0.284254143646
276.125    0.286586863106
276.25    0.286586863106
276.375    0.290423572744
276.5    0.269551872314
276.625    0.269613259669
276.75    0.270073664825
276.875    0.270012277471
277.0    0.272406384285
277.125    0.272406384285
277.25    0.272406384285
277.375    0.272406384285
277.5    0.269981583794
277.625    0.282934315531
277.75    0.282934315531
277.875    0.260957642726
278.0    0.266543891958
278.125    0.283026396562
278.25    0.2828422345
278.375    0.266390423573
278.5    0.269766728054
278.625    0.269766728054
278.75    0.258256599141
278.875    0.2802946593
279.0    0.261111111111
279.125    0.261111111111
279.25    0.261172498465
279.375    0.261172498465
279.5    0.28050951504
279.625    0.28050951504
279.75    0.281123388582
279.875    0.281123388582
280.0    0.26620626151
280.125    0.26620626151
280.25    0.26546961326
280.375    0.26546961326
280.5    0.263014119091
280.625    0.263014119091
280.75    0.284990791897
280.875    0.284990791897
281.0    0.271792510743
281.125    0.271792510743
281.25    0.271792510743
281.375    0.271792510743
281.5    0.279373848987
281.625    0.279373848987
281.75    0.279527317373
281.875    0.279527317373
282.0    0.28124616329
282.125    0.28124616329
282.25    0.28124616329
282.375    0.28124616329
282.5    0.265561694291
282.625    0.265623081645
282.75    0.259054634745
282.875    0.258993247391
283.0    0.265930018416
283.125    0.265930018416
283.25    0.265930018416
283.375    0.265930018416
283.5    0.268170656845
283.625    0.268170656845
283.75    0.268170656845
283.875    0.267802332719
284.0    0.270963781461
284.125    0.270963781461
284.25    0.27065684469
284.375    0.270564763659
284.5    0.271976672805
284.625    0.271976672805
284.75    0.27203806016
284.875    0.27203806016
285.0    0.281031307551
285.125    0.281031307551
285.25    0.281031307551
285.375    0.28072437078
285.5    0.272007366483
285.625    0.272007366483
285.75    0.272007366483
285.875    0.275475751995
286.0    0.261141804788
286.125    0.283118477594
286.25    0.261141804788
286.375    0.261203192142
286.5    0.240546347452
286.625    0.242449355433
286.75    0.249662369552
286.875    0.249600982198
287.0    0.270687538367
287.125    0.25963781461
287.25    0.25963781461
287.375    0.259545733579
287.5    0.257489257213
287.625    0.257059545734
287.75    0.27701043585
287.875    0.255340699816
288.0    0.27065684469
288.125    0.27065684469
288.25    0.27065684469
288.375    0.270718232044
288.5    0.258225905463
288.625    0.257918968692
288.75    0.257918968692
288.875    0.258225905463
289.0    0.264364640884
289.125    0.264487415592
289.25    0.265101289134
289.375    0.264855739718
289.5    0.271332105586
289.625    0.271332105586
289.75    0.272590546347
289.875    0.272590546347
290.0    0.270135052179
290.125    0.269828115408
290.25    0.269950890117
290.375    0.269950890117
290.5    0.269981583794
290.625    0.269981583794
290.75    0.269981583794
290.875    0.269981583794
291.0    0.270288520565
291.125    0.270288520565
291.25    0.270288520565
291.375    0.270288520565
291.5    0.283701657459
291.625    0.283701657459
291.75    0.283701657459
291.875    0.278422344997
292.0    0.270288520565
292.125    0.270288520565
292.25    0.270288520565
292.375    0.270288520565
292.5    0.277839165132
292.625    0.278852056476
292.75    0.278852056476
292.875    0.279527317373
293.0    0.277931246163
293.125    0.277931246163
293.25    0.277931246163
293.375    0.277931246163
293.5    0.264149785144
293.625    0.264149785144
293.75    0.264149785144
293.875    0.264825046041
294.0    0.28496009822
294.125    0.282351135666
294.25    0.282351135666
294.375    0.282351135666
294.5    0.26175567833
294.625    0.261909146716
294.75    0.261909146716
294.875    0.261909146716
295.0    0.265285451197
295.125    0.271240024555
295.25    0.259883364027
295.375    0.259883364027
295.5    0.257918968692
295.625    0.257918968692
295.75    0.257612031921
295.875    0.257918968692
296.0    0.257366482505
296.125    0.257366482505
296.25    0.257366482505
296.375    0.257366482505
296.5    0.259361571516
296.625    0.259361571516
296.75    0.258809085328
296.875    0.258809085328
297.0    0.262615101289
297.125    0.262523020258
297.25    0.262523020258
297.375    0.262523020258
297.5    0.288827501535
297.625    0.288827501535
297.75    0.288827501535
297.875    0.288060159607
298.0    0.255033763045
298.125    0.255310006139
298.25    0.255647636587
298.375    0.256138735421
298.5    0.272130141191
298.625    0.272130141191
298.75    0.272130141191
298.875    0.271792510743
299.0    0.285850214856
299.125    0.285573971762
299.25    0.285573971762
299.375    0.285573971762
300.0    0.275966850829
300.125    0.275629220381
300.25    0.275690607735
300.375    0.277869858809
300.5    0.277931246163
300.625    0.277931246163
300.75    0.277931246163
300.875    0.277317372621
301.0    0.260620012277
301.125    0.260620012277
301.25    0.260620012277
301.375    0.256936771025
301.5    0.268784530387
301.625    0.268784530387
301.75    0.268784530387
301.875    0.268815224064
302.0    0.273756906077
302.125    0.268047882136
302.25    0.273419275629
302.375    0.27394106814
302.5    0.264149785144
302.625    0.264456721915
302.75    0.264947820749
302.875    0.264947820749
303.0    0.280356046654
303.125    0.280386740331
303.25    0.280417434009
303.375    0.283394720688
303.5    0.266267648864
303.625    0.266267648864
303.75    0.266298342541
303.875    0.266298342541
304.0    0.25233271946
304.125    0.25233271946
304.25    0.251780233272
304.375    0.25233271946
304.5    0.283763044813
304.625    0.283763044813
304.75    0.283763044813
304.875    0.283763044813
305.0    0.273327194598
305.125    0.273327194598
305.25    0.273634131369
305.375    0.273327194598
305.5    0.269766728054
305.625    0.269858809085
305.75    0.27722529159
305.875    0.269367710252
306.0    0.26430325353
306.125    0.26430325353
306.25    0.26430325353
306.375    0.26430325353
306.5    0.262553713935
306.625    0.262553713935
306.75    0.262983425414
306.875    0.262983425414
307.0    0.27255985267
307.125    0.27277470841
307.25    0.27277470841
307.375    0.273235113567
307.5    0.273296500921
307.625    0.273296500921
307.75    0.273296500921
307.875    0.272836095764
308.0    0.26408839779
308.125    0.26408839779
308.25    0.263996316759
308.375    0.258440761203
308.5    0.259760589319
308.625    0.259760589319
308.75    0.259760589319
308.875    0.272621240025
309.0    0.271516267649
309.125    0.271516267649
309.25    0.271516267649
309.375    0.271178637201
309.5    0.266513198281
309.625    0.266513198281
309.75    0.267495395948
309.875    0.267495395948
310.0    0.28591160221
310.125    0.28591160221
310.25    0.28591160221
310.375    0.28591160221
310.5    0.278238182934
310.625    0.278238182934
310.75    0.278238182934
310.875    0.245641497851
311.0    0.25730509515
311.125    0.256230816452
311.25    0.257120933088
311.375    0.258563535912
311.5    0.271976672805
311.625    0.273480662983
311.75    0.273480662983
311.875    0.273050951504
312.0    0.266175567833
312.125    0.266175567833
312.25    0.266175567833
312.375    0.271700429711
312.5    0.281154082259
312.625    0.281154082259
312.75    0.281338244322
312.875    0.281338244322
313.0    0.272314303254
313.125    0.272314303254
313.25    0.272314303254
313.375    0.272314303254
313.5    0.27277470841
313.625    0.27277470841
313.75    0.27277470841
313.875    0.264794352363
314.0    0.244076120319
314.125    0.244076120319
314.25    0.244076120319
314.375    0.243155310006
314.5    0.266543891958
314.625    0.266973603438
314.75    0.266973603438
314.875    0.266973603438
315.0    0.268937998772
315.125    0.268937998772
315.25    0.268937998772
315.375    0.267740945365
315.5    0.269214241866
315.625    0.269214241866
315.75    0.269214241866
315.875    0.269214241866
316.0    0.272191528545
316.125    0.272191528545
316.25    0.272191528545
316.375    0.272467771639
316.5    0.269797421731
316.625    0.269797421731
316.75    0.269797421731
316.875    0.269797421731
317.0    0.282658072437
317.125    0.276795580111
