0.0    7.22997119382e-05
0.125    6.96868645775e-05
0.25    6.97297343244e-05
0.375    6.9691682274e-05
0.5    7.25940292199e-05
0.625    7.26402911013e-05
0.75    7.28085153447e-05
0.875    7.27866253243e-05
1.0    6.9691682274e-05
1.125    6.98509924923e-05
1.25    6.99068382346e-05
1.375    6.99316308932e-05
1.5    6.98674293282e-05
1.625    7.00209514513e-05
1.75    7.00026253213e-05
1.875    7.01128826606e-05
2.0    7.00877379067e-05
2.125    7.07331113361e-05
2.25    7.08346178229e-05
2.375    6.78516496464e-05
2.5    6.7605998801e-05
2.625    6.7531045449e-05
2.75    6.75051106285e-05
2.875    6.74464567076e-05
3.0    6.737428577e-05
3.125    6.75184387191e-05
3.25    6.74480024934e-05
3.375    6.74269454777e-05
3.5    7.03896896468e-05
3.625    7.04984269682e-05
3.75    7.04946054455e-05
3.875    7.06037292098e-05
4.0    6.76020055224e-05
4.125    6.7599935889e-05
4.25    6.75054970714e-05
4.375    7.0280729048e-05
4.5    6.98933212107e-05
4.625    7.05194839803e-05
4.75    7.08697758185e-05
4.875    7.11312451926e-05
5.0    7.18418507049e-05
5.125    7.19863471623e-05
5.25    7.20737097204e-05
5.375    7.20608883036e-05
5.5    7.2187608243e-05
5.625    7.22010136265e-05
5.75    7.20998935861e-05
5.875    7.20051370244e-05
6.0    7.21436392759e-05
6.125    7.22308300851e-05
6.25    7.23750345593e-05
6.375    7.2367554683e-05
6.5    7.25297933073e-05
6.625    7.26680722778e-05
6.75    7.26884938018e-05
6.875    7.2675509216e-05
7.0    7.28058016328e-05
7.125    7.28280609223e-05
7.25    7.28519518773e-05
7.375    7.28865860253e-05
7.5    7.30304298173e-05
7.625    7.30338734805e-05
7.75    7.30358915888e-05
7.875    7.30227610148e-05
8.0    7.31193038135e-05
8.125    7.31319706588e-05
8.25    7.31043784121e-05
8.375    7.30763567809e-05
8.5    7.3179666682e-05
8.625    7.32329275301e-05
8.75    7.32284275813e-05
8.875    7.33012855356e-05
9.0    7.33569080005e-05
9.125    7.32951195737e-05
9.25    7.32800481806e-05
9.375    7.33504672326e-05
9.5    7.3442604549e-05
9.625    7.34064847272e-05
9.75    7.34719486815e-05
9.875    7.35590106729e-05
10.0    7.37040825065e-05
10.125    7.37655188345e-05
10.25    7.37729128346e-05
10.375    7.37530580963e-05
10.5    7.3801561367e-05
10.625    7.38803705893e-05
10.75    7.38238550078e-05
10.875    7.38749088178e-05
11.0    7.39865917154e-05
11.125    7.39710308224e-05
11.25    7.39595834354e-05
11.375    7.40222478015e-05
11.5    7.41354593075e-05
11.625    7.41244155407e-05
11.75    7.42116836356e-05
11.875    7.42752239482e-05
12.0    7.44441352047e-05
12.125    7.4489546904e-05
12.25    7.44030259376e-05
12.375    7.45342973545e-05
12.5    7.43929955149e-05
12.625    7.44396094952e-05
12.75    7.45747453692e-05
12.875    7.45871545824e-05
13.0    7.46824349918e-05
13.125    7.46739503548e-05
13.25    7.46722671678e-05
13.375    7.48013830751e-05
13.5    7.47571049473e-05
13.625    7.49527325077e-05
13.75    7.48867704701e-05
13.875    7.49096051322e-05
14.0    7.4940005554e-05
14.125    7.49294083455e-05
14.25    7.4995009701e-05
14.375    7.51233956535e-05
14.5    7.51811392732e-05
14.625    7.51512884669e-05
14.75    7.5146908749e-05
14.875    7.51808902315e-05
15.0    7.52652127503e-05
15.125    7.52980177268e-05
15.25    7.53346012807e-05
15.375    7.54005375576e-05
15.5    7.53870291241e-05
15.625    7.54415695354e-05
15.75    7.53997646683e-05
15.875    7.55387564126e-05
16.0    7.54369751235e-05
16.125    7.55153206136e-05
16.25    7.56109788824e-05
16.375    7.56665755794e-05
16.5    7.57268955098e-05
16.625    7.57729684615e-05
16.75    7.59317977703e-05
16.875    7.59155927987e-05
17.0    7.59736112315e-05
17.125    7.59433739752e-05
17.25    7.60380360738e-05
17.375    7.60666502515e-05
17.5    7.60256096868e-05
17.625    7.60011090115e-05
17.75    7.60472936037e-05
17.875    7.60931089232e-05
18.0    7.60723524778e-05
18.125    7.60323510214e-05
18.25    7.60744736397e-05
18.375    7.6227514846e-05
18.5    7.62102106542e-05
18.625    7.62111037709e-05
18.75    7.62853443455e-05
18.875    7.63634236129e-05
19.0    7.63264536126e-05
19.125    7.63053450754e-05
19.25    7.63453808794e-05
19.375    7.6347313108e-05
19.5    7.63365699115e-05
19.625    7.64158171052e-05
19.75    7.64694042878e-05
19.875    7.65104792038e-05
20.0    7.66995972938e-05
20.125    7.67583542611e-05
20.25    7.68447550037e-05
20.375    7.68413456917e-05
20.5    7.67516644551e-05
20.625    7.67766889815e-05
20.75    7.68616126408e-05
20.875    7.69330879713e-05
21.0    7.69057619472e-05
21.125    7.69874652207e-05
21.25    7.70393176879e-05
21.375    7.70457326915e-05
21.5    7.69657813038e-05
21.625    7.70363377605e-05
21.75    7.70802208514e-05
21.875    7.70907235967e-05
22.0    7.4135562361e-05
22.125    7.42899604234e-05
22.25    7.42386575681e-05
22.375    7.42911111722e-05
22.5    7.7064926181e-05
22.625    7.7061680031e-05
22.75    7.70692200227e-05
22.875    7.70247186175e-05
23.0    7.68651250027e-05
23.125    7.68539781824e-05
23.25    7.68967019376e-05
23.375    7.68922792744e-05
23.5    7.69788260051e-05
23.625    7.71418546961e-05
23.75    7.71928913323e-05
23.875    7.72995074954e-05
24.0    7.73708540187e-05
24.125    7.7392168663e-05
24.25    7.73592091114e-05
24.375    7.7457383572e-05
24.5    7.75343378514e-05
24.625    7.75414141074e-05
24.75    7.75068830094e-05
24.875    7.76031681795e-05
25.0    7.76316964846e-05
25.125    7.77014542841e-05
25.25    7.77357019892e-05
25.375    7.76923599197e-05
25.5    7.77461703798e-05
25.625    7.78622415893e-05
25.75    7.78992201766e-05
25.875    7.78089206257e-05
26.0    7.78758874276e-05
26.125    7.78787643014e-05
26.25    7.79789654572e-05
26.375    7.80230546553e-05
26.5    7.82644030686e-05
26.625    7.83131467941e-05
26.75    7.83792548269e-05
26.875    7.83071783488e-05
27.0    7.83698513054e-05
27.125    7.84746382863e-05
27.25    7.85422835179e-05
27.375    7.85903659875e-05
27.5    7.86494063512e-05
27.625    7.86948008766e-05
27.75    7.869983326e-05
27.875    7.86723612443e-05
28.0    7.86423300951e-05
28.125    7.87086442315e-05
28.25    7.87344244735e-05
28.375    7.86911081718e-05
28.5    7.89309193898e-05
28.625    7.90598120162e-05
28.75    7.90418551588e-05
28.875    7.91946129688e-05
29.0    7.93333642655e-05
29.125    7.93106412402e-05
29.25    7.93020106116e-05
29.375    7.93652761182e-05
29.5    7.95028938327e-05
29.625    7.94202459176e-05
29.75    7.94926916612e-05
29.875    7.94887413242e-05
30.0    7.94891363576e-05
30.125    7.94283870427e-05
30.25    7.95423628581e-05
30.375    7.96287292459e-05
30.5    7.97154133778e-05
30.625    7.97882026333e-05
30.75    7.97542554984e-05
30.875    7.96906980085e-05
31.0    7.98315275219e-05
31.125    7.97369942447e-05
31.25    7.97964553989e-05
31.375    7.98336400969e-05
31.5    8.0012057925e-05
31.625    8.00055913928e-05
31.75    8.01175748641e-05
31.875    8.0121319094e-05
32.0    8.0271105567e-05
32.125    8.03022187661e-05
32.25    8.03873141741e-05
32.375    8.03852788955e-05
32.5    8.06230376575e-05
32.625    8.06637433044e-05
32.75    8.06886733677e-05
32.875    8.07785177699e-05
33.0    8.06731725831e-05
33.125    8.06319430886e-05
33.25    8.07125042037e-05
33.375    8.0846317573e-05
33.5    8.09567294944e-05
33.625    8.09040611962e-05
33.75    8.09387640466e-05
33.875    8.10826765445e-05
34.0    8.11211150378e-05
34.125    8.11922812183e-05
34.25    8.11812632122e-05
34.375    8.12471823153e-05
34.5    8.13595608165e-05
34.625    8.13781531654e-05
34.75    8.13856931536e-05
34.875    8.14218816778e-05
35.0    8.13669204653e-05
35.125    8.13295811923e-05
35.25    8.13394913877e-05
35.375    8.14799516284e-05
35.5    7.85324248476e-05
35.625    7.8547994331e-05
35.75    7.86478519785e-05
35.875    7.87974151706e-05
36.0    8.18450915858e-05
36.125    8.18703651539e-05
36.25    8.19619185073e-05
36.375    8.20654001608e-05
36.5    8.21376913258e-05
36.625    8.21859541418e-05
36.75    8.20887500872e-05
36.875    8.22523713317e-05
37.0    8.2418766393e-05
37.125    8.24135966049e-05
37.25    8.25962395758e-05
37.375    8.26516988752e-05
37.5    8.25210371858e-05
37.625    8.25880898638e-05
37.75    8.27012069031e-05
37.875    8.2709004527e-05
38.0    8.27080341175e-05
38.125    8.26455672644e-05
38.25    8.27646269848e-05
38.375    8.27747175229e-05
38.5    8.28424486272e-05
38.625    8.29201929768e-05
38.75    8.30629718962e-05
38.875    8.29939526383e-05
39.0    8.29858115061e-05
39.125    8.30449377496e-05
39.25    8.31284014993e-05
39.375    8.31468135019e-05
39.5    8.32899359331e-05
39.625    8.32997344844e-05
39.75    8.34232254547e-05
39.875    8.34858211221e-05
40.0    8.35863915469e-05
40.125    8.36091489234e-05
40.25    8.37016898636e-05
40.375    8.3768381856e-05
40.5    8.38366711626e-05
40.625    8.3802363342e-05
40.75    8.38933155585e-05
40.875    8.39374391042e-05
41.0    8.39256396183e-05
41.125    8.4025643261e-05
41.25    8.41690834328e-05
41.375    8.41893589651e-05
41.5    8.42639172802e-05
41.625    8.43453801025e-05
41.75    8.4467127774e-05
41.875    8.44646201656e-05
42.0    8.44800865956e-05
42.125    8.45485648284e-05
42.25    8.46480789676e-05
42.375    8.50908516341e-05
42.5    8.17498111729e-05
42.625    8.10635689348e-05
42.75    8.07352186385e-05
42.875    8.04956822265e-05
43.0    8.32723225805e-05
43.125    8.33961914104e-05
43.25    8.35029363841e-05
43.375    8.36768370895e-05
43.5    8.08483356813e-05
43.625    8.0963367779e-05
43.75    8.09780956637e-05
43.875    8.08174199989e-05
44.0    8.33368848276e-05
44.125    8.32426435267e-05
44.25    8.38923107978e-05
44.375    8.42206267428e-05
44.5    8.46621198392e-05
44.625    8.47767053784e-05
44.75    8.48804188998e-05
44.875    8.48805648914e-05
45.0    8.49349593111e-05
45.125    8.50119737059e-05
45.25    8.50526278278e-05
45.375    8.51705625635e-05
45.5    8.52639536859e-05
45.625    8.53889818515e-05
45.75    8.53903988194e-05
45.875    8.52878360469e-05
46.0    8.53841985098e-05
46.125    8.56234085873e-05
46.25    8.5621450598e-05
46.375    8.56560160472e-05
46.5    8.55805646083e-05
46.625    8.57282642706e-05
46.75    8.57850031366e-05
46.875    8.58254082132e-05
47.0    8.60868432326e-05
47.125    8.6171638074e-05
47.25    8.62526629213e-05
47.375    8.62053533446e-05
47.5    8.60576365014e-05
47.625    8.6253126657e-05
47.75    8.63488450413e-05
47.875    8.63089037004e-05
48.0    8.6333696359e-05
48.125    8.64599010342e-05
48.25    8.64911688119e-05
48.375    8.65082926644e-05
48.5    8.62556600261e-05
48.625    8.6317379747e-05
48.75    8.66006189106e-05
48.875    8.67236117941e-05
49.0    8.70305443925e-05
49.125    8.73038304263e-05
49.25    8.73533126864e-05
49.375    8.73569710436e-05
49.5    8.74649612328e-05
49.625    8.75202401929e-05
49.75    8.74853827604e-05
49.875    8.75916639984e-05
50.0    8.78036596959e-05
50.125    8.77058115627e-05
50.25    8.79966508336e-05
50.375    8.80350463888e-05
50.5    8.83931959663e-05
50.625    8.84146480118e-05
50.75    8.85205256367e-05
50.875    8.85832157635e-05
51.0    8.86880714503e-05
51.125    8.86813730503e-05
51.25    8.86590622358e-05
51.375    8.8662497312e-05
51.5    8.89437784863e-05
51.625    8.89836167701e-05
51.75    8.90915726117e-05
51.875    8.91879951865e-05
52.0    8.94439254964e-05
52.125    8.94669490918e-05
52.25    8.94473863298e-05
52.375    8.95206736686e-05
52.5    8.97306340875e-05
52.625    8.97236179398e-05
52.75    8.96903234704e-05
52.875    8.96818646012e-05
53.0    8.99311136848e-05
53.125    8.99573576731e-05
53.25    8.99722916543e-05
53.375    8.99988104379e-05
53.5    9.02623150978e-05
53.625    9.02933853482e-05
53.75    9.03085426245e-05
53.875    9.04750922714e-05
54.0    9.05162616505e-05
54.125    9.05893342988e-05
54.25    9.05588651747e-05
54.375    9.06476876423e-05
54.5    8.77450401262e-05
54.625    8.78030242077e-05
54.75    8.78439703058e-05
54.875    8.78812237062e-05
55.0    9.09218582095e-05
55.125    9.08806373019e-05
55.25    9.0937101362e-05
55.375    9.10615799086e-05
55.5    9.11569032596e-05
55.625    9.11312518284e-05
55.75    9.10364265678e-05
55.875    9.10948915589e-05
56.0    9.110773874e-05
56.125    9.11301268403e-05
56.25    9.11792913669e-05
56.375    9.12345273889e-05
56.5    9.12519775653e-05
56.625    9.13350291043e-05
56.75    9.13152087278e-05
56.875    9.13434536329e-05
57.0    9.13221475756e-05
57.125    9.13352180376e-05
57.25    9.14397817411e-05
57.375    9.16132702358e-05
57.5    9.17313423727e-05
57.625    9.17176965416e-05
57.75    9.17369072013e-05
57.875    9.19089701412e-05
58.0    9.18296971761e-05
58.125    9.18890896386e-05
58.25    9.19659494585e-05
58.375    9.19557386894e-05
58.5    9.19930865564e-05
58.625    9.19773195562e-05
58.75    9.2069310881e-05
58.875    9.20979078884e-05
59.0    9.19927773992e-05
59.125    9.21412070127e-05
59.25    9.22316611423e-05
59.375    9.22278482136e-05
59.5    9.23010840239e-05
59.625    9.23013416525e-05
59.75    9.23346017743e-05
59.875    9.24516605636e-05
60.0    8.99124011156e-05
60.125    9.00107129809e-05
60.25    8.99770148877e-05
60.375    9.00135812643e-05
60.5    8.99544722017e-05
60.625    9.00391811669e-05
60.75    9.01427229323e-05
60.875    9.01994789757e-05
61.0    9.31179020753e-05
61.125    9.31207703658e-05
61.25    9.338056514e-05
61.375    9.33732913637e-05
61.5    9.32978399248e-05
61.625    9.32865728842e-05
61.75    9.33936184211e-05
61.875    9.34072127379e-05
62.0    9.34767300791e-05
62.125    9.35954978232e-05
62.25    9.36632804525e-05
62.375    9.37599091273e-05
62.5    9.36867849575e-05
62.625    9.37516134201e-05
62.75    9.38351287019e-05
62.875    9.3895354162e-05
63.0    9.40584000233e-05
63.125    9.40597225352e-05
63.25    9.42062972129e-05
63.375    9.4214077663e-05
63.5    9.41147696167e-05
63.625    9.41849138627e-05
63.75    9.41848881055e-05
63.875    9.4301603383e-05
64.0    9.13674390475e-05
64.125    9.14738491034e-05
64.25    9.1494974825e-05
64.375    9.15865109974e-05
64.5    9.16151767072e-05
64.625    9.17541856325e-05
64.75    9.17786605399e-05
64.875    9.17995286258e-05
65.0    9.4754698452e-05
65.125    9.47663347688e-05
65.25    9.48118581121e-05
65.375    9.48679099579e-05
65.5    9.47687994355e-05
65.625    9.48202998075e-05
65.75    9.49742856591e-05
65.875    9.49940115831e-05
66.0    9.49360103277e-05
66.125    9.49930669378e-05
66.25    9.50629449648e-05
66.375    9.50823617316e-05
66.5    9.50693084434e-05
66.625    9.52089700306e-05
66.75    9.51826401732e-05
66.875    9.52012325186e-05
67.0    9.52730341908e-05
67.125    9.54286946424e-05
67.25    9.54543374903e-05
67.375    9.55116517218e-05
67.5    9.54473728711e-05
67.625    9.55069886075e-05
67.75    9.5594849256e-05
67.875    9.55022138527e-05
68.0    9.54693487643e-05
68.125    9.55190457219e-05
68.25    9.55387458887e-05
68.375    9.56423992875e-05
68.5    9.56336741993e-05
68.625    9.56141543824e-05
68.75    9.56702835211e-05
68.875    9.5612840461e-05
69.0    9.55232708719e-05
69.125    9.56622797901e-05
69.25    9.58034184606e-05
69.375    9.58273695275e-05
69.5    9.59066424855e-05
69.625    9.59980240864e-05
69.75    9.59986252269e-05
69.875    9.60091880771e-05
70.0    9.31916703308e-05
70.125    9.32249476193e-05
70.25    9.32155784525e-05
70.375    9.32984238915e-05
70.5    9.62580077868e-05
70.625    9.6323746547e-05
70.75    9.63227589637e-05
70.875    9.6380047431e-05
71.0    9.66052080571e-05
71.125    9.65910040165e-05
71.25    9.66152985953e-05
71.375    9.66538315552e-05
71.5    9.67196819559e-05
71.625    9.67566948944e-05
71.75    9.67534745087e-05
71.875    9.67370462632e-05
72.0    9.39353642053e-05
72.125    9.40081448704e-05
72.25    9.41779063126e-05
72.375    9.41681077506e-05
72.5    9.71466704485e-05
72.625    9.70391010497e-05
72.75    9.70796607049e-05
72.875    9.7101653779e-05
73.0    9.69880644135e-05
73.125    9.70552888475e-05
73.25    9.71472028866e-05
73.375    9.71530596843e-05
73.5    9.71977843776e-05
73.625    9.72855162047e-05
73.75    9.73462569362e-05
73.875    9.7352113734e-05
74.0    9.7334225579e-05
74.125    9.73760132723e-05
74.25    9.73722261008e-05
74.375    9.75700692791e-05
74.5    9.47399018614e-05
74.625    9.47469351829e-05
74.75    9.47809338427e-05
74.875    9.48592879126e-05
75.0    9.48395963434e-05
75.125    9.48743678961e-05
75.25    9.48817103748e-05
75.375    9.49048885488e-05
75.5    9.48308025528e-05
75.625    9.48678756103e-05
75.75    9.49011185511e-05
75.875    9.48928314344e-05
76.0    9.50299596525e-05
76.125    9.50543486837e-05
76.25    9.49998941522e-05
76.375    9.50284396311e-05
76.5    9.50540309432e-05
76.625    9.50891545912e-05
76.75    9.51473877109e-05
76.875    9.52844558242e-05
77.0    9.83236132441e-05
77.125    9.83470318729e-05
77.25    9.834221418e-05
77.375    9.83214233798e-05
77.5    9.81454959827e-05
77.625    9.82599011792e-05
77.75    9.82994646606e-05
77.875    9.83010190367e-05
78.0    9.54125583803e-05
78.125    9.53973495825e-05
78.25    9.54863266287e-05
78.375    9.55672655962e-05
78.5    9.83215436108e-05
78.625    9.83981715592e-05
78.75    9.85972427827e-05
78.875    9.86879116027e-05
79.0    9.87028627719e-05
79.125    9.88390463519e-05
79.25    9.88923930763e-05
79.375    9.88615375022e-05
79.5    9.58227064132e-05
79.625    9.59426764311e-05
79.75    9.59512641145e-05
79.875    9.60926432469e-05
80.0    9.89482302245e-05
80.125    9.89132268074e-05
80.25    9.897658677e-05
80.375    9.90707507853e-05
80.5    9.61054217257e-05
80.625    9.60981908875e-05
80.75    9.61641443453e-05
80.875    9.61847118646e-05
81.0    9.91720425745e-05
81.125    9.91243551454e-05
81.25    9.93044733306e-05
81.375    9.92592935063e-05
81.5    9.90970548784e-05
81.625    9.91772467174e-05
81.75    9.92351363323e-05
81.875    9.93711910908e-05
82.0    9.63541555521e-05
82.125    9.6329526059e-05
82.25    9.64384265458e-05
82.375    9.65271889086e-05
82.5    9.93895000434e-05
82.625    9.9367987886e-05
82.75    9.94178651865e-05
82.875    9.94901134135e-05
83.0    9.92889725566e-05
83.125    9.93920334125e-05
83.25    9.95532930332e-05
83.375    9.95873947502e-05
83.5    9.95707518072e-05
83.625    9.9664417732e-05
83.75    9.97099668396e-05
83.875    9.97541504972e-05
84.0    9.66656396244e-05
84.125    9.6709883401e-05
84.25    9.68245462261e-05
84.375    9.68664627408e-05
84.5    9.68148764926e-05
84.625    9.69802410324e-05
84.75    9.71035344861e-05
84.875    9.72126324825e-05
85.0    9.71845163917e-05
85.125    9.71886384846e-05
85.25    9.72320750137e-05
85.375    9.73819216057e-05
85.5    0.000100167089535
85.625    0.00010018853299
85.75    0.000100302886658
85.875    0.000100326442691
86.0    0.000100372051904
86.125    0.000100372747511
86.25    0.000100531259079
86.375    0.000100544578586
86.5    9.7496283864e-05
86.625    9.76063350961e-05
86.75    9.76162882296e-05
86.875    9.77339653332e-05
87.0    9.7825939477e-05
87.125    9.79729091952e-05
87.25    9.7942560302e-05
87.375    9.79805780048e-05
87.5    9.77326943499e-05
87.625    9.77917862457e-05
87.75    9.78320539176e-05
87.875    9.78885093872e-05
88.0    0.000100686893774
88.125    0.000100778962384
88.25    0.000100917086776
88.375    0.000100877583407
88.5    9.80590780699e-05
88.625    9.8021567041e-05
88.75    9.79805608239e-05
88.875    9.80371451078e-05
89.0    9.78989863683e-05
89.125    9.79835149906e-05
89.25    9.80388197078e-05
89.375    9.80799633226e-05
89.5    9.81308196231e-05
89.625    9.82177613906e-05
89.75    9.83029942034e-05
89.875    9.82892453081e-05
90.0    9.81728305973e-05
90.125    9.82961841629e-05
90.25    9.83534640469e-05
90.375    9.8310173513e-05
90.5    0.000101038095899
90.625    0.000101222069965
90.75    0.000101363217233
90.875    0.000101386232231
91.0    0.000101341885404
91.125    0.000101445796446
91.25    0.000101393986917
91.375    0.000101399817957
91.5    0.000101400187226
91.625    0.000101480130027
91.75    0.000101582959019
91.875    0.000101520603806
92.0    9.8577216292e-05
92.125    9.86037866042e-05
92.25    9.86540245833e-05
92.375    9.86503146976e-05
92.5    9.87728352655e-05
92.625    9.88309739185e-05
92.75    9.88847843715e-05
92.875    9.89595058627e-05
93.0    9.88691547832e-05
93.125    9.88503133925e-05
93.25    9.88469470258e-05
93.375    9.88792796619e-05
93.5    0.000101893670198
93.625    0.000101853127717
93.75    0.000101795401271
93.875    0.000101799669352
94.0    9.88386770757e-05
94.125    9.88866479048e-05
94.25    9.88781031523e-05
94.375    9.89110455336e-05
94.5    0.000101874373662
94.625    0.000101948433887
94.75    0.000101978310461
94.875    0.000102127392751
95.0    9.92543212277e-05
95.125    9.9256614142e-05
95.25    9.93483564216e-05
95.375    9.93324606071e-05
95.5    9.91644596482e-05
95.625    9.93203949093e-05
95.75    9.9390410341e-05
95.875    9.93833083172e-05
96.0    9.93149674926e-05
96.125    9.92972339091e-05
96.25    9.93846222386e-05
96.375    9.94910065302e-05
96.5    9.94854588825e-05
96.625    9.95297971187e-05
96.75    9.95394496854e-05
96.875    9.9630273084e-05
97.0    9.95251683591e-05
97.125    9.95286120187e-05
97.25    9.95573378404e-05
97.375    9.96791885584e-05
97.5    0.000102444295649
97.625    0.000102468349766
97.75    0.000102532903426
97.875    0.00010252827466
98.0    0.000102576614765
98.125    0.000102572363858
98.25    0.000102614125787
98.375    0.000102684673656
98.5    9.96233771673e-05
98.625    9.96813097203e-05
98.75    9.96038573575e-05
98.875    9.96692783701e-05
99.0    9.94057479531e-05
99.125    9.95717136263e-05
99.25    9.96658347034e-05
99.375    9.98295504075e-05
99.5    9.98849410081e-05
99.625    9.98991021035e-05
99.75    9.99991057427e-05
99.875    0.000100095167632
100.0    0.000100147389368
100.125    0.000100144143225
100.25    0.000100180606559
100.375    0.000100266749662
100.5    0.000103033995082
100.625    0.000103061905079
100.75    0.000103100807308
100.875    0.000103149430807
101.0    0.000100248389188
101.125    0.000100240643086
101.25    0.000100368410727
101.375    0.000100413599149
101.5    0.000100480282555
101.625    0.000100506535119
101.75    0.000100537373513
101.875    0.00010046347645
102.0    0.000100403826359
102.125    0.000100509652455
102.25    0.000100507436827
102.375    0.000100546347653
102.5    0.000100492468484
102.625    0.000100489814891
102.75    0.00010061740219
102.875    0.000100731429526
103.0    0.000100785437496
103.125    0.000100881611033
103.25    0.000100925957859
103.375    0.000100986114617
103.5    0.000100855701973
103.625    0.000100929994076
103.75    0.000100964568105
103.875    0.000100959381143
104.0    0.00010077904826
104.125    0.000100850746875
104.25    0.00010081196487
104.375    0.000100803085203
104.5    0.000100759425393
104.625    0.000100740274846
104.75    0.000100834172635
104.875    0.000100945855536
105.0    0.000103935917139
105.125    0.000104013790299
105.25    0.000104042962683
105.375    0.000104070031078
105.5    0.000100854070311
105.625    0.000100888841864
105.75    0.000101079720437
105.875    0.000101002542877
106.0    0.000104134971188
106.125    0.000104236280151
106.25    0.000104302517002
106.375    0.000104105798805
106.5    0.000103400663647
106.625    0.000103426340843
106.75    0.00010347947287
106.875    0.000103522033463
107.0    0.000103307650392
107.125    0.000103728206703
107.25    0.000103641161886
107.375    0.00010358472359
107.5    0.000103449081045
107.625    0.000103539698337
107.75    0.000103691855017
107.875    0.000103664374414
108.0    0.000103722719167
108.125    0.000103837485049
108.25    0.000103808493009
108.375    0.000103792562847
108.5    0.000103736768629
108.625    0.000103823349711
108.75    0.000101710108339
108.875    0.00010177132139
109.0    9.8510481358e-05
109.125    9.83107660559e-05
109.25    9.82259282765e-05
109.375    9.81833505165e-05
109.5    0.000100914673631
109.625    0.000101097041799
109.75    0.000101077401759
109.875    0.000101048212201
110.0    0.000101169573426
110.125    0.000101222705453
110.25    0.000101251989477
110.375    0.000101084168861
110.5    0.000103661351545
110.625    0.000103877194526
110.75    0.000103966308977
110.875    0.000103923224536
111.0    0.00010096607096
111.125    0.000100880855314
111.25    0.000100801384839
111.375    0.000103922683508
111.5    0.000105252178017
111.625    0.000105350369658
111.75    0.000105439389642
111.875    0.000105472538124
112.0    0.00010564047038
112.125    0.000105782141489
112.25    0.000105864506018
112.375    0.000105875498264
112.5    0.000105806041034
112.625    0.000105778277032
112.75    0.000105927230493
112.875    0.000105919304062
113.0    0.00010571485695
113.125    0.000105853041454
113.25    0.000105895189826
113.375    0.000105960653784
113.5    0.000105887469495
113.625    0.000105954247367
113.75    0.000105995854717
113.875    0.000106046607961
114.0    0.000106011467139
114.125    0.000106039961089
114.25    0.000106135061159
114.375    0.000106253648561
114.5    0.000106219503905
114.625    0.000106238474118
114.75    0.000106311306304
114.875    0.000106362214126
115.0    0.000106328576145
115.125    0.000106420885217
115.25    0.000106444200796
115.375    0.00010646867571
115.5    0.000106310232844
115.625    0.000106385452419
115.75    0.000106507560766
115.875    0.000106556811168
116.0    0.000106537128175
116.125    0.000106633258774
116.25    0.000106670804151
116.375    0.00010675099599
116.5    0.000106727912282
116.625    0.000106697863956
116.75    0.000106705524175
116.875    0.000106735993299
117.0    0.000106665385317
117.125    0.000106702200739
117.25    0.000106797876185
117.375    0.000106898455201
117.5    0.000106983533435
117.625    0.000107068087821
117.75    0.000107107994815
117.875    0.000107191458568
118.0    0.000107192660842
118.125    0.000107254767016
118.25    0.000107244805292
118.375    0.000107306267381
118.5    0.00010737384391
118.625    0.000107366200865
118.75    0.000107446822092
118.875    0.000107480545942
119.0    0.00010717268588
119.125    0.000107258983562
119.25    0.000107293445964
119.375    0.000107487390331
120.0    0.000107597965425
120.125    0.000107575199458
120.25    0.000107687818414
120.375    0.000107793893548
120.5    0.00010766335209
120.625    0.000107717068076
120.75    0.000107813293141
120.875    0.000107886623411
121.0    0.000107828690865
121.125    0.000107848932053
121.25    0.000107838283313
121.375    0.000107983063167
121.5    0.000107862311665
121.625    0.000107961997564
121.75    0.000107973161555
121.875    0.000108038986198
122.0    0.000107920484673
122.125    0.000107988988674
122.25    0.000108057423965
122.375    0.000108151768316
122.5    0.000108006653548
122.625    0.000108021922458
122.75    0.000108144546068
122.875    0.000108248680384
123.0    0.000108288415632
123.125    0.000108424736602
123.25    0.000108544526277
123.375    0.000108625250554
123.5    0.000108695755486
123.625    0.000108639969859
123.75    0.000108708241989
123.875    0.000108789816444
124.0    0.000108551113037
124.125    0.000109059942204
124.25    0.000109149151122
124.375    0.000108743013541
124.5    0.000108274185827
124.625    0.000108434466455
124.75    0.000108544886963
124.875    0.000108608736433
125.0    0.00010875892653
125.125    0.00010880869219
125.25    0.000108857667776
125.375    0.000109019562892
125.5    0.000108954528322
125.625    0.000109014161239
125.75    0.00010910720885
125.875    0.000109141946048
126.0    0.000108932226098
126.125    0.000108935918796
126.25    0.000108942849067
126.375    0.000108914028779
126.5    0.000108786149504
126.625    0.000108792032073
126.75    0.000108861377655
126.875    0.000109009841623
127.0    0.000109049740033
127.125    0.000109137978541
127.25    0.000109171436179
127.375    0.000109209067432
127.5    0.000109080363735
127.625    0.000109129107457
127.75    0.000109265145042
127.875    0.000109248476335
128.0    0.000109153651074
128.125    0.000109256514413
128.25    0.000109242894339
128.375    0.000109302235273
128.5    0.000109148163538
128.625    0.000109228011873
128.75    0.000109250837944
128.875    0.000109365174438
129.0    0.000109224997594
129.125    0.00010939055106
129.25    0.000109436237572
129.375    0.000109492564221
129.5    0.000109459802189
129.625    0.000109584048872
129.75    0.000109529130604
129.875    0.000109582734964
130.0    0.000109401028041
130.125    0.000109634226746
130.25    0.000109648147387
130.375    0.000109725170375
130.5    0.000106735864485
130.625    0.000106845366105
130.75    0.000106887334148
130.875    0.000106858908893
131.0    0.000109649916453
131.125    0.000109803730552
131.25    0.000109901647384
131.375    0.000110019410364
131.5    0.00011002823851
131.625    0.000110140891813
131.75    0.000110217992088
131.875    0.000110290601
132.0    0.000110262794067
132.125    0.00011037010583
132.25    0.000110444071588
132.375    0.000110474566469
132.5    0.000110234471862
132.625    0.000110369676442
132.75    0.000110479908017
132.875    0.000110569640782
133.0    0.000110548231675
133.125    0.000110638900495
133.25    0.000110637732568
133.375    0.000110630347159
133.5    0.000110585313315
133.625    0.000110675320883
133.75    0.000110806351849
133.875    0.000110877998935
134.0    0.000110842789411
134.125    0.000110933904793
134.25    0.000110984967193
134.375    0.000110975649548
134.5    0.000110938868474
134.625    0.000111010781787
134.75    0.000111061337513
134.875    0.000111174677834
135.0    0.000108190850888
135.125    0.000108227305631
135.25    0.000108232733048
135.375    0.000108269024622
135.5    0.000111106233952
135.625    0.000111170401162
135.75    0.000111296528551
135.875    0.000111342618688
136.0    0.00010818056284
136.125    0.000108211126424
136.25    0.000108305573832
136.375    0.000108280205801
136.5    0.000111262332375
136.625    0.000111426829562
136.75    0.000111462288132
136.875    0.000111634685993
137.0    0.000111491718144
137.125    0.000111599407759
137.25    0.000111647318477
137.375    0.000111759894494
137.5    0.000111731357606
137.625    0.000111756854459
137.75    0.000111792630769
137.875    0.000111907886144
138.0    0.000111962057289
138.125    0.000112029238785
138.25    0.000112089094969
138.375    0.000112164700994
138.5    0.000112142553341
138.625    0.00011211274547
138.75    0.000112098008991
138.875    0.000112196234987
139.0    0.000112093328703
139.125    0.000112183525204
139.25    0.000112242325109
139.375    0.000112288149019
139.5    0.000112351869674
139.625    0.000112395383489
139.75    0.000112466326399
139.875    0.000112502197176
140.0    0.000112599779079
140.125    0.000112645680282
140.25    0.000112632652751
140.375    0.000112735198357
140.5    0.000112699636738
140.625    0.000112754829814
140.75    0.000112865293254
140.875    0.000112921868954
141.0    0.000112658012199
141.125    0.000112860947887
141.25    0.000112871691087
141.375    0.000113026544298
141.5    0.000113037467834
141.625    0.000113101823978
141.75    0.00011324330616
141.875    0.000113818870261
142.0    0.000113709377224
142.125    0.00011352832297
142.25    0.000113534883965
142.375    0.000113897447619
142.5    0.000113991749032
142.625    0.000114057547897
142.75    0.000114089932076
142.875    0.000114202439391
143.0    0.000114092139114
143.125    0.000114103139943
143.25    0.000114071459954
143.375    0.000114120366852
143.5    0.000114049595702
143.625    0.000114098803159
143.75    0.000114170252729
143.875    0.000114046418254
144.0    0.000114211190251
144.125    0.000114128310464
144.25    0.000114150689974
144.375    0.000114250264232
144.5    0.000114462904001
144.625    0.000114569563102
144.75    0.000114379397317
144.875    0.000114476137632
145.0    0.000114364428974
145.125    0.000114357052148
145.25    0.000114607305996
145.375    0.000114758148761
145.5    0.000114810361907
145.625    0.000114761274673
145.75    0.00011484011825
145.875    0.000114827683277
146.0    0.000114595935898
146.125    0.000114702938504
146.25    0.000114756233707
146.375    0.000115070474422
146.5    0.000115076803553
146.625    0.000115027535976
146.75    0.000115122756277
146.875    0.000115116813596
147.0    0.000112064620062
147.125    0.000112180914549
147.25    0.000112248740116
147.375    0.000112272553778
147.5    0.000115132073915
147.625    0.000115253632664
147.75    0.000115491279779
147.875    0.000115578685282
148.0    0.000115537464374
148.125    0.000115484229291
148.25    0.000115623315502
148.375    0.000115582515392
148.5    0.000115474499438
148.625    0.000115572356151
148.75    0.000115625823106
148.875    0.000115596822475
149.0    0.000115476577655
149.125    0.000115588234792
149.25    0.000115613053218
149.375    0.000115577835096
149.5    0.000115312578558
149.625    0.000115395484109
149.75    0.000115650830459
149.875    0.000115606054244
150.0    0.000115438130571
150.125    0.000115606286109
150.25    0.000115745441029
150.375    0.000115969863103
150.5    0.000113261099848
150.625    0.000113122408671
150.75    0.000113022619722
150.875    0.000113055124125
151.0    0.000115773119148
151.125    0.000115889774321
151.25    0.000116010860737
151.375    0.000115983371543
151.5    0.000115724521422
151.625    0.000115986806613
151.75    0.000116368065662
151.875    0.000116548639006
152.0    0.000116582517435
152.125    0.00011646704737
152.25    0.000116412223562
152.375    0.000116497207337
152.5    0.000116314555775
152.625    0.000116423275912
152.75    0.00011650963372
152.875    0.000116512021101
153.0    0.000116386125576
153.125    0.000116608040052
153.25    0.000116796024571
153.375    0.000116820327726
153.5    0.000116846193848
153.625    0.000117021245302
153.75    0.000117085532743
153.875    0.000117134937717
154.0    0.000117361223332
154.125    0.000117387948215
154.25    0.000117360708067
154.375    0.000117254083314
154.5    0.000114008160097
154.625    0.000114130569024
154.75    0.000114213569042
154.875    0.000114233835987
155.0    0.000117136638082
155.125    0.000117298146748
155.25    0.000117372550491
155.375    0.00011738728697
155.5    0.00011739773818
155.625    0.00011743812609
155.75    0.000117508364795
155.875    0.000117593975467
156.0    0.000117583747524
156.125    0.000117712837671
156.25    0.000117835280939
156.375    0.000117889297506
156.5    0.000117772307419
156.625    0.000117855496363
156.75    0.000117990366022
156.875    0.000118067998734
157.0    0.000114997436128
157.125    0.000115095404489
157.25    0.00011520070673
157.375    0.000115257823452
157.5    0.000118262535658
157.625    0.000118248073989
157.75    0.000118335178918
157.875    0.000118329785849
158.0    0.00011532752972
158.125    0.000115414291145
158.25    0.000115473434562
158.375    0.000115524900586
158.5    0.000118433422081
158.625    0.00011850691552
158.75    0.000118636761378
158.875    0.000118712650789
159.0    0.000118742930979
159.125    0.000118802778587
159.25    0.00011883664844
159.375    0.000118959065944
159.5    0.000118939949743
159.625    0.000119058116354
159.75    0.00011909899375
159.875    0.000119116461107
160.0    0.000119099165509
160.125    0.000119077962502
160.25    0.000119129643217
160.375    0.000119283354259
160.5    0.000119165694336
160.625    0.000119187206494
160.75    0.000119241875723
160.875    0.000119357921172
161.0    0.000119376736798
161.125    0.000119391104
161.25    0.000119461274011
161.375    0.000119542590838
161.5    0.000119472386473
161.625    0.000119450882906
161.75    0.000119580737355
161.875    0.000119691132092
162.0    0.000119658808032
162.125    0.000119687800066
162.25    0.000119747724966
162.375    0.000119900276673
162.5    0.000120067616386
162.625    0.000120096883229
162.75    0.000120250018902
162.875    0.000120317715655
163.0    0.00011721612573
163.125    0.000117256479278
163.25    0.000117306459636
163.375    0.000117333210284
163.5    0.000120232062045
163.625    0.000120237609693
163.75    0.000120332752701
163.875    0.000120472079367
164.0    0.000117476925269
164.125    0.000117667958406
164.25    0.000117796206958
164.375    0.000117853263561
164.5    0.000120812495368
164.625    0.000120846725892
164.75    0.000120888058447
164.875    0.000120992373098
165.0    0.000120822963758
165.125    0.00012129842117
165.25    0.000121241673718
165.375    0.000121236529687
165.5    0.000121127191235
165.625    0.000121334841559
165.75    0.000121246749046
165.875    0.00012121621122
166.0    0.000121132154923
166.125    0.000121279571189
166.25    0.000121398545041
166.375    0.000121447305936
166.5    0.000118331254342
166.625    0.000118442353276
166.75    0.000118679339145
166.875    0.000118738534084
167.0    0.000118851925933
167.125    0.000118921795377
167.25    0.000119018707444
167.375    0.000119168966243
167.5    0.000122024836621
167.625    0.000122071338957
167.75    0.000122039796366
167.875    0.000122134630224
168.0    0.000118934436451
168.125    0.000119024323794
168.25    0.00011904854108
168.375    0.000119185231327
168.5    0.000119227525694
168.625    0.000119306884535
168.75    0.000119466572613
168.875    0.000119557868338
169.0    0.000122438892049
169.125    0.000122481023247
169.25    0.000122533116169
169.375    0.000122619723015
169.5    0.000122460910887
169.625    0.000122531149593
169.75    0.000122614527463
169.875    0.000122678316821
170.0    0.000119630777817
170.125    0.000119768593045
170.25    0.000119888915165
170.375    0.000119817920734
170.5    0.00012253589
170.625    0.000122674503885
170.75    0.000122801318291
170.875    0.000122897182671
171.0    0.000122989526091
171.125    0.000123115224092
171.25    0.000123134795437
171.375    0.000123281361532
171.5    0.000120099691401
171.625    0.000120214912428
171.75    0.000120359469001
171.875    0.000120457136788
172.0    0.000123705936879
172.125    0.000123830200742
172.25    0.000123778296754
172.375    0.000123875414928
172.5    0.000123631859474
172.625    0.000123731107401
172.75    0.000123938603146
172.875    0.000123964658187
173.0    0.000121212149246
173.125    0.000121273130418
173.25    0.000121362725785
173.375    0.000121446249651
173.5    0.000121381034738
173.625    0.000121482300763
173.75    0.000121584382626
173.875    0.000121548340097
174.0    0.000124590786605
174.125    0.000124908136073
174.25    0.000125225725988
174.375    0.000125070993008
174.5    0.000125055037081
174.625    0.000125056050422
174.75    0.000124934474513
174.875    0.000125078318312
175.0    0.00012487455821
175.125    0.000125015980274
175.25    0.000125140561877
175.375    0.000125570702046
175.5    0.000125840527247
175.625    0.000125788520194
175.75    0.000125863336145
175.875    0.000125702935286
176.0    0.000122266975097
176.125    0.000122203340318
176.25    0.000122092267148
176.375    0.000122035717219
176.5    0.000121734804594
176.625    0.000121833691828
176.75    0.00012192448947
176.875    0.000121989292175
177.0    0.000121742722442
177.125    0.00012189707757
177.25    0.000122065602383
177.375    0.000122115299334
177.5    0.000125127980908
177.625    0.000125290107896
177.75    0.000125290855024
177.875    0.00012524668854
178.0    0.000122110550343
178.125    0.000122274892952
178.25    0.000122312567143
178.375    0.000122398538501
178.5    0.000125461741447
178.625    0.000125527763601
178.75    0.000125572479703
178.875    0.000125710080248
179.0    0.000122830404798
179.125    0.000122873446294
179.25    0.000122872716346
179.375    0.000123018363546
180.0    0.000126279212168
180.125    0.000126326487397
180.25    0.000126485557168
180.375    0.000126592001571
180.5    0.000126583104723
180.625    0.000126627039343
180.75    0.000126656357708
180.875    0.000126793769326
181.0    0.000126803516352
181.125    0.000126952298068
181.25    0.000126952547106
181.375    0.000127120865812
181.5    0.000124343057543
181.625    0.00012442360147
181.75    0.000124482040697
181.875    0.000124579708491
182.0    0.00012443482558
182.125    0.000124586046205
182.25    0.000124669338199
182.375    0.000124693126097
182.5    0.000127712368666
182.625    0.000127681452987
182.75    0.000127771228698
182.875    0.000127833927415
183.0    0.000124805246969
183.125    0.000124881411182
183.25    0.00012494049448
183.375    0.000125091543346
183.5    0.000125146933946
183.625    0.000125199808345
183.75    0.000125292795836
183.875    0.000125405431973
184.0    0.000128349549442
184.125    0.000128350957823
184.25    0.000128402432431
184.375    0.000128582078297
184.5    0.000125659060785
184.625    0.000125696666274
184.75    0.00012582655507
184.875    0.00012585894784
185.0    0.000128524935818
185.125    0.000128580369349
185.25    0.000128642518455
185.375    0.000128816419156
185.5    0.000125827276435
185.625    0.000125898356742
185.75    0.000125942772272
185.875    0.000126092515806
186.0    0.000129081924747
186.125    0.000129168419953
186.25    0.000129474665535
186.375    0.000129815425041
186.5    0.000127209988854
186.625    0.000127374460277
186.75    0.000127499608674
186.875    0.000127612622663
187.0    0.000130507644307
187.125    0.000130584598594
187.25    0.000130744638767
187.375    0.00013085836553
187.5    0.000127999772864
187.625    0.000128033805872
187.75    0.000128176052357
187.875    0.000128260323351
188.0    0.000128184674395
188.125    0.000128245844508
188.25    0.000128337603968
188.375    0.00012834229284
188.5    0.000128212910724
188.625    0.000128284746744
188.75    0.000128333224247
188.875    0.000128278640894
189.0    0.000127741996195
189.125    0.000127700302961
189.25    0.000127762263141
189.375    0.000127861253432
189.5    0.000130467582743
189.625    0.000130488588226
189.75    0.000130558449079
189.875    0.000130675301769
190.0    0.000127817155651
190.125    0.000127968204517
190.25    0.00012827112667
190.375    0.000128481250243
190.5    0.000131615361745
190.625    0.000131717563832
190.75    0.000131844807619
190.875    0.000132024393373
191.0    0.000129301743826
191.125    0.000129353441714
191.25    0.000129386993812
191.375    0.000129458752546
191.5    0.000132310560943
191.625    0.000132509640757
191.75    0.000132591945167
191.875    0.000132689913528
192.0    0.000129606168812
192.125    0.000129708542659
192.25    0.000129758299735
192.375    0.000129799391821
192.5    0.000129619685836
192.625    0.0001297542034
192.75    0.000129828263638
192.875    0.000129878286927
193.0    0.000129693376799
193.125    0.000129822569995
193.25    0.000129885878444
193.375    0.000130004225383
193.5    0.000132965732924
193.625    0.000133070648722
193.75    0.000133150574342
193.875    0.000133171966276
194.0    0.000130460420607
194.125    0.00013052201151
194.25    0.000130594886642
194.375    0.000130682060281
194.5    0.000130627940656
194.625    0.000130820270549
194.75    0.000130937355102
194.875    0.000130926036526
195.0    0.000130968021736
195.125    0.000131075084461
195.25    0.0001311478823
195.375    0.000131258465977
195.5    0.000131119817731
195.625    0.000131245799132
195.75    0.000131231251586
195.875    0.000131216935905
196.0    0.000131129848157
196.125    0.00013115991365
196.25    0.000131198609779
196.375    0.000131251518532
196.5    0.000131219452101
196.625    0.000131311263083
196.75    0.00013146383197
196.875    0.000131554586673
197.0    0.000131589512804
197.125    0.000131719229842
197.25    0.000131900928174
197.375    0.000131954395123
197.5    0.000132086302031
197.625    0.000132205439044
197.75    0.000132262332478
197.875    0.000132337139839
198.0    0.000132384543882
198.125    0.000132436731271
198.25    0.000132445739759
198.375    0.000132391577203
198.5    0.000132286884686
198.625    0.000132423325887
198.75    0.000132567032281
198.875    0.000132642638299
199.0    0.000132701987816
199.125    0.000132739816586
199.25    0.000132831249715
199.375    0.000132900071456
199.5    0.0001330230901
199.625    0.00013307964862
199.75    0.00013315109819
199.875    0.000133248628579
200.0    0.000133190103476
200.125    0.000133225544872
200.25    0.00013322952956
200.375    0.000133360148311
200.5    0.000133379255921
200.625    0.000133495206896
200.75    0.000133446274241
200.875    0.000133543847568
201.0    0.000133468387546
201.125    0.000133510681913
201.25    0.000133600912768
201.375    0.000133604296309
201.5    0.000136422552607
201.625    0.000136531375809
201.75    0.000136573335254
201.875    0.000136624225902
202.0    0.000133666685869
202.125    0.000133685767722
202.25    0.000133726481948
202.375    0.000133746405389
202.5    0.000133709323748
202.625    0.000133752597122
202.75    0.000133891563102
202.875    0.000133930276405
203.0    0.000133997028513
203.125    0.000134050899085
203.25    0.000134129330448
203.375    0.000134203785713
203.5    0.000134113297236
203.625    0.000134166283281
203.75    0.00013420508246
203.875    0.000134298241711
204.0    0.000134368549119
204.125    0.000134339952112
204.25    0.000134420659215
204.375    0.000134563927631
204.5    0.000137388289779
204.625    0.000137402176072
204.75    0.000137486395538
204.875    0.000137508714943
205.0    0.000134395308358
205.125    0.000134417782348
205.25    0.000134574550607
205.375    0.00013467318022
205.5    0.000134770916709
205.625    0.000134793717017
205.75    0.000134809818938
205.875    0.00013487027627
206.0    0.000134808848529
206.125    0.000134810909579
206.25    0.000134960592995
206.375    0.000134932150573
206.5    0.000134839781381
206.625    0.000134826307303
206.75    0.000134935199199
206.875    0.000134994711892
207.0    0.000134960575821
207.125    0.000134988451457
207.25    0.000135067578427
207.375    0.000135156813108
207.5    0.000135245249126
207.625    0.000135241530664
207.75    0.000135366112268
207.875    0.000135437175395
208.0    0.000135436986461
208.125    0.000135453011097
208.25    0.00013548010525
208.375    0.00013557569482
208.5    0.000135418935145
208.625    0.000135548866879
208.75    0.000135643932595
208.875    0.000135801636922
209.0    0.000135837164187
209.125    0.000135845150737
209.25    0.000135919159447
209.375    0.000135951028362
209.5    0.000135948666745
209.625    0.00013596515511
209.75    0.000136106731752
209.875    0.000136075086118
210.0    0.0001357514247
210.125    0.000135769819536
210.25    0.000135843544847
210.375    0.000135929421738
210.5    0.000135987775082
210.625    0.00013596505206
210.75    0.000136055265727
210.875    0.000136242211134
211.0    0.000136270928373
211.125    0.000136331171007
211.25    0.000136479076779
211.375    0.000136672291198
211.5    0.000137073087238
211.625    0.000137208884368
211.75    0.000137330245586
211.875    0.000137325367781
212.0    0.000137311043517
212.125    0.000137413657818
212.25    0.000137468035064
212.375    0.000137532133571
212.5    0.00013743864799
212.625    0.000137476159018
212.75    0.00013758323891
212.875    0.000137607859813
213.0    0.000137489238071
213.125    0.000137611707096
213.25    0.000137696708045
213.375    0.000137777063053
213.5    0.000137722265009
213.625    0.000137783984727
213.75    0.000137884125778
213.875    0.000137944205242
214.0    0.00013784457088
214.125    0.000137947356933
214.25    0.000137992442298
214.375    0.000137954759516
214.5    0.000137725597035
214.625    0.000137785015255
214.75    0.000137909699916
214.875    0.000137978358488
215.0    0.000137972046531
215.125    0.000138018961081
215.25    0.000138110316918
215.375    0.000138139334716
215.5    0.00013807351867
215.625    0.0001381718563
215.75    0.000138309628596
215.875    0.000138292247115
216.0    0.000138169237054
216.125    0.000138266209241
216.25    0.00013842119985
216.375    0.000138437172957
216.5    0.000138454107876
216.625    0.000138569363251
216.75    0.000138615745357
216.875    0.000138734762146
217.0    0.00013868076276
217.125    0.000138881362588
217.25    0.000138910577903
217.375    0.000138924421258
217.5    0.00013893426275
217.625    0.00013901327808
217.75    0.000139151204962
217.875    0.000139183331505
218.0    0.000139238112375
218.125    0.000139375412346
218.25    0.000139429531963
218.375    0.000139495442475
218.5    0.000139445616703
218.625    0.000139484561871
218.75    0.000139557428419
218.875    0.000139662782182
219.0    0.00013961619397
219.125    0.000139768058666
219.25    0.000139785491676
219.375    0.000139834080827
219.5    0.000139665006401
219.625    0.000139755537816
219.75    0.0001398460263
219.875    0.000139855842029
220.0    0.00013994288684
220.125    0.000140041980188
220.25    0.000140142018182
220.375    0.000140230325385
220.5    0.000140208074683
220.625    0.000140266531083
220.75    0.000140264830726
220.875    0.000140286257007
221.0    0.000140192101583
221.125    0.000140300074598
221.25    0.000140367041396
221.375    0.00014042312759
221.5    0.000140427807885
221.625    0.000140532577696
221.75    0.000140556648986
221.875    0.000140668512223
222.0    0.000140833344332
222.125    0.0001409280923
222.25    0.000140969991641
222.375    0.000141040994656
222.5    0.000140877124373
222.625    0.000140962571876
222.75    0.000140987905553
222.875    0.000141041784723
223.0    0.000141006120053
223.125    0.000141064250116
223.25    0.000141109241014
223.375    0.000141195186607
223.5    0.000141255635356
223.625    0.000141259671565
223.75    0.00014133716688
223.875    0.000141389199683
224.0    0.000141486704308
224.125    0.000141508903489
224.25    0.000141542747564
224.375    0.000141633562386
224.5    0.000141712354427
224.625    0.00014177244249
224.75    0.000141808450671
224.875    0.000141920932222
225.0    0.000141829086886
225.125    0.000141863892793
225.25    0.000141916526736
225.375    0.00014201963053
225.5    0.000142025375695
225.625    0.000142084441819
225.75    0.000142122553989
225.875    0.000142275054174
226.0    0.000142118715289
226.125    0.000142174140237
226.25    0.000142278755462
226.375    0.000142346838665
226.5    0.000142324132817
226.625    0.000142403594701
226.75    0.000142414793054
226.875    0.000142600029498
227.0    0.000142648524189
227.125    0.000142693154402
227.25    0.000142657506906
227.375    0.000142794420434
227.5    0.000142721794347
227.625    0.000142831982984
227.75    0.000142912020252
227.875    0.000142946937792
228.0    0.000142835134675
228.125    0.000142914897125
228.25    0.00014302363445
228.375    0.000143091485775
228.5    0.000142961433809
228.625    0.00014303150077
228.75    0.000143191197438
228.875    0.000143246665324
229.0    0.000143104367311
229.125    0.000143183082066
229.25    0.000143306753387
229.375    0.000143400840109
229.5    0.000143449137269
229.625    0.000143528839615
229.75    0.000143674272131
229.875    0.000143765181406
230.0    0.000143611977023
230.125    0.000143721839336
230.25    0.000143872982669
230.375    0.000143948082005
230.5    0.000143895113141
230.625    0.000143953741294
230.75    0.000144119123007
230.875    0.000144241952732
231.0    0.000144128071383
231.125    0.000144190435179
231.25    0.000144290275649
231.375    0.000144373808112
231.5    0.000144332303812
231.625    0.000144412761863
231.75    0.000144546351954
231.875    0.000144636050372
232.0    0.000144571771521
232.125    0.000144584919269
232.25    0.000144784875026
232.375    0.000144766926752
232.5    0.000144380034186
232.625    0.000144466829958
232.75    0.00014465422192
232.875    0.000144757445945
233.0    0.000142056042336
233.125    0.000142144942089
233.25    0.000142161361751
233.375    0.00014221383254
233.5    0.000144995230471
233.625    0.000145046670731
233.75    0.000145144785073
233.875    0.000145190299826
234.0    0.0001450003058
234.125    0.000145106295051
234.25    0.000145203207126
234.375    0.000145232181993
234.5    0.000144956276714
234.625    0.000145002418364
234.75    0.000145089591996
234.875    0.000145173828642
235.0    0.000145043252829
235.125    0.000145128932203
235.25    0.000145187560356
235.375    0.00014521920599
235.5    0.000145263209305
235.625    0.000145297645936
235.75    0.00014539126893
235.875    0.000145396438718
236.0    0.000145160122692
236.125    0.000145288379827
236.25    0.00014535360333
236.375    0.000145361692923
236.5    0.00014540120489
236.625    0.000145505347788
236.75    0.000145610263587
236.875    0.000145643566654
237.0    0.000145592521427
237.125    0.000145716922688
237.25    0.000145790957156
237.375    0.000145912146628
237.5    0.000146096807704
237.625    0.000146230260398
237.75    0.000146336034966
237.875    0.000146423680917
238.0    0.000146415823181
238.125    0.000146557442761
238.25    0.000146746535087
238.375    0.000146754736335
238.5    0.000146665742108
238.625    0.000146735216511
238.75    0.000146875316076
238.875    0.000146921912879
239.0    0.00014679480649
239.125    0.000146921655251
239.25    0.000146931041591
239.375    0.000146974237666
240.0    0.0001468081947
240.125    0.000146923475839
240.25    0.000146969943827
240.375    0.00014697664222
240.5    0.000146823497957
240.625    0.000146870026065
240.75    0.000147003873778
240.875    0.000147085113326
241.0    0.000147088247829
241.125    0.000147109004274
241.25    0.00014711557386
241.375    0.000147266794471
241.5    0.000147347707681
241.625    0.000147457269421
241.75    0.000147490881631
241.875    0.000147571691791
242.0    0.000147715406769
242.125    0.000147806736841
242.25    0.00014783085966
242.375    0.000147917543792
242.5    0.000148142661473
242.625    0.000148234970546
242.75    0.000148327210916
242.875    0.000148403598409
243.0    0.000148207215133
243.125    0.00014823479021
243.25    0.000148234326474
243.375    0.000148269819384
243.5    0.000148328164151
243.625    0.000148639562347
243.75    0.000148891817126
243.875    0.000149087693728
244.0    0.000149555396455
244.125    0.000149686719404
244.25    0.000149799621745
244.375    0.000149887319232
244.5    0.000150171657616
244.625    0.000150217172369
244.75    0.000150218039728
244.875    0.000150199069516
245.0    0.000149934139309
245.125    0.000149977189395
245.25    0.000150007795924
245.375    0.000150012261521
245.5    0.000149704822249
245.625    0.000149706230623
245.75    0.000149795765871
245.875    0.000149921240599
246.0    0.0001500121327
246.125    0.000150089387553
246.25    0.000150154422123
246.375    0.000150283297579
246.5    0.000150386830754
246.625    0.000150420546028
246.75    0.000150488998493
246.875    0.000150610600173
247.0    0.000150464566516
247.125    0.000150525341596
247.25    0.000150714253579
247.375    0.000150903766702
247.5    0.000151183940062
247.625    0.000151236994803
247.75    0.000151307199168
247.875    0.000151435104208
248.0    0.000151483822165
248.125    0.000151564211528
248.25    0.000151595290376
248.375    0.00015173308843
248.5    0.000152030394233
248.625    0.000152052189783
248.75    0.000152101448769
248.875    0.00015220248293
249.0    0.000152131196522
249.125    0.00015217106057
249.25    0.000152273580412
249.375    0.000152338305824
249.5    0.000152079910848
249.625    0.000152171627363
249.75    0.000152292782481
249.875    0.000152315368105
250.0    0.000151869263419
250.125    0.000151863853176
250.25    0.000151967798558
250.375    0.000151984372806
250.5    0.000151643536007
250.625    0.000151688973475
250.75    0.000151785284402
250.875    0.0001520659902
251.0    0.000152474712678
251.125    0.000152594545291
251.25    0.00015262703252
251.375    0.000152653207799
251.5    0.000152736302276
251.625    0.000152739204914
251.75    0.00015289332817
251.875    0.000153004341229
252.0    0.00015308211993
252.125    0.000153072244089
252.25    0.000153160474007
252.375    0.000153257720996
252.5    0.000153252061715
252.625    0.000153316658306
252.75    0.000153362945952
252.875    0.000153476698479
253.0    0.000153490988396
253.125    0.000153503535017
253.25    0.000153628022154
253.375    0.000153751951096
253.5    0.000153794777901
253.625    0.000153850503416
253.75    0.000153987064849
253.875    0.000154016469097
254.0    0.000153756854665
254.125    0.00015383258949
254.25    0.000154073886385
254.375    0.000154298145297
254.5    0.000154487787235
254.625    0.000154484824485
254.75    0.000154633863829
254.875    0.00015473135128
255.0    0.000154920598185
255.125    0.00015492942633
255.25    0.000154963390642
255.375    0.000155011653455
255.5    0.00015484743107
255.625    0.000154859325022
255.75    0.000154875813379
255.875    0.000154886127206
256.0    0.000154533525269
256.125    0.000154631742674
256.25    0.000154635529839
256.375    0.000154688223901
256.5    0.000154447648377
256.625    0.000154437901351
256.75    0.000154541520409
256.875    0.00015457526144
257.0    0.000154192731415
257.125    0.000154242162154
257.25    0.000154251582849
257.375    0.000154343471124
257.5    0.000154327145928
257.625    0.000154411039063
257.75    0.000154518745859
257.875    0.000154628943086
258.0    0.000154646049758
258.125    0.00015476346065
258.25    0.000154798343843
258.375    0.000154867500498
258.5    0.000155023504462
258.625    0.000155133306656
258.75    0.000155172414992
258.875    0.000155187958711
259.0    0.000155066399969
259.125    0.000155124478511
259.25    0.000155251825355
259.375    0.000155352438725
259.5    0.000155349364327
259.625    0.000155463340135
259.75    0.000155516566636
259.875    0.000155511663067
260.0    0.000155513603886
260.125    0.000155639671156
260.25    0.000155745428557
260.375    0.00015574235416
260.5    0.00015550859726
260.625    0.000155560209272
260.75    0.000155538362193
260.875    0.000155511628712
261.0    0.000155293080617
261.125    0.000155448019697
261.25    0.000155572524015
261.375    0.000155618081713
261.5    0.000155573588891
261.625    0.000155683871995
261.75    0.000155731808476
261.875    0.000155843087754
262.0    0.000152867264539
262.125    0.0001529983642
262.25    0.000153113173013
262.375    0.000153175287764
262.5    0.000156123948123
262.625    0.000156132922264
262.75    0.000156296655142
262.875    0.00015645271921
263.0    0.000156414091791
263.125    0.000156455243996
263.25    0.000156538098025
263.375    0.000156540957718
263.5    0.000156487782753
263.625    0.000156571014635
263.75    0.000156653061417
263.875    0.00015675751348
264.0    0.000156830783645
264.125    0.00015688936886
264.25    0.000156950367213
264.375    0.0001570671512
264.5    0.000157081089014
264.625    0.000157207079006
264.75    0.00015726938269
264.875    0.000157339707279
265.0    0.000157233262868
265.125    0.000157286188802
265.25    0.000157348123217
265.375    0.000157390168539
265.5    0.000157197271868
265.625    0.000157297739243
265.75    0.000157403968956
265.875    0.000157576899248
266.0    0.000157710867207
266.125    0.000157787958884
266.25    0.000157795112436
266.375    0.000157822180824
266.5    0.000157709132488
266.625    0.000157760280764
266.75    0.000157821330646
266.875    0.000157924288452
267.0    0.000157829085332
267.125    0.000157873372046
267.25    0.000157929887621
267.375    0.000158076986153
267.5    0.000158000899226
267.625    0.000157990250493
267.75    0.000158118164123
267.875    0.000158233771593
268.0    0.000155079479022
268.125    0.000155200273454
268.25    0.000155272461569
268.375    0.000155393135778
268.5    0.000158478048405
268.625    0.00015852481696
268.75    0.000158488405162
268.875    0.000158533980027
269.0    0.000158340173058
269.125    0.000158413494752
269.25    0.000158519200617
269.375    0.000158571482466
269.5    0.000155523350912
269.625    0.000155625613111
269.75    0.000155672038161
269.875    0.000155789938546
270.0    0.000158572186663
270.125    0.000158661962359
270.25    0.000158749668429
270.375    0.000158826605535
270.5    0.000158831096897
270.625    0.000158920082534
270.75    0.000158972776596
270.875    0.000159032048828
271.0    0.000159035750123
271.125    0.000159042706144
271.25    0.000159111974448
271.375    0.000159210183256
271.5    0.000159121137514
271.625    0.000159187984089
271.75    0.000159316610493
271.875    0.000159386007603
272.0    0.000159277613797
272.125    0.000159362400048
272.25    0.000159454262565
272.375    0.000159568633407
272.5    0.000159581875621
272.625    0.000159671101713
272.75    0.000159776403954
272.875    0.000159841447115
273.0    0.000159822047522
273.125    0.000159888267191
273.25    0.000159933120699
273.375    0.000159999838452
273.5    0.000160147795746
273.625    0.00016020218159
273.75    0.000160263720964
273.875    0.000160290763603
274.0    0.000160220181385
274.125    0.000160365613894
274.25    0.000160436505269
274.375    0.000160477992395
274.5    0.000160270118791
274.625    0.000160333676277
274.75    0.000160411669668
274.875    0.000160449438333
275.0    0.000160492222193
275.125    0.00016063335228
275.25    0.000160685050169
275.375    0.000160775418422
275.5    0.000160948400243
275.625    0.000161042967875
275.75    0.000161109969028
275.875    0.000161210685448
276.0    0.00015823073155
276.125    0.000158295388268
276.25    0.000158394369969
276.375    0.000158443757769
276.5    0.000161232841684
276.625    0.00016131992944
276.75    0.000161396754905
276.875    0.000161481996308
277.0    0.000161327271911
277.125    0.00016145032491
277.25    0.000161502228906
277.375    0.000161622121631
277.5    0.000161609454793
277.625    0.000161691733439
277.75    0.000161731331275
277.875    0.000161766386221
278.0    0.000158869518224
278.125    0.000158921293398
278.25    0.000159006929835
278.375    0.000159037948571
278.5    0.000161903978181
278.625    0.000161997575404
278.75    0.000162035661802
278.875    0.000162129963215
279.0    0.000162096737448
279.125    0.000162193245899
279.25    0.000162206805854
279.375    0.00016227211524
279.5    0.000162134901139
279.625    0.000162236141406
279.75    0.000162352839517
279.875    0.000162425817699
280.0    0.000162333929424
280.125    0.000162429510397
280.25    0.000162489031673
280.375    0.000162494982945
280.5    0.000162320214883
280.625    0.000162451134202
280.75    0.000162573809341
280.875    0.000162626838318
281.0    0.000162497035404
281.125    0.00016257829212
281.25    0.000162665044954
281.375    0.000162679334863
281.5    0.000162690430159
281.625    0.000162767856771
281.75    0.000162825600391
281.875    0.000162873820265
282.0    0.00016284508586
282.125    0.00016292144759
282.25    0.000162975300988
282.375    0.000163026938765
282.5    0.000162943887219
282.625    0.000163026028467
282.75    0.000163102579123
282.875    0.000163167991552
283.0    0.000160238533269
283.125    0.00016032884141
283.25    0.000160334277417
283.375    0.000160445041431
283.5    0.000163346134578
283.625    0.000163410937283
283.75    0.00016349176461
283.875    0.000163563145485
284.0    0.000163633006338
284.125    0.000163694648769
284.25    0.000163721236255
284.375    0.000163728200874
284.5    0.000163562183666
284.625    0.000163591459092
284.75    0.000163645192266
284.875    0.000163707762169
285.0    0.000160632639506
285.125    0.000160676848928
285.25    0.000160716979195
285.375    0.000160769553034
285.5    0.000163745067091
285.625    0.000163843739642
285.75    0.000163925150929
285.875    0.000163989859168
286.0    0.000163987231339
286.125    0.000164085878126
286.25    0.000164131178181
286.375    0.000164182146122
286.5    0.000161287416454
286.625    0.000161341785109
286.75    0.000161462957401
286.875    0.000161498493263
287.0    0.000164431472498
287.125    0.000164487103547
287.25    0.000164540029473
287.375    0.00016464941946
287.5    0.000164475991077
287.625    0.000164581508017
287.75    0.000164605596481
287.875    0.000164684671923
288.0    0.000164575745671
288.125    0.00016458161965
288.25    0.000164633523646
288.375    0.000164691627951
288.5    0.000164726047409
288.625    0.00016474057778
288.75    0.00016478935585
288.875    0.000164911970877
289.0    0.000164816450017
289.125    0.000164884447337
289.25    0.000164997787657
289.375    0.000165100960153
289.5    0.00016504793976
289.625    0.000165102213955
289.75    0.000165198215733
289.875    0.000165201968557
290.0    0.000165174831459
290.125    0.000165236697171
290.25    0.000165286153667
290.375    0.000165388166828
290.5    0.000165234816464
290.625    0.000165298356777
290.75    0.000165365538273
290.875    0.000165443703416
291.0    0.000162527221129
291.125    0.000162591019077
291.25    0.000162612926268
291.375    0.000162686402533
291.5    0.000162518968359
291.625    0.000162569154817
291.75    0.00016269815049
291.875    0.000162758384548
292.0    0.000165548164063
292.125    0.000165607504997
292.25    0.000165688641488
292.375    0.000165772921065
292.5    0.000162732827583
292.625    0.000162804045289
292.75    0.000162889037647
292.875    0.000162926445618
293.0    0.000165795678441
293.125    0.00016584857002
293.25    0.000165945868538
293.375    0.000165934618664
293.5    0.000162902047997
293.625    0.000162959138962
293.75    0.000163085498215
293.875    0.000163124134232
294.0    0.000165918551097
294.125    0.000165965233776
294.25    0.000166047452318
294.375    0.00016607464952
294.5    0.000166070098047
294.625    0.00016611524353
294.75    0.000166184400193
294.875    0.000166339176118
295.0    0.000163366229771
295.125    0.000163458418619
295.25    0.000163576696856
295.375    0.000163597530594
295.5    0.000166503604596
295.625    0.000166598429857
295.75    0.000166659033184
295.875    0.000166657770791
296.0    0.000166530372418
296.125    0.000166628598407
296.25    0.000166738804225
296.375    0.000166795697666
296.5    0.000166679480472
296.625    0.000166749023577
296.75    0.000166859040462
296.875    0.000166872737822
297.0    0.000166767358294
297.125    0.000166800094568
297.25    0.000166859495607
297.375    0.000166886821638
297.5    0.000166661729715
297.625    0.000166736820468
297.75    0.000166807840657
297.875    0.000166831903364
298.0    0.000166831851836
298.125    0.000166903361524
298.25    0.000166978177475
298.375    0.000166991831897
298.5    0.00016676101199
298.625    0.000166896577255
298.75    0.000167015654149
298.875    0.000167097245786
299.0    0.00016425423118
299.125    0.000164265893261
299.25    0.000164298792704
299.375    0.00016424722363
300.0    0.000166721749075
300.125    0.000166814032383
300.25    0.000166959971573
300.375    0.000166884047815
300.5    0.000166559330111
300.625    0.000166647568619
300.75    0.000166737138215
300.875    0.000166794658554
301.0    0.000163801754425
301.125    0.000163869339538
301.25    0.000163854044864
301.375    0.00016384220244
301.5    0.000166564851995
301.625    0.000166648178343
301.75    0.000166686410729
301.875    0.000166681584453
302.0    0.000163584812221
302.125    0.000163635917559
302.25    0.000163700024665
302.375    0.000163714271636
302.5    0.00016355679918
302.625    0.000163638880309
302.75    0.00016362853215
302.875    0.000163678126057
303.0    0.000166256631246
303.125    0.000166274699737
303.25    0.000166246265906
303.375    0.000166238605686
303.5    0.000163002721479
303.625    0.000163083308351
303.75    0.000163162366619
303.875    0.000163216039674
304.0    0.000163032769805
304.125    0.000163085781608
304.25    0.000163121068418
304.375    0.000163158235942
304.5    0.000165979738384
304.625    0.000165946246391
304.75    0.000166039422822
304.875    0.000166074907156
305.0    0.000166032535496
305.125    0.000166113199661
305.25    0.000166176834433
305.375    0.000166227347222
305.5    0.000166083889873
305.625    0.000166156936764
305.75    0.000166201180534
305.875    0.000166206951462
306.0    0.000166046868351
306.125    0.000166109197799
306.25    0.000166142346274
306.375    0.000166209064034
306.5    0.000166045425615
306.625    0.000166019181641
306.75    0.000166100850564
306.875    0.000166137794807
307.0    0.00016309155253
307.125    0.000163127638004
307.25    0.000163207305995
307.375    0.000163235293279
307.5    0.000163176871226
307.625    0.0001632162286
307.75    0.000163224876403
307.875    0.000163274049513
308.0    0.000166018297108
308.125    0.000166119520202
308.25    0.00016611130178
308.375    0.000166153587557
308.5    0.000163101265215
308.625    0.00016312455503
308.75    0.000163183741378
308.875    0.000163214073098
309.0    0.000163128179025
309.125    0.000163121085599
309.25    0.000163122571266
309.375    0.000163193033252
309.5    0.000165925275262
309.625    0.000165949097507
309.75    0.000166007991879
309.875    0.000166025313248
310.0    0.000162950396685
310.125    0.0001630285876
310.25    0.000163004267264
310.375    0.000163092703282
310.5    0.000165793625982
310.625    0.000165807289001
310.75    0.000165847230342
310.875    0.000165885668842
311.0    0.000165788413256
311.125    0.000165812544658
311.25    0.000165852915394
311.375    0.000165828217199
311.5    0.000165651534083
311.625    0.000165697040245
311.75    0.000165772165353
311.875    0.000165823605606
312.0    0.000165706022969
312.125    0.000165757334408
312.25    0.000165801981808
312.375    0.000165764736998
312.5    0.000165519532707
312.625    0.000165555120091
312.75    0.000165621880782
312.875    0.000165675287626
313.0    0.000162615622806
313.125    0.000162700271659
313.25    0.000162753317809
313.375    0.000162739259764
313.5    0.000165666966154
313.625    0.000165681436414
313.75    0.000165701359855
313.875    0.000165768704512
314.0    0.00016560818343
314.125    0.000165688297976
314.25    0.000165737264979
314.375    0.000165729149614
314.5    0.000162577450524
314.625    0.000162585514367
314.75    0.000162597983689
314.875    0.000162650196835
315.0    0.000162461293442
315.125    0.000162497782533
315.25    0.000162442108547
315.375    0.000162462701823
315.5    0.000162235050766
315.625    0.000162292682752
315.75    0.00016237195571
315.875    0.000162420055361
316.0    0.00016233104396
316.125    0.000162375983336
316.25    0.000162358593265
316.375    0.00016238209777
316.5    0.00016224284839
316.625    0.000162272828014
316.75    0.000162286250578
316.875    0.000162286173286
317.0    0.000165023825531
317.125    0.000165055299412
