0.0    -0.738586368554
0.125    -0.734186801298
0.25    -0.732545979084
0.375    -0.732275513884
0.5    -0.73187883159
0.625    -0.735430941219
0.75    -0.736296429859
0.875    -0.736043995673
1.0    -0.735394879192
1.125    -0.735539127299
1.25    -0.734673638658
1.375    -0.733645870898
1.5    -0.733483591778
1.625    -0.735106382979
1.75    -0.733104940498
1.875    -0.735430941219
2.0    -0.730724846736
2.125    -0.734475297512
2.25    -0.734601514605
2.375    -0.734601514605
2.5    -0.731157591057
2.625    -0.735845654526
2.75    -0.733573746845
2.875    -0.732942661378
3.0    -0.734060584205
3.125    -0.732455824017
3.25    -0.727839884602
3.375    -0.734331049405
3.5    -0.734998196899
3.625    -0.734998196899
3.75    -0.732545979084
3.875    -0.733717994951
4.0    -0.733772087991
4.125    -0.733519653805
4.25    -0.733519653805
4.375    -0.733519653805
4.5    -0.735034258925
4.625    -0.734853948792
4.75    -0.73085106383
4.875    -0.73090515687
5.0    -0.728182473855
5.125    -0.730111792283
5.25    -0.728597187162
5.375    -0.731428056257
5.5    -0.733790119005
5.625    -0.733790119005
5.75    -0.731301839163
5.875    -0.731301839163
6.0    -0.729336458709
6.125    -0.729588892896
6.25    -0.729390551749
6.375    -0.734367111432
6.5    -0.732185358817
6.625    -0.732185358817
6.75    -0.732113234764
6.875    -0.732726289217
7.0    -0.733555715831
7.125    -0.732600072124
7.25    -0.732455824017
7.375    -0.732888568338
7.5    -0.729913451136
7.625    -0.729552830869
7.75    -0.729588892896
7.875    -0.730508474576
8.0    -0.731644428417
8.125    -0.731644428417
8.25    -0.731644428417
8.375    -0.73160836639
8.5    -0.731896862604
8.625    -0.732005048684
8.75    -0.732383699964
8.875    -0.732203389831
9.0    -0.728056256762
9.125    -0.728092318788
9.25    -0.731211684097
9.375    -0.730616660656
9.5    -0.730382257483
9.625    -0.730544536603
9.75    -0.73041831951
9.875    -0.73041831951
10.0    -0.730310133429
10.125    -0.73041831951
10.25    -0.729895420123
10.375    -0.729102055536
10.5    -0.729949513163
10.625    -0.729444644789
10.75    -0.731049404977
10.875    -0.731049404977
11.0    -0.730869094843
11.125    -0.729733141003
11.25    -0.730129823296
11.375    -0.728272628922
11.5    -0.73052650559
11.625    -0.73112152903
11.75    -0.730760908763
11.875    -0.730652722683
12.0    -0.725802380094
12.125    -0.727353047241
12.25    -0.727208799135
12.375    -0.727136675081
12.5    -0.728705373242
12.625    -0.728723404255
12.75    -0.728867652362
12.875    -0.728867652362
13.0    -0.728164442842
13.125    -0.728164442842
13.25    -0.728164442842
13.375    -0.728326721962
13.5    -0.729264334656
13.625    -0.729264334656
13.75    -0.729264334656
13.875    -0.729264334656
14.0    -0.729606923909
14.125    -0.729985575189
14.25    -0.725477821854
14.375    -0.729949513163
14.5    -0.726163000361
14.625    -0.729192210602
14.75    -0.729787234043
14.875    -0.729624954922
15.0    -0.728434908042
15.125    -0.728849621349
15.25    -0.727425171295
15.375    -0.727136675081
15.5    -0.727551388388
15.625    -0.727659574468
15.75    -0.727803822575
15.875    -0.729679047963
16.0    -0.728380815002
16.125    -0.73036422647
16.25    -0.726613775694
16.375    -0.726613775694
16.5    -0.72491886044
16.625    -0.726433465561
16.75    -0.725441759827
16.875    -0.725441759827
17.0    -0.72583844212
17.125    -0.727785791561
17.25    -0.729624954922
17.375    -0.727623512441
17.5    -0.724774612333
17.625    -0.728146411828
17.75    -0.728615218175
17.875    -0.724666426253
18.0    -0.72535160476
18.125    -0.725586007934
18.25    -0.7254056978
18.375    -0.725441759827
18.5    -0.727280923188
18.625    -0.727280923188
18.75    -0.72497295348
18.875    -0.725387666787
19.0    -0.726199062387
19.125    -0.726559682654
19.25    -0.726469527587
19.375    -0.727948070682
19.5    -0.725495852867
19.625    -0.727839884602
19.75    -0.726397403534
19.875    -0.727443202308
20.0    -0.727713667508
20.125    -0.724558240173
20.25    -0.72470248828
20.375    -0.72470248828
20.5    -0.7251352326
20.625    -0.726054814281
20.75    -0.72551388388
20.875    -0.72551388388
21.0    -0.724666426253
21.125    -0.72448611612
21.25    -0.7251352326
21.375    -0.725748287054
21.5    -0.726361341507
21.625    -0.726361341507
21.75    -0.722989542012
21.875    -0.726451496574
22.0    -0.726866209881
22.125    -0.725423728814
22.25    -0.727100613054
22.375    -0.726577713668
22.5    -0.725153263613
22.625    -0.725153263613
22.75    -0.725099170573
22.875    -0.72497295348
23.0    -0.724720519293
23.125    -0.726559682654
23.25    -0.724720519293
23.375    -0.72551388388
23.5    -0.723963216733
23.625    -0.726343310494
23.75    -0.726343310494
23.875    -0.726577713668
24.0    -0.724900829427
24.125    -0.724558240173
24.25    -0.72470248828
24.375    -0.725117201587
24.5    -0.725225387667
24.625    -0.723620627479
24.75    -0.725549945907
24.875    -0.725531914894
25.0    -0.723800937613
25.125    -0.724125495853
25.25    -0.725225387667
25.375    -0.724251712946
25.5    -0.72535160476
25.625    -0.725802380094
25.75    -0.723223945186
25.875    -0.723314100252
26.0    -0.725369635774
26.125    -0.724143526866
26.25    -0.724359899026
26.375    -0.72437793004
26.5    -0.721979805265
26.625    -0.723530472413
26.75    -0.723692751533
26.875    -0.72464839524
27.0    -0.72410746484
27.125    -0.72410746484
27.25    -0.723891092679
27.375    -0.724413992066
27.5    -0.724233681933
27.625    -0.724504147133
27.75    -0.724576271186
27.875    -0.725676163
28.0    -0.721168409665
28.125    -0.725604038947
28.25    -0.725333573747
28.375    -0.724720519293
28.5    -0.722430580599
28.625    -0.720411107104
28.75    -0.720338983051
28.875    -0.721330688785
29.0    -0.725369635774
29.125    -0.725369635774
29.25    -0.722556797692
29.375    -0.723620627479
29.5    -0.720753696358
29.625    -0.720753696358
29.75    -0.720248827984
29.875    -0.720068517851
30.0    -0.721853588172
30.125    -0.722466642625
30.25    -0.724179588893
30.375    -0.723566534439
30.5    -0.723909123693
30.625    -0.723530472413
30.75    -0.723025604039
30.875    -0.723440317346
31.0    -0.723025604039
31.125    -0.722683014785
31.25    -0.722881355932
31.375    -0.723386224306
31.5    -0.723043635052
31.625    -0.722971510999
31.75    -0.723043635052
31.875    -0.720988099531
32.0    -0.721547060945
32.125    -0.720771727371
32.25    -0.720807789398
32.375    -0.722087991345
32.5    -0.723440317346
32.625    -0.722033898305
32.75    -0.722412549585
32.875    -0.722430580599
33.0    -0.721781464118
33.125    -0.720266858997
33.25    -0.721474936891
33.375    -0.721204471691
33.5    -0.721889650198
33.625    -0.721258564731
33.75    -0.720825820411
33.875    -0.720735665344
34.0    -0.720825820411
34.125    -0.720591417238
34.25    -0.721979805265
34.375    -0.722232239452
34.5    -0.719834114677
34.625    -0.719888207717
34.75    -0.719906238731
34.875    -0.71893256401
35.0    -0.720771727371
35.125    -0.719780021637
35.25    -0.718626036783
35.375    -0.718589974757
35.5    -0.719725928597
35.625    -0.719725928597
35.75    -0.720429138118
35.875    -0.720627479264
36.0    -0.721456905878
36.125    -0.716534439235
36.25    -0.721150378651
36.375    -0.721150378651
36.5    -0.718896501983
36.625    -0.71877028489
36.75    -0.717742517129
36.875    -0.718644067797
37.0    -0.721835557158
37.125    -0.722069960332
37.25    -0.721222502705
37.375    -0.718896501983
37.5    -0.717562206996
37.625    -0.71795888929
37.75    -0.718589974757
37.875    -0.718626036783
38.0    -0.71877028489
38.125    -0.716570501262
38.25    -0.720753696358
38.375    -0.720753696358
38.5    -0.718157230436
38.625    -0.718373602596
38.75    -0.717219617743
38.875    -0.717670393076
39.0    -0.717147493689
39.125    -0.718409664623
39.25    -0.716858997476
39.375    -0.717616300036
39.5    -0.720573386224
39.625    -0.71860800577
39.75    -0.719004688063
39.875    -0.720861882438
40.0    -0.716678687342
40.125    -0.716570501262
40.25    -0.716570501262
40.375    -0.720122610891
40.5    -0.718806346917
40.625    -0.71877028489
40.75    -0.718752253877
40.875    -0.717922827263
41.0    -0.716318067075
41.125    -0.71898665705
41.25    -0.71898665705
41.375    -0.71898665705
41.5    -0.717363865849
41.625    -0.717363865849
41.75    -0.717363865849
41.875    -0.717472051929
42.0    -0.719058781103
42.125    -0.718481788677
42.25    -0.718481788677
42.375    -0.718860439957
42.5    -0.717616300036
42.625    -0.719491525424
42.75    -0.714965741075
42.875    -0.71958168049
43.0    -0.719906238731
43.125    -0.719906238731
43.25    -0.719689866571
43.375    -0.721240533718
43.5    -0.71790479625
43.625    -0.71801298233
43.75    -0.717886765236
43.875    -0.717886765236
44.0    -0.720122610891
44.125    -0.719184998197
44.25    -0.718968626037
44.375    -0.718968626037
44.5    -0.717183555716
44.625    -0.717237648756
44.75    -0.717399927876
44.875    -0.717616300036
45.0    -0.716804904436
45.125    -0.716498377209
45.25    -0.718031013343
45.375    -0.716029570862
45.5    -0.714821492968
45.625    -0.715596826542
45.75    -0.716732780382
45.875    -0.716462315182
46.0    -0.714082221421
46.125    -0.713559322034
46.25    -0.71343310494
46.375    -0.713144608727
46.5    -0.720176703931
46.625    -0.716606563289
46.75    -0.716263974035
46.875    -0.716263974035
47.0    -0.716065632889
47.125    -0.716895059502
47.25    -0.716949152542
47.375    -0.715993508835
47.5    -0.715921384782
47.625    -0.717147493689
47.75    -0.716714749369
47.875    -0.716714749369
48.0    -0.712531554273
48.125    -0.711539848539
48.25    -0.713288856834
48.375    -0.713288856834
48.5    -0.71343310494
48.625    -0.715723043635
48.75    -0.713775694194
48.875    -0.713847818247
49.0    -0.716173818969
49.125    -0.715795167688
49.25    -0.715777136675
49.375    -0.716191849982
49.5    -0.715398485395
49.625    -0.714514965741
49.75    -0.715777136675
49.875    -0.714767399928
50.0    -0.709971150379
50.125    -0.711305445366
50.25    -0.711666065633
50.375    -0.714929679048
50.5    -0.712170934006
50.625    -0.712170934006
50.75    -0.712603678327
50.875    -0.712856112514
51.0    -0.711016949153
51.125    -0.716408222142
51.25    -0.715470609448
51.375    -0.710421925712
51.5    -0.711846375766
51.625    -0.711377569419
51.75    -0.710764514966
51.875    -0.708997475658
52.0    -0.708492607285
52.125    -0.708492607285
52.25    -0.708997475658
52.375    -0.708672917418
52.5    -0.706887847097
52.625    -0.70647313379
52.75    -0.706599350884
52.875    -0.713252794807
53.0    -0.713090515687
53.125    -0.713090515687
53.25    -0.713090515687
53.375    -0.709015506671
53.5    -0.709159754778
53.625    -0.708348359178
53.75    -0.708150018031
53.875    -0.709953119365
54.0    -0.710746483952
54.125    -0.710494049766
54.25    -0.709304002885
54.375    -0.709304002885
54.5    -0.708059862964
54.625    -0.708222142084
54.75    -0.709718716192
54.875    -0.709718716192
55.0    -0.710223584565
55.125    -0.707627118644
55.25    -0.707627118644
55.375    -0.707627118644
55.5    -0.706941940137
55.625    -0.70695997115
55.75    -0.706869816084
55.875    -0.708258204111
56.0    -0.706779661017
56.125    -0.706617381897
56.25    -0.70598629643
56.375    -0.705842048323
56.5    -0.706292823657
56.625    -0.708222142084
56.75    -0.708672917418
56.875    -0.708672917418
57.0    -0.709790840245
57.125    -0.705787955283
57.25    -0.709971150379
57.375    -0.707428777497
57.5    -0.70695997115
57.625    -0.706779661017
57.75    -0.70674359899
57.875    -0.706509195817
58.0    -0.703065272268
58.125    -0.703155427335
58.25    -0.703948791922
58.375    -0.706455102777
58.5    -0.710566173819
58.625    -0.710331770646
58.75    -0.70571583123
58.875    -0.710566173819
59.0    -0.708943382618
59.125    -0.707032095204
59.25    -0.705265055896
59.375    -0.705319148936
59.5    -0.70631085467
59.625    -0.706274792643
59.75    -0.705228993869
59.875    -0.705355210963
60.0    -0.704561846376
60.125    -0.704940497656
60.25    -0.704796249549
60.375    -0.704579877389
60.5    -0.704922466643
60.625    -0.70636494771
60.75    -0.70614857555
60.875    -0.705860079336
61.0    -0.705842048323
61.125    -0.704832311576
61.25    -0.704868373603
61.375    -0.704742156509
61.5    -0.703245582402
61.625    -0.703101334295
61.75    -0.703101334295
61.875    -0.703101334295
62.0    -0.705301117923
62.125    -0.705265055896
62.25    -0.704273350162
62.375    -0.704309412189
62.5    -0.703065272268
62.625    -0.703047241255
62.75    -0.702596465921
62.875    -0.702596465921
63.0    -0.701460512081
63.125    -0.705625676163
63.25    -0.701622791201
63.375    -0.701622791201
63.5    -0.702037504508
63.625    -0.701857194374
63.75    -0.701857194374
63.875    -0.701803101334
64.0    -0.703858636855
64.125    -0.704724125496
64.25    -0.704201226109
64.375    -0.703479985575
64.5    -0.703263613415
64.625    -0.703263613415
64.75    -0.703263613415
64.875    -0.702596465921
65.0    -0.699927875947
65.125    -0.700937612694
65.25    -0.700396682294
65.375    -0.699531193653
65.5    -0.700180310133
65.625    -0.700180310133
65.75    -0.700180310133
65.875    -0.69989181392
66.0    -0.69956725568
66.125    -0.699368914533
66.25    -0.700829426614
66.375    -0.700739271547
66.5    -0.700360620267
66.625    -0.700414713307
66.75    -0.7002704652
66.875    -0.70037865128
67.0    -0.699549224666
67.125    -0.698395239812
67.25    -0.69989181392
67.375    -0.699927875947
67.5    -0.700288496213
67.625    -0.700144248107
67.75    -0.70032455824
67.875    -0.704958528669
68.0    -0.70037865128
68.125    -0.700937612694
68.25    -0.700883519654
68.375    -0.70091958168
68.5    -0.6991886044
68.625    -0.700414713307
68.75    -0.700576992427
68.875    -0.700450775334
69.0    -0.69929679048
69.125    -0.699152542373
69.25    -0.698990263253
69.375    -0.698882077173
69.5    -0.69951316264
69.625    -0.699477100613
69.75    -0.6991886044
69.875    -0.698575549946
70.0    -0.701604760188
70.125    -0.700414713307
70.25    -0.700468806347
70.375    -0.698737829066
70.5    -0.697547782185
70.625    -0.697800216372
70.75    -0.697367472052
70.875    -0.697367472052
71.0    -0.697980526506
71.125    -0.697115037865
71.25    -0.697115037865
71.375    -0.699855751893
71.5    -0.703047241255
71.625    -0.699657410746
71.75    -0.699747565813
71.875    -0.699278759466
72.0    -0.696556076452
72.125    -0.696411828345
72.25    -0.696447890371
72.375    -0.697854309412
72.5    -0.69994590696
72.625    -0.70037865128
72.75    -0.70037865128
72.875    -0.700450775334
73.0    -0.70048683736
73.125    -0.702109628561
73.25    -0.6997295348
73.375    -0.69994590696
73.5    -0.698070681572
73.625    -0.698882077173
73.75    -0.698395239812
73.875    -0.698341146772
74.0    -0.695456184638
74.125    -0.698737829066
74.25    -0.695275874504
74.375    -0.695906959971
74.5    -0.696700324558
74.625    -0.697367472052
74.75    -0.697692030292
74.875    -0.699909844933
75.0    -0.698827984133
75.125    -0.700180310133
75.25    -0.699549224666
75.375    -0.70021637216
75.5    -0.696303642265
75.625    -0.697764154345
75.75    -0.696538045438
75.875    -0.699008294266
76.0    -0.700468806347
76.125    -0.700504868374
76.25    -0.700667147494
76.375    -0.70086548864
76.5    -0.697169130905
76.625    -0.697060944825
76.75    -0.698737829066
76.875    -0.696682293545
77.0    -0.697024882798
77.125    -0.697692030292
77.25    -0.695456184638
77.375    -0.697259285972
77.5    -0.69935088352
77.625    -0.698593580959
77.75    -0.699549224666
77.875    -0.698124774612
78.0    -0.697764154345
78.125    -0.700468806347
78.25    -0.701226108907
78.375    -0.698629642986
78.5    -0.698539487919
78.625    -0.698413270826
78.75    -0.697872340426
78.875    -0.700901550667
79.0    -0.698900108186
79.125    -0.698809953119
79.25    -0.698665705013
79.375    -0.698701767039
79.5    -0.697295347999
79.625    -0.698936170213
79.75    -0.699441038586
79.875    -0.697619906239
80.0    -0.698647673999
80.125    -0.698521456906
80.25    -0.698070681572
80.375    -0.698070681572
80.5    -0.697205192932
80.625    -0.698611611973
80.75    -0.697511720159
80.875    -0.698737829066
81.0    -0.698341146772
81.125    -0.697980526506
81.25    -0.696628200505
81.375    -0.695943021998
81.5    -0.698341146772
81.625    -0.699585286693
81.75    -0.699585286693
81.875    -0.693562928237
82.0    -0.695961053011
82.125    -0.695816804904
82.25    -0.697529751172
82.375    -0.696141363145
82.5    -0.698016588532
82.625    -0.697926433466
82.75    -0.697385503065
82.875    -0.695618463758
83.0    -0.695438153624
83.125    -0.695438153624
83.25    -0.695438153624
83.375    -0.695239812477
83.5    -0.697854309412
83.625    -0.696483952398
83.75    -0.696483952398
83.875    -0.698359177786
84.0    -0.695780742878
84.125    -0.695762711864
84.25    -0.696339704291
84.375    -0.696339704291
84.5    -0.694752975117
84.625    -0.694266137757
84.75    -0.695852866931
84.875    -0.695708618824
85.0    -0.695762711864
85.125    -0.695456184638
85.25    -0.695816804904
85.375    -0.697619906239
85.5    -0.696177425171
85.625    -0.696177425171
85.75    -0.69417598269
85.875    -0.69417598269
86.0    -0.696538045438
86.125    -0.695870897944
86.25    -0.695870897944
86.375    -0.695708618824
86.5    -0.696087270105
86.625    -0.696087270105
86.75    -0.691092679409
86.875    -0.695185719437
87.0    -0.695113595384
87.125    -0.695438153624
87.25    -0.695780742878
87.375    -0.695618463758
87.5    -0.695636494771
87.625    -0.694716913091
87.75    -0.695221781464
87.875    -0.695005409304
88.0    -0.695870897944
88.125    -0.695708618824
88.25    -0.69395961053
88.375    -0.693941579517
88.5    -0.692517129463
88.625    -0.694428416877
88.75    -0.694518571944
88.875    -0.695293905517
89.0    -0.697205192932
89.125    -0.697313379012
89.25    -0.696826541652
89.375    -0.696285611251
89.5    -0.69417598269
89.625    -0.694590695997
89.75    -0.691146772449
89.875    -0.691020555355
90.0    -0.694428416877
90.125    -0.696249549225
90.25    -0.692895780743
90.375    -0.692733501623
90.5    -0.694933285251
90.625    -0.694843130184
90.75    -0.695257843491
90.875    -0.694752975117
91.0    -0.691453299675
91.125    -0.69287774973
91.25    -0.69358095925
91.375    -0.693003966823
91.5    -0.694879192211
91.625    -0.695402091598
91.75    -0.695402091598
91.875    -0.694789037144
92.0    -0.694374323837
92.125    -0.693328525063
92.25    -0.694698882077
92.375    -0.693436711143
92.5    -0.693779300397
92.625    -0.69395961053
92.75    -0.694248106744
92.875    -0.693671114317
93.0    -0.693346556076
93.125    -0.692787594663
93.25    -0.69385142445
93.375    -0.693346556076
93.5    -0.691381175622
93.625    -0.691327082582
93.75    -0.691327082582
93.875    -0.687450414713
94.0    -0.691904075009
94.125    -0.691831950956
94.25    -0.694861161197
94.375    -0.693130183916
94.5    -0.69358095925
94.625    -0.693112152903
94.75    -0.69287774973
94.875    -0.69304002885
95.0    -0.690966462315
95.125    -0.690930400288
95.25    -0.691038586369
95.375    -0.689632167328
95.5    -0.691723764876
95.625    -0.690173097728
95.75    -0.69341868013
95.875    -0.692445005409
96.0    -0.691218896502
96.125    -0.691092679409
96.25    -0.688640461594
96.375    -0.691327082582
96.5    -0.691110710422
96.625    -0.689740353408
96.75    -0.688279841327
96.875    -0.688261810314
97.0    -0.691056617382
97.125    -0.686152181753
97.25    -0.687991345114
97.375    -0.693995672557
97.5    -0.689451857194
97.625    -0.693761269383
97.75    -0.692661377569
97.875    -0.692048323116
98.0    -0.694212044717
98.125    -0.693328525063
98.25    -0.693400649116
98.375    -0.686873422286
98.5    -0.689740353408
98.625    -0.689686260368
98.75    -0.690100973675
98.875    -0.690082942661
99.0    -0.68737829066
99.125    -0.688965019834
99.25    -0.689866570501
99.375    -0.690786152182
99.5    -0.689848539488
99.625    -0.688333934367
99.75    -0.688478182474
99.875    -0.689091236928
100.0    -0.689776415435
100.125    -0.68835196538
100.25    -0.689523981248
100.375    -0.689902632528
100.5    -0.685881716552
100.625    -0.685881716552
100.75    -0.686134150739
100.875    -0.685953840606
101.0    -0.690858276235
101.125    -0.691345113595
101.25    -0.690443562928
101.375    -0.690155066715
101.5    -0.68656689506
101.625    -0.686368553913
101.75    -0.686386584926
101.875    -0.686530833033
102.0    -0.687576631807
102.125    -0.688748647674
102.25    -0.688748647674
102.375    -0.688910926794
102.5    -0.689217454021
102.625    -0.688424089434
102.75    -0.690948431302
102.875    -0.690173097728
103.0    -0.68802740714
103.125    -0.688117562207
103.25    -0.687612693833
103.375    -0.688658492607
103.5    -0.690119004688
103.625    -0.688009376127
103.75    -0.687558600793
103.875    -0.690732059142
104.0    -0.687684817887
104.125    -0.687684817887
104.25    -0.685052289939
104.375    -0.683862243058
104.5    -0.68737829066
104.625    -0.689001081861
104.75    -0.6874323837
104.875    -0.687504507753
105.0    -0.689560043274
105.125    -0.689794446448
105.25    -0.688315903354
105.375    -0.687306166607
105.5    -0.686170212766
105.625    -0.686224305806
105.75    -0.686801298233
105.875    -0.686224305806
106.0    -0.685412910206
106.125    -0.686007933646
106.25    -0.685160476019
106.375    -0.686188243779
106.5    -0.690317345835
106.625    -0.690371438875
106.75    -0.685773530472
106.875    -0.685575189326
107.0    -0.689596105301
107.125    -0.689109267941
107.25    -0.68813559322
107.375    -0.689704291381
107.5    -0.685160476019
107.625    -0.685647313379
107.75    -0.685647313379
107.875    -0.685683375406
108.0    -0.689469888208
108.125    -0.6874323837
108.25    -0.687630724847
108.375    -0.688333934367
108.5    -0.683898305085
108.625    -0.685394879192
108.75    -0.685178507032
108.875    -0.685629282366
109.0    -0.685214569059
109.125    -0.685503065272
109.25    -0.685719437432
109.375    -0.685286693112
109.5    -0.685358817166
109.625    -0.686584926073
109.75    -0.686386584926
109.875    -0.687089794446
110.0    -0.689794446448
110.125    -0.689271547061
110.25    -0.688856833754
110.375    -0.689037143887
110.5    -0.689055174901
110.625    -0.68835196538
110.75    -0.691291020555
110.875    -0.691543454742
111.0    -0.691164803462
111.125    -0.691164803462
111.25    -0.688460151461
111.375    -0.686278398846
111.5    -0.683213126578
111.625    -0.683681932925
111.75    -0.683555715831
111.875    -0.683555715831
112.0    -0.683537684818
112.125    -0.683429498738
112.25    -0.683754056978
112.375    -0.682978723404
112.5    -0.684060584205
112.625    -0.683681932925
112.75    -0.683285250631
112.875    -0.684313018392
113.0    -0.683826181031
113.125    -0.683754056978
113.25    -0.683699963938
113.375    -0.685214569059
113.5    -0.682708258204
113.625    -0.683736025965
113.75    -0.682960692391
113.875    -0.682185358817
114.0    -0.680382257483
114.125    -0.680382257483
114.25    -0.680219978363
114.375    -0.680238009376
114.5    -0.685899747566
114.625    -0.685827623512
114.75    -0.685827623512
114.875    -0.684385142445
115.0    -0.683249188604
115.125    -0.683321312658
115.25    -0.681680490444
115.375    -0.683086909484
115.5    -0.681680490444
115.625    -0.681482149297
115.75    -0.680328164443
115.875    -0.68122971511
116.0    -0.682582041111
116.125    -0.682077172737
116.25    -0.68209520375
116.375    -0.682221420844
116.5    -0.68068878471
116.625    -0.68047241255
116.75    -0.681049404977
116.875    -0.681247746123
117.0    -0.682185358817
117.125    -0.68214929679
117.25    -0.681806707537
117.375    -0.681806707537
117.5    -0.682852506311
117.625    -0.682780382257
117.75    -0.681482149297
117.875    -0.681464118283
118.0    -0.679282365669
118.125    -0.679570861882
118.25    -0.679300396682
118.375    -0.680724846736
118.5    -0.68166245943
118.625    -0.68150018031
118.75    -0.681211684097
118.875    -0.681247746123
119.0    -0.680003606203
119.125    -0.679949513163
119.25    -0.679805265056
119.375    -0.679624954922
120.0    -0.680778939776
120.125    -0.680923187883
120.25    -0.680869094843
120.375    -0.680490443563
120.5    -0.678092318788
120.625    -0.679264334656
120.75    -0.679192210602
120.875    -0.678164442842
121.0    -0.681626397404
121.125    -0.680292102416
121.25    -0.679715109989
121.375    -0.679913451136
121.5    -0.679408582762
121.625    -0.682455824017
121.75    -0.683339343671
121.875    -0.684240894338
122.0    -0.68106743599
122.125    -0.680490443563
122.25    -0.681626397404
122.375    -0.680039668229
122.5    -0.680454381536
122.625    -0.680652722683
122.75    -0.680887125856
122.875    -0.679084024522
123.0    -0.68036422647
123.125    -0.68047241255
123.25    -0.68068878471
123.375    -0.680977280923
123.5    -0.68079697079
123.625    -0.68079697079
123.75    -0.68079697079
123.875    -0.677497295348
124.0    -0.680129823296
124.125    -0.679552830869
124.25    -0.678939776415
124.375    -0.680400288496
124.5    -0.678921745402
124.625    -0.678543094122
124.75    -0.678633249189
124.875    -0.678687342229
125.0    -0.679606923909
125.125    -0.677984132708
125.25    -0.677857915615
125.375    -0.677425171295
125.5    -0.678507032095
125.625    -0.678507032095
125.75    -0.68139199423
125.875    -0.680274071403
126.0    -0.679841327083
126.125    -0.681536242337
126.25    -0.681482149297
126.375    -0.682257482871
126.5    -0.680706815723
126.625    -0.68041831951
126.75    -0.680219978363
126.875    -0.680544536603
127.0    -0.681247746123
127.125    -0.681031373963
127.25    -0.681031373963
127.375    -0.680562567616
127.5    -0.678200504868
127.625    -0.680941218897
127.75    -0.678056256762
127.875    -0.679462675802
128.0    -0.680003606203
128.125    -0.679841327083
128.25    -0.679823296069
128.375    -0.680147854309
128.5    -0.678182473855
128.625    -0.681644428417
128.75    -0.678200504868
128.875    -0.677335016228
129.0    -0.679065993509
129.125    -0.679029931482
129.25    -0.678651280202
129.375    -0.678867652362
129.5    -0.682185358817
129.625    -0.680219978363
129.75    -0.680941218897
129.875    -0.680111792283
130.0    -0.678813559322
130.125    -0.678777497295
130.25    -0.678885683375
130.375    -0.676505589614
130.5    -0.679769203029
130.625    -0.678452939055
130.75    -0.679733141003
130.875    -0.679570861882
131.0    -0.679751172016
131.125    -0.679390551749
131.25    -0.679102055536
131.375    -0.679011900469
131.5    -0.678795528309
131.625    -0.678795528309
131.75    -0.678507032095
131.875    -0.678723404255
132.0    -0.678056256762
132.125    -0.678470970069
132.25    -0.679570861882
132.375    -0.677893977642
132.5    -0.677605481428
132.625    -0.677515326361
132.75    -0.677515326361
132.875    -0.677497295348
133.0    -0.679246303642
133.125    -0.674738550307
133.25    -0.674738550307
133.375    -0.676379372521
133.5    -0.675964659214
133.625    -0.676325279481
133.75    -0.679354489722
133.875    -0.679444644789
134.0    -0.678597187162
134.125    -0.678218535882
134.25    -0.677912008655
134.375    -0.678146411828
134.5    -0.679120086549
134.625    -0.678308690948
134.75    -0.678308690948
134.875    -0.678308690948
135.0    -0.677803822575
135.125    -0.677767760548
135.25    -0.677803822575
135.375    -0.677280923188
135.5    -0.676685899748
135.625    -0.676685899748
135.75    -0.67578434908
135.875    -0.677966101695
136.0    -0.678759466282
136.125    -0.678218535882
136.25    -0.678002163722
136.375    -0.677677605481
136.5    -0.677082582041
136.625    -0.676812116841
136.75    -0.676776054814
136.875    -0.676379372521
137.0    -0.678038225748
137.125    -0.675928597187
137.25    -0.677298954201
137.375    -0.676812116841
137.5    -0.67518932564
137.625    -0.677136675081
137.75    -0.676739992788
137.875    -0.676054814281
138.0    -0.677533357375
138.125    -0.677244861161
138.25    -0.677569419401
138.375    -0.677244861161
138.5    -0.676072845294
138.625    -0.676469527587
138.75    -0.676253155427
138.875    -0.676271186441
139.0    -0.676487558601
139.125    -0.676487558601
139.25    -0.676487558601
139.375    -0.677912008655
139.5    -0.675279480707
139.625    -0.675802380094
139.75    -0.675982690227
139.875    -0.675982690227
140.0    -0.67464839524
140.125    -0.67464839524
140.25    -0.676253155427
140.375    -0.676163000361
140.5    -0.676433465561
140.625    -0.676523620627
140.75    -0.676433465561
140.875    -0.676559682654
141.0    -0.675279480707
141.125    -0.676397403534
141.25    -0.675225387667
141.375    -0.675495852867
141.5    -0.673638658493
141.625    -0.675495852867
141.75    -0.676433465561
141.875    -0.673638658493
142.0    -0.67491886044
142.125    -0.67481067436
142.25    -0.676325279481
142.375    -0.676361341507
142.5    -0.673440317346
142.625    -0.673440317346
142.75    -0.673440317346
142.875    -0.675279480707
143.0    -0.676036783267
143.125    -0.67589253516
143.25    -0.67589253516
143.375    -0.675315542734
143.5    -0.674720519293
143.625    -0.675045077533
143.75    -0.674197619906
143.875    -0.674197619906
144.0    -0.673981247746
144.125    -0.673728813559
144.25    -0.676866209881
144.375    -0.675153263613
144.5    -0.674936891453
144.625    -0.674738550307
144.75    -0.674738550307
144.875    -0.675910566174
145.0    -0.673999278759
145.125    -0.673999278759
145.25    -0.673494410386
145.375    -0.673458348359
145.5    -0.671871619185
145.625    -0.669671835557
145.75    -0.671024161558
145.875    -0.671456905878
146.0    -0.672304363505
146.125    -0.672412549585
146.25    -0.672124053372
146.375    -0.672881355932
146.5    -0.673728813559
146.625    -0.674323837
146.75    -0.674125495853
146.875    -0.671673278038
147.0    -0.672087991345
147.125    -0.671907681212
147.25    -0.671853588172
147.375    -0.672268301479
147.5    -0.670555355211
147.625    -0.670357014064
147.75    -0.670699603318
147.875    -0.670627479264
148.0    -0.670952037505
148.125    -0.671709340065
148.25    -0.671709340065
148.375    -0.671709340065
148.5    -0.672971510999
148.625    -0.672574828705
148.75    -0.672538766679
148.875    -0.671871619185
149.0    -0.673981247746
149.125    -0.673241976199
149.25    -0.6751352326
149.375    -0.673945185719
149.5    -0.672935448972
149.625    -0.672935448972
149.75    -0.672610890732
149.875    -0.672610890732
150.0    -0.67551388388
150.125    -0.67551388388
150.25    -0.672520735665
150.375    -0.672069960332
150.5    -0.673927154706
150.625    -0.66931121529
150.75    -0.673927154706
150.875    -0.673927154706
151.0    -0.672773169852
151.125    -0.672773169852
151.25    -0.674341868013
151.375    -0.674341868013
151.5    -0.672304363505
151.625    -0.671024161558
151.75    -0.671024161558
151.875    -0.671024161558
152.0    -0.670537324198
152.125    -0.671132347638
152.25    -0.671132347638
152.375    -0.671132347638
152.5    -0.673025604039
152.625    -0.673025604039
152.75    -0.673025604039
152.875    -0.673314100252
153.0    -0.670393076091
153.125    -0.671078254598
153.25    -0.666949152542
153.375    -0.667670393076
153.5    -0.672087991345
153.625    -0.672087991345
153.75    -0.670212765957
153.875    -0.670699603318
154.0    -0.666858997476
154.125    -0.666714749369
154.25    -0.666877028489
154.375    -0.667093400649
154.5    -0.671132347638
154.625    -0.671132347638
154.75    -0.670915975478
154.875    -0.670627479264
155.0    -0.670753696358
155.125    -0.670753696358
155.25    -0.670609448251
155.375    -0.670447169131
155.5    -0.66833754057
155.625    -0.668157230436
155.75    -0.669509556437
155.875    -0.66812116841
156.0    -0.669599711504
156.125    -0.669870176704
156.25    -0.669058781104
156.375    -0.669671835557
156.5    -0.664893617021
156.625    -0.664785430941
156.75    -0.664442841688
156.875    -0.666931121529
157.0    -0.668788315903
157.125    -0.668968626037
157.25    -0.668860439957
157.375    -0.668319509556
157.5    -0.666408222142
157.625    -0.666047601875
157.75    -0.666101694915
157.875    -0.666101694915
158.0    -0.666696718356
158.125    -0.663956004327
158.25    -0.665632888568
158.375    -0.665091958168
158.5    -0.664352686621
158.625    -0.664298593581
158.75    -0.666985214569
158.875    -0.664370717634
159.0    -0.666606563289
159.125    -0.666282005049
159.25    -0.665903353768
159.375    -0.666336098089
159.5    -0.664406779661
159.625    -0.664406779661
159.75    -0.664298593581
159.875    -0.664623151821
160.0    -0.667363865849
160.125    -0.667363865849
160.25    -0.667363865849
160.375    -0.66817526145
160.5    -0.66833754057
160.625    -0.667435989903
160.75    -0.667616300036
160.875    -0.668626036783
161.0    -0.666877028489
161.125    -0.666877028489
161.25    -0.667706455103
161.375    -0.66785070321
161.5    -0.669491525424
161.625    -0.669491525424
161.75    -0.668626036783
161.875    -0.668517850703
162.0    -0.668031013343
162.125    -0.665777136675
162.25    -0.665867291742
162.375    -0.667652362063
162.5    -0.668409664623
162.625    -0.66839163361
162.75    -0.665686981608
162.875    -0.665434547422
163.0    -0.661197259286
163.125    -0.662279120087
163.25    -0.669671835557
163.375    -0.665055896141
163.5    -0.665524702488
163.625    -0.665236206275
163.75    -0.665236206275
163.875    -0.665236206275
164.0    -0.667273710783
164.125    -0.667273710783
164.25    -0.667778579156
164.375    -0.667724486116
164.5    -0.660620266859
164.625    -0.660476018752
164.75    -0.660476018752
164.875    -0.660331770645
165.0    -0.663829787234
165.125    -0.664424810674
165.25    -0.664136314461
165.375    -0.663397042914
165.5    -0.665109989181
165.625    -0.665109989181
165.75    -0.665109989181
165.875    -0.665109989181
166.0    -0.661990623873
166.125    -0.661990623873
166.25    -0.661990623873
166.375    -0.660457987739
166.5    -0.663018391634
166.625    -0.663018391634
166.75    -0.6631085467
166.875    -0.658492607285
167.0    -0.662369275153
167.125    -0.66208077894
167.25    -0.66208077894
167.375    -0.662369275153
167.5    -0.663595384061
167.625    -0.663595384061
167.75    -0.663595384061
167.875    -0.662765957447
168.0    -0.6625676163
168.125    -0.662423368193
168.25    -0.66197259286
168.375    -0.66164803462
168.5    -0.662982329607
168.625    -0.662982329607
168.75    -0.662982329607
168.875    -0.665506671475
169.0    -0.661990623873
169.125    -0.6620266859
169.25    -0.6620266859
169.375    -0.6620266859
169.5    -0.662116840966
169.625    -0.662116840966
169.75    -0.662603678327
169.875    -0.662477461233
170.0    -0.659574468085
170.125    -0.659574468085
170.25    -0.659574468085
170.375    -0.659466282005
170.5    -0.661071042193
170.625    -0.661071042193
170.75    -0.661071042193
170.875    -0.662477461233
171.0    -0.663397042914
171.125    -0.661684096646
171.25    -0.661323476379
171.375    -0.661467724486
171.5    -0.659772809232
171.625    -0.659592499098
171.75    -0.658456545258
171.875    -0.659610530112
172.0    -0.662315182113
172.125    -0.661089073206
172.25    -0.660836639019
172.375    -0.660836639019
172.5    -0.659736747205
172.625    -0.659772809232
172.75    -0.659267940858
172.875    -0.658492607285
173.0    -0.663739632167
173.125    -0.659844933285
173.25    -0.659826902272
173.375    -0.660674359899
173.5    -0.659556437072
173.625    -0.659177785792
173.75    -0.659177785792
173.875    -0.661053011179
174.0    -0.660638297872
174.125    -0.660403894699
174.25    -0.660512080779
174.375    -0.656617381897
174.5    -0.659989181392
174.625    -0.659971150379
174.75    -0.659971150379
174.875    -0.659700685179
175.0    -0.660998918139
175.125    -0.659826902272
175.25    -0.660512080779
175.375    -0.659141723765
175.5    -0.658907320591
175.625    -0.658799134511
175.75    -0.658799134511
175.875    -0.658636855391
176.0    -0.658925351605
176.125    -0.658835196538
176.25    -0.658997475658
176.375    -0.658474576271
176.5    -0.659213847818
176.625    -0.658889289578
176.75    -0.658582762351
176.875    -0.658204111071
177.0    -0.660512080779
177.125    -0.660566173819
177.25    -0.659989181392
177.375    -0.659989181392
177.5    -0.66159394158
177.625    -0.661449693473
177.75    -0.661521817526
177.875    -0.661521817526
178.0    -0.661341507393
178.125    -0.660980887126
178.25    -0.660746483952
178.375    -0.660692390912
178.5    -0.660782545979
178.625    -0.660782545979
178.75    -0.660674359899
178.875    -0.660674359899
179.0    -0.658979444645
179.125    -0.658979444645
179.25    -0.660385863686
179.375    -0.659213847818
180.0    -0.65641904075
180.125    -0.656761630004
180.25    -0.656653443924
180.375    -0.656653443924
180.5    -0.659826902272
180.625    -0.659826902272
180.75    -0.659556437072
180.875    -0.658420483231
181.0    -0.65652722683
181.125    -0.656545257843
181.25    -0.656382978723
181.375    -0.655589614136
181.5    -0.65631085467
181.625    -0.65631085467
181.75    -0.656509195817
181.875    -0.656509195817
182.0    -0.656941940137
182.125    -0.656941940137
182.25    -0.656274792643
182.375    -0.657753335737
182.5    -0.656346916697
182.625    -0.656455102777
182.75    -0.65609448251
182.875    -0.658150018031
183.0    -0.658636855391
183.125    -0.658636855391
183.25    -0.658636855391
183.375    -0.658276235124
183.5    -0.655156869816
183.625    -0.655156869816
183.75    -0.655156869816
183.875    -0.655156869816
184.0    -0.655301117923
184.125    -0.655174900829
184.25    -0.658636855391
184.375    -0.655896141363
184.5    -0.656491164803
184.625    -0.656274792643
184.75    -0.656274792643
184.875    -0.655427335016
185.0    -0.657392715471
185.125    -0.657392715471
185.25    -0.657392715471
185.375    -0.657392715471
185.5    -0.656076451497
185.625    -0.656076451497
185.75    -0.656076451497
185.875    -0.65636494771
186.0    -0.652830869095
186.125    -0.652830869095
186.25    -0.653570140642
186.375    -0.652668589975
186.5    -0.654814280563
186.625    -0.654814280563
186.75    -0.654814280563
186.875    -0.654814280563
187.0    -0.652614496935
187.125    -0.652921024162
187.25    -0.652921024162
187.375    -0.652921024162
187.5    -0.653606202669
187.625    -0.653606202669
187.75    -0.653606202669
187.875    -0.653101334295
188.0    -0.654742156509
188.125    -0.654742156509
188.25    -0.654958528669
188.375    -0.654525784349
188.5    -0.652993148215
188.625    -0.652993148215
188.75    -0.654904435629
188.875    -0.653786512802
189.0    -0.654579877389
189.125    -0.654579877389
189.25    -0.654579877389
189.375    -0.654579877389
189.5    -0.65021637216
189.625    -0.65021637216
189.75    -0.65021637216
189.875    -0.651081860801
190.0    -0.649873782907
190.125    -0.649873782907
190.25    -0.649873782907
190.375    -0.649873782907
190.5    -0.654111071042
190.625    -0.654111071042
190.75    -0.654111071042
190.875    -0.653588171655
191.0    -0.653930760909
191.125    -0.654255319149
191.25    -0.654255319149
191.375    -0.654255319149
191.5    -0.652001442481
191.625    -0.652001442481
191.75    -0.652145690588
191.875    -0.652145690588
192.0    -0.652434186801
192.125    -0.652271907681
192.25    -0.652271907681
192.375    -0.652001442481
192.5    -0.6502704652
192.625    -0.64983772088
192.75    -0.650198341147
192.875    -0.648791922106
193.0    -0.652542372881
193.125    -0.652632527948
193.25    -0.652632527948
193.375    -0.652632527948
193.5    -0.653335737468
193.625    -0.653335737468
193.75    -0.647782185359
193.875    -0.647782185359
194.0    -0.6502704652
194.125    -0.64951316264
194.25    -0.65059502344
194.375    -0.65059502344
194.5    -0.6502704652
194.625    -0.650252434187
194.75    -0.65021637216
194.875    -0.65021637216
195.0    -0.65016227912
195.125    -0.65016227912
195.25    -0.653624233682
195.375    -0.653299675442
195.5    -0.650739271547
195.625    -0.650973674721
195.75    -0.647637937252
195.875    -0.652253876668
196.0    -0.651514605121
196.125    -0.650847457627
196.25    -0.650973674721
196.375    -0.650991705734
196.5    -0.647529751172
196.625    -0.647493689145
196.75    -0.647457627119
196.875    -0.648214929679
197.0    -0.647349441039
197.125    -0.648791922106
197.25    -0.646898665705
197.375    -0.647277316985
197.5    -0.648395239812
197.625    -0.648395239812
197.75    -0.647854309412
197.875    -0.650558961414
198.0    -0.647313379012
198.125    -0.647313379012
198.25    -0.647313379012
198.375    -0.647313379012
198.5    -0.648972232239
198.625    -0.648972232239
198.75    -0.648250991706
198.875    -0.648250991706
199.0    -0.644789037144
199.125    -0.645924990984
199.25    -0.646069239091
199.375    -0.646303642265
199.5    -0.64395961053
199.625    -0.64395961053
199.75    -0.64395961053
199.875    -0.645834835918
200.0    -0.644049765597
200.125    -0.644049765597
200.25    -0.64423007573
200.375    -0.64423007573
200.5    -0.647619906239
200.625    -0.647619906239
200.75    -0.647619906239
200.875    -0.647619906239
201.0    -0.647060944825
201.125    -0.646952758745
201.25    -0.646952758745
201.375    -0.647006851785
201.5    -0.647782185359
201.625    -0.647655968265
201.75    -0.647421565092
201.875    -0.648016588532
202.0    -0.644843130184
202.125    -0.644843130184
202.25    -0.644843130184
202.375    -0.644843130184
202.5    -0.648016588532
202.625    -0.648016588532
202.75    -0.649260728453
202.875    -0.649260728453
203.0    -0.643977641543
203.125    -0.643977641543
203.25    -0.644139920664
203.375    -0.644139920664
203.5    -0.645906959971
203.625    -0.646051208078
203.75    -0.646465921385
203.875    -0.646069239091
204.0    -0.644248106744
204.125    -0.64352686621
204.25    -0.64352686621
204.375    -0.64298593581
204.5    -0.642463036423
204.625    -0.642463036423
204.75    -0.642463036423
204.875    -0.642463036423
205.0    -0.642553191489
205.125    -0.64309412189
205.25    -0.64309412189
205.375    -0.64309412189
205.5    -0.641831950956
205.625    -0.643779300397
205.75    -0.643779300397
205.875    -0.641381175622
206.0    -0.643977641543
206.125    -0.643977641543
206.25    -0.643977641543
206.375    -0.643977641543
206.5    -0.641994230076
206.625    -0.641994230076
206.75    -0.642354850343
206.875    -0.642102416156
207.0    -0.640930400288
207.125    -0.640930400288
207.25    -0.640930400288
207.375    -0.640930400288
207.5    -0.643292463036
207.625    -0.643292463036
207.75    -0.639830508475
207.875    -0.642228633249
208.0    -0.643166245943
208.125    -0.643003966823
208.25    -0.643184276956
208.375    -0.64336458709
208.5    -0.641272989542
208.625    -0.63781103498
208.75    -0.641417237649
208.875    -0.641272989542
209.0    -0.642643346556
209.125    -0.643562928237
209.25    -0.642589253516
209.375    -0.642390912369
209.5    -0.639325640101
209.625    -0.641435268662
209.75    -0.639469888208
209.875    -0.640479624955
210.0    -0.640587811035
210.125    -0.640732059142
210.25    -0.640335376848
210.375    -0.640443562928
210.5    -0.639469888208
210.625    -0.636711143166
210.75    -0.637991345114
210.875    -0.637125856473
211.0    -0.637252073567
211.125    -0.637252073567
211.25    -0.637342228633
211.375    -0.636963577353
211.5    -0.639253516048
211.625    -0.637666786873
211.75    -0.63737829066
211.875    -0.63737829066
212.0    -0.637738910927
212.125    -0.637738910927
212.25    -0.63813559322
212.375    -0.636440677966
212.5    -0.63683736026
212.625    -0.63683736026
212.75    -0.638045438154
212.875    -0.636512802019
213.0    -0.636602957086
213.125    -0.636494771006
213.25    -0.636458708979
213.375    -0.63656689506
213.5    -0.635917778579
213.625    -0.63732419762
213.75    -0.63732419762
213.875    -0.63732419762
214.0    -0.635412910206
214.125    -0.635412910206
214.25    -0.63727010458
214.375    -0.637252073567
214.5    -0.634835917779
214.625    -0.635448972232
214.75    -0.635430941219
214.875    -0.635070320952
215.0    -0.63710782546
215.125    -0.635701406419
215.25    -0.635773530472
215.375    -0.635178507032
215.5    -0.635250631085
215.625    -0.635773530472
215.75    -0.635683375406
215.875    -0.635755499459
216.0    -0.635755499459
216.125    -0.635521096286
216.25    -0.635863685539
216.375    -0.636098088713
216.5    -0.637450414713
216.625    -0.637143887486
216.75    -0.633988460151
216.875    -0.635593220339
217.0    -0.629859358096
217.125    -0.632203389831
217.25    -0.631842769564
217.375    -0.633032816444
217.5    -0.633501622791
217.625    -0.633501622791
217.75    -0.633717994951
217.875    -0.633717994951
218.0    -0.632257482871
218.125    -0.632059141724
218.25    -0.634367111432
218.375    -0.632798413271
218.5    -0.629606923909
218.625    -0.633068878471
218.75    -0.632455824017
218.875    -0.628615218175
219.0    -0.632960692391
219.125    -0.632708258204
219.25    -0.632708258204
219.375    -0.632708258204
219.5    -0.629120086549
219.625    -0.627767760548
219.75    -0.627767760548
219.875    -0.627407140281
220.0    -0.630652722683
220.125    -0.630616660656
220.25    -0.630616660656
220.375    -0.630111792283
220.5    -0.632690227191
220.625    -0.632636134151
220.75    -0.632636134151
220.875    -0.632545979084
221.0    -0.629642985936
221.125    -0.631806707537
221.25    -0.632023079697
221.375    -0.630887125856
221.5    -0.630129823296
221.625    -0.629390551749
221.75    -0.628957807429
221.875    -0.628921745402
222.0    -0.629715109989
222.125    -0.627641543455
222.25    -0.627641543455
222.375    -0.626433465561
222.5    -0.622845293906
222.625    -0.622394518572
222.75    -0.622646952759
222.875    -0.62502704652
223.0    -0.625009015507
223.125    -0.624630364226
223.25    -0.62481067436
223.375    -0.623151821132
223.5    -0.626595744681
223.625    -0.624828705373
223.75    -0.627082582041
223.875    -0.626307248467
224.0    -0.621727371078
224.125    -0.626343310494
224.25    -0.621727371078
224.375    -0.621510998918
224.5    -0.621474936891
224.625    -0.620393076091
224.75    -0.620483231158
224.875    -0.621186440678
225.0    -0.625748287054
225.125    -0.621114316625
225.25    -0.621204471691
225.375    -0.622430580599
225.5    -0.619058781103
225.625    -0.619275153264
225.75    -0.619275153264
225.875    -0.61871619185
226.0    -0.619761990624
226.125    -0.619761990624
226.25    -0.620212765957
226.375    -0.61958168049
226.5    -0.61877028489
226.625    -0.620645510278
226.75    -0.618806346917
226.875    -0.61963577353
227.0    -0.621907681212
227.125    -0.621871619185
227.25    -0.621799495132
227.375    -0.621438874865
227.5    -0.614839523981
227.625    -0.614677244861
227.75    -0.614334655608
227.875    -0.613631446087
228.0    -0.620988099531
228.125    -0.620140641904
228.25    -0.61849981969
228.375    -0.61828344753
228.5    -0.61844572665
228.625    -0.61849981969
228.75    -0.61849981969
228.875    -0.616949152542
229.0    -0.616931121529
229.125    -0.616552470249
229.25    -0.618896501983
229.375    -0.616480346195
229.5    -0.614190407501
229.625    -0.612279120087
229.75    -0.612369275153
229.875    -0.609520375045
230.0    -0.613360980887
230.125    -0.613811756221
230.25    -0.612982329607
230.375    -0.612369275153
230.5    -0.610241615579
230.625    -0.615813198702
230.75    -0.616155787955
230.875    -0.614334655608
231.0    -0.614208438514
231.125    -0.613739632167
231.25    -0.6131085467
231.375    -0.613198701767
231.5    -0.610097367472
231.625    -0.611449693473
231.75    -0.61164803462
231.875    -0.611089073206
232.0    -0.609556437072
232.125    -0.609412188965
232.25    -0.609412188965
232.375    -0.607699242697
232.5    -0.609700685179
232.625    -0.609844933285
232.75    -0.609790840245
232.875    -0.609790840245
233.0    -0.608853227551
233.125    -0.608835196538
233.25    -0.608871258565
233.375    -0.608113956004
233.5    -0.610115398485
233.625    -0.607464839524
233.75    -0.607825459791
233.875    -0.607753335737
234.0    -0.607356653444
234.125    -0.610638297872
234.25    -0.611341507393
234.375    -0.609556437072
234.5    -0.606004327443
234.625    -0.606707536964
234.75    -0.60566173819
234.875    -0.604886404616
235.0    -0.606923909124
235.125    -0.607536963577
235.25    -0.607663180671
235.375    -0.608131987018
235.5    -0.606382978723
235.625    -0.606815723044
235.75    -0.609394157952
235.875    -0.607536963577
236.0    -0.60560764515
236.125    -0.605138838803
236.25    -0.603047241255
236.375    -0.603371799495
236.5    -0.603624233682
236.625    -0.603624233682
236.75    -0.603443923548
236.875    -0.602109628561
237.0    -0.602830869095
237.125    -0.601785070321
237.25    -0.601676884241
237.375    -0.601785070321
237.5    -0.602560403895
237.625    -0.601911287414
237.75    -0.60086548864
237.875    -0.5994590696
238.0    -0.59935088352
238.125    -0.598611611973
238.25    -0.598611611973
238.375    -0.598142805626
238.5    -0.602488279841
238.625    -0.602975117202
238.75    -0.602524341868
238.875    -0.5997295348
239.0    -0.598539487919
239.125    -0.597710061305
239.25    -0.59924269744
239.375    -0.598719798053
240.0    -0.599495131626
240.125    -0.599585286693
240.25    -0.601298232961
240.375    -0.594771006131
240.5    -0.597926433466
240.625    -0.598070681572
240.75    -0.598070681572
240.875    -0.597980526506
241.0    -0.595708618824
241.125    -0.595979084025
241.25    -0.595636494771
241.375    -0.598413270826
241.5    -0.598196898666
241.625    -0.598269022719
241.75    -0.599368914533
241.875    -0.597818247386
242.0    -0.596718355572
242.125    -0.597277316985
242.25    -0.596574107465
242.375    -0.596213487198
242.5    -0.597655968265
242.625    -0.597655968265
242.75    -0.596592138478
242.875    -0.596592138478
243.0    -0.596772448612
243.125    -0.596988820772
243.25    -0.596429859358
243.375    -0.595311936531
243.5    -0.593490804183
243.625    -0.59331049405
243.75    -0.592499098449
243.875    -0.592787594663
244.0    -0.595438153624
244.125    -0.594572664984
244.25    -0.594266137757
244.375    -0.593761269383
244.5    -0.593184276956
244.625    -0.593184276956
244.75    -0.59304002885
244.875    -0.593112152903
245.0    -0.593130183916
245.125    -0.592643346556
245.25    -0.59293184277
245.375    -0.59417598269
245.5    -0.592751532636
245.625    -0.592733501623
245.75    -0.59401370357
245.875    -0.595221781464
246.0    -0.593184276956
246.125    -0.592048323116
246.25    -0.592463036423
246.375    -0.593761269383
246.5    -0.593977641543
246.625    -0.593977641543
246.75    -0.591687702849
246.875    -0.59439235485
247.0    -0.594320230797
247.125    -0.595041471331
247.25    -0.59460872701
247.375    -0.594897223224
247.5    -0.59341868013
247.625    -0.59368914533
247.75    -0.59417598269
247.875    -0.59433826181
248.0    -0.596520014425
248.125    -0.596754417598
248.25    -0.597024882798
248.375    -0.596411828345
248.5    -0.594212044717
248.625    -0.596339704291
248.75    -0.597133068878
248.875    -0.597998557519
249.0    -0.595997115038
249.125    -0.59331049405
249.25    -0.592697439596
249.375    -0.592499098449
249.5    -0.598088712586
249.625    -0.595924990984
249.75    -0.596015146051
249.875    -0.595906959971
250.0    -0.597637937252
250.125    -0.598647673999
250.25    -0.598088712586
250.375    -0.597331410025
250.5    -0.597439596105
250.625    -0.598269022719
250.75    -0.596574107465
250.875    -0.597151099892
251.0    -0.597836278399
251.125    -0.596646231518
251.25    -0.596700324558
251.375    -0.596664262532
251.5    -0.59352686621
251.625    -0.59385142445
251.75    -0.594879192211
251.875    -0.594518571944
252.0    -0.594428416877
252.125    -0.595997115038
252.25    -0.595997115038
252.375    -0.596429859358
252.5    -0.597115037865
252.625    -0.597764154345
252.75    -0.596429859358
252.875    -0.597169130905
253.0    -0.594987378291
253.125    -0.594951316264
253.25    -0.595005409304
253.375    -0.595690587811
253.5    -0.597565813199
253.625    -0.596628200505
253.75    -0.594915254237
253.875    -0.59444644789
254.0    -0.598178867652
254.125    -0.598305084746
254.25    -0.596501983411
254.375    -0.597800216372
254.5    -0.594716913091
254.625    -0.595221781464
254.75    -0.595221781464
254.875    -0.595870897944
255.0    -0.596249549225
255.125    -0.596177425171
255.25    -0.597151099892
255.375    -0.597259285972
255.5    -0.599170573386
255.625    -0.594933285251
255.75    -0.597908402452
255.875    -0.5997295348
256.0    -0.597349441039
256.125    -0.596826541652
256.25    -0.597241254959
256.375    -0.597367472052
256.5    -0.60037865128
256.625    -0.60037865128
256.75    -0.600955643707
256.875    -0.601316263974
257.0    -0.598647673999
257.125    -0.599026325279
257.25    -0.598954201226
257.375    -0.598936170213
257.5    -0.599873782907
257.625    -0.598936170213
257.75    -0.598647673999
257.875    -0.599314821493
258.0    -0.59967544176
258.125    -0.599386945546
258.25    -0.6
258.375    -0.603299675442
258.5    -0.603768481789
258.625    -0.603786512802
258.75    -0.601839163361
258.875    -0.602001442481
259.0    -0.602993148215
259.125    -0.602416155788
259.25    -0.602271907681
259.375    -0.601983411468
259.5    -0.603786512802
259.625    -0.601767039308
259.75    -0.604020915975
259.875    -0.602993148215
260.0    -0.606166606563
260.125    -0.606996033177
260.25    -0.606617381897
260.375    -0.606022358457
260.5    -0.604615939416
260.625    -0.604958528669
260.75    -0.604525784349
260.875    -0.604525784349
261.0    -0.604255319149
261.125    -0.60571583123
261.25    -0.605120807789
261.375    -0.605625676163
261.5    -0.604850342589
261.625    -0.603894698882
261.75    -0.603894698882
261.875    -0.604399567256
262.0    -0.601316263974
262.125    -0.601334294987
262.25    -0.601785070321
262.375    -0.601478543094
262.5    -0.606725567977
262.625    -0.605896141363
262.75    -0.60576992427
262.875    -0.604597908402
263.0    -0.604940497656
263.125    -0.602776776055
263.25    -0.604579877389
263.375    -0.604525784349
263.5    -0.605427335016
263.625    -0.60587811035
263.75    -0.603714388749
263.875    -0.60582401731
264.0    -0.604814280563
264.125    -0.604778218536
264.25    -0.604579877389
264.375    -0.604615939416
264.5    -0.602073566534
264.625    -0.60625676163
264.75    -0.60625676163
264.875    -0.60690587811
265.0    -0.606833754057
265.125    -0.606833754057
265.25    -0.606833754057
265.375    -0.606328885683
265.5    -0.606022358457
265.625    -0.606076451497
265.75    -0.602542372881
265.875    -0.602884962135
266.0    -0.603948791922
266.125    -0.603876667869
266.25    -0.605066714749
266.375    -0.605066714749
266.5    -0.602560403895
266.625    -0.603335737468
266.75    -0.603281644428
266.875    -0.603642264695
267.0    -0.608708979445
267.125    -0.608330328164
267.25    -0.608330328164
267.375    -0.605156869816
267.5    -0.60560764515
267.625    -0.60593220339
267.75    -0.60555355211
267.875    -0.603948791922
268.0    -0.602740714028
268.125    -0.602740714028
268.25    -0.602344031735
268.375    -0.601749008294
268.5    -0.605192931843
268.625    -0.603786512802
268.75    -0.60587811035
268.875    -0.60587811035
269.0    -0.603245582402
269.125    -0.603317706455
269.25    -0.603317706455
269.375    -0.602975117202
269.5    -0.604796249549
269.625    -0.604796249549
269.75    -0.604742156509
269.875    -0.604345474216
270.0    -0.603786512802
270.125    -0.603443923548
270.25    -0.605319148936
270.375    -0.604940497656
270.5    -0.604796249549
270.625    -0.604796249549
270.75    -0.604453660296
270.875    -0.604453660296
271.0    -0.606833754057
271.125    -0.60668950595
271.25    -0.608059862964
271.375    -0.608817165525
271.5    -0.609826902272
271.625    -0.604381536242
271.75    -0.604381536242
271.875    -0.602812838082
272.0    -0.603245582402
272.125    -0.603227551388
272.25    -0.603714388749
272.375    -0.603083303282
272.5    -0.59929679048
272.625    -0.599531193653
272.75    -0.602632527948
272.875    -0.606815723044
273.0    -0.603461954562
273.125    -0.603389830508
273.25    -0.603389830508
273.375    -0.603389830508
273.5    -0.606941940137
273.625    -0.604688063469
273.75    -0.605697800216
273.875    -0.606599350884
274.0    -0.602866931122
274.125    -0.606761630004
274.25    -0.60555355211
274.375    -0.604381536242
274.5    -0.60636494771
274.625    -0.604525784349
274.75    -0.604543815362
274.875    -0.604543815362
275.0    -0.604796249549
275.125    -0.604796249549
275.25    -0.605697800216
275.375    -0.604958528669
275.5    -0.600126217093
275.625    -0.601875225388
275.75    -0.601514605121
275.875    -0.601045798774
276.0    -0.602506310855
276.125    -0.603209520375
276.25    -0.603029210242
276.375    -0.602975117202
276.5    -0.604291381176
276.625    -0.604291381176
276.75    -0.604020915975
276.875    -0.604020915975
277.0    -0.604778218536
277.125    -0.602181752614
277.25    -0.602181752614
277.375    -0.604020915975
277.5    -0.602362062748
277.625    -0.601550667147
277.75    -0.601208077894
277.875    -0.601622791201
278.0    -0.600522899387
278.125    -0.600522899387
278.25    -0.602866931122
278.375    -0.602866931122
278.5    -0.601081860801
278.625    -0.6008113956
278.75    -0.600306527227
278.875    -0.601226108907
279.0    -0.600775333574
279.125    -0.602650558961
279.25    -0.604778218536
279.375    -0.603047241255
279.5    -0.600198341147
279.625    -0.600198341147
279.75    -0.600396682294
279.875    -0.599116480346
280.0    -0.603966822935
280.125    -0.602542372881
280.25    -0.603858636855
280.375    -0.604038946989
280.5    -0.601027767761
280.625    -0.601226108907
280.75    -0.600847457627
280.875    -0.599819689867
281.0    -0.602758745041
281.125    -0.603498016589
281.25    -0.603425892535
281.375    -0.604940497656
281.5    -0.599441038586
281.625    -0.599441038586
281.75    -0.598665705013
281.875    -0.599819689867
282.0    -0.601063829787
282.125    -0.602091597548
282.25    -0.602109628561
282.375    -0.601586729174
282.5    -0.603173458348
282.625    -0.604165164082
282.75    -0.604165164082
282.875    -0.602235845655
283.0    -0.59989181392
283.125    -0.59962134872
283.25    -0.59983772088
283.375    -0.59956725568
283.5    -0.600468806347
283.625    -0.60075730256
283.75    -0.60037865128
283.875    -0.60016227912
284.0    -0.599657410746
284.125    -0.599801658853
284.25    -0.604273350162
284.375    -0.597421565092
284.5    -0.599765596827
284.625    -0.599765596827
284.75    -0.598413270826
284.875    -0.597998557519
285.0    -0.600955643707
285.125    -0.601244139921
285.25    -0.599098449333
285.375    -0.596465921385
285.5    -0.602758745041
285.625    -0.602145690588
285.75    -0.602740714028
285.875    -0.602740714028
286.0    -0.602866931122
286.125    -0.602722683015
286.25    -0.598106743599
286.375    -0.598106743599
286.5    -0.600180310133
286.625    -0.60032455824
286.75    -0.60032455824
286.875    -0.59956725568
287.0    -0.597115037865
287.125    -0.596339704291
287.25    -0.600522899387
287.375    -0.600306527227
287.5    -0.599206635413
287.625    -0.599206635413
287.75    -0.599206635413
287.875    -0.599477100613
288.0    -0.59994590696
288.125    -0.59994590696
288.25    -0.599639379733
288.375    -0.602001442481
288.5    -0.600198341147
288.625    -0.600198341147
288.75    -0.600180310133
288.875    -0.598521456906
289.0    -0.60016227912
289.125    -0.597764154345
289.25    -0.59983772088
289.375    -0.598413270826
289.5    -0.596898665705
289.625    -0.597169130905
289.75    -0.596862603678
289.875    -0.597349441039
290.0    -0.601045798774
290.125    -0.60091958168
290.25    -0.60043274432
290.375    -0.599927875947
290.5    -0.598413270826
290.625    -0.598142805626
290.75    -0.598142805626
290.875    -0.598142805626
291.0    -0.598521456906
291.125    -0.598287053732
291.25    -0.598359177786
291.375    -0.603047241255
291.5    -0.60016227912
291.625    -0.600036062027
291.75    -0.6005409304
291.875    -0.6005409304
292.0    -0.59983772088
292.125    -0.59951316264
292.25    -0.599026325279
292.375    -0.598827984133
292.5    -0.601424450054
292.625    -0.600558961414
292.75    -0.600090155067
292.875    -0.600973674721
293.0    -0.596033177065
293.125    -0.598593580959
293.25    -0.596231518211
293.375    -0.597367472052
293.5    -0.597655968265
293.625    -0.599549224666
293.75    -0.598070681572
293.875    -0.598070681572
294.0    -0.597511720159
294.125    -0.597024882798
294.25    -0.596015146051
294.375    -0.597421565092
294.5    -0.598521456906
294.625    -0.598232960692
294.75    -0.599801658853
294.875    -0.598611611973
295.0    -0.59951316264
295.125    -0.597800216372
295.25    -0.599314821493
295.375    -0.599314821493
295.5    -0.600522899387
295.625    -0.601135953841
295.75    -0.601135953841
295.875    -0.6005409304
296.0    -0.599314821493
296.125    -0.599423007573
296.25    -0.598269022719
296.375    -0.598160836639
296.5    -0.596303642265
296.625    -0.596303642265
296.75    -0.596447890371
296.875    -0.596411828345
297.0    -0.596610169492
297.125    -0.598232960692
297.25    -0.598232960692
297.375    -0.596610169492
297.5    -0.595149657411
297.625    -0.594644789037
297.75    -0.60064911648
297.875    -0.596159394158
298.0    -0.596393797331
298.125    -0.596249549225
298.25    -0.596538045438
298.375    -0.596177425171
298.5    -0.598431301839
298.625    -0.598431301839
298.75    -0.598214929679
298.875    -0.598124774612
299.0    -0.598827984133
299.125    -0.599278759466
299.25    -0.599278759466
299.375    -0.599495131626
300.0    -0.598629642986
300.125    -0.599098449333
300.25    -0.598791922106
300.375    -0.598124774612
300.5    -0.598665705013
300.625    -0.598990263253
300.75    -0.598900108186
300.875    -0.598521456906
301.0    -0.601009736747
301.125    -0.60086548864
301.25    -0.59989181392
301.375    -0.598882077173
301.5    -0.595510277678
301.625    -0.595077533357
301.75    -0.595077533357
301.875    -0.59450054093
302.0    -0.595726649838
302.125    -0.595203750451
302.25    -0.595961053011
302.375    -0.602596465921
302.5    -0.601640822214
302.625    -0.599585286693
302.75    -0.599585286693
302.875    -0.60086548864
303.0    -0.598575549946
303.125    -0.598178867652
303.25    -0.598665705013
303.375    -0.59967544176
303.5    -0.598449332852
303.625    -0.598629642986
303.75    -0.598395239812
303.875    -0.597493689145
304.0    -0.598665705013
304.125    -0.598647673999
304.25    -0.598269022719
304.375    -0.598647673999
304.5    -0.598377208799
304.625    -0.597944464479
304.75    -0.598178867652
304.875    -0.598377208799
305.0    -0.595546339704
305.125    -0.597385503065
305.25    -0.597655968265
305.375    -0.597800216372
305.5    -0.597006851785
305.625    -0.597006851785
305.75    -0.595870897944
305.875    -0.595528308691
306.0    -0.599549224666
306.125    -0.599549224666
306.25    -0.599386945546
306.375    -0.598846015146
306.5    -0.599603317706
306.625    -0.598557518933
306.75    -0.597692030292
306.875    -0.59908041832
307.0    -0.598972232239
307.125    -0.599170573386
307.25    -0.598773891093
307.375    -0.598755860079
307.5    -0.600126217093
307.625    -0.600126217093
307.75    -0.599873782907
307.875    -0.59994590696
308.0    -0.596898665705
308.125    -0.596898665705
308.25    -0.597439596105
308.375    -0.597836278399
308.5    -0.598918139199
308.625    -0.598918139199
308.75    -0.598864046159
308.875    -0.598864046159
309.0    -0.600360620267
309.125    -0.598954201226
309.25    -0.59913451136
309.375    -0.599711503787
309.5    -0.597818247386
309.625    -0.597475658132
309.75    -0.597295347999
309.875    -0.597547782185
310.0    -0.597024882798
310.125    -0.596790479625
310.25    -0.597349441039
310.375    -0.597890371439
310.5    -0.600342589254
310.625    -0.600342589254
310.75    -0.602163721601
310.875    -0.598737829066
311.0    -0.599711503787
311.125    -0.600414713307
311.25    -0.599711503787
311.375    -0.599549224666
311.5    -0.596483952398
311.625    -0.596646231518
311.75    -0.598431301839
311.875    -0.597259285972
312.0    -0.595384060584
312.125    -0.597421565092
312.25    -0.595257843491
312.375    -0.594734944104
312.5    -0.598449332852
312.625    -0.599693472773
312.75    -0.599423007573
312.875    -0.600342589254
313.0    -0.598936170213
313.125    -0.598178867652
313.25    -0.598088712586
313.375    -0.599206635413
313.5    -0.598250991706
313.625    -0.598250991706
313.75    -0.598755860079
313.875    -0.597854309412
314.0    -0.598773891093
314.125    -0.598773891093
314.25    -0.598611611973
314.375    -0.598611611973
314.5    -0.598070681572
314.625    -0.598070681572
314.75    -0.598214929679
314.875    -0.598214929679
315.0    -0.598250991706
315.125    -0.597439596105
315.25    -0.597439596105
315.375    -0.597439596105
315.5    -0.596862603678
315.625    -0.596718355572
315.75    -0.596664262532
315.875    -0.601009736747
316.0    -0.600558961414
316.125    -0.600685178507
316.25    -0.600576992427
316.375    -0.598413270826
316.5    -0.597728092319
316.625    -0.597728092319
316.75    -0.597764154345
316.875    -0.597764154345
317.0    -0.600396682294
317.125    -0.600396682294
