0.0    0.481306990881
0.125    0.495491388045
0.25    0.48242147923
0.375    0.48242147923
0.5    0.479432624113
0.625    0.479432624113
0.75    0.479432624113
0.875    0.479432624113
1.0    0.481864235056
1.125    0.480344478217
1.25    0.480344478217
1.375    0.480344478217
1.5    0.480243161094
1.625    0.479483282675
1.75    0.477051671733
1.875    0.477203647416
2.0    0.477456940223
2.125    0.478216818642
2.25    0.478216818642
2.375    0.477963525836
2.5    0.484498480243
2.625    0.484498480243
2.75    0.484498480243
2.875    0.484498480243
3.0    0.476798378926
3.125    0.477001013171
3.25    0.477001013171
3.375    0.477001013171
3.5    0.477912867275
3.625    0.477912867275
3.75    0.477912867275
3.875    0.477912867275
4.0    0.478571428571
4.125    0.480496453901
4.25    0.480496453901
4.375    0.480496453901
4.5    0.490678824721
4.625    0.469402228977
4.75    0.48358662614
4.875    0.48358662614
5.0    0.481408308004
5.125    0.481408308004
5.25    0.481408308004
5.375    0.481408308004
5.5    0.474822695035
5.625    0.474822695035
5.75    0.489007092199
5.875    0.489007092199
6.0    0.488500506586
6.125    0.488500506586
6.25    0.488500506586
6.375    0.488500506586
6.5    0.460486322188
6.625    0.460486322188
6.75    0.486524822695
6.875    0.46524822695
7.0    0.477912867275
7.125    0.477912867275
7.25    0.477912867275
7.375    0.477912867275
7.5    0.476747720365
7.625    0.485005065856
7.75    0.485005065856
7.875    0.485005065856
8.0    0.484650455927
8.125    0.484650455927
8.25    0.484650455927
8.375    0.484650455927
8.5    0.481155015198
8.625    0.486018237082
8.75    0.481155015198
8.875    0.481155015198
9.0    0.48201621074
9.125    0.489108409321
9.25    0.489108409321
9.375    0.489108409321
9.5    0.484042553191
9.625    0.485714285714
9.75    0.485714285714
9.875    0.485714285714
10.0    0.478774062817
10.125    0.482320162107
10.25    0.482320162107
10.375    0.482320162107
10.5    0.481509625127
10.625    0.481509625127
10.75    0.481509625127
10.875    0.481509625127
11.0    0.481661600811
11.125    0.481661600811
11.25    0.481661600811
11.375    0.481661600811
11.5    0.475227963526
11.625    0.475430597771
11.75    0.475430597771
11.875    0.475430597771
12.0    0.475227963526
12.125    0.475227963526
12.25    0.475227963526
12.375    0.475227963526
12.5    0.476342451874
12.625    0.476342451874
12.75    0.476342451874
12.875    0.476342451874
13.0    0.477558257345
13.125    0.479229989868
13.25    0.479229989868
13.375    0.479229989868
13.5    0.476798378926
13.625    0.476798378926
13.75    0.476798378926
13.875    0.476798378926
14.0    0.477862208713
14.125    0.477862208713
14.25    0.477862208713
14.375    0.477862208713
14.5    0.478470111449
14.625    0.471377912867
14.75    0.471377912867
14.875    0.471377912867
15.0    0.478470111449
15.125    0.474822695035
15.25    0.474873353597
15.375    0.474873353597
15.5    0.470567375887
15.625    0.471175278622
15.75    0.489007092199
15.875    0.489007092199
16.0    0.478774062817
16.125    0.478774062817
16.25    0.478774062817
16.375    0.478774062817
16.5    0.49295845998
16.625    0.49295845998
16.75    0.49295845998
16.875    0.49295845998
17.0    0.476342451874
17.125    0.476342451874
17.25    0.476342451874
17.375    0.476342451874
17.5    0.475430597771
17.625    0.485106382979
17.75    0.485106382979
17.875    0.485106382979
18.0    0.494174265451
18.125    0.491742654509
18.25    0.491742654509
18.375    0.491742654509
18.5    0.477406281662
18.625    0.478014184397
18.75    0.478014184397
18.875    0.478014184397
19.0    0.476291793313
19.125    0.476291793313
19.25    0.476291793313
19.375    0.476291793313
19.5    0.482776089159
19.625    0.483383991895
19.75    0.483383991895
19.875    0.483383991895
20.0    0.480901722391
20.125    0.480901722391
20.25    0.480496453901
20.375    0.480496453901
20.5    0.47852077001
20.625    0.47852077001
20.75    0.483383991895
20.875    0.483232016211
21.0    0.485714285714
21.125    0.488145896657
21.25    0.48829787234
21.375    0.488348530902
21.5    0.478318135765
21.625    0.479078014184
21.75    0.478774062817
21.875    0.479381965552
22.0    0.484954407295
22.125    0.484954407295
22.25    0.484954407295
22.375    0.484954407295
22.5    0.464589665653
22.625    0.465045592705
22.75    0.465045592705
22.875    0.465552178318
23.0    0.47537993921
23.125    0.47537993921
23.25    0.47537993921
23.375    0.47537993921
23.5    0.483535967579
23.625    0.483535967579
23.75    0.483535967579
23.875    0.483535967579
24.0    0.477710233029
24.125    0.477710233029
24.25    0.477152988855
24.375    0.477152988855
24.5    0.481712259372
24.625    0.481712259372
24.75    0.481560283688
24.875    0.481560283688
25.0    0.48399189463
25.125    0.48399189463
25.25    0.48399189463
25.375    0.48399189463
25.5    0.482472137791
25.625    0.482472137791
25.75    0.482472137791
25.875    0.482472137791
26.0    0.480293819656
26.125    0.480293819656
26.25    0.480293819656
26.375    0.480293819656
26.5    0.51717325228
26.625    0.488804457953
26.75    0.48201621074
26.875    0.48201621074
27.0    0.475075987842
27.125    0.475075987842
27.25    0.475075987842
27.375    0.475075987842
27.5    0.484295845998
27.625    0.484295845998
27.75    0.484295845998
27.875    0.484295845998
28.0    0.472593718338
28.125    0.472593718338
28.25    0.471073961499
28.375    0.471073961499
28.5    0.469402228977
28.625    0.484802431611
28.75    0.484802431611
28.875    0.484802431611
29.0    0.472087132725
29.125    0.474417426545
29.25    0.474417426545
29.375    0.474417426545
29.5    0.480445795339
29.625    0.480445795339
29.75    0.480445795339
29.875    0.481053698075
30.0    0.477862208713
30.125    0.477862208713
30.25    0.477862208713
30.375    0.477862208713
30.5    0.473505572442
30.625    0.473505572442
30.75    0.473505572442
30.875    0.473505572442
31.0    0.494326241135
31.125    0.494326241135
31.25    0.491134751773
31.375    0.491134751773
31.5    0.481864235056
31.625    0.481864235056
31.75    0.481864235056
31.875    0.481864235056
32.0    0.477760891591
32.125    0.477760891591
32.25    0.477760891591
32.375    0.474670719352
32.5    0.478014184397
32.625    0.478014184397
32.75    0.478014184397
32.875    0.478014184397
33.0    0.476899696049
33.125    0.476899696049
33.25    0.476899696049
33.375    0.476899696049
33.5    0.472998986829
33.625    0.472998986829
33.75    0.472998986829
33.875    0.472998986829
34.0    0.472543059777
34.125    0.473302938197
34.25    0.472492401216
34.375    0.472492401216
34.5    0.479483282675
34.625    0.479483282675
34.75    0.479483282675
34.875    0.479483282675
35.0    0.476038500507
35.125    0.476038500507
35.25    0.476443768997
35.375    0.476443768997
35.5    0.491489361702
35.625    0.491489361702
35.75    0.491337386018
35.875    0.491337386018
36.0    0.485359675785
36.125    0.485967578521
36.25    0.485967578521
36.375    0.46484295846
36.5    0.470111448835
36.625    0.470111448835
36.75    0.470111448835
36.875    0.470111448835
37.0    0.477963525836
37.125    0.477963525836
37.25    0.477963525836
37.375    0.477963525836
37.5    0.472745694022
37.625    0.476393110436
37.75    0.476393110436
37.875    0.476393110436
38.0    0.474316109422
38.125    0.474316109422
38.25    0.474316109422
38.375    0.474569402229
38.5    0.49452887538
38.625    0.479736575481
38.75    0.476899696049
38.875    0.476899696049
39.0    0.482725430598
39.125    0.454356636272
39.25    0.482725430598
39.375    0.482725430598
39.5    0.485005065856
39.625    0.482269503546
39.75    0.485005065856
39.875    0.485005065856
40.0    0.489007092199
40.125    0.489007092199
40.25    0.489108409321
40.375    0.489108409321
40.5    0.475126646403
40.625    0.475126646403
40.75    0.47852077001
40.875    0.474772036474
41.0    0.471580547112
41.125    0.471580547112
41.25    0.471580547112
41.375    0.471580547112
41.5    0.484853090172
41.625    0.491641337386
41.75    0.470364741641
41.875    0.470618034448
42.0    0.472695035461
42.125    0.472695035461
42.25    0.473505572442
42.375    0.473505572442
42.5    0.481813576494
42.625    0.481813576494
42.75    0.481813576494
42.875    0.481661600811
43.0    0.467071935157
43.125    0.467071935157
43.25    0.467071935157
43.375    0.48789260385
43.5    0.46798378926
43.625    0.46798378926
43.75    0.46798378926
43.875    0.46798378926
44.0    0.469300911854
44.125    0.469300911854
44.25    0.469300911854
44.375    0.469300911854
44.5    0.477254305978
44.625    0.477254305978
44.75    0.477254305978
44.875    0.477254305978
45.0    0.46641337386
45.125    0.46641337386
45.25    0.46641337386
45.375    0.46641337386
45.5    0.464387031408
45.625    0.464387031408
45.75    0.464387031408
45.875    0.485207700101
46.0    0.454052684904
46.125    0.454052684904
46.25    0.454052684904
46.375    0.48242147923
46.5    0.465096251266
46.625    0.465096251266
46.75    0.483434650456
46.875    0.483434650456
47.0    0.476393110436
47.125    0.476393110436
47.25    0.476393110436
47.375    0.477001013171
47.5    0.476849037487
47.625    0.476849037487
47.75    0.476849037487
47.875    0.476849037487
48.0    0.482725430598
48.125    0.481205673759
48.25    0.481205673759
48.375    0.481205673759
48.5    0.474366767984
48.625    0.474366767984
48.75    0.469402228977
48.875    0.469402228977
49.0    0.477507598784
49.125    0.477507598784
49.25    0.478875379939
49.375    0.475835866261
49.5    0.481965552178
49.625    0.482573454914
49.75    0.481965552178
49.875    0.481965552178
50.0    0.467122593718
50.125    0.467122593718
50.25    0.467122593718
50.375    0.480243161094
50.5    0.480243161094
50.625    0.480243161094
50.75    0.480243161094
50.875    0.480243161094
51.0    0.474721377913
51.125    0.474721377913
51.25    0.474721377913
51.375    0.474721377913
51.5    0.473910840932
51.625    0.473910840932
51.75    0.473910840932
51.875    0.474822695035
52.0    0.476089159068
52.125    0.476089159068
52.25    0.476089159068
52.375    0.476089159068
52.5    0.462816616008
52.625    0.462613981763
52.75    0.462613981763
52.875    0.462613981763
53.0    0.475177304965
53.125    0.475177304965
53.25    0.475177304965
53.375    0.475177304965
53.5    0.476291793313
53.625    0.476291793313
53.75    0.476291793313
53.875    0.476291793313
54.0    0.476899696049
54.125    0.476899696049
54.25    0.476899696049
54.375    0.477152988855
54.5    0.484093211753
54.625    0.484093211753
54.75    0.484093211753
54.875    0.484093211753
55.0    0.455217831814
55.125    0.455217831814
55.25    0.455217831814
55.375    0.461499493414
55.5    0.477811550152
55.625    0.449442755826
55.75    0.449442755826
55.875    0.449442755826
56.0    0.461296859169
56.125    0.461296859169
56.25    0.461296859169
56.375    0.461296859169
56.5    0.47695035461
56.625    0.47695035461
56.75    0.475126646403
56.875    0.475278622087
57.0    0.459270516717
57.125    0.459270516717
57.25    0.459270516717
57.375    0.459270516717
57.5    0.489614994934
57.625    0.489817629179
57.75    0.489817629179
57.875    0.482725430598
58.0    0.453799392097
58.125    0.453799392097
58.25    0.453799392097
58.375    0.454559270517
58.5    0.485663627153
58.625    0.485663627153
58.75    0.485663627153
58.875    0.485663627153
59.0    0.46717325228
59.125    0.46717325228
59.25    0.46717325228
59.375    0.46717325228
59.5    0.468844984802
59.625    0.468844984802
59.75    0.468844984802
59.875    0.483029381966
60.0    0.475937183384
60.125    0.475937183384
60.25    0.475937183384
60.375    0.476089159068
60.5    0.476747720365
60.625    0.476899696049
60.75    0.477203647416
60.875    0.477203647416
61.0    0.443870314083
61.125    0.465045592705
61.25    0.466058763931
61.375    0.466058763931
61.5    0.462816616008
61.625    0.462816616008
61.75    0.462816616008
61.875    0.462816616008
62.0    0.465602836879
62.125    0.465602836879
62.25    0.462765957447
62.375    0.462816616008
62.5    0.464944275583
62.625    0.464944275583
62.75    0.464944275583
62.875    0.464944275583
63.0    0.463931104357
63.125    0.463931104357
63.25    0.463931104357
63.375    0.463931104357
63.5    0.48242147923
63.625    0.48242147923
63.75    0.48242147923
63.875    0.48242147923
64.0    0.453698074975
64.125    0.453698074975
64.25    0.465653495441
64.375    0.453698074975
64.5    0.454002026342
64.625    0.463323201621
64.75    0.463323201621
64.875    0.463323201621
65.0    0.470010131712
65.125    0.470010131712
65.25    0.466514690983
65.375    0.466514690983
65.5    0.477304964539
65.625    0.477304964539
65.75    0.476747720365
65.875    0.4773556231
66.0    0.462664640324
66.125    0.462664640324
66.25    0.462664640324
66.375    0.462664640324
66.5    0.466058763931
66.625    0.466058763931
66.75    0.456737588652
66.875    0.466058763931
67.0    0.462360688956
67.125    0.462462006079
67.25    0.462462006079
67.375    0.461195542047
67.5    0.464488348531
67.625    0.464690982776
67.75    0.474012158055
67.875    0.469351570415
68.0    0.464994934144
68.125    0.465450861196
68.25    0.465450861196
68.375    0.465450861196
68.5    0.46170212766
68.625    0.46170212766
68.75    0.463373860182
68.875    0.463373860182
69.0    0.483789260385
69.125    0.481965552178
69.25    0.481965552178
69.375    0.481965552178
69.5    0.464690982776
69.625    0.464690982776
69.75    0.470516717325
69.875    0.449240121581
70.0    0.463525835866
70.125    0.463525835866
70.25    0.463475177305
70.375    0.464032421479
70.5    0.456534954407
70.625    0.456534954407
70.75    0.456534954407
70.875    0.456534954407
71.0    0.45233029382
71.125    0.451215805471
71.25    0.463981762918
71.375    0.463981762918
71.5    0.46327254306
71.625    0.46327254306
71.75    0.46327254306
71.875    0.46327254306
72.0    0.470972644377
72.125    0.470972644377
72.25    0.470972644377
72.375    0.470972644377
72.5    0.468135764944
72.625    0.468135764944
72.75    0.468135764944
72.875    0.463120567376
73.0    0.467071935157
73.125    0.467071935157
73.25    0.467071935157
73.375    0.467071935157
73.5    0.473556231003
73.625    0.472036474164
73.75    0.472036474164
73.875    0.472036474164
74.0    0.468541033435
74.125    0.468490374873
74.25    0.468490374873
74.375    0.468490374873
74.5    0.488601823708
74.625    0.488601823708
74.75    0.488601823708
74.875    0.488601823708
75.0    0.466717325228
75.125    0.468135764944
75.25    0.468135764944
75.375    0.468135764944
75.5    0.463424518744
75.625    0.463424518744
75.75    0.463424518744
75.875    0.455015197568
76.0    0.465704154002
76.125    0.465704154002
76.25    0.465704154002
76.375    0.465754812563
76.5    0.479736575481
76.625    0.46717325228
76.75    0.500861195542
76.875    0.49376899696
77.0    0.456788247214
77.125    0.456788247214
77.25    0.456788247214
77.375    0.456788247214
77.5    0.464792299899
77.625    0.466616008105
77.75    0.467375886525
77.875    0.467375886525
78.0    0.454457953394
78.125    0.454457953394
78.25    0.454457953394
78.375    0.454457953394
78.5    0.469250253293
78.625    0.469250253293
78.75    0.469250253293
78.875    0.457852077001
79.0    0.464387031408
79.125    0.46484295846
79.25    0.459523809524
79.375    0.459979736575
79.5    0.464741641337
79.625    0.464741641337
79.75    0.464741641337
79.875    0.464741641337
80.0    0.471985815603
80.125    0.471833839919
80.25    0.451874366768
80.375    0.470567375887
80.5    0.464488348531
80.625    0.464488348531
80.75    0.459625126646
80.875    0.452532928065
81.0    0.452026342452
81.125    0.456889564336
81.25    0.456889564336
81.375    0.452026342452
81.5    0.474316109422
81.625    0.474164133739
81.75    0.474164133739
81.875    0.452887537994
82.0    0.463576494428
82.125    0.463221884498
82.25    0.463221884498
82.375    0.463221884498
82.5    0.4726443769
82.625    0.462310030395
82.75    0.462310030395
82.875    0.462310030395
83.0    0.462613981763
83.125    0.462613981763
83.25    0.462613981763
83.375    0.462613981763
83.5    0.465146909828
83.625    0.472239108409
83.75    0.472239108409
83.875    0.47147922999
84.0    0.479381965552
84.125    0.47811550152
84.25    0.47811550152
84.375    0.477862208713
84.5    0.46094224924
84.625    0.46094224924
84.75    0.46094224924
84.875    0.465957446809
85.0    0.465045592705
85.125    0.465045592705
85.25    0.461803444782
85.375    0.465805471125
85.5    0.468135764944
85.625    0.468135764944
85.75    0.468135764944
85.875    0.467679837893
86.0    0.470010131712
86.125    0.470010131712
86.25    0.468490374873
86.375    0.47031408308
86.5    0.477102330294
86.625    0.477102330294
86.75    0.477102330294
86.875    0.477102330294
87.0    0.451975683891
87.125    0.451975683891
87.25    0.45390070922
87.375    0.45390070922
87.5    0.46327254306
87.625    0.46327254306
87.75    0.46327254306
87.875    0.455927051672
88.0    0.466160081054
88.125    0.466160081054
88.25    0.461904761905
88.375    0.461904761905
88.5    0.460283687943
88.625    0.460283687943
88.75    0.460283687943
88.875    0.460283687943
89.0    0.466109422492
89.125    0.470466058764
89.25    0.466109422492
89.375    0.466109422492
89.5    0.461347517731
89.625    0.461347517731
89.75    0.461347517731
89.875    0.464994934144
90.0    0.460891590679
90.125    0.460739614995
90.25    0.460739614995
90.375    0.460891590679
90.5    0.462613981763
90.625    0.462613981763
90.75    0.455927051672
90.875    0.455927051672
91.0    0.463475177305
91.125    0.463323201621
91.25    0.463323201621
91.375    0.467122593718
91.5    0.454761904762
91.625    0.454761904762
91.75    0.454761904762
91.875    0.455116514691
92.0    0.461094224924
92.125    0.461094224924
92.25    0.461094224924
92.375    0.461094224924
92.5    0.460587639311
92.625    0.460587639311
92.75    0.460587639311
92.875    0.460587639311
93.0    0.464083080041
93.125    0.464083080041
93.25    0.464083080041
93.375    0.464083080041
93.5    0.46798378926
93.625    0.467831813576
93.75    0.467831813576
93.875    0.46798378926
94.0    0.471428571429
94.125    0.471783181358
94.25    0.471175278622
94.375    0.471175278622
94.5    0.471529888551
94.625    0.471529888551
94.75    0.471529888551
94.875    0.471681864235
95.0    0.461398176292
95.125    0.453191489362
95.25    0.45861195542
95.375    0.455369807497
95.5    0.461195542047
95.625    0.461195542047
95.75    0.461195542047
95.875    0.461195542047
96.0    0.459523809524
96.125    0.459523809524
96.25    0.459979736575
96.375    0.459321175279
96.5    0.466514690983
96.625    0.466666666667
96.75    0.471225937183
96.875    0.471225937183
97.0    0.466464032421
97.125    0.46367781155
97.25    0.46367781155
97.375    0.46641337386
97.5    0.453039513678
97.625    0.451215805471
97.75    0.453748733536
97.875    0.454103343465
98.0    0.470060790274
98.125    0.469452887538
98.25    0.466616008105
98.375    0.470415400203
98.5    0.461398176292
98.625    0.461550151976
98.75    0.461550151976
98.875    0.461550151976
99.0    0.46798378926
99.125    0.469402228977
99.25    0.468034447822
99.375    0.468034447822
99.5    0.460739614995
99.625    0.461347517731
99.75    0.462006079027
99.875    0.459827760892
100.0    0.45937183384
100.125    0.45937183384
100.25    0.45937183384
100.375    0.45937183384
100.5    0.46874366768
100.625    0.457345491388
100.75    0.457345491388
100.875    0.45663627153
101.0    0.460435663627
101.125    0.460435663627
101.25    0.460435663627
101.375    0.460435663627
101.5    0.456129685917
101.625    0.456129685917
101.75    0.456129685917
101.875    0.466869300912
102.0    0.459929078014
102.125    0.459929078014
102.25    0.459929078014
102.375    0.459929078014
102.5    0.453444782168
102.625    0.46757852077
102.75    0.473100303951
102.875    0.4726443769
103.0    0.46251266464
103.125    0.46251266464
103.25    0.46251266464
103.375    0.434295845998
103.5    0.475582573455
103.625    0.47031408308
103.75    0.47031408308
103.875    0.47031408308
104.0    0.456889564336
104.125    0.456889564336
104.25    0.456889564336
104.375    0.456889564336
104.5    0.470618034448
104.625    0.469655521783
104.75    0.471225937183
104.875    0.471225937183
105.0    0.48085106383
105.125    0.48085106383
105.25    0.48085106383
105.375    0.473758865248
105.5    0.447467071935
105.625    0.447467071935
105.75    0.448226950355
105.875    0.448226950355
106.0    0.45390070922
106.125    0.45390070922
106.25    0.454964539007
106.375    0.454964539007
106.5    0.463424518744
106.625    0.463424518744
106.75    0.464133738602
106.875    0.464133738602
107.0    0.462968591692
107.125    0.465045592705
107.25    0.465045592705
107.375    0.465045592705
107.5    0.461043566363
107.625    0.461043566363
107.75    0.463880445795
107.875    0.45587639311
108.0    0.478064842958
108.125    0.478064842958
108.25    0.478064842958
108.375    0.470415400203
108.5    0.475582573455
108.625    0.475886524823
108.75    0.468693009119
108.875    0.468844984802
109.0    0.455015197568
109.125    0.455015197568
109.25    0.451519756839
109.375    0.45587639311
109.5    0.461448834853
109.625    0.461499493414
109.75    0.461499493414
109.875    0.461499493414
110.0    0.466312056738
110.125    0.466312056738
110.25    0.466464032421
110.375    0.466261398176
110.5    0.464893617021
110.625    0.464893617021
110.75    0.464893617021
110.875    0.464893617021
111.0    0.4726443769
111.125    0.4726443769
111.25    0.469554204661
111.375    0.469554204661
111.5    0.45820668693
111.625    0.457902735562
111.75    0.457902735562
111.875    0.458510638298
112.0    0.459574468085
112.125    0.459574468085
112.25    0.458915906788
112.375    0.456585612969
112.5    0.466261398176
112.625    0.466261398176
112.75    0.466261398176
112.875    0.466261398176
113.0    0.465349544073
113.125    0.465349544073
113.25    0.465349544073
113.375    0.464589665653
113.5    0.462259371834
113.625    0.46210739615
113.75    0.46210739615
113.875    0.46600810537
114.0    0.448378926039
114.125    0.469655521783
114.25    0.477051671733
114.375    0.45780141844
114.5    0.460739614995
114.625    0.460739614995
114.75    0.460739614995
114.875    0.460739614995
115.0    0.451519756839
115.125    0.451317122594
115.25    0.454356636272
115.375    0.451621073962
115.5    0.460385005066
115.625    0.460385005066
115.75    0.46053698075
115.875    0.46053698075
116.0    0.461752786221
116.125    0.45977710233
116.25    0.45977710233
116.375    0.463424518744
116.5    0.463323201621
116.625    0.463019250253
116.75    0.463019250253
116.875    0.463019250253
117.0    0.46170212766
117.125    0.46170212766
117.25    0.461854103343
117.375    0.46210739615
117.5    0.457497467072
117.625    0.460131712259
117.75    0.458865248227
117.875    0.457953394124
118.0    0.440121580547
118.125    0.440729483283
118.25    0.469098277609
118.375    0.462816616008
118.5    0.438196555218
118.625    0.474012158055
118.75    0.474265450861
118.875    0.439159067882
119.0    0.453748733536
119.125    0.453748733536
119.25    0.453748733536
119.375    0.453748733536
120.0    0.460840932118
120.125    0.460840932118
120.25    0.460840932118
120.375    0.460840932118
120.5    0.4531408308
120.625    0.459422492401
120.75    0.459422492401
120.875    0.459523809524
121.0    0.459625126646
121.125    0.459675785208
121.25    0.459675785208
121.375    0.459726443769
121.5    0.45547112462
121.625    0.462613981763
121.75    0.464336372847
121.875    0.464336372847
122.0    0.472543059777
122.125    0.471985815603
122.25    0.443617021277
122.375    0.467679837893
122.5    0.456737588652
122.625    0.458105369807
122.75    0.458662613982
122.875    0.459118541033
123.0    0.453090172239
123.125    0.448226950355
123.25    0.44376899696
123.375    0.44295845998
123.5    0.445238095238
123.625    0.455977710233
123.75    0.456737588652
123.875    0.456737588652
124.0    0.448277608916
124.125    0.451722391084
124.25    0.447821681864
124.375    0.441286727457
124.5    0.455116514691
124.625    0.45780141844
124.75    0.458004052685
124.875    0.459827760892
125.0    0.447112462006
125.125    0.447112462006
125.25    0.4468591692
125.375    0.4468591692
125.5    0.473758865248
125.625    0.45977710233
125.75    0.45977710233
125.875    0.454609929078
126.0    0.456180344478
126.125    0.446605876393
126.25    0.45623100304
126.375    0.446909827761
126.5    0.451367781155
126.625    0.451367781155
126.75    0.452786220871
126.875    0.452786220871
127.0    0.468237082067
127.125    0.453850050659
127.25    0.453850050659
127.375    0.453850050659
127.5    0.455015197568
127.625    0.455369807497
127.75    0.464589665653
127.875    0.456079027356
128.0    0.454154002026
128.125    0.435460992908
128.25    0.457750759878
128.375    0.457446808511
128.5    0.461144883485
128.625    0.461144883485
128.75    0.461144883485
128.875    0.461144883485
129.0    0.459017223911
129.125    0.469807497467
129.25    0.465197568389
129.375    0.463829787234
129.5    0.466312056738
129.625    0.462360688956
129.75    0.462208713273
129.875    0.462208713273
130.0    0.465400202634
130.125    0.456079027356
130.25    0.465400202634
130.375    0.465400202634
130.5    0.475430597771
130.625    0.475177304965
130.75    0.468085106383
130.875    0.468693009119
131.0    0.457446808511
131.125    0.457294832827
131.25    0.457294832827
131.375    0.458510638298
131.5    0.457142857143
131.625    0.457142857143
131.75    0.461398176292
131.875    0.432472137791
132.0    0.444630192503
132.125    0.444630192503
132.25    0.448328267477
132.375    0.449341438703
132.5    0.472998986829
132.625    0.472998986829
132.75    0.4726443769
132.875    0.462613981763
133.0    0.462462006079
133.125    0.462462006079
133.25    0.462208713273
133.375    0.462208713273
133.5    0.462613981763
133.625    0.462715298885
133.75    0.463171225937
133.875    0.46053698075
134.0    0.445744680851
134.125    0.445896656535
134.25    0.44609929078
134.375    0.445896656535
134.5    0.442806484296
134.625    0.443414387031
134.75    0.443414387031
134.875    0.442806484296
135.0    0.45116514691
135.125    0.446757852077
135.25    0.446757852077
135.375    0.444832826748
135.5    0.451925025329
135.625    0.451925025329
135.75    0.451925025329
135.875    0.451925025329
136.0    0.448024316109
136.125    0.448024316109
136.25    0.480395136778
136.375    0.446149949341
136.5    0.461043566363
136.625    0.461296859169
136.75    0.461296859169
136.875    0.461904761905
137.0    0.445440729483
137.125    0.445440729483
137.25    0.445592705167
137.375    0.445997973658
137.5    0.468541033435
137.625    0.440881458967
137.75    0.440881458967
137.875    0.440881458967
138.0    0.448024316109
138.125    0.448024316109
138.25    0.448024316109
138.375    0.448024316109
138.5    0.449240121581
138.625    0.446048632219
138.75    0.446048632219
138.875    0.446048632219
139.0    0.478014184397
139.125    0.471681864235
139.25    0.471681864235
139.375    0.464994934144
139.5    0.444984802432
139.625    0.445136778115
139.75    0.435815602837
139.875    0.446960486322
140.0    0.439108409321
140.125    0.467477203647
140.25    0.457548125633
140.375    0.457548125633
140.5    0.449797365755
140.625    0.451469098278
140.75    0.452836879433
140.875    0.452836879433
141.0    0.452836879433
141.125    0.456585612969
141.25    0.454660587639
141.375    0.454660587639
141.5    0.44569402229
141.625    0.44569402229
141.75    0.446808510638
141.875    0.451925025329
142.0    0.444174265451
142.125    0.459878419453
142.25    0.478926038501
142.375    0.446605876393
142.5    0.452127659574
142.625    0.452583586626
142.75    0.451519756839
142.875    0.451519756839
143.0    0.457953394124
143.125    0.454356636272
143.25    0.460435663627
143.375    0.451266464032
143.5    0.448024316109
143.625    0.451823708207
143.75    0.446757852077
143.875    0.457142857143
144.0    0.457193515704
144.125    0.441134751773
144.25    0.442249240122
144.375    0.439564336373
144.5    0.460688956434
144.625    0.450607902736
144.75    0.448176291793
144.875    0.446960486322
145.0    0.453546099291
145.125    0.450455927052
145.25    0.433282674772
145.375    0.457750759878
145.5    0.460131712259
145.625    0.455420466059
145.75    0.457396149949
145.875    0.443414387031
146.0    0.455623100304
146.125    0.434346504559
146.25    0.43085106383
146.375    0.445795339412
146.5    0.442806484296
146.625    0.461803444782
146.75    0.461803444782
146.875    0.460131712259
147.0    0.448074974671
147.125    0.44959473151
147.25    0.446707193516
147.375    0.440020263425
147.5    0.44569402229
147.625    0.44569402229
147.75    0.438855116515
147.875    0.449189463019
148.0    0.456281661601
148.125    0.456889564336
148.25    0.458105369807
148.375    0.455217831814
148.5    0.46524822695
148.625    0.470516717325
148.75    0.473505572442
148.875    0.472441742655
149.0    0.455521783181
149.125    0.455977710233
149.25    0.455977710233
149.375    0.455977710233
149.5    0.437841945289
149.625    0.437841945289
149.75    0.445744680851
149.875    0.46210739615
150.0    0.449341438703
150.125    0.456382978723
150.25    0.456433637285
150.375    0.447922998987
150.5    0.477102330294
150.625    0.448986828774
150.75    0.4484295846
150.875    0.444782168186
151.0    0.444427558257
151.125    0.444427558257
151.25    0.444427558257
151.375    0.444427558257
151.5    0.431914893617
151.625    0.432117527862
151.75    0.452786220871
151.875    0.454356636272
152.0    0.442857142857
152.125    0.456990881459
152.25    0.450607902736
152.375    0.450607902736
152.5    0.418541033435
152.625    0.418541033435
152.75    0.418541033435
152.875    0.437993920973
153.0    0.447568389058
153.125    0.447568389058
153.25    0.459523809524
153.375    0.446960486322
153.5    0.446149949341
153.625    0.457700101317
153.75    0.460131712259
153.875    0.459574468085
154.0    0.441540020263
154.125    0.454812563323
154.25    0.45116514691
154.375    0.445187436677
154.5    0.452380952381
154.625    0.453495440729
154.75    0.453495440729
154.875    0.453495440729
155.0    0.456180344478
155.125    0.455825734549
155.25    0.457294832827
155.375    0.455116514691
155.5    0.449088145897
155.625    0.448632218845
155.75    0.448632218845
155.875    0.448632218845
156.0    0.442249240122
156.125    0.442249240122
156.25    0.442249240122
156.375    0.441945288754
156.5    0.447619047619
156.625    0.447416413374
156.75    0.447416413374
156.875    0.447922998987
157.0    0.460385005066
157.125    0.461347517731
157.25    0.463069908815
157.375    0.463171225937
157.5    0.446757852077
157.625    0.443414387031
157.75    0.434093211753
157.875    0.443870314083
158.0    0.440780141844
158.125    0.42654508612
158.25    0.447821681864
158.375    0.448226950355
158.5    0.446048632219
158.625    0.444680851064
158.75    0.444427558257
158.875    0.444883485309
159.0    0.448125633232
159.125    0.444072948328
159.25    0.444680851064
159.375    0.444680851064
159.5    0.455825734549
159.625    0.455217831814
159.75    0.432674772036
159.875    0.435106382979
160.0    0.441742654509
160.125    0.440729483283
160.25    0.445238095238
160.375    0.445947315096
160.5    0.453191489362
160.625    0.451367781155
160.75    0.451367781155
160.875    0.451367781155
161.0    0.445390070922
161.125    0.445896656535
161.25    0.447517730496
161.375    0.447517730496
161.5    0.450101317123
161.625    0.450101317123
161.75    0.450101317123
161.875    0.451925025329
162.0    0.459169199595
162.125    0.459169199595
162.25    0.459067882472
162.375    0.44959473151
162.5    0.451469098278
162.625    0.451469098278
162.75    0.451469098278
162.875    0.45390070922
163.0    0.449037487335
163.125    0.449797365755
163.25    0.42852077001
163.375    0.449240121581
163.5    0.437791286727
163.625    0.459574468085
163.75    0.460283687943
163.875    0.460739614995
164.0    0.443617021277
164.125    0.455521783181
164.25    0.457446808511
164.375    0.450354609929
164.5    0.447467071935
164.625    0.447467071935
164.75    0.444984802432
164.875    0.445187436677
165.0    0.453292806484
165.125    0.454103343465
165.25    0.450455927052
165.375    0.446656534954
165.5    0.457294832827
165.625    0.466160081054
165.75    0.427558257345
165.875    0.46170212766
166.0    0.457294832827
166.125    0.450202634245
166.25    0.450202634245
166.375    0.450202634245
166.5    0.449037487335
166.625    0.449037487335
166.75    0.454812563323
166.875    0.454913880446
167.0    0.460233029382
167.125    0.461600810537
167.25    0.467071935157
167.375    0.439361702128
167.5    0.458814589666
167.625    0.45116514691
167.75    0.4515704154
167.875    0.425329280648
168.0    0.445643363728
168.125    0.44569402229
168.25    0.447771023303
168.375    0.447771023303
168.5    0.436271529889
168.625    0.436271529889
168.75    0.436271529889
168.875    0.436271529889
169.0    0.442350557244
169.125    0.442350557244
169.25    0.444984802432
169.375    0.416616008105
169.5    0.450557244174
169.625    0.450557244174
169.75    0.454204660588
169.875    0.451317122594
170.0    0.447872340426
170.125    0.44766970618
170.25    0.449848024316
170.375    0.446504559271
170.5    0.45506585613
170.625    0.455217831814
170.75    0.455217831814
170.875    0.455217831814
171.0    0.45390070922
171.125    0.45390070922
171.25    0.45390070922
171.375    0.45390070922
171.5    0.450962512665
171.625    0.450962512665
171.75    0.448024316109
171.875    0.419655521783
172.0    0.441540020263
172.125    0.44959473151
172.25    0.439868287741
172.375    0.437740628166
172.5    0.448480243161
172.625    0.446757852077
172.75    0.455015197568
172.875    0.46757852077
173.0    0.448986828774
173.125    0.44883485309
173.25    0.44609929078
173.375    0.44609929078
173.5    0.450709219858
173.625    0.449037487335
173.75    0.420668693009
173.875    0.449037487335
174.0    0.447821681864
174.125    0.449290780142
174.25    0.439361702128
174.375    0.445744680851
174.5    0.445947315096
174.625    0.445947315096
174.75    0.445947315096
174.875    0.445542046606
175.0    0.437943262411
175.125    0.437943262411
175.25    0.43789260385
175.375    0.456686930091
175.5    0.443009118541
175.625    0.421073961499
175.75    0.433839918946
175.875    0.449138804458
176.0    0.445947315096
176.125    0.445947315096
176.25    0.445947315096
176.375    0.453039513678
176.5    0.44295845998
176.625    0.44295845998
176.75    0.443515704154
176.875    0.443515704154
177.0    0.440526849037
177.125    0.440526849037
177.25    0.441742654509
177.375    0.441742654509
177.5    0.445187436677
177.625    0.445795339412
177.75    0.438703140831
177.875    0.445896656535
178.0    0.434954407295
178.125    0.43475177305
178.25    0.43475177305
178.375    0.435005065856
178.5    0.450050658561
178.625    0.471327254306
178.75    0.447112462006
178.875    0.445744680851
179.0    0.424468085106
179.125    0.424468085106
179.25    0.423150962513
179.375    0.437335359676
180.0    0.451013171226
180.125    0.449746707194
180.25    0.450354609929
180.375    0.450050658561
180.5    0.426899696049
180.625    0.426849037487
180.75    0.426241134752
180.875    0.426241134752
181.0    0.461803444782
181.125    0.454711246201
181.25    0.439361702128
181.375    0.40390070922
181.5    0.446656534954
181.625    0.446656534954
181.75    0.443262411348
181.875    0.443262411348
182.0    0.444630192503
182.125    0.451722391084
182.25    0.430597771023
182.375    0.451773049645
182.5    0.453090172239
182.625    0.451114488349
182.75    0.453546099291
182.875    0.443262411348
183.0    0.426291793313
183.125    0.427507598784
183.25    0.427558257345
183.375    0.425531914894
183.5    0.452279635258
183.625    0.452279635258
183.75    0.43358662614
183.875    0.43358662614
184.0    0.441438703141
184.125    0.445086119554
184.25    0.445086119554
184.375    0.451621073962
184.5    0.444782168186
184.625    0.444832826748
184.75    0.442097264438
184.875    0.440729483283
185.0    0.429432624113
185.125    0.431408308004
185.25    0.428014184397
185.375    0.428166160081
185.5    0.428774062817
185.625    0.428774062817
185.75    0.428774062817
185.875    0.428774062817
186.0    0.43475177305
186.125    0.435866261398
186.25    0.436271529889
186.375    0.436271529889
186.5    0.450759878419
186.625    0.450759878419
186.75    0.432978723404
186.875    0.431408308004
187.0    0.436372847011
187.125    0.436524822695
187.25    0.436524822695
187.375    0.432877406282
187.5    0.432573454914
187.625    0.432573454914
187.75    0.432573454914
187.875    0.432573454914
188.0    0.425734549139
188.125    0.425734549139
188.25    0.425734549139
188.375    0.427051671733
188.5    0.430344478217
188.625    0.439665653495
188.75    0.430344478217
188.875    0.428976697062
189.0    0.445440729483
189.125    0.445592705167
189.25    0.444782168186
189.375    0.446149949341
189.5    0.434397163121
189.625    0.434397163121
189.75    0.434397163121
189.875    0.434397163121
190.0    0.438753799392
190.125    0.438753799392
190.25    0.438753799392
190.375    0.438753799392
190.5    0.435612968592
190.625    0.433181357649
190.75    0.433181357649
190.875    0.438044579534
191.0    0.431762917933
191.125    0.422441742655
191.25    0.431762917933
191.375    0.436626139818
191.5    0.457548125633
191.625    0.437386018237
191.75    0.437943262411
191.875    0.43789260385
192.0    0.425835866261
192.125    0.425835866261
192.25    0.425835866261
192.375    0.426038500507
192.5    0.451773049645
192.625    0.431104356636
192.75    0.430496453901
192.875    0.430648429585
193.0    0.424569402229
193.125    0.433434650456
193.25    0.433232016211
193.375    0.433232016211
193.5    0.451874366768
193.625    0.451874366768
193.75    0.451975683891
193.875    0.451975683891
194.0    0.43358662614
194.125    0.43358662614
194.25    0.433687943262
194.375    0.430040526849
194.5    0.429381965552
194.625    0.429381965552
194.75    0.429381965552
194.875    0.429888551165
195.0    0.421073961499
195.125    0.421073961499
195.25    0.421073961499
195.375    0.425278622087
195.5    0.440172239108
195.625    0.441134751773
195.75    0.441134751773
195.875    0.440374873354
196.0    0.432624113475
196.125    0.432624113475
196.25    0.432624113475
196.375    0.432472137791
196.5    0.456534954407
196.625    0.45663627153
196.75    0.441185410334
196.875    0.432776089159
197.0    0.433941236069
197.125    0.432472137791
197.25    0.432472137791
197.375    0.432472137791
197.5    0.438855116515
197.625    0.438855116515
197.75    0.438855116515
197.875    0.439614994934
198.0    0.428875379939
198.125    0.428064842958
198.25    0.429432624113
198.375    0.429432624113
198.5    0.429787234043
198.625    0.429483282675
198.75    0.43009118541
198.875    0.43009118541
199.0    0.431712259372
199.125    0.434143870314
199.25    0.432928064843
199.375    0.432978723404
199.5    0.431712259372
199.625    0.431712259372
199.75    0.431712259372
199.875    0.432218844985
200.0    0.425430597771
200.125    0.425430597771
200.25    0.425430597771
200.375    0.423606889564
200.5    0.439665653495
200.625    0.439665653495
200.75    0.443566362715
200.875    0.443566362715
201.0    0.450911854103
201.125    0.450911854103
201.25    0.446048632219
201.375    0.446048632219
201.5    0.419047619048
201.625    0.422695035461
201.75    0.422695035461
201.875    0.433890577508
202.0    0.434498480243
202.125    0.434498480243
202.25    0.435410334346
202.375    0.433181357649
202.5    0.43399189463
202.625    0.43399189463
202.75    0.433333333333
202.875    0.433637284701
203.0    0.424316109422
203.125    0.424316109422
203.25    0.4242147923
203.375    0.4242147923
203.5    0.428926038501
203.625    0.428926038501
203.75    0.426139817629
203.875    0.426139817629
204.0    0.441084093212
204.125    0.44179331307
204.25    0.443110435664
204.375    0.442755825735
204.5    0.440020263425
204.625    0.440020263425
204.75    0.432117527862
204.875    0.432117527862
205.0    0.432370820669
205.125    0.435460992908
205.25    0.435460992908
205.375    0.432522796353
205.5    0.423758865248
205.625    0.423758865248
205.75    0.428622087133
205.875    0.424164133739
206.0    0.415400202634
206.125    0.436119554205
206.25    0.433130699088
206.375    0.433181357649
206.5    0.427507598784
206.625    0.427507598784
206.75    0.427811550152
206.875    0.428267477204
207.0    0.433789260385
207.125    0.43201621074
207.25    0.433839918946
207.375    0.433839918946
207.5    0.431408308004
207.625    0.431408308004
207.75    0.431408308004
207.875    0.431053698075
208.0    0.432320162107
208.125    0.432320162107
208.25    0.432168186424
208.375    0.432168186424
208.5    0.42811550152
208.625    0.42811550152
208.75    0.42811550152
208.875    0.429939209726
209.0    0.431661600811
209.125    0.431661600811
209.25    0.430344478217
209.375    0.42852077001
209.5    0.430395136778
209.625    0.430293819656
209.75    0.436930091185
209.875    0.436930091185
210.0    0.430547112462
210.125    0.430547112462
210.25    0.430547112462
210.375    0.430901722391
210.5    0.438095238095
210.625    0.438095238095
210.75    0.438095238095
210.875    0.438095238095
211.0    0.426089159068
211.125    0.426139817629
211.25    0.427406281662
211.375    0.427406281662
211.5    0.436879432624
211.625    0.437132725431
211.75    0.437132725431
211.875    0.437132725431
212.0    0.425025329281
212.125    0.425025329281
212.25    0.42304964539
212.375    0.42380952381
212.5    0.440070921986
212.625    0.440070921986
212.75    0.440070921986
212.875    0.418794326241
213.0    0.432725430598
213.125    0.432725430598
213.25    0.43475177305
213.375    0.43475177305
213.5    0.420212765957
213.625    0.420212765957
213.75    0.420212765957
213.875    0.418693009119
214.0    0.439007092199
214.125    0.439007092199
214.25    0.439007092199
214.375    0.43201621074
214.5    0.43399189463
214.625    0.43399189463
214.75    0.434498480243
214.875    0.434498480243
215.0    0.435866261398
215.125    0.435866261398
215.25    0.435866261398
215.375    0.43556231003
215.5    0.423961499493
215.625    0.424417426545
215.75    0.424417426545
215.875    0.424113475177
216.0    0.427608915907
216.125    0.429078014184
216.25    0.429078014184
216.375    0.42852077001
216.5    0.424670719352
216.625    0.424670719352
216.75    0.429483282675
216.875    0.429483282675
217.0    0.419351570415
217.125    0.422188449848
217.25    0.422188449848
217.375    0.422188449848
217.5    0.42928064843
217.625    0.42928064843
217.75    0.42928064843
217.875    0.42928064843
218.0    0.43358662614
218.125    0.432776089159
218.25    0.432776089159
218.375    0.432776089159
218.5    0.421073961499
218.625    0.421073961499
218.75    0.420921985816
218.875    0.420921985816
219.0    0.431306990881
219.125    0.431306990881
219.25    0.431306990881
219.375    0.43085106383
219.5    0.419452887538
219.625    0.419452887538
219.75    0.419452887538
219.875    0.41990881459
220.0    0.4226443769
220.125    0.423404255319
220.25    0.423404255319
220.375    0.423404255319
220.5    0.424670719352
220.625    0.424670719352
220.75    0.424670719352
220.875    0.428318135765
221.0    0.426241134752
221.125    0.426241134752
221.25    0.426849037487
221.375    0.426849037487
221.5    0.429381965552
221.625    0.428419452888
221.75    0.428419452888
221.875    0.42928064843
222.0    0.426899696049
222.125    0.426646403242
222.25    0.424974670719
222.375    0.424974670719
222.5    0.43556231003
222.625    0.43556231003
222.75    0.43556231003
222.875    0.43556231003
223.0    0.424721377913
223.125    0.437537993921
223.25    0.438044579534
223.375    0.430800405268
223.5    0.431003039514
223.625    0.431003039514
223.75    0.431003039514
223.875    0.431003039514
224.0    0.419858156028
224.125    0.432269503546
224.25    0.432269503546
224.375    0.429331306991
224.5    0.416717325228
224.625    0.416717325228
224.75    0.416616008105
224.875    0.416616008105
225.0    0.426494427558
225.125    0.426494427558
225.25    0.426494427558
225.375    0.427102330294
225.5    0.430597771023
225.625    0.430597771023
225.75    0.402228976697
225.875    0.402279635258
226.0    0.427507598784
226.125    0.427507598784
226.25    0.427507598784
226.375    0.427507598784
226.5    0.415045592705
226.625    0.415045592705
226.75    0.414589665653
226.875    0.414589665653
227.0    0.435612968592
227.125    0.435612968592
227.25    0.426291793313
227.375    0.426291793313
227.5    0.416210739615
227.625    0.412310030395
227.75    0.416919959473
227.875    0.417071935157
228.0    0.428723404255
228.125    0.429533941236
228.25    0.428166160081
228.375    0.428470111449
228.5    0.431813576494
228.625    0.431813576494
228.75    0.431813576494
228.875    0.411448834853
229.0    0.409321175279
229.125    0.409321175279
229.25    0.409321175279
229.375    0.409929078014
229.5    0.418693009119
229.625    0.418693009119
229.75    0.419047619048
229.875    0.419047619048
230.0    0.422948328267
230.125    0.419300911854
230.25    0.416818642351
230.375    0.420466058764
230.5    0.428368794326
230.625    0.428368794326
230.75    0.428368794326
230.875    0.431914893617
231.0    0.436170212766
231.125    0.436778115502
231.25    0.436778115502
231.375    0.436778115502
231.5    0.419351570415
231.625    0.419351570415
231.75    0.414285714286
231.875    0.41170212766
232.0    0.420516717325
232.125    0.420516717325
232.25    0.420415400203
232.375    0.418946301925
232.5    0.421681864235
232.625    0.421681864235
232.75    0.427001013171
232.875    0.422745694022
233.0    0.4226443769
233.125    0.4226443769
233.25    0.4226443769
233.375    0.422036474164
233.5    0.409979736575
233.625    0.409979736575
233.75    0.409979736575
233.875    0.410283687943
234.0    0.413373860182
234.125    0.413576494428
234.25    0.413576494428
234.375    0.413576494428
234.5    0.427051671733
234.625    0.424113475177
234.75    0.421428571429
234.875    0.421428571429
235.0    0.42071935157
235.125    0.42071935157
235.25    0.42071935157
235.375    0.42071935157
235.5    0.412310030395
235.625    0.411752786221
235.75    0.411752786221
235.875    0.411752786221
236.0    0.417527862209
236.125    0.414285714286
236.25    0.414285714286
236.375    0.414285714286
236.5    0.403596757852
236.625    0.404559270517
236.75    0.404559270517
236.875    0.404559270517
237.0    0.413424518744
237.125    0.412917933131
237.25    0.412917933131
237.375    0.412917933131
237.5    0.394376899696
237.625    0.394680851064
237.75    0.421833839919
237.875    0.421833839919
238.0    0.447467071935
238.125    0.450202634245
238.25    0.450050658561
238.375    0.436676798379
238.5    0.413221884498
238.625    0.41327254306
238.75    0.409827760892
238.875    0.406940222898
239.0    0.404103343465
239.125    0.400709219858
239.25    0.396504559271
239.375    0.396504559271
240.0    0.412968591692
240.125    0.414235055724
240.25    0.414235055724
240.375    0.414235055724
240.5    0.42188449848
240.625    0.42188449848
240.75    0.42188449848
240.875    0.42188449848
241.0    0.419250253293
241.125    0.418693009119
241.25    0.419706180344
241.375    0.419706180344
241.5    0.434954407295
241.625    0.434954407295
241.75    0.434954407295
241.875    0.430496453901
242.0    0.401367781155
242.125    0.401367781155
242.25    0.401367781155
242.375    0.401367781155
242.5    0.41798378926
242.625    0.41798378926
242.75    0.419807497467
242.875    0.419807497467
243.0    0.397922998987
243.125    0.394275582573
243.25    0.394275582573
243.375    0.394275582573
243.5    0.428470111449
243.625    0.428470111449
243.75    0.428622087133
243.875    0.428622087133
244.0    0.413981762918
244.125    0.413981762918
244.25    0.414133738602
244.375    0.414133738602
244.5    0.435207700101
244.625    0.435207700101
244.75    0.435207700101
244.875    0.435207700101
245.0    0.426899696049
245.125    0.426899696049
245.25    0.426697061803
245.375    0.426697061803
245.5    0.426899696049
245.625    0.427102330294
245.75    0.427001013171
245.875    0.427001013171
246.0    0.424366767984
246.125    0.424366767984
246.25    0.424366767984
246.375    0.425481256332
246.5    0.418946301925
246.625    0.418946301925
246.75    0.418946301925
246.875    0.418946301925
247.0    0.405217831814
247.125    0.404812563323
247.25    0.4031408308
247.375    0.4031408308
247.5    0.410638297872
247.625    0.410638297872
247.75    0.410638297872
247.875    0.412259371834
248.0    0.41874366768
248.125    0.41874366768
248.25    0.410030395137
248.375    0.411246200608
248.5    0.39452887538
248.625    0.415805471125
248.75    0.415805471125
248.875    0.415805471125
249.0    0.421377912867
249.125    0.421377912867
249.25    0.421377912867
249.375    0.421377912867
249.5    0.427912867275
249.625    0.427912867275
249.75    0.428622087133
249.875    0.428622087133
250.0    0.424772036474
250.125    0.424772036474
250.25    0.424772036474
250.375    0.424772036474
250.5    0.413779128673
250.625    0.413779128673
250.75    0.413779128673
250.875    0.413931104357
251.0    0.407244174265
251.125    0.407244174265
251.25    0.407244174265
251.375    0.407244174265
251.5    0.414994934144
251.625    0.414994934144
251.75    0.414994934144
251.875    0.414994934144
252.0    0.409726443769
252.125    0.407902735562
252.25    0.407902735562
252.375    0.410030395137
252.5    0.414792299899
252.625    0.414792299899
252.75    0.414792299899
252.875    0.414792299899
253.0    0.426646403242
253.125    0.426646403242
253.25    0.426646403242
253.375    0.426646403242
253.5    0.408662613982
253.625    0.408662613982
253.75    0.400810536981
253.875    0.400810536981
254.0    0.419554204661
254.125    0.419554204661
254.25    0.418591691996
254.375    0.413069908815
254.5    0.429533941236
254.625    0.429533941236
254.75    0.429533941236
254.875    0.429533941236
255.0    0.413424518744
255.125    0.412664640324
255.25    0.412664640324
255.375    0.412664640324
255.5    0.414944275583
255.625    0.414944275583
255.75    0.414944275583
255.875    0.414944275583
256.0    0.419402228977
256.125    0.419402228977
256.25    0.419402228977
256.375    0.419250253293
256.5    0.392907801418
256.625    0.414184397163
256.75    0.414184397163
256.875    0.414184397163
257.0    0.421833839919
257.125    0.421833839919
257.25    0.421833839919
257.375    0.421833839919
257.5    0.407497467072
257.625    0.407497467072
257.75    0.407497467072
257.875    0.407497467072
258.0    0.412360688956
258.125    0.41600810537
258.25    0.41600810537
258.375    0.41600810537
258.5    0.411398176292
258.625    0.411398176292
258.75    0.411398176292
258.875    0.412462006079
259.0    0.417071935157
259.125    0.417071935157
259.25    0.417071935157
259.375    0.415704154002
259.5    0.39412360689
259.625    0.39412360689
259.75    0.394072948328
259.875    0.394072948328
260.0    0.428064842958
260.125    0.428064842958
260.25    0.424873353597
260.375    0.424569402229
260.5    0.411904761905
260.625    0.411904761905
260.75    0.411904761905
260.875    0.411904761905
261.0    0.414944275583
261.125    0.414994934144
261.25    0.415045592705
261.375    0.415045592705
261.5    0.422441742655
261.625    0.422441742655
261.75    0.42031408308
261.875    0.42031408308
262.0    0.402786220871
262.125    0.398328267477
262.25    0.398328267477
262.375    0.398328267477
262.5    0.41874366768
262.625    0.41874366768
262.75    0.418642350557
262.875    0.418642350557
263.0    0.417527862209
263.125    0.417527862209
263.25    0.417527862209
263.375    0.417527862209
263.5    0.379989868288
263.625    0.424670719352
263.75    0.425227963526
263.875    0.41798378926
264.0    0.407193515704
264.125    0.407193515704
264.25    0.402887537994
264.375    0.402887537994
264.5    0.424164133739
264.625    0.424164133739
264.75    0.424164133739
264.875    0.424164133739
265.0    0.418895643364
265.125    0.402431610942
265.25    0.40547112462
265.375    0.40547112462
265.5    0.40547112462
265.625    0.40547112462
265.75    0.40547112462
265.875    0.415096251266
266.0    0.394275582573
266.125    0.393667679838
266.25    0.393667679838
266.375    0.393667679838
266.5    0.40506585613
266.625    0.40506585613
266.75    0.40506585613
266.875    0.40506585613
267.0    0.407142857143
267.125    0.407700101317
267.25    0.407700101317
267.375    0.407902735562
267.5    0.415096251266
267.625    0.415096251266
267.75    0.415096251266
267.875    0.415096251266
268.0    0.413373860182
268.125    0.413373860182
268.25    0.408865248227
268.375    0.418237082067
268.5    0.422998986829
268.625    0.422998986829
268.75    0.422998986829
268.875    0.422998986829
269.0    0.41524822695
269.125    0.407142857143
269.25    0.416616008105
269.375    0.416616008105
269.5    0.418844984802
269.625    0.418844984802
269.75    0.418844984802
269.875    0.420263424519
270.0    0.41094224924
270.125    0.41094224924
270.25    0.41094224924
270.375    0.416312056738
270.5    0.425531914894
270.625    0.425531914894
270.75    0.425531914894
270.875    0.428571428571
271.0    0.431661600811
271.125    0.431661600811
271.25    0.431661600811
271.375    0.433941236069
271.5    0.425278622087
271.625    0.427051671733
271.75    0.427051671733
271.875    0.431155015198
272.0    0.430395136778
272.125    0.43125633232
272.25    0.433232016211
272.375    0.426798378926
272.5    0.426342451874
272.625    0.42852077001
272.75    0.42852077001
272.875    0.429331306991
273.0    0.435258358663
273.125    0.436879432624
273.25    0.436828774063
273.375    0.438601823708
273.5    0.436980749747
273.625    0.434498480243
273.75    0.448074974671
273.875    0.444376899696
274.0    0.437689969605
274.125    0.438095238095
274.25    0.438095238095
274.375    0.438095238095
274.5    0.420060790274
274.625    0.420060790274
274.75    0.425531914894
274.875    0.421377912867
275.0    0.433890577508
275.125    0.433890577508
275.25    0.433890577508
275.375    0.433890577508
275.5    0.435815602837
275.625    0.435815602837
275.75    0.442907801418
275.875    0.442907801418
276.0    0.440982776089
276.125    0.441236068896
276.25    0.442401215805
276.375    0.43358662614
276.5    0.441286727457
276.625    0.443667679838
276.75    0.444427558257
276.875    0.444326241135
277.0    0.437031408308
277.125    0.43399189463
277.25    0.439918946302
277.375    0.439918946302
277.5    0.429381965552
277.625    0.429027355623
277.75    0.428723404255
277.875    0.443161094225
278.0    0.439766970618
278.125    0.441084093212
278.25    0.441995947315
278.375    0.441995947315
278.5    0.431813576494
278.625    0.432066869301
278.75    0.434295845998
278.875    0.434295845998
279.0    0.420010131712
279.125    0.419098277609
279.25    0.45506585613
279.375    0.436778115502
279.5    0.427862208713
279.625    0.427862208713
279.75    0.428216818642
279.875    0.42695035461
280.0    0.436018237082
280.125    0.436372847011
280.25    0.437588652482
280.375    0.437588652482
280.5    0.43556231003
280.625    0.43556231003
280.75    0.43556231003
280.875    0.43556231003
281.0    0.428723404255
281.125    0.429533941236
281.25    0.430293819656
281.375    0.433687943262
281.5    0.429584599797
281.625    0.43632218845
281.75    0.433789260385
281.875    0.431104356636
282.0    0.427102330294
282.125    0.427102330294
282.25    0.427102330294
282.375    0.431053698075
282.5    0.437436676798
282.625    0.432168186424
282.75    0.434346504559
282.875    0.432218844985
283.0    0.432674772036
283.125    0.427304964539
283.25    0.431661600811
283.375    0.43282674772
283.5    0.440526849037
283.625    0.440526849037
283.75    0.440526849037
283.875    0.412158054711
284.0    0.419047619048
284.125    0.419047619048
284.25    0.418439716312
284.375    0.418439716312
284.5    0.411955420466
284.625    0.42031408308
284.75    0.420770010132
284.875    0.420770010132
285.0    0.433434650456
285.125    0.433434650456
285.25    0.43201621074
285.375    0.433839918946
285.5    0.434397163121
285.625    0.434397163121
285.75    0.434397163121
285.875    0.431053698075
286.0    0.418541033435
286.125    0.418541033435
286.25    0.419351570415
286.375    0.419351570415
286.5    0.421428571429
286.625    0.421428571429
286.75    0.421428571429
286.875    0.421428571429
287.0    0.416514690983
287.125    0.416514690983
287.25    0.416565349544
287.375    0.416565349544
287.5    0.409625126646
287.625    0.41327254306
287.75    0.41327254306
287.875    0.415957446809
288.0    0.420466058764
288.125    0.420466058764
288.25    0.420466058764
288.375    0.420466058764
288.5    0.417274569402
288.625    0.417274569402
288.75    0.417274569402
288.875    0.41524822695
289.0    0.414589665653
289.125    0.414589665653
289.25    0.415552178318
289.375    0.415552178318
289.5    0.416666666667
289.625    0.416666666667
289.75    0.41641337386
289.875    0.41641337386
290.0    0.407092198582
290.125    0.407092198582
290.25    0.407092198582
290.375    0.407092198582
290.5    0.407700101317
290.625    0.407700101317
290.75    0.404052684904
290.875    0.404052684904
291.0    0.409219858156
291.125    0.409219858156
291.25    0.408662613982
291.375    0.408662613982
291.5    0.415298885512
291.625    0.415298885512
291.75    0.415298885512
291.875    0.415501519757
292.0    0.395744680851
292.125    0.395744680851
292.25    0.397163120567
292.375    0.397163120567
292.5    0.404559270517
292.625    0.404559270517
292.75    0.404559270517
292.875    0.405623100304
293.0    0.415805471125
293.125    0.403444782168
293.25    0.403444782168
293.375    0.403444782168
293.5    0.406484295846
293.625    0.406484295846
293.75    0.406788247214
293.875    0.406788247214
294.0    0.394832826748
294.125    0.395744680851
294.25    0.395744680851
294.375    0.395744680851
294.5    0.416666666667
294.625    0.416666666667
294.75    0.416666666667
294.875    0.416666666667
295.0    0.404964539007
295.125    0.404964539007
295.25    0.405116514691
295.375    0.405116514691
295.5    0.415602836879
295.625    0.415602836879
295.75    0.415602836879
295.875    0.415602836879
296.0    0.408105369808
296.125    0.408105369808
296.25    0.408105369808
296.375    0.408105369808
296.5    0.420060790274
296.625    0.420060790274
296.75    0.420060790274
296.875    0.421073961499
297.0    0.398530901722
297.125    0.398530901722
297.25    0.397922998987
297.375    0.397922998987
297.5    0.405217831814
297.625    0.405673758865
297.75    0.405673758865
297.875    0.405673758865
298.0    0.409473150963
298.125    0.409473150963
298.25    0.409473150963
298.375    0.409473150963
298.5    0.405927051672
298.625    0.405927051672
298.75    0.408358662614
298.875    0.408358662614
299.0    0.40663627153
299.125    0.406686930091
299.25    0.406686930091
299.375    0.406737588652
300.0    0.40390070922
300.125    0.40390070922
300.25    0.407446808511
300.375    0.407446808511
300.5    0.404863221885
300.625    0.401215805471
300.75    0.397112462006
300.875    0.39766970618
301.0    0.401266464032
301.125    0.4015704154
301.25    0.4015704154
301.375    0.4015704154
301.5    0.408662613982
301.625    0.408662613982
301.75    0.408763931104
301.875    0.408763931104
302.0    0.436676798379
302.125    0.436676798379
302.25    0.436676798379
302.375    0.433383991895
302.5    0.408713272543
302.625    0.408713272543
302.75    0.408713272543
302.875    0.408510638298
303.0    0.399746707194
303.125    0.399746707194
303.25    0.399746707194
303.375    0.399746707194
303.5    0.414235055724
303.625    0.414235055724
303.75    0.414235055724
303.875    0.39295845998
304.0    0.418085106383
304.125    0.418085106383
304.25    0.418085106383
304.375    0.418085106383
304.5    0.396757852077
304.625    0.396757852077
304.75    0.396757852077
304.875    0.396555217832
305.0    0.401367781155
305.125    0.401367781155
305.25    0.401367781155
305.375    0.401367781155
305.5    0.403799392097
305.625    0.403799392097
305.75    0.403799392097
305.875    0.403799392097
306.0    0.398480243161
306.125    0.398480243161
306.25    0.398480243161
306.375    0.39883485309
306.5    0.412259371834
306.625    0.412259371834
306.75    0.412259371834
306.875    0.412259371834
307.0    0.408105369808
307.125    0.408105369808
307.25    0.408105369808
307.375    0.408105369808
307.5    0.401722391084
307.625    0.401722391084
307.75    0.401722391084
307.875    0.401722391084
308.0    0.417021276596
308.125    0.417021276596
308.25    0.417021276596
308.375    0.413373860182
308.5    0.396251266464
308.625    0.395086119554
308.75    0.395086119554
308.875    0.402178318136
309.0    0.4226443769
309.125    0.4226443769
309.25    0.418085106383
309.375    0.4226443769
309.5    0.401266464032
309.625    0.401266464032
309.75    0.401266464032
309.875    0.401266464032
310.0    0.411043566363
310.125    0.411043566363
310.25    0.411651469098
310.375    0.397517730496
310.5    0.404052684904
310.625    0.413779128673
310.75    0.413779128673
310.875    0.413779128673
311.0    0.406585612969
311.125    0.40704154002
311.25    0.40704154002
311.375    0.40704154002
311.5    0.404660587639
311.625    0.404964539007
311.75    0.407700101317
311.875    0.404964539007
312.0    0.399746707194
312.125    0.401317122594
312.25    0.401317122594
312.375    0.401317122594
312.5    0.386828774063
312.625    0.386828774063
312.75    0.391691995947
312.875    0.391691995947
313.0    0.416058763931
313.125    0.416058763931
313.25    0.419402228977
313.375    0.415450861196
313.5    0.404660587639
313.625    0.404660587639
313.75    0.405369807497
313.875    0.405369807497
314.0    0.405724417427
314.125    0.405724417427
314.25    0.405724417427
314.375    0.405724417427
314.5    0.400050658561
314.625    0.400050658561
314.75    0.400050658561
314.875    0.400050658561
315.0    0.404812563323
315.125    0.404812563323
315.25    0.404812563323
315.375    0.404812563323
315.5    0.414640324215
315.625    0.414640324215
315.75    0.414488348531
315.875    0.414488348531
316.0    0.414235055724
316.125    0.414235055724
316.25    0.414235055724
316.375    0.414235055724
316.5    0.405369807497
316.625    0.405369807497
316.75    0.405369807497
316.875    0.405369807497
317.0    0.409422492401
317.125    0.409422492401
