0.0    0.102579525105
0.125    0.103468073763
0.25    0.10737768786
0.375    0.105655270461
0.5    0.106502809181
0.625    0.104534332153
0.75    0.105429715801
0.875    0.105368200894
1.0    0.113515508592
1.125    0.112708979809
1.25    0.112599619975
1.375    0.112989214386
1.5    0.106017524914
1.625    0.1080133419
1.75    0.108047516848
1.875    0.108088526786
2.0    0.107391357839
2.125    0.0971730482687
2.25    0.10758957254
2.375    0.107767282271
2.5    0.103502248712
2.625    0.103420228835
2.75    0.10460951704
2.875    0.102176260714
3.0    0.10460268205
3.125    0.104903421596
3.25    0.104520662174
3.375    0.104363457411
3.5    0.0941519828305
3.625    0.10098013752
3.75    0.100939127582
3.875    0.0974874577939
4.0    0.106892403592
4.125    0.107097453283
4.25    0.104301942504
4.375    0.104301942504
4.5    0.107172638169
4.625    0.107350347901
4.75    0.104739381844
4.875    0.104657361967
5.0    0.106612169016
5.125    0.0949448416333
5.25    0.105634765492
5.375    0.102012220962
5.5    0.105846650172
5.625    0.105846650172
5.75    0.106010689924
5.875    0.106010689924
6.0    0.107056443345
6.125    0.107056443345
6.25    0.107001763427
6.375    0.107131628231
6.5    0.107657922437
6.625    0.107753612292
6.75    0.107733107323
6.875    0.107726272333
7.0    0.0998386942436
7.125    0.0999617240578
7.25    0.10758957254
7.375    0.10758957254
7.5    0.107726272333
7.625    0.107726272333
7.75    0.107726272333
7.875    0.107726272333
8.0    0.104725711864
8.125    0.112374065315
8.25    0.0983965114213
8.375    0.099893374161
8.5    0.107240988066
8.625    0.107384522849
8.75    0.107610077509
8.875    0.107295667984
9.0    0.10864216095
9.125    0.0948491517778
9.25    0.105730455347
9.375    0.106899238582
9.5    0.107548562602
9.625    0.107596407529
9.75    0.10800650691
9.875    0.106858228644
10.0    0.104561672112
10.125    0.10438396238
10.25    0.104561672112
10.375    0.104930761555
10.5    0.109168455156
10.625    0.109168455156
10.75    0.109435019753
10.875    0.109168455156
11.0    0.114643281889
11.125    0.106783043758
11.25    0.105197326152
11.375    0.105074296338
11.5    0.108895055568
11.625    0.109038590352
11.75    0.109038590352
11.875    0.109038590352
12.0    0.106536984129
12.125    0.105901330089
12.25    0.105901330089
12.375    0.105901330089
12.5    0.10035131847
12.625    0.108047516848
12.75    0.108669500909
12.875    0.108669500909
13.0    0.111772586223
13.125    0.11227154047
13.25    0.10204639591
13.375    0.101656801498
13.5    0.108238896559
13.625    0.105696280399
13.75    0.105696280399
13.875    0.105696280399
14.0    0.109011250393
14.125    0.106413954315
14.25    0.106577994067
14.375    0.106707858871
14.5    0.104862411658
14.625    0.105648435471
14.75    0.105614260522
14.875    0.105580085574
15.0    0.114643281889
15.125    0.114281027436
15.25    0.109311989939
15.375    0.106755703799
15.5    0.0980479269476
15.625    0.0981846267412
15.75    0.104780391782
15.875    0.104780391782
16.0    0.108566976064
16.125    0.108560141074
16.25    0.108560141074
16.375    0.108628490971
16.5    0.106783043758
16.625    0.106714693861
16.75    0.106714693861
16.875    0.106714693861
17.0    0.102128415786
17.125    0.0999412190888
17.25    0.102415485353
17.375    0.10247016527
17.5    0.101643131519
17.625    0.10162946154
17.75    0.098786105833
17.875    0.10160895657
18.0    0.109961313958
18.125    0.102155755745
18.25    0.101875521168
18.375    0.102244610611
18.5    0.101663636488
18.625    0.101663636488
18.75    0.101663636488
18.875    0.101533771684
19.0    0.108573811054
19.125    0.108833540661
19.25    0.108833540661
19.375    0.10929831996
19.5    0.112312550408
19.625    0.112312550408
19.75    0.1022514456
19.875    0.109640069443
20.0    0.106236244583
20.125    0.0983896764316
20.25    0.0994080898938
20.375    0.109954478969
20.5    0.099531119708
20.625    0.0995721296461
20.75    0.09970199445
20.875    0.0997293344087
21.0    0.102224105642
21.125    0.103973862999
21.25    0.109735759299
21.375    0.109735759299
21.5    0.107664757426
21.625    0.10758273755
21.75    0.107528057633
21.875    0.107391357839
22.0    0.101520101705
22.125    0.101485926756
22.25    0.101533771684
22.375    0.101444916818
22.5    0.102401815373
22.625    0.0999480540784
22.75    0.102422320342
22.875    0.10780145722
23.0    0.108355091384
23.125    0.100693067953
23.25    0.108375596353
23.375    0.108375596353
23.5    0.0988134457917
23.625    0.0997771793365
23.75    0.0991073503479
23.875    0.101991715993
24.0    0.103707298402
24.125    0.103016964444
24.25    0.103290364032
24.375    0.104506992194
24.5    0.108074856807
24.625    0.108061186828
24.75    0.108170546662
24.875    0.108184216642
25.0    0.108990745424
25.125    0.108184216642
25.25    0.106748868809
25.375    0.106694188892
25.5    0.112169015625
25.625    0.112128005687
25.75    0.104418137329
25.875    0.102668379971
26.0    0.102846089702
26.125    0.102524845187
26.25    0.102524845187
26.375    0.102524845187
26.5    0.103912348092
26.625    0.103912348092
26.75    0.10439079737
26.875    0.10439079737
27.0    0.107514387653
27.125    0.10758957254
27.25    0.107179473159
27.375    0.0976583325359
27.5    0.107487047695
27.625    0.107425532787
27.75    0.0997976843055
27.875    0.100583708119
28.0    0.110487608164
28.125    0.107883477096
28.25    0.107821962189
28.375    0.107849302148
28.5    0.101923366096
28.625    0.10140390688
28.75    0.101731986385
28.875    0.102142085765
29.0    0.108977075445
29.125    0.105286181018
29.25    0.105286181018
29.375    0.0960862849097
29.5    0.102101075827
29.625    0.102353970446
29.75    0.102087405848
29.875    0.102196765683
30.0    0.0976720025153
30.125    0.0977130124534
30.25    0.100611048077
30.375    0.101246702117
30.5    0.103782483288
30.625    0.103782483288
30.75    0.103789318278
30.875    0.103789318278
31.0    0.102764069826
31.125    0.108402936312
31.25    0.106871898623
31.375    0.0985058712561
31.5    0.10545705576
31.625    0.10545705576
31.75    0.101260372097
31.875    0.101260372097
32.0    0.096954328599
32.125    0.0969885035474
32.25    0.0973507580004
32.375    0.100945962572
32.5    0.102654709991
32.625    0.101978046013
32.75    0.102025890941
32.875    0.102005385972
33.0    0.104691536916
33.125    0.104691536916
33.25    0.104643691988
33.375    0.106379779367
33.5    0.109359834867
33.625    0.109359834867
33.75    0.104110562793
33.875    0.105504900688
34.0    0.101882356158
34.125    0.102613700053
34.25    0.103126324279
34.375    0.102989624486
34.5    0.102271950569
34.625    0.10246333028
34.75    0.102367640425
34.875    0.102299290528
35.0    0.100023238965
35.125    0.100207783686
35.25    0.100207783686
35.375    0.100207783686
35.5    0.103994367969
35.625    0.105067461348
35.75    0.102859759682
35.875    0.103167334217
36.0    0.105593755553
36.125    0.105176821183
36.25    0.102750399847
36.375    0.105409210832
36.5    0.0954643008489
36.625    0.103481743743
36.75    0.103481743743
36.875    0.103481743743
37.0    0.10119885719
37.125    0.101068992386
37.25    0.1011920222
37.375    0.1011920222
37.5    0.112613289954
37.625    0.112613289954
37.75    0.10480773174
37.875    0.104698371905
38.0    0.102183095704
38.125    0.104828236709
38.25    0.102121580796
38.375    0.102456495291
38.5    0.102770904816
38.625    0.10268204995
38.75    0.0983076565554
38.875    0.0995857996254
39.0    0.104896586606
39.125    0.104992276462
39.25    0.105012781431
39.375    0.104937596544
39.5    0.0999617240578
39.625    0.0995174497287
39.75    0.10033764849
39.875    0.100932292592
40.0    0.0976514975462
40.125    0.104199417659
40.25    0.102975954506
40.375    0.101383401911
40.5    0.100788757809
40.625    0.101171517231
40.75    0.101567946632
40.875    0.101684141457
41.0    0.101718316405
41.125    0.104008037948
41.25    0.102224105642
41.375    0.0992918950692
41.5    0.102087405848
41.625    0.102005385972
41.75    0.102285620549
41.875    0.102169425724
42.0    0.107022268396
42.125    0.107473377715
42.25    0.107480212705
42.375    0.107979166951
42.5    0.114595436961
42.625    0.104076387845
42.75    0.102326630487
42.875    0.102326630487
43.0    0.0993260700176
43.125    0.0993260700176
43.25    0.0992235451724
43.375    0.0991825352344
43.5    0.102107910817
43.625    0.103857668175
43.75    0.10396702801
43.875    0.102969119517
44.0    0.104137902752
44.125    0.100371823439
44.25    0.10268888494
44.375    0.102791409785
44.5    0.101151012262
44.625    0.101294547045
44.75    0.101171517231
44.875    0.101151012262
45.0    0.103420228835
45.125    0.103304034011
45.25    0.10331770399
45.375    0.101991715993
45.5    0.103898678113
45.625    0.104110562793
45.75    0.101472256777
45.875    0.101287712056
46.0    0.09863573606
46.125    0.102627370033
46.25    0.101048487417
46.375    0.102483835249
46.5    0.104404467349
46.625    0.104349787432
46.75    0.101759326343
46.875    0.101923366096
47.0    0.106837723675
47.125    0.101875521168
47.25    0.101875521168
47.375    0.0861140349678
47.5    0.101670471478
47.625    0.101670471478
47.75    0.101916531106
47.875    0.101916531106
48.0    0.0987587658743
48.125    0.0995516246771
48.25    0.107186308149
48.375    0.107917652044
48.5    0.101766161333
48.625    0.101526936694
48.75    0.0964963842905
48.875    0.0861208699575
49.0    0.100009568986
49.125    0.102709389909
49.25    0.102668379971
49.375    0.102825584733
49.5    0.103338208959
49.625    0.103406558856
49.75    0.103645783495
49.875    0.10352958867
50.0    0.104418137329
50.125    0.102743564857
50.25    0.102975954506
50.375    0.101779831312
50.5    0.103632113516
50.625    0.104137902752
50.75    0.104404467349
50.875    0.104254097576
51.0    0.102524845187
51.125    0.102299290528
51.25    0.102524845187
51.375    0.102374475415
51.5    0.103351878939
51.625    0.103304034011
51.75    0.100993807499
51.875    0.092586770194
52.0    0.102729894878
52.125    0.0998386942436
52.25    0.101137342283
52.375    0.102449660301
52.5    0.101882356158
52.625    0.099168865255
52.75    0.106619004005
52.875    0.103864503165
53.0    0.10033764849
53.125    0.100105258841
53.25    0.100747747871
53.375    0.101561111643
53.5    0.090946372671
53.625    0.0909942175987
53.75    0.104076387845
53.875    0.103652618485
54.0    0.101602121581
54.125    0.10162946154
54.25    0.10183451123
54.375    0.0989159706369
54.5    0.10501961642
54.625    0.104930761555
54.75    0.10501961642
54.875    0.105286181018
55.0    0.101274042076
55.125    0.110337238391
55.25    0.0931882492857
55.375    0.0933386190587
55.5    0.102312960507
55.625    0.102531680177
55.75    0.101219362159
55.875    0.102504340218
56.0    0.101649966509
56.125    0.103133159269
56.25    0.103392888877
56.375    0.100303473542
56.5    0.0990663404098
56.625    0.100146268779
56.75    0.10780145722
56.875    0.105593755553
57.0    0.0924500704004
57.125    0.09075499296
57.25    0.0903175536205
57.375    0.103761978319
57.5    0.105928670048
57.625    0.108197886621
57.75    0.107910817055
57.875    0.100542698181
58.0    0.0938307383156
58.125    0.0939811080885
58.25    0.101861851189
58.375    0.103051139393
58.5    0.100248793624
58.625    0.100241958635
58.75    0.101431246839
58.875    0.107685262395
59.0    0.104718876875
59.125    0.105101636297
59.25    0.0923612155346
59.375    0.102524845187
59.5    0.0958265553019
59.625    0.0955804956735
59.75    0.108628490971
59.875    0.103830328216
60.0    0.100358153459
60.125    0.100358153459
60.25    0.100378658428
60.375    0.100378658428
60.5    0.10524517108
60.625    0.10332453898
60.75    0.103802988257
60.875    0.0937760583981
61.0    0.101526936694
61.125    0.10139707189
61.25    0.101021147458
61.375    0.100002733996
61.5    0.100016403975
61.625    0.0998865391713
61.75    0.0998865391713
61.875    0.110111683731
62.0    0.100857107706
62.125    0.100720407912
62.25    0.100720407912
62.375    0.100843437726
62.5    0.109749429278
62.625    0.109838284144
62.75    0.107131628231
62.875    0.107302502973
63.0    0.103010129455
63.125    0.105614260522
63.25    0.100816097768
63.375    0.10160895657
63.5    0.0969201536506
63.625    0.102032725931
63.75    0.101984881003
63.875    0.101786666302
64.0    0.0939332631608
64.125    0.0938990882124
64.25    0.0940836329337
64.375    0.093864913264
64.5    0.0961272948478
64.625    0.0910147225678
64.75    0.0910147225678
64.875    0.0898322693533
65.0    0.0944937323145
65.125    0.104301942504
65.25    0.0938102333466
65.375    0.0965647341873
65.5    0.0964348693833
65.625    0.109400844805
65.75    0.101554276653
65.875    0.101444916818
66.0    0.100740912881
66.125    0.102230940631
66.25    0.102107910817
66.375    0.102121580796
66.5    0.0920194660506
66.625    0.0916640465873
66.75    0.0940973029131
66.875    0.0942066627479
67.0    0.0981299468238
67.125    0.108361926373
67.25    0.0966057441253
67.375    0.102094240838
67.5    0.0961409648271
67.625    0.0963186745588
67.75    0.103864503165
67.875    0.103556928629
68.0    0.0965442292182
68.125    0.0947876368707
68.25    0.0974259428868
68.375    0.0981914617309
68.5    0.098444356349
68.625    0.0982393066586
68.75    0.09991387913
68.875    0.0982871515864
69.0    0.0967356089292
69.125    0.0970773584132
69.25    0.096803958826
69.375    0.0968244637951
69.5    0.103092149331
69.625    0.103078479352
69.75    0.103057974382
69.875    0.101554276653
70.0    0.0986015611116
70.125    0.0910352275368
70.25    0.101315052014
70.375    0.0945347422525
70.5    0.0956556805599
70.625    0.0957103604774
70.75    0.0970363484751
70.875    0.0970910283926
71.0    0.103495413722
71.125    0.1022514456
71.25    0.10268888494
71.375    0.102948614548
71.5    0.0969338236299
71.625    0.0955873306631
71.75    0.0955189807663
71.875    0.0937692234085
72.0    0.0965237242492
72.125    0.0965715691769
72.25    0.0956283406012
72.375    0.106270419532
72.5    0.102353970446
72.625    0.102353970446
72.75    0.102353970446
72.875    0.102483835249
73.0    0.0930037045644
73.125    0.0933044441103
73.25    0.0933044441103
73.375    0.0928328298224
73.5    0.10737085287
73.625    0.10779462223
73.75    0.104541167143
73.875    0.103406558856
74.0    0.0956625155496
74.125    0.0956215056115
74.25    0.0959974300439
74.375    0.0981641217722
74.5    0.09586756524
74.625    0.0943775374899
74.75    0.0914863368556
74.875    0.092436400421
75.0    0.0956625155496
75.125    0.107569067571
75.25    0.0946509370771
75.375    0.0926619550805
75.5    0.108402936312
75.625    0.0986425710497
75.75    0.0990800103892
75.875    0.0987656008639
76.0    0.096974833568
76.125    0.0969201536506
76.25    0.0973644279797
76.375    0.0975831476494
76.5    0.102244610611
76.625    0.100932292592
76.75    0.102449660301
76.875    0.101082662365
77.0    0.103310869001
77.125    0.103310869001
77.25    0.105258841059
77.375    0.105258841059
77.5    0.113166924118
77.625    0.105511735677
77.75    0.0975968176288
77.875    0.0974054379178
78.0    0.0941793227892
78.125    0.0942340027067
78.25    0.0945279072629
78.375    0.0945347422525
78.5    0.0949243366642
78.625    0.0943843724796
78.75    0.0922108457616
78.875    0.0992577201208
79.0    0.0927439749566
79.125    0.0928191598431
79.25    0.0945757521906
79.375    0.103044304403
79.5    0.107466542726
79.625    0.107138463221
79.75    0.108813035692
79.875    0.0934479788936
80.0    0.0941929927686
80.125    0.0941929927686
80.25    0.0938444082949
80.375    0.0970568534442
80.5    0.0958744002297
80.625    0.0941793227892
80.75    0.106202069635
80.875    0.0928943447295
81.0    0.0914248219485
81.125    0.091308627124
81.25    0.102770904816
81.375    0.0937828933878
81.5    0.0946851120255
81.625    0.0945005673041
81.75    0.0933454540484
81.875    0.0930173745438
82.0    0.0897844244255
82.125    0.0982119666999
82.25    0.0972960780829
82.375    0.0987792708433
82.5    0.0937282134704
82.625    0.0961751397756
82.75    0.0959837600645
82.875    0.0955873306631
83.0    0.0949858515714
83.125    0.0975489727011
83.25    0.0979454021024
83.375    0.0982598116277
83.5    0.110590133009
83.625    0.109865624103
83.75    0.109011250393
83.875    0.0941314778615
84.0    0.0964006944349
84.125    0.097166213279
84.25    0.0969133186609
84.375    0.0970636884338
84.5    0.100426503356
84.625    0.100433338346
84.75    0.100433338346
84.875    0.100843437726
85.0    0.0939674381092
85.125    0.100200948697
85.25    0.0942681776551
85.375    0.0939537681298
85.5    0.0992167101828
85.625    0.0989843205337
85.75    0.0976173225978
85.875    0.097528467732
86.0    0.0966535890531
86.125    0.0968176288054
86.25    0.0970021735267
86.375    0.107446037756
86.5    0.0964827143111
86.625    0.0960316049923
86.75    0.0887181660356
86.875    0.111922955996
87.0    0.0972140582068
87.125    0.0969816685577
87.25    0.0970090085164
87.375    0.0967219389499
87.5    0.0968381337744
87.625    0.096633084084
87.75    0.096633084084
87.875    0.0983828414419
88.0    0.0994559348215
88.125    0.0944322174074
88.25    0.0945620822113
88.375    0.0943228575725
88.5    0.109687914371
88.625    0.0989023006575
88.75    0.0997361693984
88.875    0.100371823439
89.0    0.0960657799407
89.125    0.0955668256941
89.25    0.0930720544612
89.375    0.0981914617309
89.5    0.0969201536506
89.625    0.0969338236299
89.75    0.0965237242492
89.875    0.0937077085014
90.0    0.0935368337594
90.125    0.0935368337594
90.25    0.0916503766079
90.375    0.0916367066286
90.5    0.0951567263133
90.625    0.0950952114062
90.75    0.095313931076
90.875    0.0953959509521
91.0    0.0979522370921
91.125    0.0977266824327
91.25    0.0981914617309
91.375    0.0909053627329
91.5    0.102750399847
91.625    0.100166773748
91.75    0.0928259948328
91.875    0.092757644936
92.0    0.100863942695
92.125    0.100481183273
92.25    0.100918622613
92.375    0.100419668366
92.5    0.100030073955
92.625    0.0970978633822
92.75    0.098997990513
92.875    0.0962161497136
93.0    0.0988886306782
93.125    0.0982598116277
93.25    0.0998591992126
93.375    0.0981299468238
93.5    0.0966467540634
93.625    0.0947876368707
93.75    0.096229819693
93.875    0.0941929927686
94.0    0.0952660861482
94.125    0.0957582054051
94.25    0.0959495851161
94.375    0.0959495851161
94.5    0.0988544557298
94.625    0.0988817956885
94.75    0.0986699110084
94.875    0.109558049567
95.0    0.0961614697962
95.125    0.0965989091357
95.25    0.0966535890531
95.375    0.0965989091357
95.5    0.100282968573
95.625    0.0984785312974
95.75    0.0988134457917
95.875    0.0962981695898
96.0    0.102805079764
96.125    0.100105258841
96.25    0.0998045192952
96.375    0.100023238965
96.5    0.0945620822113
96.625    0.0973302530313
96.75    0.0976446625566
96.875    0.100447008325
97.0    0.0962093147239
97.125    0.0961956447446
97.25    0.0962024797343
97.375    0.0937350484601
97.5    0.095505310787
97.625    0.0954506308695
97.75    0.0967697838776
97.875    0.0950747064372
98.0    0.0989501455853
98.125    0.0965578991976
98.25    0.0966467540634
98.375    0.0970568534442
98.5    0.0962434896723
98.625    0.0962434896723
98.75    0.103926018072
98.875    0.091329132093
99.0    0.0996131395842
99.125    0.0992167101828
99.25    0.0992030402034
99.375    0.0967424439189
99.5    0.100378658428
99.625    0.0984511913387
99.75    0.0992987300589
99.875    0.100932292592
100.0    0.0849520867224
100.125    0.0850614465572
100.25    0.0890052356021
100.375    0.0933659590174
100.5    0.101431246839
100.625    0.101089497355
100.75    0.0996199745738
100.875    0.0992782250899
101.0    0.109845119134
101.125    0.0938580782743
101.25    0.0966535890531
101.375    0.096633084084
101.5    0.0988339507607
101.625    0.0985332112149
101.75    0.0991620302653
101.875    0.096954328599
102.0    0.0982598116277
102.125    0.095334436045
102.25    0.0954164559212
102.375    0.104671031947
102.5    0.0910147225678
102.625    0.101089497355
102.75    0.100945962572
102.875    0.0999275491094
103.0    0.0919101062157
103.125    0.0969133186609
103.25    0.099531119708
103.375    0.0987724358536
103.5    0.0990731753995
103.625    0.10716580318
103.75    0.0980889368857
103.875    0.097528467732
104.0    0.102333465476
104.125    0.103481743743
104.25    0.10416524271
104.375    0.102716224899
104.5    0.102183095704
104.625    0.0886088062007
104.75    0.0991278553169
104.875    0.0951293863546
105.0    0.0980342569683
105.125    0.0994422648422
105.25    0.099148360286
105.375    0.0996951594603
105.5    0.101964376034
105.625    0.103645783495
105.75    0.10353642366
105.875    0.102189930693
106.0    0.0989091356472
106.125    0.100221453666
106.25    0.0987929408227
106.375    0.0987929408227
106.5    0.0985468811942
106.625    0.0948628217571
106.75    0.0955121457767
106.875    0.103133159269
107.0    0.0985332112149
107.125    0.100050578924
107.25    0.100426503356
107.375    0.100611048077
107.5    0.101533771684
107.625    0.101506431725
107.75    0.101697811436
107.875    0.0989159706369
108.0    0.0977403524121
108.125    0.0972413981655
108.25    0.0993670799557
108.375    0.0995721296461
108.5    0.101034817437
108.625    0.0991551952757
108.75    0.0960521099613
108.875    0.0990595054201
109.0    0.0999412190888
109.125    0.0982734816071
109.25    0.0997908493158
109.375    0.0997293344087
109.5    0.0975899826391
109.625    0.0960931198994
109.75    0.0991620302653
109.875    0.0974054379178
110.0    0.0981162768444
110.125    0.0981094418547
110.25    0.0993534099764
110.375    0.0974737878146
110.5    0.101759326343
110.625    0.0956215056115
110.75    0.0969133186609
110.875    0.0969064836712
111.0    0.100009568986
111.125    0.0965784041666
111.25    0.0965784041666
111.375    0.0965784041666
111.5    0.102292455538
111.625    0.101034817437
111.75    0.102347135456
111.875    0.101533771684
112.0    0.103187839186
112.125    0.102654709991
112.25    0.0984716963077
112.375    0.099531119708
112.5    0.0993670799557
112.625    0.0997635093571
112.75    0.0970500184545
112.875    0.0975626426804
113.0    0.103228849124
113.125    0.103707298402
113.25    0.103386053887
113.375    0.103707298402
113.5    0.0950747064372
113.625    0.0951840662721
113.75    0.0951840662721
113.875    0.0954711358386
114.0    0.0998318592539
114.125    0.0984375213593
114.25    0.0990731753995
114.375    0.0994285948628
114.5    0.105716785368
114.625    0.100481183273
114.75    0.0982734816071
114.875    0.0986699110084
115.0    0.104794061761
115.125    0.10374830834
115.25    0.103871338154
115.375    0.101690976447
115.5    0.101116837314
115.625    0.101294547045
115.75    0.101294547045
115.875    0.100166773748
116.0    0.104650526978
116.125    0.0914453269176
116.25    0.092757644936
116.375    0.0917734064222
116.5    0.0993875849247
116.625    0.0992713901002
116.75    0.0967356089292
116.875    0.0962981695898
117.0    0.098956980575
117.125    0.0991757002447
117.25    0.0991757002447
117.375    0.0993465749867
117.5    0.0977403524121
117.625    0.0925457602559
117.75    0.0925047503178
117.875    0.0924910803385
118.0    0.0918280863396
118.125    0.0918280863396
118.25    0.0918690962777
118.375    0.0919237761951
118.5    0.0986630760188
118.625    0.0994285948628
118.75    0.0970090085164
118.875    0.0968654737331
119.0    0.101479091767
119.125    0.0990048255027
119.25    0.0963665194866
119.375    0.0957650403948
120.0    0.0997156644293
120.125    0.100877612675
120.25    0.100884447664
120.375    0.0996063045945
120.5    0.105976514975
120.625    0.0980957718754
120.75    0.0904952633522
120.875    0.0906661380941
121.0    0.098403346411
121.125    0.0979659070715
121.25    0.0978565472366
121.375    0.0982871515864
121.5    0.1003308135
121.625    0.100433338346
121.75    0.10055636816
121.875    0.11100023239
122.0    0.0985263762252
122.125    0.0987040859568
122.25    0.106386614356
122.375    0.0988749606988
122.5    0.0991073503479
122.625    0.0991893702241
122.75    0.0885267863246
122.875    0.0887113310459
123.0    0.0988407857504
123.125    0.0878706273154
123.25    0.101362896942
123.375    0.100440173335
123.5    0.099531119708
123.625    0.107083783303
123.75    0.0971046983719
123.875    0.0983281615245
124.0    0.0878296173773
124.125    0.0985605511736
124.25    0.0896067146939
124.375    0.0872554782442
124.5    0.103126324279
124.625    0.090392738507
124.75    0.0983281615245
124.875    0.0982256366793
125.0    0.0918896012467
125.125    0.104951266524
125.25    0.104616352029
125.375    0.104650526978
125.5    0.0885472912936
125.625    0.0997293344087
125.75    0.0980752669063
125.875    0.0988339507607
126.0    0.0930652194715
126.125    0.0934479788936
126.25    0.103645783495
126.375    0.0910762374749
126.5    0.0908848577639
126.625    0.0904952633522
126.75    0.0924842453488
126.875    0.090775497929
127.0    0.0933727940071
127.125    0.103515918691
127.25    0.0932565991825
127.375    0.0963733544762
127.5    0.101704646426
127.625    0.103037469413
127.75    0.100665727995
127.875    0.100727242902
128.0    0.0885609612729
128.125    0.0901808538269
128.25    0.0983213265348
128.375    0.0980137519992
128.5    0.0916367066286
128.625    0.104356622422
128.75    0.0943570325209
128.875    0.0978838871953
129.0    0.0914179869588
129.125    0.0913633070414
129.25    0.0913974819898
129.375    0.101738821374
129.5    0.0995447896874
129.625    0.0919032712261
129.75    0.0916503766079
129.875    0.0996473145326
130.0    0.0946235971184
130.125    0.0949106666849
130.25    0.100296638552
130.375    0.0991005153582
130.5    0.103707298402
130.625    0.102271950569
130.75    0.102490670239
130.875    0.0987656008639
131.0    0.0988476207401
131.125    0.0986835809878
131.25    0.0932976091206
131.375    0.0937282134704
131.5    0.0936598635736
131.625    0.101287712056
131.75    0.102511175208
131.875    0.100180443728
132.0    0.107281998004
132.125    0.100405998387
132.25    0.100323978511
132.375    0.100734077892
132.5    0.0937760583981
132.625    0.0941314778615
132.75    0.0938239033259
132.875    0.0943570325209
133.0    0.0959427501265
133.125    0.0956351755909
133.25    0.0952319111998
133.375    0.095143056334
133.5    0.0935505037387
133.625    0.0960179350129
133.75    0.0932839391413
133.875    0.0932907741309
134.0    0.0920673109784
134.125    0.0945757521906
134.25    0.0944595573661
134.375    0.0936803685426
134.5    0.0954027859418
134.625    0.0954984757973
134.75    0.0954984757973
134.875    0.0954984757973
135.0    0.105416045822
135.125    0.102757234837
135.25    0.10268888494
135.375    0.0974054379178
135.5    0.0892923051686
135.625    0.0892444602409
135.75    0.0893196451273
135.875    0.0894153349828
136.0    0.0926414501114
136.125    0.0929148496986
136.25    0.0849725916914
136.375    0.0920673109784
136.5    0.0937623884188
136.625    0.0943091875931
136.75    0.0952729211379
136.875    0.094972181592
137.0    0.0862780747201
137.125    0.100679397974
137.25    0.105730455347
137.375    0.104411302339
137.5    0.105969679986
137.625    0.103372383908
137.75    0.103372383908
137.875    0.10416524271
138.0    0.0995174497287
138.125    0.0995174497287
138.25    0.0995174497287
138.375    0.100105258841
138.5    0.0962229847033
138.625    0.0936325236149
138.75    0.0937487184394
138.875    0.0922313507307
139.0    0.0926141101527
139.125    0.085833800391
139.25    0.0846718521455
139.375    0.0912266072478
139.5    0.0876382376663
139.625    0.0976514975462
139.75    0.096421199404
139.875    0.0964075294246
140.0    0.0963050045794
140.125    0.0934684838626
140.25    0.093714543491
140.375    0.0858201304116
140.5    0.102101075827
140.625    0.102080570858
140.75    0.102183095704
140.875    0.1022514456
141.0    0.0925252552869
141.125    0.0929626946263
141.25    0.0933112791
141.375    0.0932839391413
141.5    0.0941041379028
141.625    0.0923612155346
141.75    0.0949311716539
141.875    0.0952797561276
142.0    0.0932087542548
142.125    0.0917323964841
142.25    0.0918554262983
142.375    0.0925252552869
142.5    0.099872869192
142.625    0.110118518721
142.75    0.0997976843055
142.875    0.0955531557147
143.0    0.0957377004361
143.125    0.0957377004361
143.25    0.0957240304567
143.375    0.0957582054051
143.5    0.0952182412205
143.625    0.0977676923708
143.75    0.0892444602409
143.875    0.098232471669
144.0    0.0970841934029
144.125    0.0918075813705
144.25    0.0947261219636
144.375    0.094760296912
144.5    0.0979590720818
144.625    0.0979385671128
144.75    0.0979385671128
144.875    0.0989296406162
145.0    0.095143056334
145.125    0.0949858515714
145.25    0.0949858515714
145.375    0.096633084084
145.5    0.0952114062308
145.625    0.0951909012617
145.75    0.0901330088992
145.875    0.0887044960562
146.0    0.0898322693533
146.125    0.0968312987847
146.25    0.0981094418547
146.375    0.0984170163903
146.5    0.103987532979
146.625    0.102128415786
146.75    0.104267767556
146.875    0.0938444082949
147.0    0.098082101896
147.125    0.0981914617309
147.25    0.0987587658743
147.375    0.0989843205337
147.5    0.0954096209315
147.625    0.095676185529
147.75    0.0958538952606
147.875    0.0952045712411
148.0    0.104520662174
148.125    0.102989624486
148.25    0.103092149331
148.375    0.097166213279
148.5    0.0945620822113
148.625    0.0944595573661
148.75    0.0941519828305
148.875    0.0940289530163
149.0    0.0964485393627
149.125    0.0937282134704
149.25    0.0939264281711
149.375    0.0937760583982
149.5    0.0954096209315
149.625    0.100405998387
149.75    0.0927508099463
149.875    0.0924295654314
150.0    0.104131067762
150.125    0.104267767556
150.25    0.104554837122
150.375    0.103775648299
150.5    0.0939947780679
150.625    0.0941041379028
150.75    0.0925115853075
150.875    0.0918417563189
151.0    0.0972345631758
151.125    0.0972345631758
151.25    0.0976720025153
151.375    0.0977266824327
151.5    0.0968312987847
151.625    0.0970910283926
151.75    0.0973644279797
151.875    0.0976241575875
152.0    0.10076825284
152.125    0.100727242902
152.25    0.0980342569683
152.375    0.0993739149454
152.5    0.105949175017
152.625    0.104301942504
152.75    0.104773556792
152.875    0.105265676049
153.0    0.0970431834648
153.125    0.0986767459981
153.25    0.0969064836712
153.375    0.0963665194866
153.5    0.0932429292032
153.625    0.0939469331401
153.75    0.0935163287904
153.875    0.0935846786871
154.0    0.0947944718603
154.125    0.0958265553019
154.25    0.0936803685426
154.375    0.0855740707832
154.5    0.0924705753694
154.625    0.090604623187
154.75    0.0955873306631
154.875    0.091117247413
155.0    0.092074145968
155.125    0.0924022254726
155.25    0.0922586906894
155.375    0.0926346151217
155.5    0.0970978633822
155.625    0.0971593782893
155.75    0.0971593782893
155.875    0.0972208931965
156.0    0.100611048077
156.125    0.100952797561
156.25    0.101260372097
156.375    0.0936325236149
156.5    0.0948969967055
156.625    0.0952114062308
156.75    0.0952387461895
156.875    0.0949175016746
157.0    0.0987177559362
157.125    0.0955873306631
157.25    0.0936120186459
157.375    0.0990800103892
157.5    0.0955804956735
157.625    0.0955941656528
157.75    0.0974874577939
157.875    0.0956146706219
158.0    0.0976583325359
158.125    0.0977745273605
158.25    0.0977061774637
158.375    0.0980137519992
158.5    0.0982734816071
158.625    0.0964485393627
158.75    0.0955873306631
158.875    0.096038439982
159.0    0.0946030921493
159.125    0.0955394857354
159.25    0.0954027859418
159.375    0.0957855453638
159.5    0.0949175016746
159.625    0.102497505229
159.75    0.0949858515714
159.875    0.0935505037387
160.0    0.106133719738
160.125    0.0994012549041
160.25    0.0926482851011
160.375    0.092415895452
160.5    0.0957513704154
160.625    0.0934548138832
160.75    0.0933591240277
160.875    0.0937897283775
161.0    0.0929011797192
161.125    0.0924500704004
161.25    0.092607275163
161.375    0.0926824600495
161.5    0.0957923803535
161.625    0.0960042650336
161.75    0.0958402252813
161.875    0.0966467540634
162.0    0.0949858515714
162.125    0.0944868973248
162.25    0.0970431834648
162.375    0.0972072232171
162.5    0.0951498913237
162.625    0.0952934261069
162.75    0.0956556805599
162.875    0.0980137519992
163.0    0.0960999548891
163.125    0.0967082689705
163.25    0.0949585116126
163.375    0.0964690443318
163.5    0.0944868973248
163.625    0.0945757521906
163.75    0.0945757521906
163.875    0.0942340027067
164.0    0.0953617760037
164.125    0.0951840662721
164.25    0.0954574658592
164.375    0.0952660861482
164.5    0.0995037797493
164.625    0.101226197148
164.75    0.0995857996255
164.875    0.0942886826241
165.0    0.0940973029131
165.125    0.0993944199144
165.25    0.102736729868
165.375    0.0954506308695
165.5    0.0931677443167
165.625    0.0933522890381
165.75    0.0934206389348
165.875    0.0907003130425
166.0    0.0931267343786
166.125    0.0934206389348
166.25    0.0941724877995
166.375    0.0938444082949
166.5    0.095334436045
166.625    0.0950610364578
166.75    0.0951703962927
166.875    0.096974833568
167.0    0.0979522370921
167.125    0.0972482331552
167.25    0.097337088021
167.375    0.0948901617159
167.5    0.0987109209465
167.625    0.099339739997
167.75    0.0959837600645
167.875    0.0848974068049
168.0    0.0958538952606
168.125    0.0960179350129
168.25    0.0962571596517
168.375    0.096612579115
168.5    0.0929968695747
168.625    0.0929968695747
168.75    0.0929011797192
168.875    0.0929011797192
169.0    0.0964553743524
169.125    0.0964690443318
169.25    0.0964553743524
169.375    0.0966740940221
169.5    0.0955599907044
169.625    0.0954232909108
169.75    0.0952660861482
169.875    0.0954232909108
170.0    0.0925047503178
170.125    0.101540606674
170.25    0.0964758793214
170.375    0.101602121581
170.5    0.0908711877845
170.625    0.0908233428568
170.75    0.102975954506
170.875    0.102934944568
171.0    0.0985673861633
171.125    0.108785695734
171.25    0.0937350484601
171.375    0.0938102333466
171.5    0.0960726149303
171.625    0.0941724877995
171.75    0.0941724877995
171.875    0.0941724877995
172.0    0.0963870244556
172.125    0.0967014339808
172.25    0.0940904679234
172.375    0.0946167621287
172.5    0.0966672590324
172.625    0.094076797944
172.75    0.0964280343937
172.875    0.0965989091357
173.0    0.0984101814006
173.125    0.0978497122469
173.25    0.0976446625566
173.375    0.111020737359
173.5    0.0975694776701
173.625    0.0975694776701
173.75    0.0975147977527
173.875    0.0976173225978
174.0    0.0979727420612
174.125    0.0979454021025
174.25    0.0979454021025
174.375    0.0974327778765
174.5    0.0931472393477
174.625    0.0931677443167
174.75    0.0932087542548
174.875    0.0965510642079
175.0    0.0967424439189
175.125    0.0967424439189
175.25    0.0967424439189
175.375    0.100747747871
175.5    0.0906182931664
175.625    0.0907003130425
175.75    0.0907413229806
175.875    0.0907413229806
176.0    0.0905772832283
176.125    0.0905772832283
176.25    0.0930105395541
176.375    0.0927166349979
176.5    0.0929831995954
176.625    0.0932634341722
176.75    0.0933249490793
176.875    0.0934343089142
177.0    0.0954848058179
177.125    0.0958128853225
177.25    0.0958128853225
177.375    0.0957240304567
177.5    0.085492050907
177.625    0.0984101814006
177.75    0.0988134457917
177.875    0.0987245909259
178.0    0.0934889888316
178.125    0.0934889888316
178.25    0.0934889888316
178.375    0.0936256886252
178.5    0.0798121744836
178.625    0.0811108225227
178.75    0.081124492502
178.875    0.0811381624814
179.0    0.0936325236149
179.125    0.0960657799407
179.25    0.0965578991976
179.375    0.0970705234235
180.0    0.0965647341873
180.125    0.0935710087078
180.25    0.0935710087078
180.375    0.0931335693683
180.5    0.0957035254877
180.625    0.0954232909108
180.75    0.0957035254877
180.875    0.0953276010553
181.0    0.0915751917215
181.125    0.0914111519692
181.25    0.093160909327
181.375    0.093160909327
181.5    0.103481743743
181.625    0.0878227823876
181.75    0.087836452367
181.875    0.0874468579553
182.0    0.0932565991825
182.125    0.0933522890381
182.25    0.0867223490493
182.375    0.0867223490493
182.5    0.0950131915301
182.625    0.0974669528249
182.75    0.0974669528249
182.875    0.0976173225978
183.0    0.10588766011
183.125    0.105723620357
183.25    0.090050989023
183.375    0.090050989023
183.5    0.0964075294246
183.625    0.096612579115
183.75    0.0963596844969
183.875    0.0963596844969
184.0    0.0919374461745
184.125    0.090625128156
184.25    0.090625128156
184.375    0.090625128156
184.5    0.0923748855139
184.625    0.0916435416183
184.75    0.091882766257
184.875    0.0921014859268
185.0    0.0852118163302
185.125    0.0852118163302
185.25    0.0851024564953
185.375    0.0850341065985
185.5    0.0979454021025
185.625    0.097870217216
185.75    0.0984375213593
185.875    0.0862028898336
186.0    0.105942340027
186.125    0.105504900688
186.25    0.10288709964
186.375    0.10288709964
186.5    0.101335556983
186.625    0.101157847252
186.75    0.101759326343
186.875    0.101752491354
187.0    0.0991415252963
187.125    0.0991415252963
187.25    0.0987724358536
187.375    0.0988749606988
187.5    0.0886156411904
187.625    0.0915273467937
187.75    0.0889368857053
187.875    0.0889368857053
188.0    0.084002023157
188.125    0.0838994983118
188.25    0.0838994983118
188.375    0.0839473432395
188.5    0.0953276010553
188.625    0.0954711358386
188.75    0.0952660861482
188.875    0.101800336281
189.0    0.102538515167
189.125    0.102538515167
189.25    0.102538515167
189.375    0.102456495291
189.5    0.0927166349979
189.625    0.0928875097399
189.75    0.092395390483
189.875    0.0934479788936
190.0    0.104226757618
190.125    0.0965989091357
190.25    0.0911719273304
190.375    0.10139707189
190.5    0.0843232676719
190.625    0.0846513471765
190.75    0.0843779475893
190.875    0.0846718521455
191.0    0.0901193389198
191.125    0.0900646590024
191.25    0.0900646590024
191.375    0.100494853253
191.5    0.0949106666849
191.625    0.0947192869739
191.75    0.0947124519842
191.875    0.0945005673041
192.0    0.0895451997868
192.125    0.0895451997868
192.25    0.0898322693533
192.375    0.0899552991675
192.5    0.0945210722732
192.625    0.0940836329337
192.75    0.0943843724796
192.875    0.0943501975312
193.0    0.0923543805449
193.125    0.0923543805449
193.25    0.0927234699876
193.375    0.0932019192651
193.5    0.0970500184545
193.625    0.0970500184545
193.75    0.0970500184545
193.875    0.0970021735267
194.0    0.0847196970733
194.125    0.0847196970733
194.25    0.0843506076306
194.375    0.0844873074242
194.5    0.0843369376512
194.625    0.0826555301902
194.75    0.0824914904378
194.875    0.0844873074242
195.0    0.0883969215207
195.125    0.0886566511285
195.25    0.0887386710046
195.375    0.0905157683212
195.5    0.0951293863546
195.625    0.0951703962927
195.75    0.0952592511585
195.875    0.0952797561276
196.0    0.0846308422074
196.125    0.0846308422074
196.25    0.0846308422074
196.375    0.0850067666398
196.5    0.0936872035323
196.625    0.0936872035323
196.75    0.0883012316652
196.875    0.0884242614794
197.0    0.0924637403798
197.125    0.0950542014682
197.25    0.0950542014682
197.375    0.0950542014682
197.5    0.08968873457
197.625    0.0896955695597
197.75    0.0896955695597
197.875    0.0895383647971
198.0    0.090221863765
198.125    0.090221863765
198.25    0.0902628737031
198.375    0.0902628737031
198.5    0.095546320725
198.625    0.0954506308695
198.75    0.095505310787
198.875    0.0958470602709
199.0    0.087323828141
199.125    0.087323828141
199.25    0.0871597883887
199.375    0.087323828141
199.5    0.0980274219786
199.625    0.0983349965142
199.75    0.095676185529
199.875    0.0930925594302
200.0    0.0952934261069
200.125    0.0954301259005
200.25    0.0944800623351
200.375    0.0944253824177
200.5    0.0944732273454
200.625    0.0945825871803
200.75    0.0928259948328
200.875    0.0915956966905
201.0    0.0978770522056
201.125    0.0978770522056
201.25    0.098232471669
201.375    0.098594726122
201.5    0.0935983486665
201.625    0.0920399710196
201.75    0.0924910803385
201.875    0.0954984757973
202.0    0.0929421896573
202.125    0.0926277801321
202.25    0.0928875097399
202.375    0.094418547428
202.5    0.1041720777
202.625    0.104219922628
202.75    0.104219922628
202.875    0.104219922628
203.0    0.0891761103441
203.125    0.0891761103441
203.25    0.0890394105505
203.375    0.0893401500964
203.5    0.094972181592
203.625    0.0950200265198
203.75    0.0949790165817
203.875    0.0952455811792
204.0    0.0976036526185
204.125    0.0975831476494
204.25    0.0948286468088
204.375    0.0947329569532
204.5    0.0947124519842
204.625    0.0947124519842
204.75    0.0947124519842
204.875    0.0947124519842
205.0    0.0952934261069
205.125    0.0957445354258
205.25    0.095696690498
205.375    0.0957650403948
205.5    0.0897707544462
205.625    0.0897639194565
205.75    0.0896272196629
205.875    0.0925184202972
206.0    0.0949175016746
206.125    0.0944527223764
206.25    0.0944117124383
206.375    0.0817533115525
206.5    0.0961477998168
206.625    0.0961751397756
206.75    0.0961341298375
206.875    0.0962024797343
207.0    0.0944868973248
207.125    0.0944868973248
207.25    0.091500006835
207.375    0.0933659590174
207.5    0.0934069689555
207.625    0.0934069689555
207.75    0.0927849848947
207.875    0.0926004401733
208.0    0.0919169412054
208.125    0.0918554262983
208.25    0.092074145968
208.375    0.0920468060093
208.5    0.0944800623351
208.625    0.0944048774486
208.75    0.0944048774486
208.875    0.0947397919429
209.0    0.0939469331401
209.125    0.0939742730989
209.25    0.0937282134704
209.375    0.0937282134704
209.5    0.0930583844818
209.625    0.0930583844818
209.75    0.0930583844818
209.875    0.0930583844818
210.0    0.088943720695
210.125    0.088943720695
210.25    0.088943720695
210.375    0.0888070209014
210.5    0.0925936051837
210.625    0.0927166349979
210.75    0.0930720544612
210.875    0.0932839391413
211.0    0.0939811080885
211.125    0.0939400981505
211.25    0.0926482851011
211.375    0.0941178078821
211.5    0.0918690962777
211.625    0.0918690962777
211.75    0.0918690962777
211.875    0.0919579511435
212.0    0.0945757521906
212.125    0.0945757521906
212.25    0.0944663923558
212.375    0.0944117124383
212.5    0.0898869492707
212.625    0.0906387981354
212.75    0.0909942175987
212.875    0.0910078875781
213.0    0.0978018673192
213.125    0.0978018673192
213.25    0.0900919989611
213.375    0.0916230366492
213.5    0.0909873826091
213.625    0.090604623187
213.75    0.0997498393778
213.875    0.0996609845119
214.0    0.0882123767993
214.125    0.0881850368406
214.25    0.0882807266961
214.375    0.0882807266961
214.5    0.0933932989761
214.625    0.094056292975
214.75    0.0939947780679
214.875    0.0940152830369
215.0    0.093331784069
215.125    0.0917802414118
215.25    0.0917802414118
215.375    0.0917802414118
215.5    0.0918280863396
215.625    0.0918280863396
215.75    0.0922108457616
215.875    0.0920604759887
216.0    0.0927166349979
216.125    0.0927166349979
216.25    0.0927166349979
216.375    0.0930788894509
216.5    0.0897639194565
216.625    0.0897229095184
216.75    0.0900714939921
216.875    0.0898049293946
217.0    0.0920673109784
217.125    0.0921698358236
217.25    0.0921698358236
217.375    0.0914589968969
217.5    0.0919647861332
217.625    0.0918759312674
217.75    0.0919989610816
217.875    0.0894563449209
218.0    0.0981982967206
218.125    0.0982256366793
218.25    0.0978633822263
218.375    0.0938580782743
218.5    0.0987109209465
218.625    0.0986630760188
218.75    0.0986630760188
218.875    0.0985537161839
219.0    0.0938717482537
219.125    0.0938239033259
219.25    0.0939469331401
219.375    0.0952045712411
219.5    0.0927303049772
219.625    0.0927303049772
219.75    0.0914179869588
219.875    0.091862261288
220.0    0.0905226033109
220.125    0.0901945238063
220.25    0.0901945238063
220.375    0.0901945238063
220.5    0.0931745793064
220.625    0.0931745793064
220.75    0.0931745793064
220.875    0.0931745793064
221.0    0.091329132093
221.125    0.091329132093
221.25    0.091479501866
221.375    0.0917460664634
221.5    0.0932429292032
221.625    0.0932429292032
221.75    0.0929831995954
221.875    0.0929831995954
222.0    0.10352958867
222.125    0.103263024073
222.25    0.103263024073
222.375    0.103290364032
222.5    0.092778149905
222.625    0.0849862616707
222.75    0.0928738397605
222.875    0.0876382376663
223.0    0.0921561658442
223.125    0.0922313507307
223.25    0.086749689008
223.375    0.0865309693382
223.5    0.0920946509371
223.625    0.0921219908958
223.75    0.0921219908958
223.875    0.0921219908958
224.0    0.0876450726559
224.125    0.0876450726559
224.25    0.0875767227592
224.375    0.0875767227592
224.5    0.086599319235
224.625    0.0859841701639
224.75    0.0864899594002
224.875    0.0890872554782
225.0    0.089155605375
225.125    0.0895930447145
225.25    0.0895930447145
225.375    0.0895930447145
225.5    0.0892786351893
225.625    0.0891214304266
225.75    0.0890804204886
225.875    0.0890804204886
226.0    0.0821018960261
226.125    0.0821018960261
226.25    0.0829699397154
226.375    0.0824709854688
226.5    0.0953070960863
226.625    0.095313931076
226.75    0.0953070960863
226.875    0.0952797561276
227.0    0.0884721064071
227.125    0.0884721064071
227.25    0.0882875616858
227.375    0.0987245909259
227.5    0.0876108977075
227.625    0.0878296173773
227.75    0.0877954424289
227.875    0.0878227823876
228.0    0.0858884803084
228.125    0.0858884803084
228.25    0.0858884803084
228.375    0.0858884803084
228.5    0.0941109728924
228.625    0.0941109728924
228.75    0.0941109728924
228.875    0.0939195931814
229.0    0.0881235219335
229.125    0.0882465517477
229.25    0.0882465517477
229.375    0.0899963091056
229.5    0.0900783289817
229.625    0.0900783289817
229.75    0.0900783289817
229.875    0.0900783289817
230.0    0.0892512952306
230.125    0.0897297445081
230.25    0.0898117643843
230.375    0.0898117643843
230.5    0.0864831244105
230.625    0.0864831244105
230.75    0.0864831244105
230.875    0.089135100406
231.0    0.0856014107419
231.125    0.0855809057728
231.25    0.0855877407625
231.375    0.095505310787
231.5    0.0880415020573
231.625    0.0880825119954
231.75    0.0880825119954
231.875    0.0879184722431
232.0    0.0867360190286
232.125    0.086770193977
232.25    0.0885199513349
232.375    0.0884789413968
232.5    0.086749689008
232.625    0.0868317088841
232.75    0.0872349732752
232.875    0.0872349732752
233.0    0.0909600426503
233.125    0.0914521619072
233.25    0.0914589968969
233.375    0.0914179869588
233.5    0.0868795538119
233.625    0.0868795538119
233.75    0.0870504285539
233.875    0.0870504285539
234.0    0.10054953317
234.125    0.100652058015
234.25    0.106441294274
234.375    0.0990184954821
234.5    0.0986699110084
234.625    0.0908506828155
234.75    0.0914726668763
234.875    0.0916435416183
235.0    0.0909532076607
235.125    0.0909532076607
235.25    0.0909532076607
235.375    0.0909532076607
235.5    0.0922655256791
235.625    0.0921424958648
235.75    0.0922655256791
235.875    0.0921014859268
236.0    0.0870299235848
236.125    0.0867838639564
236.25    0.0867018440802
236.375    0.0867018440802
236.5    0.0832159993438
236.625    0.0834825639413
236.75    0.0836944486214
236.875    0.0831954943748
237.0    0.106427624294
237.125    0.101239867128
237.25    0.101239867128
237.375    0.0882055418096
237.5    0.0900783289817
237.625    0.0854168660205
237.75    0.0854168660205
237.875    0.0854578759586
238.0    0.0888001859117
238.125    0.0888001859117
238.25    0.088752340984
238.375    0.0887660109633
238.5    0.0876997525734
238.625    0.0875698877695
238.75    0.0873785080584
238.875    0.0874195179965
239.0    0.0921766708132
239.125    0.0922518556997
239.25    0.0923543805449
239.375    0.0919921260919
240.0    0.0892239552718
240.125    0.0892307902615
240.25    0.0878022774186
240.375    0.0906593031045
240.5    0.0957035254877
240.625    0.0959017401884
240.75    0.0955873306631
240.875    0.093482153842
241.0    0.0888206908808
241.125    0.0888275258704
241.25    0.0888206908808
241.375    0.0945415772422
241.5    0.0925662652249
241.625    0.0920878159474
241.75    0.0922928656378
241.875    0.0922928656378
242.0    0.0890530805299
242.125    0.0889095457466
242.25    0.0886771560975
242.375    0.0887796809427
242.5    0.0860661900401
242.625    0.0864147745137
242.75    0.0864011045343
242.875    0.0864489494621
243.0    0.0919716211229
243.125    0.0843301026616
243.25    0.084193402868
243.375    0.0845078123932
243.5    0.0896477246319
243.625    0.0845146473829
243.75    0.0844257925171
243.875    0.0844257925171
244.0    0.0855193908657
244.125    0.0853758560825
244.25    0.0857176055664
244.375    0.085874810329
244.5    0.0783904966304
244.625    0.0785545363827
244.75    0.0787732560524
244.875    0.0941451478408
245.0    0.0864967943898
245.125    0.0867770289667
245.25    0.0866129892144
245.375    0.0885336213142
245.5    0.0872896531926
245.625    0.0878842972947
245.75    0.0880004921193
245.875    0.0884584364278
246.0    0.089859609312
246.125    0.089859609312
246.25    0.089859609312
246.375    0.0896955695597
246.5    0.0908233428568
246.625    0.0908165078671
246.75    0.0880893469851
246.875    0.101444916818
247.0    0.0897844244255
247.125    0.0899006192501
247.25    0.0900441540333
247.375    0.0900441540333
247.5    0.0879594821812
247.625    0.0873921780378
247.75    0.0872418082649
247.875    0.0859363252362
248.0    0.0988749606988
248.125    0.0999343840991
248.25    0.0810561426052
248.375    0.0818216614493
248.5    0.103139994259
248.625    0.103700463412
248.75    0.103700463412
248.875    0.103679958443
249.0    0.097870217216
249.125    0.0985537161839
249.25    0.0989911555234
249.375    0.0969679985783
249.5    0.101554276653
249.625    0.0963460145175
249.75    0.0993944199144
249.875    0.0998045192952
250.0    0.101561111643
250.125    0.101930201085
250.25    0.102032725931
250.375    0.102360805435
250.5    0.104349787432
250.625    0.104616352029
250.75    0.104431807308
250.875    0.103939688051
251.0    0.101328721994
251.125    0.101506431725
251.25    0.101957541044
251.375    0.101096332345
251.5    0.0963733544762
251.625    0.0960247700026
251.75    0.0965510642079
251.875    0.0965510642079
252.0    0.0910694024852
252.125    0.0916162016595
252.25    0.0972277281861
252.375    0.0976925074843
252.5    0.0986015611116
252.625    0.0982188016896
252.75    0.109749429278
252.875    0.107124793242
253.0    0.10289393463
253.125    0.101103167334
253.25    0.103126324279
253.375    0.102914439599
253.5    0.103905513103
253.625    0.103345043949
253.75    0.103345043949
253.875    0.103864503165
254.0    0.0965373942285
254.125    0.0947739668913
254.25    0.0925662652249
254.375    0.0948764917365
254.5    0.0983486664935
254.625    0.0832501742922
254.75    0.0987997758123
254.875    0.104855576668
255.0    0.103263024073
255.125    0.103433898815
255.25    0.105087966317
255.375    0.102729894878
255.5    0.107685262395
255.625    0.108450781239
255.75    0.107664757426
255.875    0.107821962189
256.0    0.108259401528
256.125    0.108519131136
256.25    0.108566976064
256.375    0.108826705672
256.5    0.104759886813
256.625    0.103632113516
256.75    0.109380339836
256.875    0.104923926565
257.0    0.0902970486515
257.125    0.0877886074392
257.25    0.100857107706
257.375    0.110713162823
257.5    0.0886361461594
257.625    0.118354681284
257.75    0.112456085191
257.875    0.118074446708
258.0    0.103290364032
258.125    0.103584268588
258.25    0.102394980384
258.375    0.102107910817
258.5    0.121744836165
258.625    0.111977635914
258.75    0.111984470903
258.875    0.109182125135
259.0    0.0984580263284
259.125    0.104377127391
259.25    0.105210996131
259.375    0.117083373204
259.5    0.110890872555
259.625    0.113419818736
259.75    0.112421910243
259.875    0.111745246265
260.0    0.105737290337
260.125    0.105805640233
260.25    0.105791970254
260.375    0.105901330089
260.5    0.112722649789
260.625    0.112319385398
260.75    0.112251035501
260.875    0.112387735295
261.0    0.107897147075
261.125    0.107992836931
261.25    0.107869807117
261.375    0.108327751425
261.5    0.107070113324
261.625    0.106591664047
261.75    0.113002884366
261.875    0.114472407147
262.0    0.0988954656679
262.125    0.0995857996255
262.25    0.100822932757
262.375    0.0997361693984
262.5    0.101937036075
262.625    0.0989911555234
262.75    0.0997771793365
262.875    0.0993739149454
263.0    0.10162946154
263.125    0.101294547045
263.25    0.101766161333
263.375    0.114704796796
263.5    0.106673683923
263.625    0.105313520977
263.75    0.102087405848
263.875    0.101684141457
264.0    0.108519131136
264.125    0.10907960029
264.25    0.108033846869
264.375    0.107295667984
264.5    0.108942900496
264.625    0.108942900496
264.75    0.0955326507457
264.875    0.0957718753845
265.0    0.093714543491
265.125    0.093714543491
265.25    0.0934548138832
265.375    0.101068992386
265.5    0.10247016527
265.625    0.102552185146
265.75    0.102661544981
265.875    0.10290760461
266.0    0.0943228575725
266.125    0.0967287739395
266.25    0.0956830205186
266.375    0.0952865911173
266.5    0.0821770809126
266.625    0.0821634109332
266.75    0.0836055937555
266.875    0.0829220947876
267.0    0.0999412190888
267.125    0.0999412190888
267.25    0.0949311716539
267.375    0.0949175016746
267.5    0.0976446625566
267.625    0.0968859787022
267.75    0.0969133186609
267.875    0.0948081418397
268.0    0.0905909532077
268.125    0.0905499432696
268.25    0.0904884283625
268.375    0.0890667505092
268.5    0.0886498161388
268.625    0.0893401500964
268.75    0.08947684989
268.875    0.0902355337443
269.0    0.087856957336
269.125    0.0876792476043
269.25    0.0873511680997
269.375    0.0856150807212
269.5    0.0911104124233
269.625    0.109373504846
269.75    0.0904952633522
269.875    0.105696280399
270.0    0.086961573688
270.125    0.086961573688
270.25    0.0873716730688
270.375    0.0898869492707
270.5    0.0881508618922
270.625    0.090201358796
270.75    0.0885267863246
270.875    0.104541167143
271.0    0.0886361461594
271.125    0.0900988339508
271.25    0.0900988339508
271.375    0.0900988339508
271.5    0.0833116891993
271.625    0.0831339794677
271.75    0.0833526991374
271.875    0.0863464246169
272.0    0.0909327026916
272.125    0.0909327026916
272.25    0.0902697086927
272.375    0.0899074542397
272.5    0.0957855453638
272.625    0.0960862849097
272.75    0.0947329569532
272.875    0.0956351755909
273.0    0.0852596612579
273.125    0.084938416743
273.25    0.084917911774
273.375    0.084917911774
273.5    0.0887250010253
273.625    0.0906729730838
273.75    0.0901466788785
273.875    0.0899006192501
274.0    0.102613700053
274.125    0.10203956092
274.25    0.086578814266
274.375    0.091520511804
274.5    0.0849862616707
274.625    0.0849657567017
274.75    0.0849657567017
274.875    0.0847333670526
275.0    0.0849930966604
275.125    0.0798873593701
275.25    0.0883217366342
275.375    0.0891829453338
275.5    0.0856014107419
275.625    0.0867155140596
275.75    0.0867155140596
275.875    0.0863942695447
276.0    0.086599319235
276.125    0.0864762894208
276.25    0.0877475975011
276.375    0.0980342569683
276.5    0.083318524189
276.625    0.0913154621137
276.75    0.0913496370621
276.875    0.0916982215357
277.0    0.0893674900551
277.125    0.0894426749416
277.25    0.089155605375
277.375    0.0864284444931
277.5    0.094951676623
277.625    0.0979795770509
277.75    0.0982939865761
277.875    0.0987314259155
278.0    0.0922860306481
278.125    0.0843779475893
278.25    0.091841756319
278.375    0.0921561658442
278.5    0.103782483288
278.625    0.0911514223614
278.75    0.0937077085014
278.875    0.0938033983569
279.0    0.0902560387134
279.125    0.0899416291881
279.25    0.0901603488579
279.375    0.0904952633522
279.5    0.0862780747201
279.625    0.0862917446995
279.75    0.0864489494621
279.875    0.0866198242041
280.0    0.0962639946414
280.125    0.0959769250748
280.25    0.0959222451574
280.375    0.093331784069
280.5    0.0950268615094
280.625    0.0950131915301
280.75    0.0861413749265
280.875    0.0877407625115
281.0    0.084193402868
281.125    0.0841865678783
281.25    0.0857722854839
281.375    0.0857176055664
281.5    0.108717345837
281.625    0.0929968695747
281.75    0.0919716211229
281.875    0.0919921260919
282.0    0.0921493308545
282.125    0.0935163287904
282.25    0.0883627465723
282.375    0.0884037565103
282.5    0.0875903927385
282.625    0.0882123767993
282.75    0.0866334941834
282.875    0.0845829972797
283.0    0.083872158353
283.125    0.083680778642
283.25    0.0837286235698
283.375    0.0865378043279
283.5    0.0955873306631
283.625    0.096038439982
283.75    0.0933386190587
283.875    0.0940084480472
284.0    0.0856560906593
284.125    0.103946523041
284.25    0.0948833267262
284.375    0.0948423167881
284.5    0.0914248219485
284.625    0.109687914371
284.75    0.091670881577
284.875    0.091670881577
285.0    0.0868932237912
285.125    0.0895315298074
285.25    0.0922928656378
285.375    0.0900168140746
285.5    0.0837354585595
285.625    0.0853280111547
285.75    0.0837217885801
285.875    0.0837217885801
286.0    0.0958607302503
286.125    0.0960042650336
286.25    0.0963801894659
286.375    0.0963801894659
286.5    0.091520511804
286.625    0.0912607821962
286.75    0.091520511804
286.875    0.091520511804
287.0    0.0925047503178
287.125    0.0886224761801
287.25    0.0886224761801
287.375    0.0887455059943
287.5    0.0774130931062
287.625    0.0930173745438
287.75    0.0930857244406
287.875    0.0932702691619
288.0    0.0899552991675
288.125    0.0880004921193
288.25    0.0885336213142
288.375    0.0885746312523
288.5    0.0835304088691
288.625    0.0835509138381
288.75    0.0838174784356
288.875    0.0839063333014
289.0    0.0752258964089
289.125    0.0921288258855
289.25    0.0818626713874
289.375    0.0818626713874
289.5    0.0886498161388
289.625    0.0887865159324
289.75    0.087474197914
289.875    0.0873169931513
290.0    0.0863669295859
290.125    0.0864147745137
290.25    0.0835167388897
290.375    0.0849930966604
290.5    0.099551624677
290.625    0.100009568986
290.75    0.0923680505242
290.875    0.0928123248534
291.0    0.0954301259005
291.125    0.0953617760037
291.25    0.095334436045
291.375    0.0954643008489
291.5    0.094056292975
291.625    0.0940152830369
291.75    0.0942203327273
291.875    0.0943365275518
292.0    0.0923338755759
292.125    0.0923338755759
292.25    0.0924979153282
292.375    0.0921424958648
292.5    0.103003294465
292.625    0.102996459475
292.75    0.0896408896423
292.875    0.0962844996104
293.0    0.0860798600194
293.125    0.0863464246169
293.25    0.0862985796891
293.375    0.0859363252362
293.5    0.0892786351893
293.625    0.0892854701789
293.75    0.0892854701789
293.875    0.0892239552718
294.0    0.0853758560825
294.125    0.0896613946113
294.25    0.0883559115826
294.375    0.088772845953
294.5    0.0932634341722
294.625    0.0909258677019
294.75    0.0924569053901
294.875    0.0911035774336
295.0    0.0895862097248
295.125    0.0897775894359
295.25    0.0897365794978
295.375    0.0900236490643
295.5    0.0895657047558
295.625    0.0895930447145
295.75    0.0894290049622
295.875    0.0881303569232
296.0    0.0934616488729
296.125    0.0934958238213
296.25    0.0946851120255
296.375    0.0948218118191
296.5    0.0876040627179
296.625    0.0869068937706
296.75    0.0842617527648
296.875    0.0842617527648
297.0    0.0964553743524
297.125    0.09352316378
297.25    0.0938102333466
297.375    0.0938170683362
297.5    0.0867360190286
297.625    0.0851913113611
297.75    0.0847402020423
297.875    0.084917911774
298.0    0.0873443331101
298.125    0.0876587426353
298.25    0.0879048022638
298.375    0.0876929175837
298.5    0.0857381105354
298.625    0.0857381105354
298.75    0.0967902888467
298.875    0.102066900879
299.0    0.0905977881973
299.125    0.0905294383006
299.25    0.0905294383006
299.375    0.0958265553019
300.0    0.0844462974861
300.125    0.0850819515263
300.25    0.0852391562889
300.375    0.086045685071
300.5    0.0836397687039
300.625    0.0836397687039
300.75    0.0834278840239
300.875    0.0836124287452
301.0    0.0842275778164
301.125    0.0848290569081
301.25    0.0848427268875
301.375    0.0848837368256
301.5    0.0867223490493
301.625    0.0848290569081
301.75    0.0819378562738
301.875    0.0825188303966
302.0    0.0840772080434
302.125    0.0840772080434
302.25    0.084384782579
302.375    0.0846650171558
302.5    0.0912471122169
302.625    0.0912676171859
302.75    0.0915956966905
302.875    0.0915956966905
303.0    0.0935778436975
303.125    0.0907413229806
303.25    0.0907413229806
303.375    0.0906934780529
303.5    0.0916298716389
303.625    0.0916298716389
303.75    0.0916298716389
303.875    0.0838106434459
304.0    0.0854305359999
304.125    0.085300671196
304.25    0.0868180389048
304.375    0.0868180389048
304.5    0.0861550449059
304.625    0.0852459912786
304.75    0.0853553511134
304.875    0.0855467308244
305.0    0.0851913113611
305.125    0.0854373709896
305.25    0.0851913113611
305.375    0.0852459912786
305.5    0.0876245676869
305.625    0.0878227823876
305.75    0.0858269654013
305.875    0.0858269654013
306.0    0.0935573387284
306.125    0.0935573387284
306.25    0.0935983486665
306.375    0.0910899074542
306.5    0.0895383647971
306.625    0.0891282654163
306.75    0.0891214304266
306.875    0.0906387981354
307.0    0.0869547386984
307.125    0.0871802933578
307.25    0.0871802933578
307.375    0.0857039355871
307.5    0.0876519076456
307.625    0.0887865159324
307.75    0.0885951362214
307.875    0.0888548658291
308.0    0.0874673629243
308.125    0.0858132954219
308.25    0.0859226552568
308.375    0.0859363252362
308.5    0.0968791437125
308.625    0.0969816685577
308.75    0.0895520347764
308.875    0.0887318360149
309.0    0.0831954943748
309.125    0.0833390291581
309.25    0.0911992672891
309.375    0.0920057960713
309.5    0.0870162536055
309.625    0.0870846035022
309.75    0.0874536929449
309.875    0.0873785080585
310.0    0.0814935819447
310.125    0.086941068719
310.25    0.086941068719
310.375    0.0922313507307
310.5    0.0906798080735
310.625    0.0881508618922
310.75    0.088390086531
310.875    0.0885609612729
311.0    0.0844736374448
311.125    0.0861277049472
311.25    0.0853553511134
311.375    0.083872158353
311.5    0.0989706505543
311.625    0.101130507293
311.75    0.0897434144874
311.875    0.0882875616858
312.0    0.0884926113762
312.125    0.0867838639564
312.25    0.0846513471765
312.375    0.0860046751329
312.5    0.0850887865159
312.625    0.0872076333165
312.75    0.0852733312373
312.875    0.0853416811341
313.0    0.0773515781991
313.125    0.0851913113611
313.25    0.0956625155496
313.375    0.0849042417946
313.5    0.0888275258704
313.625    0.0884652714174
313.75    0.0883422416032
313.875    0.0887044960562
314.0    0.0848769018359
314.125    0.0877202575424
314.25    0.0879663171709
314.375    0.0854168660205
314.5    0.0836397687039
314.625    0.0839541782292
314.75    0.0900031440952
314.875    0.0900031440952
315.0    0.0846308422074
315.125    0.0869137287603
315.25    0.0872691482236
315.375    0.0872486432546
315.5    0.0891829453338
315.625    0.0894905198693
315.75    0.0817191366041
315.875    0.0895520347764
316.0    0.0910215575575
316.125    0.0906319631457
316.25    0.0906319631457
316.375    0.0914179869588
316.5    0.112374065315
316.625    0.0942066627479
316.75    0.0942066627479
316.875    0.0888958757672
317.0    0.0874810329036
317.125    0.0874468579553
