0.0    0.304527363184
0.125    0.310223880597
0.25    0.308457711443
0.375    0.308457711443
0.5    0.309402985075
0.625    0.309378109453
0.75    0.3092039801
0.875    0.3092039801
1.0    0.307462686567
1.125    0.307462686567
1.25    0.307462686567
1.375    0.308830845771
1.5    0.309527363184
1.625    0.309800995025
1.75    0.309800995025
1.875    0.309800995025
2.0    0.3092039801
2.125    0.3092039801
2.25    0.3092039801
2.375    0.309875621891
2.5    0.310174129353
2.625    0.310174129353
2.75    0.310174129353
2.875    0.310174129353
3.0    0.310845771144
3.125    0.310845771144
3.25    0.309577114428
3.375    0.309452736318
3.5    0.304278606965
3.625    0.304278606965
3.75    0.304278606965
3.875    0.304278606965
4.0    0.315
4.125    0.315
4.25    0.315
4.375    0.315
4.5    0.311641791045
4.625    0.315447761194
4.75    0.315447761194
4.875    0.315447761194
5.0    0.311641791045
5.125    0.311641791045
5.25    0.311641791045
5.375    0.311243781095
5.5    0.311492537313
5.625    0.311492537313
5.75    0.311492537313
5.875    0.309253731343
6.0    0.314228855721
6.125    0.314228855721
6.25    0.314228855721
6.375    0.314228855721
6.5    0.310845771144
6.625    0.310845771144
6.75    0.310845771144
6.875    0.310845771144
7.0    0.311815920398
7.125    0.311815920398
7.25    0.313308457711
7.375    0.311517412935
7.5    0.305621890547
7.625    0.305621890547
7.75    0.305621890547
7.875    0.305621890547
8.0    0.312935323383
8.125    0.312935323383
8.25    0.312935323383
8.375    0.312935323383
8.5    0.314701492537
8.625    0.314701492537
8.75    0.314701492537
8.875    0.314701492537
9.0    0.312985074627
9.125    0.312985074627
9.25    0.312985074627
9.375    0.312985074627
9.5    0.311890547264
9.625    0.311890547264
9.75    0.311890547264
9.875    0.311890547264
10.0    0.324328358209
10.125    0.324328358209
10.25    0.324328358209
10.375    0.319353233831
10.5    0.307960199005
10.625    0.307960199005
10.75    0.307960199005
10.875    0.307960199005
11.0    0.311044776119
11.125    0.311044776119
11.25    0.311343283582
11.375    0.311343283582
11.5    0.310099502488
11.625    0.310099502488
11.75    0.310099502488
11.875    0.310099502488
12.0    0.308805970149
12.125    0.308805970149
12.25    0.308805970149
12.375    0.308805970149
12.5    0.31263681592
12.625    0.31263681592
12.75    0.313407960199
12.875    0.313407960199
13.0    0.310721393035
13.125    0.310721393035
13.25    0.310746268657
13.375    0.310746268657
13.5    0.308805970149
13.625    0.308805970149
13.75    0.308805970149
13.875    0.308805970149
14.0    0.307960199005
14.125    0.307960199005
14.25    0.307960199005
14.375    0.307960199005
14.5    0.313756218905
14.625    0.313756218905
14.75    0.307985074627
14.875    0.308482587065
15.0    0.308059701493
15.125    0.308059701493
15.25    0.308059701493
15.375    0.308059701493
15.5    0.318407960199
15.625    0.318407960199
15.75    0.315845771144
15.875    0.315845771144
16.0    0.311119402985
16.125    0.312313432836
16.25    0.313805970149
16.375    0.313805970149
16.5    0.314825870647
16.625    0.314825870647
16.75    0.314825870647
16.875    0.314825870647
17.0    0.313532338308
17.125    0.311990049751
17.25    0.311990049751
17.375    0.311990049751
17.5    0.311990049751
17.625    0.311990049751
17.75    0.311990049751
17.875    0.311990049751
18.0    0.308656716418
18.125    0.308656716418
18.25    0.308656716418
18.375    0.309179104478
18.5    0.309303482587
18.625    0.309303482587
18.75    0.309303482587
18.875    0.309303482587
19.0    0.309179104478
19.125    0.309179104478
19.25    0.309179104478
19.375    0.309179104478
19.5    0.309875621891
19.625    0.309875621891
19.75    0.309875621891
19.875    0.309875621891
20.0    0.310248756219
20.125    0.310248756219
20.25    0.310248756219
20.375    0.310248756219
20.5    0.314353233831
20.625    0.314353233831
20.75    0.314353233831
20.875    0.314353233831
21.0    0.321044776119
21.125    0.316069651741
21.25    0.316069651741
21.375    0.316069651741
21.5    0.310646766169
21.625    0.310646766169
21.75    0.310646766169
21.875    0.310646766169
22.0    0.309353233831
22.125    0.309353233831
22.25    0.311990049751
22.375    0.311990049751
22.5    0.312164179104
22.625    0.312164179104
22.75    0.312164179104
22.875    0.312164179104
23.0    0.310472636816
23.125    0.309726368159
23.25    0.309726368159
23.375    0.309353233831
23.5    0.318756218905
23.625    0.318756218905
23.75    0.318756218905
23.875    0.318756218905
24.0    0.311492537313
24.125    0.311492537313
24.25    0.311492537313
24.375    0.311492537313
24.5    0.314278606965
24.625    0.314278606965
24.75    0.314278606965
24.875    0.314278606965
25.0    0.306567164179
25.125    0.306567164179
25.25    0.306567164179
25.375    0.306965174129
25.5    0.314353233831
25.625    0.314353233831
25.75    0.314353233831
25.875    0.314353233831
26.0    0.319651741294
26.125    0.319651741294
26.25    0.319651741294
26.375    0.319651741294
26.5    0.311243781095
26.625    0.311243781095
26.75    0.311243781095
26.875    0.311243781095
27.0    0.310945273632
27.125    0.310945273632
27.25    0.311741293532
27.375    0.311741293532
27.5    0.312164179104
27.625    0.312164179104
27.75    0.312164179104
27.875    0.311517412935
28.0    0.314278606965
28.125    0.314278606965
28.25    0.314278606965
28.375    0.314278606965
28.5    0.316243781095
28.625    0.316243781095
28.75    0.316243781095
28.875    0.316243781095
29.0    0.310099502488
29.125    0.310099502488
29.25    0.310099502488
29.375    0.310099502488
29.5    0.314701492537
29.625    0.314701492537
29.75    0.314701492537
29.875    0.314701492537
30.0    0.311616915423
30.125    0.311616915423
30.25    0.311616915423
30.375    0.311616915423
30.5    0.314029850746
30.625    0.313930348259
30.75    0.313930348259
30.875    0.313930348259
31.0    0.31039800995
31.125    0.31039800995
31.25    0.31039800995
31.375    0.31039800995
31.5    0.315621890547
31.625    0.315621890547
31.75    0.315621890547
31.875    0.315621890547
32.0    0.31644278607
32.125    0.31644278607
32.25    0.31644278607
32.375    0.31644278607
32.5    0.312139303483
32.625    0.312139303483
32.75    0.312139303483
32.875    0.312139303483
33.0    0.309900497512
33.125    0.309900497512
33.25    0.309900497512
33.375    0.309900497512
33.5    0.310074626866
33.625    0.310074626866
33.75    0.310074626866
33.875    0.310174129353
34.0    0.311019900498
34.125    0.311019900498
34.25    0.311019900498
34.375    0.311019900498
34.5    0.315845771144
34.625    0.315845771144
34.75    0.315845771144
34.875    0.315845771144
35.0    0.310074626866
35.125    0.310074626866
35.25    0.310074626866
35.375    0.310074626866
35.5    0.317412935323
35.625    0.317412935323
35.75    0.317412935323
35.875    0.317412935323
36.0    0.310895522388
36.125    0.310895522388
36.25    0.310895522388
36.375    0.310895522388
36.5    0.311592039801
36.625    0.311592039801
36.75    0.311592039801
36.875    0.311592039801
37.0    0.310273631841
37.125    0.310273631841
37.25    0.310422885572
37.375    0.310422885572
37.5    0.315970149254
37.625    0.315970149254
37.75    0.315970149254
37.875    0.314626865672
38.0    0.311019900498
38.125    0.311019900498
38.25    0.311019900498
38.375    0.313955223881
38.5    0.301194029851
38.625    0.301194029851
38.75    0.301194029851
38.875    0.301194029851
39.0    0.307860696517
39.125    0.307860696517
39.25    0.314228855721
39.375    0.314228855721
39.5    0.313233830846
39.625    0.313233830846
39.75    0.313233830846
39.875    0.313233830846
40.0    0.302711442786
40.125    0.302711442786
40.25    0.302711442786
40.375    0.302711442786
40.5    0.309875621891
40.625    0.309875621891
40.75    0.309875621891
40.875    0.311691542289
41.0    0.313432835821
41.125    0.311218905473
41.25    0.311218905473
41.375    0.311218905473
41.5    0.313432835821
41.625    0.313432835821
41.75    0.313432835821
41.875    0.313432835821
42.0    0.322039800995
42.125    0.317064676617
42.25    0.317064676617
42.375    0.317064676617
42.5    0.313805970149
42.625    0.313805970149
42.75    0.313805970149
42.875    0.313805970149
43.0    0.313333333333
43.125    0.313333333333
43.25    0.313333333333
43.375    0.313656716418
43.5    0.314253731343
43.625    0.314253731343
43.75    0.314253731343
43.875    0.314253731343
44.0    0.317736318408
44.125    0.317736318408
44.25    0.317736318408
44.375    0.317736318408
44.5    0.312587064677
44.625    0.312587064677
44.75    0.312587064677
44.875    0.312587064677
45.0    0.299577114428
45.125    0.299577114428
45.25    0.30447761194
45.375    0.30447761194
45.5    0.311417910448
45.625    0.311417910448
45.75    0.311417910448
45.875    0.311417910448
46.0    0.312835820896
46.125    0.312835820896
46.25    0.312835820896
46.375    0.312835820896
46.5    0.302064676617
46.625    0.302064676617
46.75    0.302064676617
46.875    0.302064676617
47.0    0.311293532338
47.125    0.311293532338
47.25    0.311293532338
47.375    0.311293532338
47.5    0.305870646766
47.625    0.305870646766
47.75    0.305870646766
47.875    0.305870646766
48.0    0.315422885572
48.125    0.315422885572
48.25    0.315422885572
48.375    0.315422885572
48.5    0.314228855721
48.625    0.314228855721
48.75    0.314228855721
48.875    0.314228855721
49.0    0.300547263682
49.125    0.300547263682
49.25    0.300547263682
49.375    0.300547263682
49.5    0.305572139303
49.625    0.306343283582
49.75    0.305646766169
49.875    0.305646766169
50.0    0.316243781095
50.125    0.316243781095
50.25    0.316243781095
50.375    0.316243781095
50.5    0.315547263682
50.625    0.315547263682
50.75    0.315547263682
50.875    0.315547263682
51.0    0.310746268657
51.125    0.310746268657
51.25    0.310746268657
51.375    0.310746268657
51.5    0.305597014925
51.625    0.305597014925
51.75    0.305597014925
51.875    0.305597014925
52.0    0.306368159204
52.125    0.306368159204
52.25    0.306368159204
52.375    0.306368159204
52.5    0.306144278607
52.625    0.306144278607
52.75    0.306144278607
52.875    0.326044776119
53.0    0.309527363184
53.125    0.309527363184
53.25    0.309527363184
53.375    0.309527363184
53.5    0.306343283582
53.625    0.306343283582
53.75    0.306343283582
53.875    0.306343283582
54.0    0.302412935323
54.125    0.303009950249
54.25    0.303009950249
54.375    0.303805970149
54.5    0.310323383085
54.625    0.310422885572
54.75    0.310422885572
54.875    0.310422885572
55.0    0.30368159204
55.125    0.30368159204
55.25    0.30368159204
55.375    0.30368159204
55.5    0.306766169154
55.625    0.306766169154
55.75    0.306766169154
55.875    0.306766169154
56.0    0.3042039801
56.125    0.3042039801
56.25    0.3042039801
56.375    0.3042039801
56.5    0.311766169154
56.625    0.311766169154
56.75    0.311965174129
56.875    0.311965174129
57.0    0.311741293532
57.125    0.311741293532
57.25    0.311741293532
57.375    0.311741293532
57.5    0.305199004975
57.625    0.305199004975
57.75    0.305199004975
57.875    0.305199004975
58.0    0.306766169154
58.125    0.306766169154
58.25    0.306766169154
58.375    0.306766169154
58.5    0.307288557214
58.625    0.307288557214
58.75    0.304850746269
58.875    0.306119402985
59.0    0.307213930348
59.125    0.307213930348
59.25    0.307213930348
59.375    0.307213930348
59.5    0.307213930348
59.625    0.307213930348
59.75    0.307213930348
59.875    0.307213930348
60.0    0.308756218905
60.125    0.308756218905
60.25    0.308756218905
60.375    0.308756218905
60.5    0.308781094527
60.625    0.308781094527
60.75    0.308781094527
60.875    0.308781094527
61.0    0.308358208955
61.125    0.308358208955
61.25    0.308358208955
61.375    0.308358208955
61.5    0.306766169154
61.625    0.306766169154
61.75    0.306766169154
61.875    0.306766169154
62.0    0.307935323383
62.125    0.307935323383
62.25    0.307935323383
62.375    0.307935323383
62.5    0.311890547264
62.625    0.311890547264
62.75    0.311890547264
62.875    0.311890547264
63.0    0.305074626866
63.125    0.305074626866
63.25    0.305074626866
63.375    0.303582089552
63.5    0.307139303483
63.625    0.310572139303
63.75    0.310572139303
63.875    0.310572139303
64.0    0.307313432836
64.125    0.307313432836
64.25    0.307313432836
64.375    0.307313432836
64.5    0.307910447761
64.625    0.307910447761
64.75    0.307910447761
64.875    0.30907960199
65.0    0.310323383085
65.125    0.310323383085
65.25    0.310323383085
65.375    0.310323383085
65.5    0.310820895522
65.625    0.310820895522
65.75    0.310820895522
65.875    0.310820895522
66.0    0.311243781095
66.125    0.311243781095
66.25    0.309751243781
66.375    0.309751243781
66.5    0.307039800995
66.625    0.307039800995
66.75    0.307039800995
66.875    0.307039800995
67.0    0.316616915423
67.125    0.314975124378
67.25    0.314975124378
67.375    0.314975124378
67.5    0.320497512438
67.625    0.326865671642
67.75    0.321169154229
67.875    0.319104477612
68.0    0.307039800995
68.125    0.307139303483
68.25    0.307139303483
68.375    0.307412935323
68.5    0.303482587065
68.625    0.303482587065
68.75    0.303482587065
68.875    0.303482587065
69.0    0.323034825871
69.125    0.323034825871
69.25    0.323034825871
69.375    0.323034825871
69.5    0.312039800995
69.625    0.312039800995
69.75    0.312039800995
69.875    0.312039800995
70.0    0.316417910448
70.125    0.316417910448
70.25    0.316417910448
70.375    0.316417910448
70.5    0.302562189055
70.625    0.302388059701
70.75    0.304378109453
70.875    0.305099502488
71.0    0.315149253731
71.125    0.315149253731
71.25    0.315149253731
71.375    0.315149253731
71.5    0.311990049751
71.625    0.313482587065
71.75    0.313482587065
71.875    0.313482587065
72.0    0.312935323383
72.125    0.31144278607
72.25    0.311094527363
72.375    0.311492537313
72.5    0.323233830846
72.625    0.323233830846
72.75    0.323432835821
72.875    0.323507462687
73.0    0.316865671642
73.125    0.316865671642
73.25    0.316865671642
73.375    0.316865671642
73.5    0.329253731343
73.625    0.329253731343
73.75    0.327562189055
73.875    0.32447761194
74.0    0.307935323383
74.125    0.307885572139
74.25    0.30815920398
74.375    0.308880597015
74.5    0.309900497512
74.625    0.310024875622
74.75    0.310547263682
74.875    0.310547263682
75.0    0.321393034826
75.125    0.32723880597
75.25    0.324278606965
75.375    0.324278606965
75.5    0.31644278607
75.625    0.317114427861
75.75    0.317114427861
75.875    0.316069651741
76.0    0.315298507463
76.125    0.321592039801
76.25    0.321616915423
76.375    0.326144278607
76.5    0.310024875622
76.625    0.315696517413
76.75    0.313656716418
76.875    0.312388059702
77.0    0.31763681592
77.125    0.318208955224
77.25    0.318208955224
77.375    0.321815920398
77.5    0.329975124378
77.625    0.329950248756
77.75    0.331492537313
77.875    0.331393034826
78.0    0.321915422886
78.125    0.324577114428
78.25    0.324577114428
78.375    0.325870646766
78.5    0.326592039801
78.625    0.326542288557
78.75    0.32763681592
78.875    0.326791044776
79.0    0.32184079602
79.125    0.287014925373
79.25    0.2892039801
79.375    0.296268656716
79.5    0.320572139303
79.625    0.320621890547
79.75    0.322288557214
79.875    0.323781094527
80.0    0.322960199005
80.125    0.322189054726
80.25    0.322189054726
80.375    0.323930348259
80.5    0.328208955224
80.625    0.328208955224
80.75    0.328333333333
80.875    0.328507462687
81.0    0.328482587065
81.125    0.328930348259
81.25    0.33039800995
81.375    0.328930348259
81.5    0.31723880597
81.625    0.31723880597
81.75    0.317412935323
81.875    0.326492537313
82.0    0.323109452736
82.125    0.323109452736
82.25    0.323109452736
82.375    0.323059701493
82.5    0.32763681592
82.625    0.328855721393
82.75    0.330074626866
82.875    0.329676616915
83.0    0.31736318408
83.125    0.316890547264
83.25    0.316890547264
83.375    0.316890547264
83.5    0.321169154229
83.625    0.323457711443
83.75    0.323905472637
83.875    0.324054726368
84.0    0.325124378109
84.125    0.321169154229
84.25    0.323805970149
84.375    0.324651741294
84.5    0.332786069652
84.625    0.333059701493
84.75    0.333855721393
84.875    0.333855721393
85.0    0.32592039801
85.125    0.336044776119
85.25    0.336044776119
85.375    0.33736318408
85.5    0.324552238806
85.625    0.334502487562
85.75    0.32907960199
85.875    0.32907960199
86.0    0.322611940299
86.125    0.323258706468
86.25    0.324303482587
86.375    0.318880597015
86.5    0.324925373134
86.625    0.327014925373
86.75    0.324925373134
86.875    0.324925373134
87.0    0.327587064677
87.125    0.329004975124
87.25    0.328905472637
87.375    0.328905472637
87.5    0.330074626866
87.625    0.330074626866
87.75    0.330074626866
87.875    0.330149253731
88.0    0.324328358209
88.125    0.323482587065
88.25    0.332114427861
88.375    0.328980099502
88.5    0.299253731343
88.625    0.301144278607
88.75    0.299950248756
88.875    0.299776119403
89.0    0.327164179104
89.125    0.325273631841
89.25    0.325597014925
89.375    0.32671641791
89.5    0.321343283582
89.625    0.320721393035
89.75    0.322213930348
89.875    0.322288557214
90.0    0.317437810945
90.125    0.317437810945
90.25    0.317388059701
90.375    0.332313432836
90.5    0.329825870647
90.625    0.329825870647
90.75    0.329726368159
90.875    0.328034825871
91.0    0.319154228856
91.125    0.319154228856
91.25    0.318407960199
91.375    0.338830845771
91.5    0.319900497512
91.625    0.319900497512
91.75    0.319900497512
91.875    0.324875621891
92.0    0.317985074627
92.125    0.298084577114
92.25    0.298880597015
92.375    0.299452736318
92.5    0.330771144279
92.625    0.329651741294
92.75    0.327786069652
92.875    0.32763681592
93.0    0.317860696517
93.125    0.318955223881
93.25    0.320273631841
93.375    0.317189054726
93.5    0.314029850746
93.625    0.31
93.75    0.31
93.875    0.314850746269
94.0    0.318258706468
94.125    0.318582089552
94.25    0.319054726368
94.375    0.31960199005
94.5    0.305373134328
94.625    0.305373134328
94.75    0.305373134328
94.875    0.305373134328
95.0    0.308109452736
95.125    0.328009950249
95.25    0.328009950249
95.375    0.308109452736
95.5    0.32223880597
95.625    0.322213930348
95.75    0.32184079602
95.875    0.322860696517
96.0    0.317587064677
96.125    0.313706467662
96.25    0.314029850746
96.375    0.314029850746
96.5    0.310199004975
96.625    0.310199004975
96.75    0.310820895522
96.875    0.311044776119
97.0    0.316915422886
97.125    0.316567164179
97.25    0.315895522388
97.375    0.315895522388
97.5    0.320646766169
97.625    0.319452736318
97.75    0.320945273632
97.875    0.320945273632
98.0    0.31315920398
98.125    0.31315920398
98.25    0.313184079602
98.375    0.310721393035
98.5    0.31
98.625    0.31
98.75    0.311567164179
98.875    0.311393034826
99.0    0.313432835821
99.125    0.313432835821
99.25    0.313731343284
99.375    0.313731343284
99.5    0.322089552239
99.625    0.322089552239
99.75    0.322089552239
99.875    0.321368159204
100.0    0.309626865672
100.125    0.309626865672
100.25    0.309626865672
100.375    0.309626865672
100.5    0.310124378109
100.625    0.310124378109
100.75    0.310124378109
100.875    0.310870646766
101.0    0.304626865672
101.125    0.304626865672
101.25    0.304626865672
101.375    0.304552238806
101.5    0.309228855721
101.625    0.309228855721
101.75    0.309577114428
101.875    0.311467661692
102.0    0.314303482587
102.125    0.314527363184
102.25    0.314502487562
102.375    0.314502487562
102.5    0.323805970149
102.625    0.32171641791
102.75    0.321119402985
102.875    0.321119402985
103.0    0.335248756219
103.125    0.295447761194
103.25    0.295447761194
103.375    0.295447761194
103.5    0.285721393035
103.625    0.285721393035
103.75    0.285721393035
103.875    0.286492537313
104.0    0.307960199005
104.125    0.309228855721
104.25    0.309228855721
104.375    0.308880597015
104.5    0.306094527363
104.625    0.302686567164
104.75    0.302686567164
104.875    0.302686567164
105.0    0.305746268657
105.125    0.305746268657
105.25    0.305746268657
105.375    0.305746268657
105.5    0.3242039801
105.625    0.3242039801
105.75    0.32276119403
105.875    0.323059701493
106.0    0.307587064677
106.125    0.307587064677
106.25    0.307587064677
106.375    0.308358208955
106.5    0.303258706468
106.625    0.303258706468
106.75    0.303258706468
106.875    0.303258706468
107.0    0.308482587065
107.125    0.308482587065
107.25    0.308482587065
107.375    0.308482587065
107.5    0.311517412935
107.625    0.311517412935
107.75    0.311517412935
107.875    0.306343283582
108.0    0.309502487562
108.125    0.310895522388
108.25    0.31131840796
108.375    0.317562189055
108.5    0.316865671642
108.625    0.316865671642
108.75    0.320323383085
108.875    0.321069651741
109.0    0.318383084577
109.125    0.318208955224
109.25    0.318009950249
109.375    0.318009950249
109.5    0.302213930348
109.625    0.301243781095
109.75    0.302935323383
109.875    0.302935323383
110.0    0.302835820896
110.125    0.300547263682
110.25    0.300547263682
110.375    0.300547263682
110.5    0.303855721393
110.625    0.303855721393
110.75    0.303855721393
110.875    0.303855721393
111.0    0.31723880597
111.125    0.31723880597
111.25    0.31723880597
111.375    0.317661691542
111.5    0.31263681592
111.625    0.31263681592
111.75    0.31263681592
111.875    0.31263681592
112.0    0.298034825871
112.125    0.298855721393
112.25    0.309278606965
112.375    0.309004975124
112.5    0.311243781095
112.625    0.311243781095
112.75    0.31236318408
112.875    0.31236318408
113.0    0.321815920398
113.125    0.321815920398
113.25    0.32236318408
113.375    0.32171641791
113.5    0.319751243781
113.625    0.319751243781
113.75    0.314776119403
113.875    0.314776119403
114.0    0.312786069652
114.125    0.312786069652
114.25    0.312089552239
114.375    0.312089552239
114.5    0.305870646766
114.625    0.305124378109
114.75    0.305124378109
114.875    0.305124378109
115.0    0.29736318408
115.125    0.29736318408
115.25    0.29736318408
115.375    0.29736318408
115.5    0.289975124378
115.625    0.289975124378
115.75    0.290646766169
115.875    0.290646766169
116.0    0.299552238806
116.125    0.299552238806
116.25    0.299552238806
116.375    0.300945273632
116.5    0.317089552239
116.625    0.317089552239
116.75    0.317910447761
116.875    0.317910447761
117.0    0.318805970149
117.125    0.318805970149
117.25    0.318805970149
117.375    0.318805970149
117.5    0.306194029851
117.625    0.305671641791
117.75    0.304850746269
117.875    0.305696517413
118.0    0.305771144279
118.125    0.305771144279
118.25    0.305771144279
118.375    0.305945273632
118.5    0.317512437811
118.625    0.317313432836
118.75    0.318233830846
118.875    0.318258706468
119.0    0.317935323383
119.125    0.319278606965
119.25    0.319278606965
119.375    0.313184079602
120.0    0.313059701493
120.125    0.313134328358
120.25    0.317462686567
120.375    0.313830845771
120.5    0.3107960199
120.625    0.3107960199
120.75    0.3107960199
120.875    0.3107960199
121.0    0.308009950249
121.125    0.308009950249
121.25    0.308009950249
121.375    0.308009950249
121.5    0.306268656716
121.625    0.305597014925
121.75    0.305597014925
121.875    0.305746268657
122.0    0.317164179104
122.125    0.316965174129
122.25    0.316965174129
122.375    0.311990049751
122.5    0.307587064677
122.625    0.30736318408
122.75    0.30736318408
122.875    0.30736318408
123.0    0.307288557214
123.125    0.307288557214
123.25    0.307288557214
123.375    0.307288557214
123.5    0.309004975124
123.625    0.308930348259
123.75    0.307810945274
123.875    0.308731343284
124.0    0.309154228856
124.125    0.309154228856
124.25    0.309154228856
124.375    0.309154228856
124.5    0.313532338308
124.625    0.313532338308
124.75    0.313532338308
124.875    0.314726368159
125.0    0.30855721393
125.125    0.30855721393
125.25    0.308706467662
125.375    0.308706467662
125.5    0.30947761194
125.625    0.30947761194
125.75    0.309303482587
125.875    0.307611940299
126.0    0.311616915423
126.125    0.311616915423
126.25    0.311616915423
126.375    0.311616915423
126.5    0.313034825871
126.625    0.313134328358
126.75    0.313134328358
126.875    0.313084577114
127.0    0.31131840796
127.125    0.311368159204
127.25    0.30907960199
127.375    0.30907960199
127.5    0.308606965174
127.625    0.308855721393
127.75    0.309179104478
127.875    0.30960199005
128.0    0.308358208955
128.125    0.308358208955
128.25    0.308358208955
128.375    0.308930348259
128.5    0.313208955224
128.625    0.313208955224
128.75    0.313208955224
128.875    0.313208955224
129.0    0.312213930348
129.125    0.312263681592
129.25    0.312487562189
129.375    0.312487562189
129.5    0.309800995025
129.625    0.310124378109
129.75    0.310174129353
129.875    0.311268656716
130.0    0.297114427861
130.125    0.302686567164
130.25    0.302835820896
130.375    0.302985074627
130.5    0.311169154229
130.625    0.30763681592
130.75    0.30763681592
130.875    0.30763681592
131.0    0.320845771144
131.125    0.320845771144
131.25    0.320845771144
131.375    0.320970149254
131.5    0.310248756219
131.625    0.310248756219
131.75    0.31
131.875    0.311169154229
132.0    0.3107960199
132.125    0.311194029851
132.25    0.311194029851
132.375    0.326119402985
132.5    0.309925373134
132.625    0.309751243781
132.75    0.309751243781
132.875    0.309751243781
133.0    0.313606965174
133.125    0.314577114428
133.25    0.316019900498
133.375    0.313980099502
133.5    0.300621890547
133.625    0.300621890547
133.75    0.300621890547
133.875    0.300621890547
134.0    0.31368159204
134.125    0.31368159204
134.25    0.313756218905
134.375    0.310323383085
134.5    0.309850746269
134.625    0.310597014925
134.75    0.310597014925
134.875    0.310597014925
135.0    0.299850746269
135.125    0.30131840796
135.25    0.30131840796
135.375    0.301542288557
135.5    0.309303482587
135.625    0.309303482587
135.75    0.309228855721
135.875    0.309402985075
136.0    0.309925373134
136.125    0.309925373134
136.25    0.309925373134
136.375    0.309925373134
136.5    0.296069651741
136.625    0.294975124378
136.75    0.294975124378
136.875    0.294975124378
137.0    0.301119402985
137.125    0.301119402985
137.25    0.301119402985
137.375    0.300223880597
137.5    0.303930348259
137.625    0.303930348259
137.75    0.302910447761
137.875    0.302910447761
138.0    0.303308457711
138.125    0.303308457711
138.25    0.303308457711
138.375    0.303308457711
138.5    0.310671641791
138.625    0.310671641791
138.75    0.310671641791
138.875    0.310671641791
139.0    0.301741293532
139.125    0.301368159204
139.25    0.301368159204
139.375    0.301368159204
139.5    0.302587064677
139.625    0.302587064677
139.75    0.302587064677
139.875    0.302587064677
140.0    0.301243781095
140.125    0.301243781095
140.25    0.301243781095
140.375    0.301243781095
140.5    0.30276119403
140.625    0.301766169154
140.75    0.298333333333
140.875    0.298756218905
141.0    0.300771144279
141.125    0.301492537313
141.25    0.302189054726
141.375    0.300970149254
141.5    0.296467661692
141.625    0.296467661692
141.75    0.296990049751
141.875    0.297661691542
142.0    0.31644278607
142.125    0.31644278607
142.25    0.31644278607
142.375    0.31644278607
142.5    0.317537313433
142.625    0.316467661692
142.75    0.317263681592
142.875    0.316467661692
143.0    0.31828358209
143.125    0.318432835821
143.25    0.318432835821
143.375    0.318432835821
143.5    0.321517412935
143.625    0.321517412935
143.75    0.321243781095
143.875    0.32039800995
144.0    0.296343283582
144.125    0.296343283582
144.25    0.310771144279
144.375    0.310771144279
144.5    0.325472636816
144.625    0.325472636816
144.75    0.325472636816
144.875    0.325472636816
145.0    0.30131840796
145.125    0.30131840796
145.25    0.300149253731
145.375    0.300149253731
145.5    0.302711442786
145.625    0.303781094527
145.75    0.30407960199
145.875    0.30407960199
146.0    0.30355721393
146.125    0.30355721393
146.25    0.303233830846
146.375    0.303233830846
146.5    0.324328358209
146.625    0.324328358209
146.75    0.324328358209
146.875    0.324328358209
147.0    0.306119402985
147.125    0.306243781095
147.25    0.30223880597
147.375    0.317164179104
147.5    0.318756218905
147.625    0.318756218905
147.75    0.304278606965
147.875    0.3192039801
148.0    0.31947761194
148.125    0.31947761194
148.25    0.31947761194
148.375    0.318308457711
148.5    0.306169154229
148.625    0.307835820896
148.75    0.308507462687
148.875    0.306766169154
149.0    0.31947761194
149.125    0.31947761194
149.25    0.31947761194
149.375    0.31947761194
149.5    0.303905472637
149.625    0.298930348259
149.75    0.298930348259
149.875    0.300572139303
150.0    0.302064676617
150.125    0.305945273632
150.25    0.305945273632
150.375    0.305945273632
150.5    0.28723880597
150.625    0.287189054726
150.75    0.287338308458
150.875    0.287786069652
151.0    0.319402985075
151.125    0.319402985075
151.25    0.319402985075
151.375    0.320298507463
151.5    0.303980099502
151.625    0.303980099502
151.75    0.303532338308
151.875    0.303134328358
152.0    0.307039800995
152.125    0.307039800995
152.25    0.307039800995
152.375    0.307462686567
152.5    0.306343283582
152.625    0.306343283582
152.75    0.310895522388
152.875    0.30631840796
153.0    0.316144278607
153.125    0.31684079602
153.25    0.31407960199
153.375    0.318880597015
153.5    0.318905472637
153.625    0.319029850746
153.75    0.318805970149
153.875    0.318184079602
154.0    0.299378109453
154.125    0.299378109453
154.25    0.299328358209
154.375    0.300199004975
154.5    0.306965174129
154.625    0.306965174129
154.75    0.307263681592
154.875    0.307263681592
155.0    0.304577114428
155.125    0.304577114428
155.25    0.304577114428
155.375    0.304029850746
155.5    0.321965174129
155.625    0.320746268657
155.75    0.320746268657
155.875    0.320895522388
156.0    0.301691542289
156.125    0.302562189055
156.25    0.302562189055
156.375    0.302412935323
156.5    0.320895522388
156.625    0.321865671642
156.75    0.321865671642
156.875    0.321865671642
157.0    0.303457711443
157.125    0.303084577114
157.25    0.304776119403
157.375    0.302885572139
157.5    0.303731343284
157.625    0.303606965174
157.75    0.303606965174
157.875    0.309800995025
158.0    0.30144278607
158.125    0.304228855721
158.25    0.302736318408
158.375    0.304228855721
158.5    0.302860696517
158.625    0.312114427861
158.75    0.304054726368
158.875    0.301343283582
159.0    0.317985074627
159.125    0.317985074627
159.25    0.297985074627
159.375    0.297985074627
159.5    0.320845771144
159.625    0.320845771144
159.75    0.320845771144
159.875    0.320845771144
160.0    0.285621890547
160.125    0.285621890547
160.25    0.304950248756
160.375    0.304950248756
160.5    0.311791044776
160.625    0.311791044776
160.75    0.311791044776
160.875    0.311791044776
161.0    0.30539800995
161.125    0.305696517413
161.25    0.305696517413
161.375    0.305696517413
161.5    0.322014925373
161.625    0.322014925373
161.75    0.302114427861
161.875    0.322014925373
162.0    0.299776119403
162.125    0.299776119403
162.25    0.299776119403
162.375    0.300497512438
162.5    0.308258706468
162.625    0.308706467662
162.75    0.308706467662
162.875    0.310870646766
163.0    0.292039800995
163.125    0.292039800995
163.25    0.292039800995
163.375    0.292039800995
163.5    0.290621890547
163.625    0.290621890547
163.75    0.290621890547
163.875    0.290746268657
164.0    0.310049751244
164.125    0.310049751244
164.25    0.310348258706
164.375    0.310820895522
164.5    0.298258706468
164.625    0.308009950249
164.75    0.302437810945
164.875    0.303034825871
165.0    0.311741293532
165.125    0.311741293532
165.25    0.311741293532
165.375    0.311741293532
165.5    0.300870646766
165.625    0.315796019901
165.75    0.315796019901
165.875    0.300223880597
166.0    0.302412935323
166.125    0.302412935323
166.25    0.302412935323
166.375    0.303457711443
166.5    0.302935323383
166.625    0.302512437811
166.75    0.300323383085
166.875    0.300323383085
167.0    0.299776119403
167.125    0.299776119403
167.25    0.30092039801
167.375    0.30092039801
167.5    0.303482587065
167.625    0.303482587065
167.75    0.303482587065
167.875    0.307288557214
168.0    0.307661691542
168.125    0.308233830846
168.25    0.308233830846
168.375    0.308233830846
168.5    0.322885572139
168.625    0.322860696517
168.75    0.322860696517
168.875    0.322860696517
169.0    0.31171641791
169.125    0.311517412935
169.25    0.311517412935
169.375    0.308059701493
169.5    0.297910447761
169.625    0.30039800995
169.75    0.301616915423
169.875    0.30184079602
170.0    0.308432835821
170.125    0.308731343284
170.25    0.306791044776
170.375    0.306791044776
170.5    0.311940298507
170.625    0.311940298507
170.75    0.311940298507
170.875    0.311940298507
171.0    0.301616915423
171.125    0.301616915423
171.25    0.301616915423
171.375    0.301616915423
171.5    0.303855721393
171.625    0.303855721393
171.75    0.307985074627
171.875    0.303855721393
172.0    0.303482587065
172.125    0.303482587065
172.25    0.303482587065
172.375    0.303482587065
172.5    0.310373134328
172.625    0.310373134328
172.75    0.309800995025
172.875    0.310547263682
173.0    0.316368159204
173.125    0.316368159204
173.25    0.316368159204
173.375    0.31644278607
173.5    0.305099502488
173.625    0.303606965174
173.75    0.303606965174
173.875    0.303606965174
174.0    0.290746268657
174.125    0.290746268657
174.25    0.293880597015
174.375    0.293880597015
174.5    0.305572139303
174.625    0.307611940299
174.75    0.307611940299
174.875    0.308656716418
175.0    0.305
175.125    0.305223880597
175.25    0.305223880597
175.375    0.305024875622
175.5    0.314129353234
175.625    0.304676616915
175.75    0.304676616915
175.875    0.304676616915
176.0    0.306218905473
176.125    0.306218905473
176.25    0.305024875622
176.375    0.305024875622
176.5    0.28171641791
176.625    0.28171641791
176.75    0.28171641791
176.875    0.28171641791
177.0    0.301293532338
177.125    0.301293532338
177.25    0.301293532338
177.375    0.301293532338
177.5    0.313507462687
177.625    0.313507462687
177.75    0.317487562189
177.875    0.31592039801
178.0    0.30263681592
178.125    0.30263681592
178.25    0.30263681592
178.375    0.305621890547
178.5    0.309278606965
178.625    0.309378109453
178.75    0.304402985075
178.875    0.304303482587
179.0    0.298656716418
179.125    0.298656716418
179.25    0.298656716418
179.375    0.313880597015
180.0    0.314402985075
180.125    0.313582089552
180.25    0.313582089552
180.375    0.313582089552
180.5    0.314154228856
180.625    0.313432835821
180.75    0.314154228856
180.875    0.314154228856
181.0    0.31671641791
181.125    0.31671641791
181.25    0.32144278607
181.375    0.32144278607
181.5    0.310124378109
181.625    0.295199004975
181.75    0.310124378109
181.875    0.310124378109
182.0    0.315820895522
182.125    0.315820895522
182.25    0.315820895522
182.375    0.315820895522
182.5    0.305099502488
182.625    0.305099502488
182.75    0.305099502488
182.875    0.305099502488
183.0    0.299676616915
183.125    0.300945273632
183.25    0.300970149254
183.375    0.31960199005
183.5    0.307288557214
183.625    0.307288557214
183.75    0.307288557214
183.875    0.306542288557
184.0    0.309378109453
184.125    0.310497512438
184.25    0.310497512438
184.375    0.31223880597
184.5    0.304626865672
184.625    0.303656716418
184.75    0.304303482587
184.875    0.303756218905
185.0    0.301741293532
185.125    0.302860696517
185.25    0.302860696517
185.375    0.302860696517
185.5    0.296766169154
185.625    0.296766169154
185.75    0.296766169154
185.875    0.296766169154
186.0    0.299626865672
186.125    0.299626865672
186.25    0.299626865672
186.375    0.300422885572
186.5    0.277014925373
186.625    0.277014925373
186.75    0.277014925373
186.875    0.31223880597
187.0    0.313034825871
187.125    0.313034825871
187.25    0.313034825871
187.375    0.313034825871
187.5    0.288781094527
187.625    0.288781094527
187.75    0.288781094527
187.875    0.288781094527
188.0    0.301169154229
188.125    0.301169154229
188.25    0.29960199005
188.375    0.30131840796
188.5    0.304701492537
188.625    0.304701492537
188.75    0.304701492537
188.875    0.304701492537
189.0    0.307786069652
189.125    0.307786069652
189.25    0.308333333333
189.375    0.307014925373
189.5    0.309402985075
189.625    0.309402985075
189.75    0.309701492537
189.875    0.308333333333
190.0    0.298756218905
190.125    0.298756218905
190.25    0.298756218905
190.375    0.300472636816
190.5    0.301467661692
190.625    0.302288557214
190.75    0.302288557214
190.875    0.302288557214
191.0    0.30236318408
191.125    0.30236318408
191.25    0.30236318408
191.375    0.304328358209
191.5    0.302935323383
191.625    0.302935323383
191.75    0.304104477612
191.875    0.304104477612
192.0    0.304800995025
192.125    0.304800995025
192.25    0.304800995025
192.375    0.304800995025
192.5    0.303830845771
192.625    0.303830845771
192.75    0.303830845771
192.875    0.303830845771
193.0    0.308009950249
193.125    0.312985074627
193.25    0.312985074627
193.375    0.314402985075
193.5    0.30144278607
193.625    0.30144278607
193.75    0.30144278607
193.875    0.30144278607
194.0    0.300597014925
194.125    0.300721393035
194.25    0.300721393035
194.375    0.300721393035
194.5    0.313482587065
194.625    0.314129353234
194.75    0.314129353234
194.875    0.315447761194
195.0    0.293631840796
195.125    0.291965174129
195.25    0.29223880597
195.375    0.302960199005
195.5    0.303507462687
195.625    0.30907960199
195.75    0.303507462687
195.875    0.303507462687
196.0    0.301169154229
196.125    0.302114427861
196.25    0.303034825871
196.375    0.302114427861
196.5    0.30039800995
196.625    0.298905472637
196.75    0.318731343284
196.875    0.298905472637
197.0    0.312388059702
197.125    0.312388059702
197.25    0.312388059702
197.375    0.312288557214
197.5    0.301815920398
197.625    0.301815920398
197.75    0.301815920398
197.875    0.301069651741
198.0    0.285995024876
198.125    0.286616915423
198.25    0.311492537313
198.375    0.286616915423
198.5    0.307213930348
198.625    0.327114427861
198.75    0.312189054726
198.875    0.312189054726
199.0    0.311567164179
199.125    0.312835820896
199.25    0.312537313433
199.375    0.312537313433
199.5    0.302139303483
199.625    0.302935323383
199.75    0.303805970149
199.875    0.322885572139
200.0    0.287288557214
200.125    0.287288557214
200.25    0.287288557214
200.375    0.287288557214
200.5    0.319104477612
200.625    0.319104477612
200.75    0.320597014925
200.875    0.320597014925
201.0    0.303407960199
201.125    0.303407960199
201.25    0.30263681592
201.375    0.30263681592
201.5    0.303059701493
201.625    0.303059701493
201.75    0.303059701493
201.875    0.303059701493
202.0    0.292810945274
202.125    0.292810945274
202.25    0.292512437811
202.375    0.292512437811
202.5    0.304004975124
202.625    0.304004975124
202.75    0.304004975124
202.875    0.303606965174
203.0    0.302189054726
203.125    0.301990049751
203.25    0.301990049751
203.375    0.303507462687
203.5    0.300572139303
203.625    0.300572139303
203.75    0.30131840796
203.875    0.30131840796
204.0    0.313781094527
204.125    0.313781094527
204.25    0.313781094527
204.375    0.314378109453
204.5    0.292736318408
204.625    0.293308457711
204.75    0.313208955224
204.875    0.315845771144
205.0    0.307860696517
205.125    0.308830845771
205.25    0.308830845771
205.375    0.309154228856
205.5    0.301592039801
205.625    0.301592039801
205.75    0.301592039801
205.875    0.301592039801
206.0    0.307711442786
206.125    0.30407960199
206.25    0.303631840796
206.375    0.3057960199
206.5    0.302213930348
206.625    0.302213930348
206.75    0.302213930348
206.875    0.302213930348
207.0    0.304004975124
207.125    0.304004975124
207.25    0.305074626866
207.375    0.305074626866
207.5    0.306592039801
207.625    0.306592039801
207.75    0.304303482587
207.875    0.304303482587
208.0    0.302860696517
208.125    0.302860696517
208.25    0.302860696517
208.375    0.302860696517
208.5    0.31552238806
208.625    0.31552238806
208.75    0.310348258706
208.875    0.310348258706
209.0    0.31171641791
209.125    0.31171641791
209.25    0.30828358209
209.375    0.308756218905
209.5    0.294850746269
209.625    0.294825870647
209.75    0.294825870647
209.875    0.294825870647
210.0    0.294676616915
210.125    0.294676616915
210.25    0.294676616915
210.375    0.295099502488
210.5    0.296666666667
210.625    0.296666666667
210.75    0.296666666667
210.875    0.296666666667
211.0    0.295621890547
211.125    0.295621890547
211.25    0.296666666667
211.375    0.297487562189
211.5    0.3
211.625    0.3
211.75    0.3
211.875    0.3
212.0    0.297164179104
212.125    0.297164179104
212.25    0.296791044776
212.375    0.296791044776
212.5    0.309875621891
212.625    0.309676616915
212.75    0.311169154229
212.875    0.311417910448
213.0    0.310970149254
213.125    0.309776119403
213.25    0.309776119403
213.375    0.310721393035
213.5    0.298706467662
213.625    0.298706467662
213.75    0.298706467662
213.875    0.298706467662
214.0    0.283432835821
214.125    0.283805970149
214.25    0.283482587065
214.375    0.283482587065
214.5    0.313333333333
214.625    0.314228855721
214.75    0.310348258706
214.875    0.290199004975
215.0    0.273333333333
215.125    0.273333333333
215.25    0.273109452736
215.375    0.283059701493
215.5    0.29644278607
215.625    0.297313432836
215.75    0.297139303483
215.875    0.297985074627
216.0    0.307487562189
216.125    0.289303482587
216.25    0.289303482587
216.375    0.3092039801
216.5    0.296069651741
216.625    0.297313432836
216.75    0.297985074627
216.875    0.297537313433
217.0    0.296666666667
217.125    0.296666666667
217.25    0.299552238806
217.375    0.296666666667
217.5    0.299154228856
217.625    0.299154228856
217.75    0.299154228856
217.875    0.299154228856
218.0    0.286741293532
218.125    0.286741293532
218.25    0.286766169154
218.375    0.288059701493
218.5    0.298084577114
218.625    0.298756218905
218.75    0.298756218905
218.875    0.298333333333
219.0    0.294104477612
219.125    0.294104477612
219.25    0.295074626866
219.375    0.295074626866
219.5    0.294726368159
219.625    0.293905472637
219.75    0.293905472637
219.875    0.294502487562
220.0    0.289676616915
220.125    0.289676616915
220.25    0.290721393035
220.375    0.290049751244
220.5    0.291417910448
220.625    0.291417910448
220.75    0.291417910448
220.875    0.291417910448
221.0    0.294825870647
221.125    0.295248756219
221.25    0.295597014925
221.375    0.295597014925
221.5    0.292064676617
221.625    0.292512437811
221.75    0.292512437811
221.875    0.293109452736
222.0    0.28552238806
222.125    0.295472636816
222.25    0.295472636816
222.375    0.295472636816
222.5    0.290621890547
222.625    0.290945273632
222.75    0.290945273632
222.875    0.290124378109
223.0    0.312512437811
223.125    0.312512437811
223.25    0.312512437811
223.375    0.313582089552
223.5    0.296691542289
223.625    0.296691542289
223.75    0.296691542289
223.875    0.296691542289
224.0    0.293109452736
224.125    0.292288557214
224.25    0.292288557214
224.375    0.292487562189
224.5    0.293308457711
224.625    0.294303482587
224.75    0.292462686567
224.875    0.292462686567
225.0    0.299179104478
225.125    0.317388059701
225.25    0.30328358209
225.375    0.30328358209
225.5    0.292985074627
225.625    0.29631840796
225.75    0.29631840796
225.875    0.296343283582
226.0    0.288955223881
226.125    0.288955223881
226.25    0.288955223881
226.375    0.288955223881
226.5    0.286815920398
226.625    0.286815920398
226.75    0.286815920398
226.875    0.286815920398
227.0    0.293830845771
227.125    0.293905472637
227.25    0.292935323383
227.375    0.292935323383
227.5    0.303731343284
227.625    0.304179104478
227.75    0.305223880597
227.875    0.305223880597
228.0    0.296044776119
228.125    0.296044776119
228.25    0.296044776119
228.375    0.296044776119
228.5    0.288208955224
228.625    0.288208955224
228.75    0.288482587065
228.875    0.288482587065
229.0    0.299975124378
229.125    0.299975124378
229.25    0.299975124378
229.375    0.301243781095
229.5    0.288805970149
229.625    0.288805970149
229.75    0.288805970149
229.875    0.288805970149
230.0    0.297661691542
230.125    0.297288557214
230.25    0.297288557214
230.375    0.297288557214
230.5    0.296542288557
230.625    0.296542288557
230.75    0.303208955224
230.875    0.302089552239
231.0    0.300721393035
231.125    0.300721393035
231.25    0.301517412935
231.375    0.300746268657
231.5    0.293482587065
231.625    0.293482587065
231.75    0.293482587065
231.875    0.293482587065
232.0    0.292860696517
232.125    0.291592039801
232.25    0.290472636816
232.375    0.290621890547
232.5    0.284278606965
232.625    0.284378109453
232.75    0.286592039801
232.875    0.285149253731
233.0    0.293233830846
233.125    0.293233830846
233.25    0.293233830846
233.375    0.292437810945
233.5    0.29671641791
233.625    0.29671641791
233.75    0.29671641791
233.875    0.29671641791
234.0    0.29815920398
234.125    0.308109452736
234.25    0.308532338308
234.375    0.308532338308
234.5    0.295298507463
234.625    0.295298507463
234.75    0.297562189055
234.875    0.29736318408
235.0    0.294253731343
235.125    0.294253731343
235.25    0.293855721393
235.375    0.303805970149
235.5    0.292213930348
235.625    0.292213930348
235.75    0.293606965174
235.875    0.291915422886
236.0    0.293656716418
236.125    0.298457711443
236.25    0.298457711443
236.375    0.298457711443
236.5    0.28644278607
236.625    0.289427860697
236.75    0.289527363184
236.875    0.289527363184
237.0    0.296393034826
237.125    0.296393034826
237.25    0.296666666667
237.375    0.296666666667
237.5    0.295074626866
237.625    0.295074626866
237.75    0.295323383085
237.875    0.296343283582
238.0    0.281940298507
238.125    0.281940298507
238.25    0.281940298507
238.375    0.281940298507
238.5    0.298756218905
238.625    0.298756218905
238.75    0.298482587065
238.875    0.298482587065
239.0    0.291741293532
239.125    0.291741293532
239.25    0.291741293532
239.375    0.296940298507
240.0    0.29407960199
240.125    0.293582089552
240.25    0.293582089552
240.375    0.290746268657
240.5    0.29447761194
240.625    0.29447761194
240.75    0.295348258706
240.875    0.295348258706
241.0    0.298955223881
241.125    0.298955223881
241.25    0.298955223881
241.375    0.300049751244
241.5    0.284378109453
241.625    0.284378109453
241.75    0.284378109453
241.875    0.284378109453
242.0    0.292537313433
242.125    0.292537313433
242.25    0.292537313433
242.375    0.292537313433
242.5    0.286965174129
242.625    0.291940298507
242.75    0.292810945274
242.875    0.292810945274
243.0    0.29776119403
243.125    0.29776119403
243.25    0.29776119403
243.375    0.29776119403
243.5    0.319054726368
243.625    0.319054726368
243.75    0.319054726368
243.875    0.320870646766
244.0    0.302562189055
244.125    0.322462686567
244.25    0.322537313433
244.375    0.322288557214
244.5    0.287885572139
244.625    0.287885572139
244.75    0.287885572139
244.875    0.287885572139
245.0    0.301293532338
245.125    0.301293532338
245.25    0.301293532338
245.375    0.301293532338
245.5    0.295149253731
245.625    0.295497512438
245.75    0.295497512438
245.875    0.296492537313
246.0    0.297736318408
246.125    0.291965174129
246.25    0.294004975124
246.375    0.294825870647
246.5    0.307388059701
246.625    0.307388059701
246.75    0.307388059701
246.875    0.307313432836
247.0    0.298631840796
247.125    0.298631840796
247.25    0.298631840796
247.375    0.298631840796
247.5    0.298955223881
247.625    0.298955223881
247.75    0.298955223881
247.875    0.298955223881
248.0    0.301144278607
248.125    0.301144278607
248.25    0.301144278607
248.375    0.301144278607
248.5    0.311940298507
248.625    0.311940298507
248.75    0.311940298507
248.875    0.311940298507
249.0    0.268258706468
249.125    0.273233830846
249.25    0.270497512438
249.375    0.270497512438
249.5    0.293731343284
249.625    0.293731343284
249.75    0.293731343284
249.875    0.293731343284
250.0    0.31368159204
250.125    0.31368159204
250.25    0.308308457711
250.375    0.308308457711
250.5    0.29631840796
250.625    0.300099502488
250.75    0.329950248756
250.875    0.329154228856
251.0    0.311592039801
251.125    0.311592039801
251.25    0.310621890547
251.375    0.310621890547
251.5    0.294378109453
251.625    0.294378109453
251.75    0.294378109453
251.875    0.294378109453
252.0    0.296019900498
252.125    0.296492537313
252.25    0.295447761194
252.375    0.325298507463
252.5    0.298606965174
252.625    0.288656716418
252.75    0.288656716418
252.875    0.288059701493
253.0    0.296990049751
253.125    0.298208955224
253.25    0.298208955224
253.375    0.298208955224
253.5    0.311218905473
253.625    0.311218905473
253.75    0.311218905473
253.875    0.311218905473
254.0    0.291268656716
254.125    0.291268656716
254.25    0.291268656716
254.375    0.291268656716
254.5    0.313830845771
254.625    0.313830845771
254.75    0.313830845771
254.875    0.274029850746
255.0    0.273631840796
255.125    0.273631840796
255.25    0.273631840796
255.375    0.273631840796
255.5    0.305074626866
255.625    0.305074626866
255.75    0.305074626866
255.875    0.305074626866
256.0    0.299950248756
256.125    0.299950248756
256.25    0.299950248756
256.375    0.299950248756
256.5    0.290671641791
256.625    0.290671641791
256.75    0.290671641791
256.875    0.292164179104
257.0    0.304676616915
257.125    0.304676616915
257.25    0.305447761194
257.375    0.305447761194
257.5    0.295323383085
257.625    0.295323383085
257.75    0.295323383085
257.875    0.295323383085
258.0    0.299875621891
258.125    0.299875621891
258.25    0.301119402985
258.375    0.301119402985
258.5    0.311268656716
258.625    0.311268656716
258.75    0.311268656716
258.875    0.301517412935
259.0    0.301965174129
259.125    0.301766169154
259.25    0.302985074627
259.375    0.302985074627
259.5    0.300870646766
259.625    0.300870646766
259.75    0.301542288557
259.875    0.301542288557
260.0    0.299975124378
260.125    0.299975124378
260.25    0.299975124378
260.375    0.299975124378
260.5    0.304676616915
260.625    0.304676616915
260.75    0.301218905473
260.875    0.301218905473
261.0    0.298184079602
261.125    0.298184079602
261.25    0.298184079602
261.375    0.298184079602
261.5    0.295199004975
261.625    0.295199004975
261.75    0.295199004975
261.875    0.285248756219
262.0    0.2992039801
262.125    0.2992039801
262.25    0.299527363184
262.375    0.299527363184
262.5    0.306194029851
262.625    0.306194029851
262.75    0.305199004975
262.875    0.305199004975
263.0    0.295671641791
263.125    0.295671641791
263.25    0.31039800995
263.375    0.310597014925
263.5    0.304129353234
263.625    0.304129353234
263.75    0.304129353234
263.875    0.304925373134
264.0    0.299154228856
264.125    0.299154228856
264.25    0.300646766169
264.375    0.299154228856
264.5    0.306766169154
264.625    0.306766169154
264.75    0.305845771144
264.875    0.306915422886
265.0    0.305323383085
265.125    0.305323383085
265.25    0.305323383085
265.375    0.305323383085
265.5    0.309154228856
265.625    0.309154228856
265.75    0.309154228856
265.875    0.309154228856
266.0    0.308109452736
266.125    0.308109452736
266.25    0.308109452736
266.375    0.308109452736
266.5    0.300348258706
266.625    0.299452736318
266.75    0.299676616915
266.875    0.305298507463
267.0    0.31184079602
267.125    0.311815920398
267.25    0.311815920398
267.375    0.291940298507
267.5    0.298582089552
267.625    0.298582089552
267.75    0.298582089552
267.875    0.298930348259
268.0    0.314925373134
268.125    0.314925373134
268.25    0.314925373134
268.375    0.314925373134
268.5    0.285472636816
268.625    0.285472636816
268.75    0.285472636816
268.875    0.285472636816
269.0    0.289950248756
269.125    0.290124378109
269.25    0.291169154229
269.375    0.291169154229
269.5    0.308781094527
269.625    0.308781094527
269.75    0.278930348259
269.875    0.283905472637
270.0    0.283532338308
270.125    0.283532338308
270.25    0.283532338308
270.375    0.283532338308
270.5    0.303383084577
270.625    0.303383084577
270.75    0.303383084577
270.875    0.303383084577
271.0    0.301393034826
271.125    0.301393034826
271.25    0.302089552239
271.375    0.302089552239
271.5    0.309825870647
271.625    0.309825870647
271.75    0.309825870647
271.875    0.299179104478
272.0    0.275472636816
272.125    0.275472636816
272.25    0.275472636816
272.375    0.275472636816
272.5    0.288631840796
272.625    0.288631840796
272.75    0.288930348259
272.875    0.288930348259
273.0    0.2892039801
273.125    0.2892039801
273.25    0.2892039801
273.375    0.2892039801
273.5    0.309527363184
273.625    0.314502487562
273.75    0.314502487562
273.875    0.284651741294
274.0    0.289502487562
274.125    0.289502487562
274.25    0.289502487562
274.375    0.286641791045
274.5    0.302985074627
274.625    0.304676616915
274.75    0.314154228856
274.875    0.3042039801
275.0    0.302611940299
275.125    0.302611940299
275.25    0.300547263682
275.375    0.300870646766
275.5    0.291343283582
275.625    0.291343283582
275.75    0.291343283582
275.875    0.291343283582
276.0    0.29328358209
276.125    0.29328358209
276.25    0.29328358209
276.375    0.292014925373
276.5    0.283457711443
276.625    0.283457711443
276.75    0.283457711443
276.875    0.283457711443
277.0    0.291218905473
277.125    0.291218905473
277.25    0.291218905473
277.375    0.291616915423
277.5    0.305124378109
277.625    0.305124378109
277.75    0.30592039801
277.875    0.307462686567
278.0    0.288407960199
278.125    0.288407960199
278.25    0.288407960199
278.375    0.288407960199
278.5    0.279577114428
278.625    0.279577114428
278.75    0.279577114428
278.875    0.279577114428
279.0    0.309577114428
279.125    0.309577114428
279.25    0.309577114428
279.375    0.309577114428
279.5    0.284925373134
279.625    0.28552238806
279.75    0.287960199005
279.875    0.287960199005
280.0    0.285373134328
280.125    0.285373134328
280.25    0.305199004975
280.375    0.305199004975
280.5    0.289900497512
280.625    0.289900497512
280.75    0.290049751244
280.875    0.290497512438
281.0    0.285621890547
281.125    0.285621890547
281.25    0.290597014925
281.375    0.290597014925
281.5    0.287139303483
281.625    0.287139303483
281.75    0.287139303483
281.875    0.287139303483
282.0    0.296915422886
282.125    0.296915422886
282.25    0.296915422886
282.375    0.296915422886
282.5    0.308507462687
282.625    0.308507462687
282.75    0.308507462687
282.875    0.307437810945
283.0    0.317114427861
283.125    0.317114427861
283.25    0.317114427861
283.375    0.317114427861
283.5    0.293482587065
283.625    0.293482587065
283.75    0.293482587065
283.875    0.293482587065
284.0    0.295422885572
284.125    0.295422885572
284.25    0.295422885572
284.375    0.295422885572
284.5    0.295572139303
284.625    0.295572139303
284.75    0.295572139303
284.875    0.295572139303
285.0    0.296268656716
285.125    0.296268656716
285.25    0.296268656716
285.375    0.296268656716
285.5    0.291094527363
285.625    0.291094527363
285.75    0.291094527363
285.875    0.291094527363
286.0    0.287611940299
286.125    0.287611940299
286.25    0.317537313433
286.375    0.307587064677
286.5    0.288955223881
286.625    0.288955223881
286.75    0.288955223881
286.875    0.290422885572
287.0    0.293233830846
287.125    0.287064676617
287.25    0.287064676617
287.375    0.282487562189
287.5    0.283930348259
287.625    0.283930348259
287.75    0.283930348259
287.875    0.283930348259
288.0    0.290298507463
288.125    0.290298507463
288.25    0.290298507463
288.375    0.2907960199
288.5    0.295124378109
288.625    0.296144278607
288.75    0.296144278607
288.875    0.296144278607
289.0    0.295572139303
289.125    0.295572139303
289.25    0.295572139303
289.375    0.293880597015
289.5    0.288184079602
289.625    0.288184079602
289.75    0.288184079602
289.875    0.288184079602
290.0    0.284701492537
290.125    0.285895522388
290.25    0.285895522388
290.375    0.285895522388
290.5    0.285472636816
290.625    0.285472636816
290.75    0.285199004975
290.875    0.285199004975
291.0    0.292786069652
291.125    0.292786069652
291.25    0.294825870647
291.375    0.294825870647
291.5    0.293582089552
291.625    0.293582089552
291.75    0.293582089552
291.875    0.295820895522
292.0    0.296592039801
292.125    0.296592039801
292.25    0.296592039801
292.375    0.298582089552
292.5    0.295024875622
292.625    0.295024875622
292.75    0.296144278607
292.875    0.296144278607
293.0    0.292960199005
293.125    0.287985074627
293.25    0.287985074627
293.375    0.287985074627
293.5    0.290497512438
293.625    0.290497512438
293.75    0.291815920398
293.875    0.290621890547
294.0    0.298432835821
294.125    0.298432835821
294.25    0.298432835821
294.375    0.298432835821
294.5    0.288756218905
294.625    0.288756218905
294.75    0.288756218905
294.875    0.288756218905
295.0    0.268034825871
295.125    0.268034825871
295.25    0.282960199005
295.375    0.28315920398
295.5    0.280497512438
295.625    0.280497512438
295.75    0.280124378109
295.875    0.280124378109
296.0    0.303333333333
296.125    0.303333333333
296.25    0.303333333333
296.375    0.30355721393
296.5    0.28815920398
296.625    0.28815920398
296.75    0.28815920398
296.875    0.28815920398
297.0    0.286517412935
297.125    0.286517412935
297.25    0.286517412935
297.375    0.286517412935
297.5    0.270348258706
297.625    0.270348258706
297.75    0.270348258706
297.875    0.270348258706
298.0    0.300547263682
298.125    0.300547263682
298.25    0.301791044776
298.375    0.29184079602
298.5    0.291368159204
298.625    0.291368159204
298.75    0.291368159204
298.875    0.291368159204
299.0    0.284925373134
299.125    0.285422885572
299.25    0.285796019901
299.375    0.286890547264
300.0    0.291592039801
300.125    0.291592039801
300.25    0.291592039801
300.375    0.291592039801
300.5    0.288432835821
300.625    0.28855721393
300.75    0.28855721393
300.875    0.28815920398
301.0    0.300721393035
301.125    0.300721393035
301.25    0.300721393035
301.375    0.290771144279
301.5    0.268631840796
301.625    0.268631840796
301.75    0.268631840796
301.875    0.268631840796
302.0    0.294179104478
302.125    0.294179104478
302.25    0.29368159204
302.375    0.29368159204
302.5    0.306094527363
302.625    0.306094527363
302.75    0.306094527363
302.875    0.306094527363
303.0    0.296393034826
303.125    0.296393034826
303.25    0.296393034826
303.375    0.296393034826
303.5    0.286666666667
303.625    0.286666666667
303.75    0.286666666667
303.875    0.286666666667
304.0    0.298009950249
304.125    0.312935323383
304.25    0.312935323383
304.375    0.312935323383
304.5    0.28960199005
304.625    0.28960199005
304.75    0.28960199005
304.875    0.28960199005
305.0    0.287835820896
305.125    0.287835820896
305.25    0.28855721393
305.375    0.28855721393
305.5    0.286368159204
305.625    0.286368159204
305.75    0.287512437811
305.875    0.287512437811
306.0    0.287711442786
306.125    0.287711442786
306.25    0.287711442786
306.375    0.287711442786
306.5    0.296144278607
306.625    0.296144278607
306.75    0.296144278607
306.875    0.296144278607
307.0    0.291741293532
307.125    0.291741293532
307.25    0.291741293532
307.375    0.291741293532
307.5    0.289975124378
307.625    0.289975124378
307.75    0.289975124378
307.875    0.289975124378
308.0    0.295248756219
308.125    0.295248756219
308.25    0.295248756219
308.375    0.295248756219
308.5    0.301019900498
308.625    0.301019900498
308.75    0.301019900498
308.875    0.301019900498
309.0    0.287910447761
309.125    0.287910447761
309.25    0.287910447761
309.375    0.287910447761
309.5    0.275049751244
309.625    0.275049751244
309.75    0.275049751244
309.875    0.276393034826
310.0    0.293208955224
310.125    0.293208955224
310.25    0.293208955224
310.375    0.293208955224
310.5    0.296094527363
310.625    0.296094527363
310.75    0.296094527363
310.875    0.296094527363
311.0    0.30355721393
311.125    0.30355721393
311.25    0.30355721393
311.375    0.30355721393
311.5    0.266741293532
311.625    0.266741293532
311.75    0.296592039801
311.875    0.296592039801
312.0    0.286616915423
312.125    0.286616915423
312.25    0.286616915423
312.375    0.286616915423
312.5    0.296691542289
312.625    0.296691542289
312.75    0.296691542289
312.875    0.295497512438
313.0    0.292562189055
313.125    0.291144278607
313.25    0.291144278607
313.375    0.291144278607
313.5    0.293358208955
313.625    0.293358208955
313.75    0.293358208955
313.875    0.293358208955
314.0    0.291169154229
314.125    0.291169154229
314.25    0.291169154229
314.375    0.291169154229
314.5    0.303208955224
314.625    0.31315920398
314.75    0.31315920398
314.875    0.31315920398
315.0    0.289676616915
315.125    0.289676616915
315.25    0.289676616915
315.375    0.289676616915
315.5    0.290373134328
315.625    0.290373134328
315.75    0.290447761194
315.875    0.290447761194
316.0    0.289751243781
316.125    0.289751243781
316.25    0.289751243781
316.375    0.289751243781
316.5    0.287512437811
316.625    0.287512437811
316.75    0.287512437811
316.875    0.287512437811
317.0    0.288756218905
317.125    0.287512437811
