0.0    0.0744314502678
0.125    0.0782528501069
0.25    0.0621725565606
0.375    0.0747699311265
0.5    0.0806614602751
0.625    0.0807939093067
0.75    0.0797539391323
0.875    0.0709289092086
1.0    0.0689127406157
1.125    0.0707228773816
1.25    0.0695651747346
1.375    0.0715322881306
1.5    0.0753929321272
1.625    0.0753095382925
1.75    0.0710711692797
1.875    0.0755842473952
2.0    0.0828787551753
2.125    0.0830455428448
2.25    0.0756872633087
2.375    0.0735386456841
2.5    0.0789101897455
2.625    0.0702617585307
2.75    0.0726850852579
2.875    0.0726948962973
3.0    0.0794056472343
3.125    0.0744363557875
3.25    0.0724741479112
3.375    0.0783509605008
3.5    0.0715175715715
3.625    0.0784049212174
3.75    0.0787924572729
3.875    0.0689617958126
4.0    0.0719002021074
4.125    0.0716254930047
4.25    0.071890391068
4.375    0.0718707689893
4.5    0.0750299236701
4.625    0.0751231285442
4.75    0.0756087749936
4.875    0.0756087749936
5.0    0.0722779271236
5.125    0.0723711319977
5.25    0.0770902419402
5.375    0.0771442026568
5.5    0.0785618978475
5.625    0.0765751623727
5.75    0.0769185487511
5.875    0.0773060848066
6.0    0.0712575790279
6.125    0.0737250554324
6.25    0.0742303239605
6.375    0.0720718952966
6.5    0.0725182975885
6.625    0.0724986755097
6.75    0.0729990385181
6.875    0.0730775268332
7.0    0.0816082255754
7.125    0.0809508859369
7.25    0.0790573553362
7.375    0.065910562565
7.5    0.0773502344838
7.625    0.0774189117595
7.75    0.0774189117595
7.875    0.0729794164394
8.0    0.0688146302219
8.125    0.0680591801896
8.25    0.0724103761552
8.375    0.0728567784471
8.5    0.0719002021074
8.625    0.0745786158586
8.75    0.0805093891647
8.875    0.0782969997842
9.0    0.0796362066597
9.125    0.080838058984
9.25    0.0773992896807
9.375    0.0781645507525
9.5    0.0733080862587
9.625    0.0723564154386
9.75    0.0727488570139
9.875    0.0720718952966
10.0    0.0739654258972
10.125    0.0746718207327
10.25    0.0727145183761
10.375    0.0717432254773
10.5    0.0746718207327
10.625    0.0715568157291
10.75    0.071890391068
10.875    0.0714685163746
11.0    0.0724349037537
11.125    0.0690402841277
11.25    0.0778898416498
11.375    0.0774238172792
11.5    0.0731069599513
11.625    0.0741027804486
11.75    0.0732590310617
11.875    0.0736710947158
12.0    0.072351509919
12.125    0.0722681160842
12.25    0.0723907540765
12.375    0.074318623315
12.5    0.07439711163
12.625    0.0742793791574
12.75    0.0743088122756
12.875    0.0783558660204
13.0    0.0737103388733
13.125    0.0802444911014
13.25    0.0747846476856
13.375    0.0747404980084
13.5    0.0693493318682
13.625    0.0697221513647
13.75    0.0705217510743
13.875    0.0742401349999
14.0    0.0725967859035
14.125    0.0732246924239
14.25    0.0719149186665
14.375    0.0701096874203
14.5    0.0722975492024
14.625    0.0722975492024
14.75    0.0722975492024
14.875    0.0727145183761
15.0    0.0732492200224
15.125    0.0726016914232
15.25    0.0713458783824
15.375    0.0713458783824
15.5    0.0714881384534
15.625    0.0711251299963
15.75    0.0719737849028
15.875    0.0724545258325
16.0    0.072905833644
16.125    0.0729548888409
16.25    0.0727930066911
16.375    0.0728371563683
16.5    0.0761385711202
16.625    0.0758197123403
16.75    0.0756136805133
16.875    0.0756136805133
17.0    0.0731805427467
17.125    0.0730726213135
17.25    0.0731511096286
17.375    0.0731707317073
17.5    0.0731658261876
17.625    0.0728077232502
17.75    0.0728469674077
17.875    0.0730186605969
18.0    0.0752555775759
18.125    0.0758393344191
18.25    0.0747601200871
18.375    0.0759276337735
18.5    0.0729696054
18.625    0.0728911170849
18.75    0.0729352667622
18.875    0.0726850852579
19.0    0.0677403214097
19.125    0.0677305103703
19.25    0.0744706944254
19.375    0.0747208759296
19.5    0.0712477679885
19.625    0.0705413731531
19.75    0.0820055726704
19.875    0.0734601573691
20.0    0.0746620096933
20.125    0.0733620469753
20.25    0.0765555402939
20.375    0.0736612836764
20.5    0.0765849734121
20.625    0.0684614328042
20.75    0.0693640484273
20.875    0.069241410435
21.0    0.0736269450386
21.125    0.0727930066911
21.25    0.0727930066911
21.375    0.073715244393
21.5    0.0718707689893
21.625    0.0688980240567
21.75    0.0686282204737
21.875    0.0700115770265
22.0    0.0737888271884
22.125    0.0738820320625
22.25    0.0741763632439
22.375    0.0740978749289
22.5    0.0810195632125
22.625    0.0729205502031
22.75    0.073303180739
22.875    0.0666660125974
23.0    0.0719737849028
23.125    0.0716353040441
23.25    0.0718854855483
23.375    0.0718805800286
23.5    0.0744118281891
23.625    0.0739752369366
23.75    0.074063536291
23.875    0.0742499460393
24.0    0.0727292349352
24.125    0.0736269450386
24.25    0.0736171339992
24.375    0.0737495830308
24.5    0.0746227655358
24.625    0.0740341031729
24.75    0.0747404980084
24.875    0.0752114278987
25.0    0.0746178600161
25.125    0.0745884268979
25.25    0.0743088122756
25.375    0.0743823950709
25.5    0.0718560524302
25.625    0.0715470046897
25.75    0.0713753115005
25.875    0.0717088868395
26.0    0.0677893766066
26.125    0.0743480564331
26.25    0.0742793791574
26.375    0.0742793791574
26.5    0.0750348291898
26.625    0.0762317759943
26.75    0.0747552145674
26.875    0.0725771638247
27.0    0.0671614700861
27.125    0.0744020171497
27.25    0.0744167337088
27.375    0.0747159704099
27.5    0.0726016914232
27.625    0.0725084865491
27.75    0.0760649883249
27.875    0.069574985774
28.0    0.0756283970724
28.125    0.0754174597257
28.25    0.0752310499774
28.375    0.0749955850323
28.5    0.0731265820301
28.625    0.0731412985892
28.75    0.073048093715
28.875    0.072699801817
29.0    0.0733620469753
29.125    0.0733620469753
29.25    0.0732492200224
29.375    0.0727194238958
29.5    0.0708258932951
29.625    0.0706787277044
29.75    0.0760012165689
29.875    0.0760649883249
30.0    0.074524655142
30.125    0.0742499460393
30.25    0.07344544081
30.375    0.0711398465553
30.5    0.0708847595314
30.625    0.0720032180209
30.75    0.0709730588859
30.875    0.0708553264133
31.0    0.0814953986225
31.125    0.0784490708946
31.25    0.0770755253812
31.375    0.0885740635363
31.5    0.0732345034633
31.625    0.0732345034633
31.75    0.0734748739281
31.875    0.0735582677629
32.0    0.0780909679571
32.125    0.0784588819339
32.25    0.0741027804486
32.375    0.0673675019132
32.5    0.069781017601
32.625    0.0765457292546
32.75    0.0765015795773
32.875    0.0766634617271
33.0    0.0675931558189
33.125    0.0672546749603
33.25    0.0672056197634
33.375    0.0761532876793
33.5    0.067465612307
33.625    0.0702274198929
33.75    0.074666915213
33.875    0.0737986382277
34.0    0.0741812687636
34.125    0.0705462786728
34.25    0.0761336656005
34.375    0.0764378078214
34.5    0.0727537625336
34.625    0.071684359241
34.75    0.0705659007515
34.875    0.0761140435218
35.0    0.0702666640504
35.125    0.0707523104998
35.25    0.0767713831603
35.375    0.0693100877107
35.5    0.0735239291251
35.625    0.0748582304809
35.75    0.0748582304809
35.875    0.0747159704099
36.0    0.0720277456194
36.125    0.0720277456194
36.25    0.0721700056904
36.375    0.0727096128564
36.5    0.0692266938759
36.625    0.073651472637
36.75    0.0727096128564
36.875    0.0721896277692
37.0    0.07249376999
37.125    0.0724839589506
37.25    0.0720326511391
37.375    0.0720375566588
37.5    0.0727930066911
37.625    0.0728028177305
37.75    0.0725330141475
37.875    0.0725330141475
38.0    0.0719198241862
38.125    0.0721503836116
38.25    0.0737201499127
38.375    0.0724790534309
38.5    0.0721160449738
38.625    0.0721749112101
38.75    0.0724496203128
38.875    0.0734111021722
39.0    0.0773306124051
39.125    0.0766683672468
39.25    0.073239408983
39.375    0.0725869748641
39.5    0.072636030061
39.625    0.072636030061
39.75    0.0736858112748
39.875    0.0722190608873
40.0    0.0735582677629
40.125    0.0735043070463
40.25    0.0715175715715
40.375    0.0715322881306
40.5    0.0740193866138
40.625    0.0740242921335
40.75    0.0738771265428
40.875    0.0736612836764
41.0    0.076030649687
41.125    0.0710760747994
41.25    0.0722779271236
41.375    0.071748130997
41.5    0.0784932205718
41.625    0.07725212409
41.75    0.0760747993642
41.875    0.0763053587897
42.0    0.0724349037537
42.125    0.0724986755097
42.25    0.0725133920688
42.375    0.0722190608873
42.5    0.0740341031729
42.625    0.0735141180857
42.75    0.0729696054
42.875    0.0734209132115
43.0    0.0703745854836
43.125    0.0709485312874
43.25    0.0709485312874
43.375    0.0678188097247
43.5    0.0755450032376
43.625    0.0711202244766
43.75    0.0707032553029
43.875    0.0728567784471
44.0    0.0746816317721
44.125    0.0742352294802
44.25    0.0743039067559
44.375    0.0761434766399
44.5    0.0704579793183
44.625    0.071811902753
44.75    0.0715371936503
44.875    0.0740684418107
45.0    0.0782479445872
45.125    0.078189078351
45.25    0.0714881384534
45.375    0.0710368306418
45.5    0.0714488942959
45.625    0.0710319251221
45.75    0.0710711692797
45.875    0.0719885014618
46.0    0.0733620469753
46.125    0.0733620469753
46.25    0.0734895904872
46.375    0.0718315248317
46.5    0.0746571041736
46.625    0.0749612463944
46.75    0.0738722210231
46.875    0.0748140808037
47.0    0.0746178600161
47.125    0.0746767262524
47.25    0.0744657889057
47.375    0.07201793458
47.5    0.0696338520103
47.625    0.0708406098542
47.75    0.0729254557228
47.875    0.0699821439083
48.0    0.0728175342896
48.125    0.0728175342896
48.25    0.0727488570139
48.375    0.0727390459745
48.5    0.07249376999
48.625    0.0719639738634
48.75    0.0719002021074
48.875    0.0696878127269
49.0    0.0732345034633
49.125    0.0732148813845
49.25    0.0732345034633
49.375    0.0732050703452
49.5    0.0720473676981
49.625    0.0733375193768
49.75    0.0729303612425
49.875    0.0724545258325
50.0    0.0714194611777
50.125    0.0712477679885
50.25    0.0712232403901
50.375    0.0720326511391
50.5    0.0716451150835
50.625    0.0718217137924
50.75    0.0716990758001
50.875    0.0739556148578
51.0    0.0746129544964
51.125    0.0737005278339
51.25    0.0737005278339
51.375    0.0737005278339
51.5    0.0711741851932
51.625    0.0721700056904
51.75    0.0731609206679
51.875    0.0790230166984
52.0    0.0742646625984
52.125    0.0737299609521
52.25    0.0737299609521
52.375    0.074539371701
52.5    0.0721307615329
52.625    0.0719492573043
52.75    0.0734797794478
52.875    0.0736710947158
53.0    0.075078978867
53.125    0.0729892274788
53.25    0.0730088495575
53.375    0.0716549261229
53.5    0.0658615073681
53.625    0.0662196103055
53.75    0.0662686655024
53.875    0.0683780389694
54.0    0.0686772756706
54.125    0.0688440633401
54.25    0.0677991876459
54.375    0.0695455526559
54.5    0.0687999136629
54.625    0.0679954084336
54.75    0.0689912289308
54.875    0.068431999686
55.0    0.0725182975885
55.125    0.0726654631792
55.25    0.0729548888409
55.375    0.0729548888409
55.5    0.0732688421011
55.625    0.0734797794478
55.75    0.0744412613072
55.875    0.0738771265428
56.0    0.0617801149854
56.125    0.0615495555599
56.25    0.0680984243471
56.375    0.0667101622746
56.5    0.0743627729922
56.625    0.0740242921335
56.75    0.0738035437474
56.875    0.0737054333536
57.0    0.0734846849675
57.125    0.0694131036242
57.25    0.0683044561741
57.375    0.0683044561741
57.5    0.0727979122108
57.625    0.0727979122108
57.75    0.0740537252517
57.875    0.0736612836764
58.0    0.0747503090477
58.125    0.0734503463297
58.25    0.0742891901968
58.375    0.0738133547868
58.5    0.0732246924239
58.625    0.0736318505583
58.75    0.0739261817397
58.875    0.0738525989443
59.0    0.0684908659223
59.125    0.0691089614034
59.25    0.0691089614034
59.375    0.0691089614034
59.5    0.0746816317721
59.625    0.0735141180857
59.75    0.0742156074014
59.875    0.0742156074014
60.0    0.0690451896474
60.125    0.0687067087887
60.25    0.0688636854188
60.375    0.068701803269
60.5    0.0698055451995
60.625    0.0700459156643
60.75    0.0691040558837
60.875    0.0717186978789
61.0    0.0673086356769
61.125    0.0705855228303
61.25    0.0721160449738
61.375    0.0717971861939
61.5    0.0713115397445
61.625    0.0727292349352
61.75    0.0719394462649
61.875    0.0719394462649
62.0    0.0675048564645
62.125    0.0675048564645
62.25    0.0665679022036
62.375    0.0650079469419
62.5    0.0714930439731
62.625    0.0707474049801
62.75    0.0709043816102
62.875    0.071684359241
63.0    0.0726115024626
63.125    0.072827345329
63.25    0.0717971861939
63.375    0.0734061966525
63.5    0.0691285834821
63.625    0.0622412338363
63.75    0.0696583796087
63.875    0.0697613955222
64.0    0.0680738967486
64.125    0.0702862861291
64.25    0.0692953711516
64.375    0.0698055451995
64.5    0.0692168828366
64.625    0.0698153562388
64.75    0.0716647371623
64.875    0.0722141553676
65.0    0.0721209504935
65.125    0.0721013284147
65.25    0.0654641602731
65.375    0.0696927182466
65.5    0.0716254930047
65.625    0.0705315621137
65.75    0.0705315621137
65.875    0.0705315621137
66.0    0.0722681160842
66.125    0.0672693915193
66.25    0.0661509330298
66.375    0.0719934069815
66.5    0.0774189117595
66.625    0.0773649510429
66.75    0.0774140062398
66.875    0.0776543767047
67.0    0.0671565645664
67.125    0.0685399211192
67.25    0.0672841080784
67.375    0.065498498911
67.5    0.0773845731217
67.625    0.0641249533976
67.75    0.064355512823
67.875    0.0712821066264
68.0    0.0743235288346
68.125    0.075015207111
68.25    0.0745737103389
68.375    0.0741174970076
68.5    0.0681523850637
68.625    0.0680248415517
68.75    0.0692757490729
68.875    0.0686331259934
69.0    0.0692217883563
69.125    0.0696829072072
69.25    0.0695455526559
69.375    0.0675097619842
69.5    0.068019936032
69.625    0.0685104880011
69.75    0.0681082353865
69.875    0.0683289837725
70.0    0.0710368306418
70.125    0.0670241155348
70.25    0.0670241155348
70.375    0.0667052567549
70.5    0.0699134666327
70.625    0.0679757863548
70.75    0.0679757863548
70.875    0.0656996252183
71.0    0.0682848340953
71.125    0.0678972980398
71.25    0.0682308733787
71.375    0.0682308733787
71.5    0.0713017287051
71.625    0.0712624845476
71.75    0.0726065969429
71.875    0.0671712811255
72.0    0.0664599807704
72.125    0.0740537252517
72.25    0.069574985774
72.375    0.0696191354512
72.5    0.0693248042698
72.625    0.0693248042698
72.75    0.069305182191
72.875    0.0693493318682
73.0    0.0708307988148
73.125    0.071272295587
73.25    0.0621921786394
73.375    0.0630849832231
73.5    0.0762023428762
73.625    0.0734944960069
73.75    0.0649687027844
73.875    0.0645713556894
74.0    0.0710417361615
74.125    0.0705315621137
74.25    0.0705315621137
74.375    0.0709338147283
74.5    0.0713458783824
74.625    0.0672988246375
74.75    0.0675784392599
74.875    0.0694278201833
75.0    0.0749465298354
75.125    0.0647822930361
75.25    0.0716156819653
75.375    0.0722926436827
75.5    0.0673920295116
75.625    0.0686184094343
75.75    0.0697957341601
75.875    0.0698153562388
76.0    0.0718413358711
76.125    0.0710809803191
76.25    0.0709583423268
76.375    0.0714881384534
76.5    0.0690255675686
76.625    0.0691678276397
76.75    0.0696044188921
76.875    0.0737446775111
77.0    0.0668916665032
77.125    0.0674410847085
77.25    0.0678335262838
77.375    0.0752604830956
77.5    0.0683191727332
77.625    0.0706738221847
77.75    0.0707523104998
77.875    0.0716745482016
78.0    0.0717137923592
78.125    0.0712036183113
78.25    0.072287738163
78.375    0.072287738163
78.5    0.0718560524302
78.625    0.0723073602417
78.75    0.0717922806742
78.875    0.0720424621784
79.0    0.0691825441987
79.125    0.0701194984597
79.25    0.0699379942311
79.375    0.070178364696
79.5    0.0747650256068
79.625    0.0769774149873
79.75    0.0650030414222
79.875    0.0653562388399
80.0    0.0732933696996
80.125    0.0737250554324
80.25    0.0660086729588
80.375    0.0703255302867
80.5    0.0694915919392
80.625    0.0698987500736
80.75    0.069923277672
80.875    0.0708651374527
81.0    0.0683093616938
81.125    0.0695602692149
81.25    0.0711251299963
81.375    0.0711251299963
81.5    0.072699801817
81.625    0.0711889017523
81.75    0.0723073602417
81.875    0.0720228400997
82.0    0.070924003689
82.125    0.0712526735082
82.25    0.0717383199576
82.375    0.0719639738634
82.5    0.0724790534309
82.625    0.0734601573691
82.75    0.0699625218296
82.875    0.0698546003964
83.0    0.0733522359359
83.125    0.0669505327394
83.25    0.0702666640504
83.375    0.0687459529463
83.5    0.0713655004611
83.625    0.070860231933
83.75    0.0730726213135
83.875    0.0722386829661
84.0    0.0709730588859
84.125    0.0729303612425
84.25    0.0732737476208
84.375    0.0733228028177
84.5    0.0663079096599
84.625    0.0736171339992
84.75    0.0736318505583
84.875    0.070924003689
85.0    0.0700606322234
85.125    0.0705217510743
85.25    0.0709877754449
85.375    0.0661558385495
85.5    0.0708209877754
85.625    0.0707228773816
85.75    0.071336067343
85.875    0.0712919176658
86.0    0.0675195730236
86.125    0.0683486058513
86.25    0.0702519474913
86.375    0.0682455899378
86.5    0.0720228400997
86.625    0.0610099483939
86.75    0.0742940957165
86.875    0.0743088122756
87.0    0.0640219374841
87.125    0.0724398092734
87.25    0.0722043443282
87.375    0.0695308360968
87.5    0.0719345407452
87.625    0.0697368679238
87.75    0.0706002393894
87.875    0.0701047819006
88.0    0.0694915919392
88.125    0.0703696799639
88.25    0.0700900653415
88.375    0.0700851598218
88.5    0.0706345780272
88.625    0.0716941702804
88.75    0.0706983497832
88.875    0.0604409081098
89.0    0.0699968604674
89.125    0.0699428997508
89.25    0.069432725703
89.375    0.069432725703
89.5    0.0695995133725
89.625    0.0706296725075
89.75    0.070526656594
89.875    0.0708307988148
90.0    0.0722092498479
90.125    0.0722533995251
90.25    0.0722583050448
90.375    0.072572258305
90.5    0.069987049428
90.625    0.0706296725075
90.75    0.0700213880659
90.875    0.0710466416812
91.0    0.0653022781233
91.125    0.0720228400997
91.25    0.0782381335479
91.375    0.0713605949414
91.5    0.0710319251222
91.625    0.0706100504287
91.75    0.0706394835469
91.875    0.0707228773816
92.0    0.0685350155996
92.125    0.068495771442
92.25    0.0693444263485
92.375    0.0677256048506
92.5    0.0714439887762
92.625    0.0708062712164
92.75    0.0708258932951
92.875    0.0691727331593
93.0    0.0695798912937
93.125    0.0696681906481
93.25    0.0688538743795
93.375    0.0715715322881
93.5    0.0740193866138
93.625    0.0740291976532
93.75    0.073779016149
93.875    0.0731069599513
94.0    0.071414555658
94.125    0.0715322881306
94.25    0.0715617212487
94.375    0.0717628475561
94.5    0.0640170319644
94.625    0.0656652865805
94.75    0.0649000255087
94.875    0.0647087102408
95.0    0.0656849086592
95.125    0.0695553636952
95.25    0.0687263308675
95.375    0.0693934815454
95.5    0.0720768008163
95.625    0.072572258305
95.75    0.0723416988796
95.875    0.0720522732178
96.0    0.0707572160195
96.125    0.0701489315778
96.25    0.0791113160528
96.375    0.0727292349352
96.5    0.0699821439083
96.625    0.0771294860978
96.75    0.0658615073681
96.875    0.06598905088
97.0    0.0707915546573
97.125    0.0702617585307
97.25    0.0708504208936
97.375    0.0713115397445
97.5    0.0723073602418
97.625    0.0725771638247
97.75    0.0723466043993
97.875    0.050222710594
98.0    0.0659350901634
98.125    0.0713851225399
98.25    0.0712428624688
98.375    0.0709877754449
98.5    0.0717530365167
98.625    0.0719100131468
98.75    0.0716598316426
98.875    0.071954162824
99.0    0.0709583423268
99.125    0.0709975864843
99.25    0.0709975864843
99.375    0.0717530365167
99.5    0.0682161568196
99.625    0.0671124148892
99.75    0.0671124148892
99.875    0.0658713184075
100.0    0.062246139356
100.125    0.0611178698271
100.25    0.0668180837078
100.375    0.0679757863548
100.5    0.0774777779958
100.625    0.0729646998803
100.75    0.0718560524302
100.875    0.0728469674077
101.0    0.0660969723132
101.125    0.0593077330612
101.25    0.0592292447462
101.375    0.0647332378392
101.5    0.0685202990405
101.625    0.0685693542374
101.75    0.0686135039146
101.875    0.0685399211193
102.0    0.0626287698919
102.125    0.0699428997508
102.25    0.0625600926162
102.375    0.0695014029786
102.5    0.070526656594
102.625    0.0696927182466
102.75    0.069574985774
102.875    0.0700753487825
103.0    0.0665237525263
103.125    0.064625316406
103.25    0.0660822557542
103.375    0.0663275317387
103.5    0.070924003689
103.625    0.0620155799305
103.75    0.0690255675686
103.875    0.0692659380335
104.0    0.071414555658
104.125    0.0711839962326
104.25    0.070874948492
104.375    0.0715813433275
104.5    0.0648117261543
104.625    0.0676569275749
104.75    0.0713655004611
104.875    0.0770509977827
105.0    0.0700066715068
105.125    0.0708209877754
105.25    0.0702077978141
105.375    0.0718413358711
105.5    0.0706247669878
105.625    0.069908561113
105.75    0.069908561113
105.875    0.0702764750898
106.0    0.0680101249926
106.125    0.0682357788984
106.25    0.0703942075623
106.375    0.0710858858387
106.5    0.0724888644703
106.625    0.0728813060456
106.75    0.0730382826757
106.875    0.0730186605969
107.0    0.0734356297706
107.125    0.0735386456841
107.25    0.0735190236054
107.375    0.0734356297706
107.5    0.0689127406157
107.625    0.069432725703
107.75    0.0693346153091
107.875    0.0685399211193
108.0    0.0677452269293
108.125    0.0692070717972
108.25    0.0682161568196
108.375    0.0688489688598
108.5    0.0676274944568
108.625    0.0682455899378
108.75    0.0687999136629
108.875    0.0737005278339
109.0    0.0686184094343
109.125    0.0807056099523
109.25    0.0802690186998
109.375    0.0740341031729
109.5    0.0709681533662
109.625    0.0711104134372
109.75    0.0710711692797
109.875    0.0710711692797
110.0    0.0727488570139
110.125    0.0727586680533
110.25    0.0712821066264
110.375    0.0733228028177
110.5    0.077997763083
110.625    0.0784539764143
110.75    0.0691727331593
110.875    0.0786256696034
111.0    0.073303180739
111.125    0.0731265820301
111.25    0.0667543119518
111.375    0.0667543119518
111.5    0.0712870121461
111.625    0.0716745482016
111.75    0.072145478092
111.875    0.0725281086278
112.0    0.0731658261876
112.125    0.0736661891961
112.25    0.0737642995899
112.375    0.0743284343543
112.5    0.0691285834821
112.625    0.0694915919393
112.75    0.0698595059161
112.875    0.0724888644703
113.0    0.0698398838373
113.125    0.0700753487825
113.25    0.0721405725723
113.375    0.0701734591763
113.5    0.0723711319977
113.625    0.0719590683437
113.75    0.0729548888409
113.875    0.0723269823205
114.0    0.0737201499127
114.125    0.0745001275435
114.25    0.0754370818044
114.375    0.0745197496223
114.5    0.0700900653415
114.625    0.0698496948767
114.75    0.0701832702157
114.875    0.0703255302867
115.0    0.0656603810608
115.125    0.0657241528167
115.25    0.0664109255735
115.375    0.0615299334812
115.5    0.0692708435532
115.625    0.0703893020427
115.75    0.0746325765752
115.875    0.0746325765752
116.0    0.0722043443282
116.125    0.0717530365167
116.25    0.0723564154386
116.375    0.0719492573043
116.5    0.0682603064969
116.625    0.0677403214097
116.75    0.0670878872908
116.875    0.0665679022036
117.0    0.0686968977493
117.125    0.0676667386143
117.25    0.0673822184722
117.375    0.0668720444244
117.5    0.0716892647607
117.625    0.0716254930047
117.75    0.0715862488472
117.875    0.0719737849028
118.0    0.0688244412613
118.125    0.0687851971038
118.25    0.06868708671
118.375    0.0696485685694
118.5    0.0671761866452
118.625    0.0668328002669
118.75    0.0669701548182
118.875    0.0643358907443
119.0    0.0705560897121
119.125    0.0725182975884
119.25    0.0727194238958
119.375    0.0697025292859
120.0    0.0705070345152
120.125    0.0702028922944
120.25    0.0705217510743
120.375    0.0704285462002
120.5    0.0686135039146
120.625    0.0690206620489
120.75    0.0756970743481
120.875    0.0681916292212
121.0    0.0641789141142
121.125    0.0727537625336
121.25    0.0701881757353
121.375    0.0693002766713
121.5    0.0656652865805
121.625    0.0680984243471
121.75    0.0680984243471
121.875    0.0681523850637
122.0    0.0643506073033
122.125    0.062246139356
122.25    0.062373682868
122.375    0.065101151816
122.5    0.0788954731864
122.625    0.0703696799639
122.75    0.0667248788337
122.875    0.0674459902282
123.0    0.0671222259286
123.125    0.067132036968
123.25    0.0658516963287
123.375    0.0669309106607
123.5    0.0649637972647
123.625    0.0690893393246
123.75    0.0692168828366
123.875    0.0691040558837
124.0    0.0664943194082
124.125    0.0711496575947
124.25    0.0701194984597
124.375    0.0681327629849
124.5    0.0662343268646
124.625    0.066244137904
124.75    0.0569334615309
124.875    0.0657977356121
125.0    0.0667592174715
125.125    0.0663520593372
125.25    0.0663569648569
125.375    0.0668033671487
125.5    0.0688195357416
125.625    0.068956890293
125.75    0.0647087102408
125.875    0.0647087102408
126.0    0.0650815297373
126.125    0.0667395953927
126.25    0.0664648862901
126.375    0.0656849086592
126.5    0.0648215371937
126.625    0.0648411592724
126.75    0.0662343268646
126.875    0.0648853089496
127.0    0.0686036928752
127.125    0.0689029295764
127.25    0.068417283127
127.375    0.0683584168907
127.5    0.0582971960049
127.625    0.057090438161
127.75    0.0663667758962
127.875    0.0691923552381
128.0    0.0657584914546
128.125    0.0653464278006
128.25    0.0654690657928
128.375    0.065846790809
128.5    0.0668328002669
128.625    0.0670437376136
128.75    0.071684359241
128.875    0.067195808724
129.0    0.067338068795
129.125    0.067465612307
129.25    0.0673920295116
129.375    0.0789935835802
129.5    0.0699428997508
129.625    0.0694915919393
129.75    0.0683927555285
129.875    0.0688391578204
130.0    0.055250868277
130.125    0.0687459529463
130.25    0.0687557639856
130.375    0.0691482055609
130.5    0.062246139356
130.625    0.0628838569158
130.75    0.062515942939
130.875    0.0709632478465
131.0    0.0650030414222
131.125    0.0643604183427
131.25    0.0648460647921
131.375    0.0658124521712
131.5    0.0630064949081
131.625    0.0630064949081
131.75    0.0624717932618
131.875    0.0614661617252
132.0    0.0739556148578
132.125    0.0717432254773
132.25    0.065164923572
132.375    0.0739605203775
132.5    0.0682946451347
132.625    0.0674558012676
132.75    0.0680493691502
132.875    0.0681327629849
133.0    0.0675244785432
133.125    0.0675048564645
133.25    0.0677648490081
133.375    0.0676814551734
133.5    0.0678089986853
133.625    0.0678335262838
133.75    0.068005219473
133.875    0.0681671016227
134.0    0.0633744088849
134.125    0.0638600553343
134.25    0.0644438121775
134.375    0.0669603437788
134.5    0.0678531483625
134.625    0.0675342895826
134.75    0.0673724074328
134.875    0.0689863234111
135.0    0.0673478798344
135.125    0.0673478798344
135.25    0.0674312736691
135.375    0.0670633596923
135.5    0.0677893766066
135.625    0.0675146675039
135.75    0.0676176834174
135.875    0.0666169574005
136.0    0.0703157192473
136.125    0.0705119400349
136.25    0.0704334517199
136.375    0.0705168455546
136.5    0.0658075466515
136.625    0.0657535859349
136.75    0.0660871612739
136.875    0.0683142672135
137.0    0.0707130663423
137.125    0.068225967859
137.25    0.0685055824814
137.375    0.0686282204737
137.5    0.0657388693758
137.625    0.0660086729588
137.75    0.0659007515256
137.875    0.0659841453604
138.0    0.068289739615
138.125    0.0639336381296
138.25    0.0639777878068
138.375    0.0651992622098
138.5    0.0643898514609
138.625    0.0644536232168
138.75    0.0654543492337
138.875    0.0646498440045
139.0    0.0656260424229
139.125    0.0684418107254
139.25    0.0683437003316
139.375    0.0681671016227
139.5    0.0686184094343
139.625    0.0555010497812
139.75    0.0635804407119
139.875    0.063595157271
140.0    0.0683240782528
140.125    0.0663569648569
140.25    0.0624472656633
140.375    0.0648804034299
140.5    0.0676569275749
140.625    0.0686036928752
140.75    0.0684565272845
140.875    0.0677746600475
141.0    0.0625699036556
141.125    0.062579714695
141.25    0.0623638718286
141.375    0.062785746522
141.5    0.0640366540431
141.625    0.064213252752
141.75    0.0664796028491
141.875    0.0668278947472
142.0    0.0682112513
142.125    0.0685252045602
142.25    0.0663128151796
142.375    0.068417283127
142.5    0.0643751349018
142.625    0.0646007888076
142.75    0.071350783902
142.875    0.0648804034299
143.0    0.0702274198929
143.125    0.064625316406
143.25    0.0639532602084
143.375    0.0639532602084
143.5    0.0646498440045
143.625    0.0599111119832
143.75    0.0603624197948
143.875    0.0602446873222
144.0    0.0700213880659
144.125    0.0703745854836
144.25    0.0716451150835
144.375    0.0715077605322
144.5    0.0649834193434
144.625    0.0673773129525
144.75    0.0674459902282
144.875    0.0653513333203
145.0    0.06630790966
145.125    0.0662294213449
145.25    0.06630790966
145.375    0.0663177206993
145.5    0.0683093616938
145.625    0.0683142672135
145.75    0.0604703412279
145.875    0.0690599062065
146.0    0.0689029295764
146.125    0.0689029295764
146.25    0.0696142299315
146.375    0.0688538743795
146.5    0.067132036968
146.625    0.0672007142437
146.75    0.0672007142437
146.875    0.067068265212
147.0    0.0674312736691
147.125    0.0672890135981
147.25    0.0669946824167
147.375    0.0671565645665
147.5    0.0728077232502
147.625    0.0720866118557
147.75    0.0720866118557
147.875    0.0614171065283
148.0    0.0674950454251
148.125    0.0681180464259
148.25    0.0651158683751
148.375    0.0649687027844
148.5    0.0651207738948
148.625    0.0654249161156
148.75    0.0676373054961
148.875    0.0678580538822
149.0    0.0671026038498
149.125    0.0671026038498
149.25    0.0671026038498
149.375    0.0673773129525
149.5    0.0670143044954
149.625    0.0671026038498
149.75    0.0661558385495
149.875    0.0664403586916
150.0    0.0623589663089
150.125    0.0623589663089
150.25    0.0626238643722
150.375    0.0625846202147
150.5    0.0656701921002
150.625    0.0655426485882
150.75    0.0654543492337
150.875    0.0656162313836
151.0    0.0671516590468
151.125    0.0670093989757
151.25    0.067338068795
151.375    0.067338068795
151.5    0.0669995879364
151.625    0.0672056197634
151.75    0.0673086356769
151.875    0.0675097619842
152.0    0.0650913407766
152.125    0.065307183643
152.25    0.0651551125326
152.375    0.0654151050762
152.5    0.0656211369032
152.625    0.0659399956832
152.75    0.0659399956832
152.875    0.0657143417774
153.0    0.067941447717
153.125    0.0676912662127
153.25    0.0610737201499
153.375    0.0615201224418
153.5    0.0691580166003
153.625    0.0687312363872
153.75    0.0686429370327
153.875    0.0693444263485
154.0    0.0632321488138
154.125    0.063325353688
154.25    0.0691482055609
154.375    0.0680788022683
154.5    0.0596707415184
154.625    0.0687999136629
154.75    0.0687999136629
154.875    0.0675244785432
155.0    0.0653611443596
155.125    0.0654003885172
155.25    0.06551321547
155.375    0.0667494064321
155.5    0.0669652492985
155.625    0.0669161941016
155.75    0.0662097992661
155.875    0.0669161941016
156.0    0.0567176186645
156.125    0.0567176186645
156.25    0.0566685634676
156.375    0.0569334615309
156.5    0.0624423601436
156.625    0.061500500363
156.75    0.0616329493947
156.875    0.0617261542688
157.0    0.0662048937464
157.125    0.0662833820615
157.25    0.0662833820615
157.375    0.0657732080137
157.5    0.0649294586268
157.625    0.0641298589173
157.75    0.0642328748308
157.875    0.064546828091
158.0    0.0654396326747
158.125    0.0654396326747
158.25    0.0654396326747
158.375    0.0653807664384
158.5    0.0653022781233
158.625    0.0648705923906
158.75    0.0637668504601
158.875    0.0648215371937
159.0    0.0607205227322
159.125    0.0610001373546
159.25    0.0608382552048
159.375    0.0602348762828
159.5    0.0649196475875
159.625    0.0648804034299
159.75    0.0649049310284
159.875    0.065086435257
160.0    0.060215254204
160.125    0.066386397975
160.25    0.066386397975
160.375    0.0666709181171
160.5    0.0707523104998
160.625    0.0707523104998
160.75    0.0641347644369
160.875    0.0643162686655
161.0    0.0683240782528
161.125    0.0676176834174
161.25    0.0682799285756
161.375    0.068225967859
161.5    0.0659498067225
161.625    0.0659841453604
161.75    0.0660724447148
161.875    0.0660724447148
162.0    0.0599896002983
162.125    0.0599356395817
162.25    0.0606567509762
162.375    0.0607646724094
162.5    0.0658124521712
162.625    0.065562270667
162.75    0.0653611443596
162.875    0.0653611443596
163.0    0.0623687773483
163.125    0.0620793516865
163.25    0.0621087848047
163.375    0.0622314227969
163.5    0.0685055824814
163.625    0.0682848340953
163.75    0.0682014402606
163.875    0.0686380315131
164.0    0.064007220925
164.125    0.0632125267351
164.25    0.0631781880973
164.375    0.0638208111767
164.5    0.0630064949081
164.625    0.0630212114671
164.75    0.0620842572062
164.875    0.062103879285
165.0    0.066656201558
165.125    0.0671222259286
165.25    0.0625846202147
165.375    0.061976335773
165.5    0.0615495555599
165.625    0.0622608559151
165.75    0.0619861468124
165.875    0.0619419971352
166.0    0.0621774620803
166.125    0.0622902890332
166.25    0.0600680886133
166.375    0.0601661990071
166.5    0.0623295331907
166.625    0.0624080215058
166.75    0.0624276435846
166.875    0.0625012263799
167.0    0.0624619822224
167.125    0.0624619822224
167.25    0.0618242646626
167.375    0.062373682868
167.5    0.0653513333203
167.625    0.0653856719581
167.75    0.0631781880973
167.875    0.0630898887428
168.0    0.0554912387418
168.125    0.0646155053666
168.25    0.0646155053666
168.375    0.0646302219257
168.5    0.0636785511057
168.625    0.0638453387752
168.75    0.0639189215705
168.875    0.0637864725389
169.0    0.0643751349018
169.125    0.0646155053666
169.25    0.0631830936169
169.375    0.0642279693111
169.5    0.0539852441968
169.625    0.0546278672763
169.75    0.0624423601436
169.875    0.0622804779938
170.0    0.0569923277672
170.125    0.0680542746699
170.25    0.0705609952318
170.375    0.0706198614681
170.5    0.0698987500736
170.625    0.0610491925515
170.75    0.0720718952966
170.875    0.07249376999
171.0    0.0644094735396
171.125    0.0643506073033
171.25    0.064625316406
171.375    0.064483056335
171.5    0.0629819673096
171.625    0.0629672507505
171.75    0.062991778349
171.875    0.0629966838687
172.0    0.0664992249279
172.125    0.0664648862901
172.25    0.0660675391951
172.375    0.053426014952
172.5    0.061372956851
172.625    0.0634136530424
172.75    0.0633793144046
172.875    0.0622019896788
173.0    0.0615740831584
173.125    0.0615986107568
173.25    0.0617752094657
173.375    0.0617752094657
173.5    0.0618635088201
173.625    0.0619027529777
173.75    0.0618635088201
173.875    0.0618046425838
174.0    0.0620253909699
174.125    0.0620253909699
174.25    0.0627317858054
174.375    0.0620253909699
174.5    0.0639630712478
174.625    0.0639630712478
174.75    0.0727488570139
174.875    0.0639483546887
175.0    0.0661460275101
175.125    0.0662539489434
175.25    0.0662539489434
175.375    0.0662539489434
175.5    0.0656015148245
175.625    0.0655426485882
175.75    0.0660135784785
175.875    0.0664109255735
176.0    0.0651845456508
176.125    0.0651845456508
176.25    0.06503738006
176.375    0.0662097992661
176.5    0.0636147793497
176.625    0.0629034789946
176.75    0.0638502442949
176.875    0.0637423228617
177.0    0.0686723701509
177.125    0.0686723701509
177.25    0.0686723701509
177.375    0.0683633224104
177.5    0.0658860349666
177.625    0.0661754606283
177.75    0.0661754606283
177.875    0.0659694288013
178.0    0.0663569648569
178.125    0.0664305476522
178.25    0.0663275317387
178.375    0.0663275317387
178.5    0.0662637599827
178.625    0.0663177206993
178.75    0.0663177206993
178.875    0.0663177206993
179.0    0.0636491179876
179.125    0.0641004257991
179.25    0.0641200478779
179.375    0.0652630339658
180.0    0.0671909032043
180.125    0.0674361791888
180.25    0.0674361791888
180.375    0.0674361791888
180.5    0.0672890135981
180.625    0.0673822184722
180.75    0.066116594392
180.875    0.0663324372584
181.0    0.0589594411632
181.125    0.0594205600141
181.25    0.0704825069168
181.375    0.0703647744442
181.5    0.0672350528815
181.625    0.0661264054314
181.75    0.0674214626298
181.875    0.0610590035908
182.0    0.0656064203442
182.125    0.0656064203442
182.25    0.0656064203442
182.375    0.0656064203442
182.5    0.0609510821576
182.625    0.0609510821576
182.75    0.0609707042364
182.875    0.0609903263152
183.0    0.0678089986853
183.125    0.06123069678
183.25    0.0678678649216
183.375    0.0678678649216
183.5    0.0657584914546
183.625    0.0656701921002
183.75    0.0656064203442
183.875    0.0654837823519
184.0    0.0708307988148
184.125    0.0619812412927
184.25    0.0620352020093
184.375    0.0620940682456
184.5    0.0690500951671
184.625    0.0690500951671
184.75    0.0684908659223
184.875    0.0688538743795
185.0    0.0651256794145
185.125    0.0651354904539
185.25    0.065086435257
185.375    0.065086435257
185.5    0.0638355277358
185.625    0.0638355277358
185.75    0.0640660871613
185.875    0.063595157271
186.0    0.066656201558
186.125    0.066656201558
186.25    0.066656201558
186.375    0.0667543119518
186.5    0.0693934815454
186.625    0.0692708435532
186.75    0.0692708435532
186.875    0.0627563134038
187.0    0.0681180464259
187.125    0.0681180464259
187.25    0.0681180464259
187.375    0.0675195730236
187.5    0.0645958832879
187.625    0.0645958832879
187.75    0.063340070247
187.875    0.0645958832879
188.0    0.0646988992014
188.125    0.0651698290917
188.25    0.0651305849342
188.375    0.0643309852246
188.5    0.0680591801896
188.625    0.0680591801896
188.75    0.0682455899378
188.875    0.0683142672135
189.0    0.0659547122422
189.125    0.0661362164708
189.25    0.0660282950376
189.375    0.0663275317387
189.5    0.0671467535271
189.625    0.0675490061417
189.75    0.0675490061417
189.875    0.0675490061417
190.0    0.0631683770579
190.125    0.0631683770579
190.25    0.063070266664
190.375    0.0629574397112
190.5    0.0647871985558
190.625    0.0647822930361
190.75    0.0647822930361
190.875    0.0651256794145
191.0    0.066180366148
191.125    0.0654837823519
191.25    0.06551321547
191.375    0.06551321547
191.5    0.0701734591763
191.625    0.0701734591763
191.75    0.0659939563997
191.875    0.0636981731845
192.0    0.0685644487177
192.125    0.0686184094343
192.25    0.0684025665679
192.375    0.0686135039146
192.5    0.0647430488786
192.625    0.0648705923906
192.75    0.0648705923906
192.875    0.0648705923906
193.0    0.068417283127
193.125    0.0617457763475
193.25    0.0635019523968
193.375    0.0626680140494
193.5    0.0660577281557
193.625    0.0660675391951
193.75    0.0656800031395
193.875    0.0656701921002
194.0    0.0675293840629
194.125    0.0675293840629
194.25    0.0675293840629
194.375    0.0675293840629
194.5    0.0644928673744
194.625    0.0644928673744
194.75    0.0644928673744
194.875    0.0644928673744
195.0    0.065498498911
195.125    0.0654837823519
195.25    0.0656358534623
195.375    0.0659252791241
195.5    0.0651845456508
195.625    0.0643800404215
195.75    0.0652777505249
195.875    0.0652777505249
196.0    0.0645026784138
196.125    0.0644585287365
196.25    0.0662833820615
196.375    0.0649245531072
196.5    0.0655475541079
196.625    0.0655475541079
196.75    0.0655475541079
196.875    0.0640170319644
197.0    0.0656505700214
197.125    0.0656996252183
197.25    0.0656996252183
197.375    0.0652777505249
197.5    0.0681916292212
197.625    0.0681916292212
197.75    0.0681916292212
197.875    0.0683289837725
198.0    0.0638551498146
198.125    0.0663962090144
198.25    0.0726556521398
198.375    0.0727145183761
198.5    0.0672448639209
198.625    0.0670339265742
198.75    0.0673478798344
198.875    0.0673478798344
199.0    0.0662637599827
199.125    0.0662637599827
199.25    0.0663471538175
199.375    0.066258854463
199.5    0.067607872378
199.625    0.067607872378
199.75    0.0677893766066
199.875    0.0677893766066
200.0    0.0638600553343
200.125    0.0638208111767
200.25    0.0636883621451
200.375    0.0636883621451
200.5    0.0640317485234
200.625    0.0640317485234
200.75    0.0639728822872
200.875    0.0639630712478
201.0    0.056742146263
201.125    0.0569972332869
201.25    0.0659056570453
201.375    0.0572621313502
201.5    0.0661018778329
201.625    0.0659988619194
201.75    0.0667052567549
201.875    0.0668524223456
202.0    0.0594156544944
202.125    0.0594156544944
202.25    0.0594156544944
202.375    0.0594156544944
202.5    0.06408570924
202.625    0.06408570924
202.75    0.06408570924
202.875    0.06408570924
203.0    0.0681572905834
203.125    0.0679218256382
203.25    0.0677942821262
203.375    0.0676961717324
203.5    0.0651894511705
203.625    0.0654886878716
203.75    0.0661362164708
203.875    0.0661362164708
204.0    0.066989776897
204.125    0.066989776897
204.25    0.0647773875164
204.375    0.064958891745
204.5    0.0596658359987
204.625    0.0579979593038
204.75    0.064007220925
204.875    0.0637521339011
205.0    0.0701489315778
205.125    0.0701489315778
205.25    0.0696191354512
205.375    0.0701489315778
205.5    0.0641887251535
205.625    0.0643653238624
205.75    0.0646498440045
205.875    0.0669112885819
206.0    0.0603673253144
206.125    0.0603673253144
206.25    0.0614710672449
206.375    0.0601760100465
206.5    0.0678923925201
206.625    0.0680886133077
206.75    0.0678433373232
206.875    0.0656800031395
207.0    0.0617604929066
207.125    0.0617604929066
207.25    0.0623295331907
207.375    0.0620106744109
207.5    0.0664796028491
207.625    0.0667935561093
207.75    0.0658222632106
207.875    0.0664403586916
208.0    0.0665875242823
208.125    0.0651943566902
208.25    0.0667101622746
208.375    0.0578606047525
208.5    0.065768302494
208.625    0.0661214999117
208.75    0.0666022408414
208.875    0.0667052567549
209.0    0.0656996252183
209.125    0.0656947196986
209.25    0.065704530738
209.375    0.0660773502345
209.5    0.062785746522
209.625    0.062785746522
209.75    0.062785746522
209.875    0.062785746522
210.0    0.0715617212487
210.125    0.0716107764457
210.25    0.0713556894217
210.375    0.0707130663423
210.5    0.0624668877421
210.625    0.0625208484587
210.75    0.0623246276711
210.875    0.0623246276711
211.0    0.0666365794792
211.125    0.0666267684398
211.25    0.0666267684398
211.375    0.0666267684398
211.5    0.0633204481683
211.625    0.0635853462316
211.75    0.0635853462316
211.875    0.0627710299629
212.0    0.0588613307694
212.125    0.0589447246041
212.25    0.0593175441006
212.375    0.058993779801
212.5    0.0620646351274
212.625    0.0619861468124
212.75    0.0619665247336
212.875    0.061500500363
213.0    0.0680542746699
213.125    0.0680150305123
213.25    0.0569530836097
213.375    0.0569530836097
213.5    0.0686968977493
213.625    0.0684221886467
213.75    0.0692953711516
213.875    0.0674214626298
214.0    0.0569285560112
214.125    0.0592684889037
214.25    0.0591752840296
214.375    0.0590967957146
214.5    0.0632076212154
214.625    0.0632959205698
214.75    0.0637276063026
214.875    0.0636687400663
215.0    0.060691089614
215.125    0.0606322233778
215.25    0.0612454133391
215.375    0.0585669995879
215.5    0.0622706669544
215.625    0.0623295331907
215.75    0.0622706669544
215.875    0.0622755724741
216.0    0.0617899260248
216.125    0.0617899260248
216.25    0.0706394835469
216.375    0.0618684143398
216.5    0.061912564017
216.625    0.0620744461668
216.75    0.0627170692463
216.875    0.0624276435846
217.0    0.0636491179876
217.125    0.0639826933265
217.25    0.0640660871613
217.375    0.0640660871613
217.5    0.0661754606283
217.625    0.0663667758962
217.75    0.0663324372584
217.875    0.0665237525263
218.0    0.0559523575928
218.125    0.056266310853
218.25    0.0559523575928
218.375    0.0567764849008
218.5    0.0628348017189
218.625    0.0632468653729
218.75    0.0628544237977
218.875    0.062928006593
219.0    0.0477012734729
219.125    0.0613974844495
219.25    0.0588220866119
219.375    0.0588220866119
219.5    0.0583904008791
219.625    0.0649392696662
219.75    0.0650275690207
219.875    0.0647921040755
220.0    0.0707081608225
220.125    0.0707081608225
220.25    0.0574338245394
220.375    0.0661509330298
220.5    0.0599896002983
220.625    0.0596167808018
220.75    0.0609216490395
220.875    0.0608039165669
221.0    0.0637079842239
221.125    0.0637668504601
221.25    0.0633793144046
221.375    0.0630261169868
221.5    0.0657192472971
221.625    0.0658516963287
221.75    0.0638747718933
221.875    0.0637815670192
222.0    0.0609118380001
222.125    0.0608725938426
222.25    0.0611473029453
222.375    0.0620646351274
222.5    0.0622167062379
222.625    0.0622167062379
222.75    0.0621333124031
222.875    0.0617310597885
223.0    0.063531385515
223.125    0.064213252752
223.25    0.0647283323195
223.375    0.064277024508
223.5    0.0652581284461
223.625    0.0630457390656
223.75    0.0629868728293
223.875    0.0630457390656
224.0    0.0626189588525
224.125    0.0626091478131
224.25    0.0625404705374
224.375    0.0625404705374
224.5    0.0642574024292
224.625    0.0647675764771
224.75    0.0650471910994
224.875    0.0650471910994
225.0    0.0605733571415
225.125    0.0608431607244
225.25    0.0608431607244
225.375    0.0629083845143
225.5    0.0653954829975
225.625    0.0654592547534
225.75    0.0654101995565
225.875    0.0654151050762
226.0    0.0654101995565
226.125    0.0597148911956
226.25    0.0587681258953
226.375    0.0637668504601
226.5    0.0583511567215
226.625    0.0575515570119
226.75    0.0583462512019
226.875    0.0579832427447
227.0    0.0597688519122
227.125    0.0598473402272
227.25    0.0598473402272
227.375    0.0601612934874
227.5    0.0626778250888
227.625    0.0615986107568
227.75    0.0617359653082
227.875    0.0613091850951
228.0    0.0615250279615
228.125    0.0623933049467
228.25    0.062309911112
228.375    0.062309911112
228.5    0.0616525714734
228.625    0.0617408708279
228.75    0.0614661617252
228.875    0.0614661617252
229.0    0.0611718305437
229.125    0.0611374919059
229.25    0.0632419598532
229.375    0.0635166689559
229.5    0.0577330612405
229.625    0.0577330612405
229.75    0.0578458881934
229.875    0.0578458881934
230.0    0.0567323352236
230.125    0.0567323352236
230.25    0.0567323352236
230.375    0.0566930910661
230.5    0.0541961815435
230.625    0.0543482526539
230.75    0.0614955948433
230.875    0.0609216490395
231.0    0.0665090359673
231.125    0.0668818554638
231.25    0.0628249906795
231.375    0.0515030512333
231.5    0.0636344014285
231.625    0.0636344014285
231.75    0.0628102741204
231.875    0.0628102741204
232.0    0.0612797519769
232.125    0.0614710672449
232.25    0.0614171065283
232.375    0.0614171065283
232.5    0.0675293840629
232.625    0.0675293840629
232.75    0.0652532229264
232.875    0.0641887251535
233.0    0.0647871985558
233.125    0.0647871985558
233.25    0.0650962462963
233.375    0.0653022781233
233.5    0.0608627828032
233.625    0.0608922159213
233.75    0.0610050428742
233.875    0.0612110747013
234.0    0.061294468536
234.125    0.0615250279615
234.25    0.063531385515
234.375    0.063531385515
234.5    0.0597492298334
234.625    0.0597492298334
234.75    0.0596658359987
234.875    0.0597737574319
235.0    0.0594647096913
235.125    0.0595382924867
235.25    0.0595382924867
235.375    0.0595137648883
235.5    0.0614171065283
235.625    0.0614171065283
235.75    0.061436728607
235.875    0.0611620195043
236.0    0.0624031159861
236.125    0.0633547868061
236.25    0.0633547868061
236.375    0.0624717932618
236.5    0.0619272805761
236.625    0.0617752094657
236.75    0.0617752094657
236.875    0.062103879285
237.0    0.0597345132743
237.125    0.0597345132743
237.25    0.0596118752821
237.375    0.0601661990071
237.5    0.0555550104978
237.625    0.0555550104978
237.75    0.0578851323509
237.875    0.056820634578
238.0    0.0588318976512
238.125    0.0588564252497
238.25    0.0588564252497
238.375    0.0615348390008
238.5    0.0608627828032
238.625    0.0608627828032
238.75    0.0608627828032
238.875    0.0631389439397
239.0    0.0592292447462
239.125    0.0594254655338
239.25    0.0597933795106
239.375    0.0687557639856
240.0    0.0546916390322
240.125    0.0546523948747
240.25    0.0542108981025
240.375    0.0543237250554
240.5    0.0611473029453
240.625    0.0612257912603
240.75    0.0613631458117
240.875    0.0614269175676
241.0    0.0592194337068
241.125    0.0513313580441
241.25    0.0635902517513
241.375    0.062452171183
241.5    0.0651894511705
241.625    0.065292467084
241.75    0.0645664501697
241.875    0.0651943566902
242.0    0.0619567136942
242.125    0.0619321860958
242.25    0.0621284068834
242.375    0.0620548240881
242.5    0.0625355650178
242.625    0.0624914153405
242.75    0.0624914153405
242.875    0.0624914153405
243.0    0.0621872731197
243.125    0.0622019896788
243.25    0.0622019896788
243.375    0.0622019896788
243.5    0.0641249533976
243.625    0.0636932676648
243.75    0.0626336754116
243.875    0.0633793144046
244.0    0.0593469772188
244.125    0.05932735514
244.25    0.059263583384
244.375    0.0574387300591
244.5    0.0588466142103
244.625    0.0597099856759
244.75    0.0597099856759
244.875    0.0592243392265
245.0    0.0542059925829
245.125    0.0542059925829
245.25    0.0552312461982
245.375    0.055584443616
245.5    0.0588907638875
245.625    0.0588711418088
245.75    0.0590134018798
245.875    0.058979063242
246.0    0.0645223004925
246.125    0.0644585287365
246.25    0.0643260797049
246.375    0.0647479543983
246.5    0.0624816043012
246.625    0.062928006593
246.75    0.062928006593
246.875    0.0625404705374
247.0    0.0594156544944
247.125    0.0594156544944
247.25    0.0594156544944
247.375    0.0591311343524
247.5    0.0546867335126
247.625    0.0547995604654
247.75    0.0547995604654
247.875    0.0546965445519
248.0    0.0561534839001
248.125    0.0562515942939
248.25    0.0583511567215
248.375    0.0583953063988
248.5    0.0641789141142
248.625    0.0641789141142
248.75    0.0641789141142
248.875    0.0641004257991
249.0    0.0611865471028
249.125    0.0614955948433
249.25    0.0614416341267
249.375    0.0614514451661
249.5    0.0588564252497
249.625    0.0588564252497
249.75    0.0677844710869
249.875    0.0589349135647
250.0    0.0598914899044
250.125    0.0598914899044
250.25    0.0593371661794
250.375    0.0582039911308
250.5    0.0567519573024
250.625    0.0567519573024
250.75    0.0570708160823
250.875    0.0570462884838
251.0    0.0581304083355
251.125    0.0585620940683
251.25    0.0579489041069
251.375    0.0583217236034
251.5    0.0512921138865
251.625    0.0606567509762
251.75    0.0608137276063
251.875    0.0608382552048
252.0    0.0585326609501
252.125    0.0579587151463
252.25    0.0581304083355
252.375    0.0581255028158
252.5    0.060548829543
252.625    0.0602544983616
252.75    0.060691089614
252.875    0.0593764103369
253.0    0.0595922532033
253.125    0.0596167808018
253.25    0.0594156544944
253.375    0.0593665992975
253.5    0.0597296077546
253.625    0.0597688519122
253.75    0.057772305398
253.875    0.0578017385162
254.0    0.0600828051724
254.125    0.0595088593685
254.25    0.0597050801562
254.375    0.0596413084002
254.5    0.0469605399996
254.625    0.0471273276691
254.75    0.060342797716
254.875    0.059945450621
255.0    0.0609167435198
255.125    0.0609167435198
255.25    0.0631683770579
255.375    0.0609118380001
255.5    0.0569383670506
255.625    0.0569383670506
255.75    0.0570315719247
255.875    0.0570315719247
256.0    0.0630310225065
256.125    0.0629132900339
256.25    0.0612993740557
256.375    0.0610491925515
256.5    0.0604163805114
256.625    0.0597884739909
256.75    0.0602888369994
256.875    0.0602888369994
257.0    0.0572719423896
257.125    0.0572425092714
257.25    0.0573357141456
257.375    0.0585915271864
257.5    0.0612552243785
257.625    0.0617752094657
257.75    0.0617752094657
257.875    0.0616967211506
258.0    0.0583560622412
258.125    0.0583560622412
258.25    0.0577281557208
258.375    0.0585277554304
258.5    0.0609854207955
258.625    0.0610590035908
258.75    0.0610001373546
258.875    0.0610393815121
259.0    0.0559670741518
259.125    0.0558885858368
259.25    0.0564330985224
259.375    0.05647234268
259.5    0.0573259031062
259.625    0.0584639836744
259.75    0.0583805898397
259.875    0.0569187449719
260.0    0.0619665247336
260.125    0.0616967211506
260.25    0.0574583521378
260.375    0.0582677628868
260.5    0.059518670408
260.625    0.0596020642427
260.75    0.0596020642427
260.875    0.0596020642427
261.0    0.0594941428095
261.125    0.0597639463925
261.25    0.0593665992975
261.375    0.0593665992975
261.5    0.059930734062
261.625    0.0600680886133
261.75    0.0596167808018
261.875    0.0601465769284
262.0    0.0559719796715
262.125    0.0538969448423
262.25    0.0519641700842
262.375    0.0586013382258
262.5    0.0539410945195
262.625    0.0539410945195
262.75    0.0527588642741
262.875    0.0528226360301
263.0    0.0570217608854
263.125    0.0575270294135
263.25    0.0570560995232
263.375    0.0570560995232
263.5    0.0649098365481
263.625    0.0559425465534
263.75    0.062579714695
263.875    0.0631438494594
264.0    0.0605831681808
264.125    0.05885151973
264.25    0.0589005749269
264.375    0.060406569472
264.5    0.059248866825
264.625    0.0586994486196
264.75    0.0586994486196
264.875    0.0590232129192
265.0    0.0585473775092
265.125    0.0585473775092
265.25    0.0586651099817
265.375    0.0586651099817
265.5    0.0580519200204
265.625    0.0579292820281
265.75    0.0579292820281
265.875    0.0579292820281
266.0    0.0601416714087
266.125    0.0605046798658
266.25    0.0604458136295
266.375    0.0605046798658
266.5    0.0610197594333
266.625    0.0611178698271
266.75    0.0611178698271
266.875    0.0611178698271
267.0    0.0588809528481
267.125    0.0588220866119
267.25    0.0588220866119
267.375    0.0569236504915
267.5    0.0700459156643
267.625    0.0611178698271
267.75    0.0612405078194
267.875    0.0615838941977
268.0    0.0475639189216
268.125    0.0475933520397
268.25    0.0478190059455
268.375    0.0477895728273
268.5    0.0588613307694
268.625    0.0589447246041
268.75    0.0589741577223
268.875    0.0589741577223
269.0    0.0586552989424
269.125    0.0577526833193
269.25    0.0583413456822
269.375    0.058027392422
269.5    0.0627072582069
269.625    0.0621872731197
269.75    0.0619861468124
269.875    0.0622216117576
270.0    0.0593028275416
270.125    0.0591262288327
270.25    0.0591262288327
270.375    0.0589005749269
270.5    0.0490061417107
270.625    0.0549123874183
270.75    0.055599160175
270.875    0.0557610423248
271.0    0.060946176638
271.125    0.0613091850951
271.25    0.0492465121755
271.375    0.0584639836744
271.5    0.061642760434
271.625    0.061642760434
271.75    0.0611963581422
271.875    0.0611963581422
272.0    0.0557561368051
272.125    0.0556776484901
272.25    0.0556776484901
272.375    0.042481800522
272.5    0.0515570119498
272.625    0.0515570119498
272.75    0.0515913505877
272.875    0.0510664599808
273.0    0.0571493043973
273.125    0.0505121362557
273.25    0.047794478347
273.375    0.047794478347
273.5    0.0585669995879
273.625    0.0582726684065
273.75    0.0582873849656
273.875    0.0578115495556
274.0    0.0625699036556
274.125    0.0642672134686
274.25    0.0620302964896
274.375    0.0622314227969
274.5    0.0607156172125
274.625    0.0597492298334
274.75    0.0597492298334
274.875    0.0597835684712
275.0    0.0525577379668
275.125    0.0566587524282
275.25    0.0566244137904
275.375    0.0565115868375
275.5    0.0593665992975
275.625    0.0593665992975
275.75    0.059533386967
275.875    0.0599013009438
276.0    0.0589005749269
276.125    0.0589005749269
276.25    0.0591801895493
276.375    0.0590232129192
276.5    0.0604409081098
276.625    0.0604801522673
276.75    0.0604409081098
276.875    0.0613925789298
277.0    0.0586798265408
277.125    0.0588613307694
277.25    0.0587926534937
277.375    0.0588024645331
277.5    0.0585277554304
277.625    0.0585277554304
277.75    0.0585277554304
277.875    0.0587386927771
278.0    0.0597639463925
278.125    0.0597639463925
278.25    0.0597050801562
278.375    0.0587337872574
278.5    0.0588269921316
278.625    0.05885151973
278.75    0.0593715048172
278.875    0.0593077330612
279.0    0.0582775739262
279.125    0.0582775739262
279.25    0.0582530463277
279.375    0.0582530463277
279.5    0.0639483546887
279.625    0.0639483546887
279.75    0.0595235759276
279.875    0.0594941428095
280.0    0.0577624943587
280.125    0.0599748837392
280.25    0.0594990483292
280.375    0.0565802641132
280.5    0.0591703785099
280.625    0.0594009379354
280.75    0.0594009379354
280.875    0.0588711418088
281.0    0.0652875615643
281.125    0.0653415222809
281.25    0.0653268057218
281.375    0.0642475913898
281.5    0.0608137276063
281.625    0.0619518081746
281.75    0.0617653984263
281.875    0.0620302964896
282.0    0.0626974471676
282.125    0.062721974766
282.25    0.0623491552695
282.375    0.0626336754116
282.5    0.0486529442929
282.625    0.0486480387732
282.75    0.0488197319624
282.875    0.0487216215686
283.0    0.0657535859349
283.125    0.0641445754763
283.25    0.0620204854502
283.375    0.0623491552695
283.5    0.0580028648235
283.625    0.0580028648235
283.75    0.0580028648235
283.875    0.0582775739262
284.0    0.0583021015246
284.125    0.0584443615957
284.25    0.0427810372231
284.375    0.0578213605949
284.5    0.0609069324804
284.625    0.0609069324804
284.75    0.0611963581422
284.875    0.0614318230873
285.0    0.065022663501
285.125    0.0536467633381
285.25    0.0528128249907
285.375    0.0528128249907
285.5    0.0631732825776
285.625    0.0631781880973
285.75    0.0631781880973
285.875    0.0543335360948
286.0    0.0606861840944
286.125    0.0606076957793
286.25    0.0606076957793
286.375    0.0601956321253
286.5    0.0583021015246
286.625    0.058105880737
286.75    0.0583904008791
286.875    0.0586945430999
287.0    0.0599650726998
287.125    0.0589741577223
287.25    0.059121323313
287.375    0.0590281184389
287.5    0.0588171810922
287.625    0.0588171810922
287.75    0.0588171810922
287.875    0.0594401820929
288.0    0.061564272119
288.125    0.0614416341267
288.25    0.0609854207955
288.375    0.0603967584326
288.5    0.0577036281224
288.625    0.0578900378706
288.75    0.058027392422
288.875    0.058027392422
289.0    0.0503208209878
289.125    0.0503208209878
289.25    0.0501442222789
289.375    0.0506691128858
289.5    0.0593322606597
289.625    0.0594401820929
289.75    0.0592341502659
289.875    0.0585081333517
290.0    0.0399211192434
290.125    0.0465190432274
290.25    0.0597933795106
290.375    0.0597541353531
290.5    0.0630947942625
290.625    0.0632419598532
290.75    0.0635264799953
290.875    0.0633842199243
291.0    0.0589251025254
291.125    0.0589251025254
291.25    0.0550889861272
291.375    0.0551969075604
291.5    0.0617114377097
291.625    0.0616869101112
291.75    0.0616869101112
291.875    0.0619419971352
292.0    0.0593126385809
292.125    0.0593126385809
292.25    0.0594156544944
292.375    0.0596314973608
292.5    0.0518758707297
292.625    0.0517385161784
292.75    0.051252869729
292.875    0.051252869729
293.0    0.0629132900339
293.125    0.0629132900339
293.25    0.0474854306065
293.375    0.0637325118223
293.5    0.0532984714401
293.625    0.0534603535899
293.75    0.0533131879991
293.875    0.0531856444872
294.0    0.0553538841905
294.125    0.0531807389675
294.25    0.0619370916155
294.375    0.0619419971352
294.5    0.0558395306399
294.625    0.0558934913565
294.75    0.0550497419697
294.875    0.0566930910661
295.0    0.0535388419049
295.125    0.0532101720856
295.25    0.0538184565273
295.375    0.0537497792516
295.5    0.0611718305437
295.625    0.0611718305437
295.75    0.0608235386457
295.875    0.0612405078194
296.0    0.0555157663403
296.125    0.0560799011047
296.25    0.0561436728607
296.375    0.0562074446167
296.5    0.0600877106921
296.625    0.0601318603693
296.75    0.0601661990071
296.875    0.0603575142751
297.0    0.0626336754116
297.125    0.0617408708279
297.25    0.0618880364186
297.375    0.0623197221514
297.5    0.0553587897102
297.625    0.0554176559465
297.75    0.0552704903558
297.875    0.054711261111
298.0    0.0534750701489
298.125    0.0533720542354
298.25    0.0531365892903
298.375    0.0541961815435
298.5    0.0538920393226
298.625    0.0538920393226
298.75    0.0533426211173
298.875    0.054171653945
299.0    0.0563938543649
299.125    0.0563938543649
299.25    0.0563938543649
299.375    0.0563938543649
300.0    0.0588171810922
300.125    0.0588171810922
300.25    0.0592782999431
300.375    0.0537448737319
300.5    0.055584443616
300.625    0.055584443616
300.75    0.0569236504915
300.875    0.0569236504915
301.0    0.0661411219905
301.125    0.06551321547
301.25    0.0651502070129
301.375    0.0643898514609
301.5    0.0568304456174
301.625    0.0568304456174
301.75    0.056281027412
301.875    0.0570413829641
302.0    0.0596805525577
302.125    0.0605831681808
302.25    0.0607695779291
302.375    0.0608922159213
302.5    0.0558444361596
302.625    0.0553587897102
302.75    0.0553587897102
302.875    0.0553587897102
303.0    0.0532396052038
303.125    0.0512626807684
303.25    0.0515472009105
303.375    0.0540392049134
303.5    0.0599552616604
303.625    0.0594450876126
303.75    0.0594745207307
303.875    0.0603526087554
304.0    0.0553636952299
304.125    0.0553636952299
304.25    0.0550938916469
304.375    0.0552410572376
304.5    0.0554421835449
304.625    0.0565066813178
304.75    0.0567078076251
304.875    0.064958891745
305.0    0.0609020269607
305.125    0.060946176638
305.25    0.0608971214411
305.375    0.0608971214411
305.5    0.0605880737005
305.625    0.0606567509762
305.75    0.0602643094009
305.875    0.060215254204
306.0    0.0596952691168
306.125    0.0599994113376
306.25    0.0602888369994
306.375    0.0597050801562
306.5    0.0554912387418
306.625    0.0552312461982
306.75    0.0555550104978
306.875    0.0552312461982
307.0    0.0633596923258
307.125    0.0636834566254
307.25    0.0635657241528
307.375    0.0631389439397
307.5    0.0563497046877
307.625    0.0563497046877
307.75    0.0562515942939
307.875    0.0562564998136
308.0    0.0561927280576
308.125    0.055662931931
308.25    0.0555059553009
308.375    0.0600631830936
308.5    0.0576055177285
308.625    0.0622363283166
308.75    0.061372956851
308.875    0.0622167062379
309.0    0.0611571139846
309.125    0.061436728607
309.25    0.0616084217962
309.375    0.0612846574966
309.5    0.0587288817377
309.625    0.0587288817377
309.75    0.0590183073995
309.875    0.0594990483292
310.0    0.0620155799305
310.125    0.0613484292526
310.25    0.0613484292526
310.375    0.0612846574966
310.5    0.0624963208602
310.625    0.0623834939073
310.75    0.0623442497498
310.875    0.0624619822224
311.0    0.0551331358044
311.125    0.0549320094971
311.25    0.050507230736
311.375    0.0592341502659
311.5    0.0598424347075
311.625    0.0598424347075
311.75    0.0600484665345
311.875    0.0591605674705
312.0    0.0628593293173
312.125    0.0629427231521
312.25    0.0625600926162
312.375    0.0625600926162
312.5    0.0489080313168
312.625    0.0476718403548
312.75    0.0476571237957
312.875    0.0476571237957
313.0    0.0587828424543
313.125    0.0588662362891
313.25    0.0588466142103
313.375    0.0553636952299
313.5    0.0510223103036
313.625    0.0510174047839
313.75    0.049889135255
313.875    0.0526509428409
314.0    0.0623982104664
314.125    0.0623982104664
314.25    0.0623148166317
314.375    0.0620695406471
314.5    0.0551723799619
314.625    0.055250868277
314.75    0.055250868277
314.875    0.0557365147264
315.0    0.0585719051076
315.125    0.0585719051076
315.25    0.0588318976512
315.375    0.0584885112729
315.5    0.0594794262504
315.625    0.0594794262504
315.75    0.059391126896
315.875    0.0582432352883
316.0    0.056408570924
316.125    0.0563349881287
316.25    0.065022663501
316.375    0.0651060573357
316.5    0.0639777878068
316.625    0.0636785511057
316.75    0.0636785511057
316.875    0.0504042148225
317.0    0.0524154778957
317.125    0.0532592272825
