0.0    0.102102179497
0.125    0.103029990636
0.25    0.100396896987
0.375    0.100418374097
0.5    0.100972483527
0.625    0.100560123021
0.75    0.100641736038
0.875    0.109765212237
1.0    0.10611839901
1.125    0.106711167238
1.25    0.10855390325
1.375    0.105839196584
1.5    0.109026399663
1.625    0.104490434095
1.75    0.104430298188
1.875    0.103927733821
2.0    0.10771200055
2.125    0.10361416802
2.25    0.104670841817
2.375    0.104490434095
2.5    0.101595319708
2.625    0.101973316839
2.75    0.102591857598
2.875    0.104980112196
3.0    0.102570380488
3.125    0.10164256935
3.25    0.102136542873
3.375    0.106835734474
3.5    0.105620130065
3.625    0.105907923335
3.75    0.107235208715
3.875    0.106719758082
4.0    0.105439722344
4.125    0.106165648652
4.25    0.105413949812
4.375    0.106234375403
4.5    0.109004922554
4.625    0.109361442574
4.75    0.105444017766
4.875    0.0971968076424
5.0    0.110431002637
5.125    0.0956977053856
5.25    0.103657122239
5.375    0.0949803699217
5.5    0.101298935594
5.625    0.105388177281
5.75    0.106165648652
5.875    0.104460366142
6.0    0.103077240277
6.125    0.101251685953
6.25    0.104060891901
6.375    0.109782393925
6.5    0.106384715171
6.625    0.104292844686
6.75    0.104468956986
6.875    0.103979278885
7.0    0.105955172977
7.125    0.105285087154
7.25    0.105946582133
7.375    0.106247261669
7.5    0.101848749603
7.625    0.106462032765
7.75    0.103463828252
7.875    0.108317655043
8.0    0.106792780255
8.125    0.105916514179
8.25    0.106187125761
8.375    0.107368366795
8.5    0.111229951118
8.625    0.10611839901
8.75    0.106079740213
8.875    0.106092626479
9.0    0.105023066416
9.125    0.103987869728
9.25    0.104438889032
9.375    0.105018770994
9.5    0.0984553662706
9.625    0.106483509875
9.75    0.103923438399
9.875    0.109331374621
10.0    0.105439722344
10.125    0.109382919684
10.25    0.104387343969
10.375    0.104507615783
10.5    0.107243799558
10.625    0.0976220544144
10.75    0.106633849643
10.875    0.106444851078
11.0    0.102428631564
11.125    0.101822977071
11.25    0.107200845339
11.375    0.10698177882
11.5    0.110882021941
11.625    0.106492100719
11.75    0.0992242467977
11.875    0.0997268111647
12.0    0.105108974855
12.125    0.104954339665
12.25    0.10545260861
12.375    0.104219822513
12.5    0.110486843123
12.625    0.10669398555
12.75    0.0948987569049
12.875    0.117007293626
13.0    0.0988763176207
13.125    0.106419078546
13.25    0.108218860339
13.375    0.105684561394
13.5    0.105680265973
13.625    0.0972698298154
13.75    0.105568585002
13.875    0.105345223061
14.0    0.10516481534
14.125    0.104915680867
14.25    0.105173406184
14.375    0.105104679433
14.5    0.104451775298
14.625    0.102200974202
14.75    0.103081535699
14.875    0.105989536352
15.0    0.105469790297
15.125    0.105340927639
15.25    0.103515373315
15.375    0.104357276015
15.5    0.105710333926
15.625    0.105237837513
15.75    0.105418245234
15.875    0.105933695867
16.0    0.108867469051
16.125    0.0978883705746
16.25    0.107394139326
16.375    0.103287715952
16.5    0.103867597914
16.625    0.105770469833
16.75    0.108240337448
16.875    0.10702473304
17.0    0.103695781037
17.125    0.10470090977
17.25    0.104846954116
17.375    0.104078073589
17.5    0.104430298188
17.625    0.104675137239
17.75    0.104799704475
17.875    0.104791113631
18.0    0.103751621522
18.125    0.103609872598
18.25    0.110233413228
18.375    0.112870802299
18.5    0.105091793167
18.625    0.105731811036
18.75    0.104735273146
18.875    0.105362404749
19.0    0.100096217451
19.125    0.104481843251
19.25    0.104529092893
19.375    0.104009346838
19.5    0.10399216515
19.625    0.105340927639
19.75    0.109211102807
19.875    0.100723349055
20.0    0.104752454834
20.125    0.104997293884
20.25    0.104859840382
20.375    0.0983823440977
20.5    0.106934529179
20.625    0.106728348926
20.75    0.107179368229
20.875    0.107007551352
21.0    0.0970808312501
21.125    0.0955559564616
21.25    0.0997354020085
21.375    0.0943618291625
21.5    0.104529092893
21.625    0.103313488484
21.75    0.102845287493
21.875    0.101380548611
22.0    0.100796371228
22.125    0.101685523569
22.25    0.110018642131
22.375    0.110091664304
22.5    0.106144171542
22.625    0.106079740213
22.75    0.106414783124
22.875    0.104541979159
23.0    0.106410487702
23.125    0.106702576394
23.25    0.106062558525
23.375    0.107480047765
23.5    0.105804833209
23.625    0.10598524093
23.75    0.0985498655533
23.875    0.105504153673
24.0    0.102703538569
24.125    0.102759379054
24.25    0.109236875338
24.375    0.0999974227468
24.5    0.101664046459
24.625    0.101397730299
24.75    0.0997568791182
24.875    0.11163372078
25.0    0.0958652268412
25.125    0.0991769971564
25.25    0.0994089499412
25.375    0.100663213147
25.5    0.102686356881
25.625    0.102776560742
25.75    0.109541850296
25.875    0.0994819721141
26.0    0.103188921248
26.125    0.110130323102
26.25    0.110710205063
26.375    0.112875097721
26.5    0.100066149498
26.625    0.100633145194
26.75    0.101582433442
26.875    0.101015437746
27.0    0.10232983686
27.125    0.102398563611
27.25    0.10328342053
27.375    0.103021399792
27.5    0.107505820297
27.625    0.107961135022
27.75    0.101878817556
27.875    0.101947544307
28.0    0.107372662217
28.125    0.107810795254
28.25    0.102338427704
28.375    0.10215372456
28.5    0.104473252408
28.625    0.0997482882743
28.75    0.107548774516
28.875    0.0999716502152
29.0    0.0932664965679
29.125    0.0964880630224
29.25    0.097583395617
29.375    0.099134042937
29.5    0.109894074895
29.625    0.110375162152
29.75    0.10317173956
29.875    0.102858173758
30.0    0.102578971332
30.125    0.0988161817135
30.25    0.0990696116079
30.375    0.0997311065866
30.5    0.0987560458064
30.625    0.0986100014604
30.75    0.102411449877
30.875    0.102188087936
31.0    0.0994132453631
31.125    0.101676932725
31.25    0.100985369793
31.375    0.112170648523
31.5    0.0976607132119
31.625    0.101719886944
31.75    0.0999072188861
31.875    0.0999415822616
32.0    0.1000274907
32.125    0.0997096294769
32.25    0.100220784688
32.375    0.0991469292029
32.5    0.101595319708
32.625    0.101814386227
32.75    0.102119361185
32.875    0.102200974202
33.0    0.103145967028
33.125    0.104129618652
33.25    0.10483406785
33.375    0.104181163716
33.5    0.0996838569453
33.625    0.105568585002
33.75    0.105246428357
33.875    0.0996580844136
34.0    0.101264572219
34.125    0.10215372456
34.25    0.102076406965
34.375    0.10259615302
34.5    0.103549736691
34.625    0.109314192933
34.75    0.109223989072
34.875    0.113214436054
35.0    0.105663084285
35.125    0.10359269091
35.25    0.103618463442
35.375    0.103253352577
35.5    0.112196421054
35.625    0.0994046545192
35.75    0.102007680214
35.875    0.10228688264
36.0    0.102621925552
36.125    0.10186593129
36.25    0.102252519265
36.375    0.102467290362
36.5    0.10277226532
36.625    0.103236170889
36.75    0.104181163716
36.875    0.104799704475
37.0    0.107338298841
37.125    0.107303935466
37.25    0.105761878989
37.375    0.104851249538
37.5    0.10306005859
37.625    0.100289511439
37.75    0.105456904032
37.875    0.105053134369
38.0    0.10556428958
38.125    0.101268867641
38.25    0.103158853294
38.375    0.105203474137
38.5    0.103407987767
38.625    0.102488767472
38.75    0.102523130847
38.875    0.106358942639
39.0    0.10317173956
39.125    0.112162057679
39.25    0.108016975507
39.375    0.10724809498
39.5    0.102377086501
39.625    0.103154557872
39.75    0.10328342053
39.875    0.103279125108
40.0    0.101316117282
40.125    0.103932029243
40.25    0.104541979159
40.375    0.106706871816
40.5    0.111685265844
40.625    0.112200716476
40.75    0.112492805168
40.875    0.108463699389
41.0    0.103206102935
41.125    0.102514540003
41.25    0.104271367576
41.375    0.101075573654
41.5    0.104846954116
41.625    0.105199178715
41.75    0.104159686606
41.875    0.104056596479
42.0    0.101797204539
42.125    0.10472238688
42.25    0.104692318926
42.375    0.0986314785701
42.5    0.102265405531
42.625    0.101187254624
42.75    0.1018874084
42.875    0.102059225278
43.0    0.102497358316
43.125    0.10418975456
43.25    0.0958867039509
43.375    0.104017937682
43.5    0.106182830339
43.625    0.107218027027
43.75    0.0979098476843
43.875    0.0976306452583
44.0    0.0999544685274
44.125    0.0995764713968
44.25    0.103841825383
44.375    0.103541145847
44.5    0.108394972638
44.625    0.101934658041
44.75    0.101758545742
44.875    0.101767136586
45.0    0.101956135151
45.125    0.100968188105
45.25    0.10190888551
45.375    0.0992242467977
45.5    0.109902665739
45.625    0.103085831121
45.75    0.103145967028
45.875    0.103270534265
46.0    0.103657122239
46.125    0.103974983463
46.25    0.103794575741
46.375    0.105680265973
46.5    0.101393434877
46.625    0.102192383358
46.75    0.10075771243
46.875    0.101822977071
47.0    0.0982706631272
47.125    0.0920337104714
47.25    0.0950190287192
47.375    0.105066020635
47.5    0.102377086501
47.625    0.103214693779
47.75    0.110224822384
47.875    0.110693023376
48.0    0.107931067069
48.125    0.10899633171
48.25    0.108764378925
48.375    0.10797831671
48.5    0.0974330558491
48.625    0.0984639571145
48.75    0.100762007852
48.875    0.0985155021778
49.0    0.107716295972
49.125    0.109803871034
49.25    0.107694818862
49.375    0.105727515614
49.5    0.108579675782
49.625    0.10924117076
49.75    0.109494600655
49.875    0.103107308231
50.0    0.104541979159
50.125    0.104103846121
50.25    0.102115065763
50.375    0.111268609916
50.5    0.10870853844
50.625    0.113330412446
50.75    0.107849454052
50.875    0.108248928292
51.0    0.110529797342
51.125    0.1098167573
51.25    0.109915552005
51.375    0.11364827367
51.5    0.101655455615
51.625    0.103395101501
51.75    0.104009346838
51.875    0.101535183801
52.0    0.103987869728
52.125    0.0986959098992
52.25    0.11254005481
52.375    0.10456775169
52.5    0.110190459009
52.625    0.106195716605
52.75    0.108102883946
52.875    0.108034157195
53.0    0.10755736536
53.125    0.108021270929
53.25    0.10784515863
53.375    0.108523835296
53.5    0.110744568439
53.625    0.105139042808
53.75    0.103270534265
53.875    0.103554032113
54.0    0.107858044896
54.125    0.101711296101
54.25    0.105422540656
54.375    0.105190587871
54.5    0.103979278885
54.625    0.10771200055
54.75    0.119356889427
54.875    0.111113974726
55.0    0.111380290886
55.125    0.113850158501
55.25    0.110796113502
55.375    0.11573155331
55.5    0.109619167891
55.625    0.109846825254
55.75    0.110431002637
55.875    0.109675008376
56.0    0.112411192151
56.125    0.111290087025
56.25    0.109357147153
56.375    0.11107961135
56.5    0.11451165348
56.625    0.114692061201
56.75    0.108871764473
56.875    0.109370033418
57.0    0.100942415573
57.125    0.10120014089
57.25    0.112789189282
57.375    0.111672379578
57.5    0.106268738778
57.625    0.108742901815
57.75    0.107965430444
57.875    0.109524668608
58.0    0.110723091329
58.125    0.105370995593
58.25    0.112441260105
58.375    0.11125572365
58.5    0.106818552786
58.625    0.106732644348
58.75    0.107548774516
58.875    0.109318488355
59.0    0.108803037722
59.125    0.109464532701
59.25    0.107626092111
59.375    0.107681932596
59.5    0.10968359922
59.625    0.110396639262
59.75    0.111045247975
59.875    0.102767969898
60.0    0.106376124327
60.125    0.115284829429
60.25    0.114971263627
60.375    0.119580251368
60.5    0.107110641478
60.625    0.106917347491
60.75    0.107600319579
60.875    0.112063262974
61.0    0.106530759517
61.125    0.106767007723
61.25    0.107054800993
61.375    0.10625155709
61.5    0.100169239624
61.625    0.102544607957
61.75    0.103837529961
61.875    0.10401364226
62.0    0.116951453141
62.125    0.121951324279
62.25    0.12479059818
62.375    0.119524410883
62.5    0.109726553439
62.625    0.110379457574
62.75    0.109370033418
62.875    0.109632054157
63.0    0.109924142849
63.125    0.109778098503
63.25    0.110667250844
63.375    0.110057300929
63.5    0.107952544178
63.625    0.109133785212
63.75    0.10866558422
63.875    0.109765212237
64.0    0.108450813123
64.125    0.108704243018
64.25    0.108949082068
64.375    0.108983445444
64.5    0.109112308102
64.625    0.108760083503
64.75    0.108270405402
64.875    0.10870853844
65.0    0.111260019072
65.125    0.107192254495
65.25    0.10771200055
65.375    0.109537554874
65.5    0.114692061201
65.625    0.115271943163
65.75    0.115615576918
65.875    0.111702447531
66.0    0.103558327535
66.125    0.108004089242
66.25    0.109911256583
66.375    0.11023770865
66.5    0.11094645327
66.625    0.110620001203
66.75    0.110860544831
66.875    0.110267776604
67.0    0.116745272888
67.125    0.105289382576
67.25    0.120276109722
67.375    0.116234117677
67.5    0.115791689218
67.625    0.119283867254
67.75    0.103111603653
67.875    0.104172572872
68.0    0.108605448313
68.125    0.105667379707
68.25    0.106887279537
68.375    0.114503062636
68.5    0.106938824601
68.625    0.104421707344
68.75    0.115615576918
68.875    0.104692318926
69.0    0.110431002637
69.125    0.11079181808
69.25    0.110770340971
69.375    0.111238541962
69.5    0.105332336795
69.625    0.104447479876
69.75    0.104271367576
69.875    0.104520502049
70.0    0.108352018419
70.125    0.104872726648
70.25    0.10485554496
70.375    0.105594357534
70.5    0.109318488355
70.625    0.101277458485
70.75    0.101436389096
70.875    0.109722258017
71.0    0.108983445444
71.125    0.109357147153
71.25    0.109610577047
71.375    0.110512615654
71.5    0.11081329519
71.625    0.108897537005
71.75    0.113283162805
71.875    0.101758545742
72.0    0.0991684063125
72.125    0.100495691692
72.25    0.102432926986
72.375    0.110499729388
72.5    0.104009346838
72.625    0.1045892288
72.75    0.105418245234
72.875    0.105216360403
73.0    0.101329003548
73.125    0.101329003548
73.25    0.101840158759
73.375    0.102634811818
73.5    0.0997354020085
73.625    0.0991469292029
73.75    0.107840863208
73.875    0.107806499832
74.0    0.10259615302
74.125    0.102420040721
74.25    0.102896832556
74.375    0.103794575741
74.5    0.0978497117772
74.625    0.0971796259547
74.75    0.107127823166
74.875    0.0978368255114
75.0    0.105766174411
75.125    0.105783356099
75.25    0.105568585002
75.375    0.106157057808
75.5    0.103356442703
75.625    0.103309193062
75.75    0.103249057155
75.875    0.102299768906
76.0    0.10456775169
76.125    0.106620963377
76.25    0.104864135804
76.375    0.104636478441
76.5    0.103309193062
76.625    0.103077240277
76.75    0.102999922682
76.875    0.108631220845
77.0    0.10702473304
77.125    0.109215398229
77.25    0.104237004201
77.375    0.104499024939
77.5    0.104619296754
77.625    0.104718091458
77.75    0.104554865424
77.875    0.104486138673
78.0    0.0991641108906
78.125    0.0973428519883
78.25    0.10064603146
78.375    0.0977423262287
78.5    0.102480176628
78.625    0.103433760298
78.75    0.100117694561
78.875    0.0998513784009
79.0    0.102866764602
79.125    0.101788613696
79.25    0.102029157324
79.375    0.101230208843
79.5    0.104593524222
79.625    0.1044131165
79.75    0.101251685953
79.875    0.102454404096
80.0    0.0995163354896
80.125    0.100658917725
80.25    0.0985455701313
80.375    0.0996451981478
80.5    0.100899461354
80.625    0.099705334055
80.75    0.0997654699621
80.875    0.102166610826
81.0    0.104499024939
81.125    0.104675137239
81.25    0.104696614348
81.375    0.102823810383
81.5    0.101651160193
81.625    0.102140838295
81.75    0.0978368255114
81.875    0.0975017826001
82.0    0.102802333273
82.125    0.102935491353
82.25    0.0946453270105
82.375    0.100744826164
82.5    0.0993359277682
82.625    0.10049139627
82.75    0.100143467093
82.875    0.0996280164601
83.0    0.101913180932
83.125    0.101969021417
83.25    0.102866764602
83.375    0.10232983686
83.5    0.102510244581
83.625    0.101741364054
83.75    0.105061725213
83.875    0.106328874685
84.0    0.102858173758
84.125    0.105091793167
84.25    0.103322079328
84.375    0.101140004983
84.5    0.0974760100685
84.625    0.0974631238027
84.75    0.0982320043298
84.875    0.0915053735728
85.0    0.0990438390763
85.125    0.0992500193294
85.25    0.0991641108906
85.375    0.0992027696881
85.5    0.0992843827049
85.625    0.105517039939
85.75    0.100658917725
85.875    0.0996967432111
86.0    0.0999458776836
86.125    0.100680394835
86.25    0.099134042937
86.375    0.0998814463545
86.5    0.103833234539
86.625    0.103987869728
86.75    0.103841825383
86.875    0.098850545089
87.0    0.108923309537
87.125    0.107106346056
87.25    0.0906806525605
87.375    0.0946625086982
87.5    0.0970335816087
87.625    0.096092884204
87.75    0.0969691502796
87.875    0.0969133097944
88.0    0.104073778167
88.125    0.102411449877
88.25    0.102299768906
88.375    0.102458699518
88.5    0.095878113107
88.625    0.0965696760393
88.75    0.0987345686967
88.875    0.0967114249633
89.0    0.101638273928
89.125    0.101711296101
89.25    0.108107179368
89.375    0.100246557219
89.5    0.100341056502
89.625    0.101097050763
89.75    0.101101346185
89.875    0.100066149498
90.0    0.0991512246248
90.125    0.0992672010171
90.25    0.099134042937
90.375    0.0994003590973
90.5    0.0980301194986
90.625    0.0998685600887
90.75    0.0999673547933
90.875    0.100134876249
91.0    0.0946324407447
91.125    0.103584100066
91.25    0.100083331186
91.375    0.101097050763
91.5    0.10117866378
91.625    0.100482805426
91.75    0.100731939898
91.875    0.101247390531
92.0    0.1037473261
92.125    0.102737901944
92.25    0.101943248885
92.375    0.102664879771
92.5    0.100272329751
92.625    0.0999630593713
92.75    0.100762007852
92.875    0.100298102283
93.0    0.0954958205544
93.125    0.0954958205544
93.25    0.100006013591
93.375    0.10022508011
93.5    0.0934683813991
93.625    0.0920423013153
93.75    0.100929529308
93.875    0.0940053091415
94.0    0.0997525836963
94.125    0.0997311065866
94.25    0.100568713865
94.375    0.0972612389715
94.5    0.102669175193
94.625    0.0947097583395
94.75    0.0957535458708
94.875    0.0933266324751
95.0    0.102007680214
95.125    0.106762712301
95.25    0.100697576523
95.375    0.100173535046
95.5    0.100719053633
95.625    0.101427798253
95.75    0.10135477608
95.875    0.101165777514
96.0    0.0930044758297
96.125    0.0972311710179
96.25    0.0981675730007
96.375    0.101917476354
96.5    0.101049801122
96.625    0.10186593129
96.75    0.100877984244
96.875    0.0986100014604
97.0    0.100706167367
97.125    0.100955301839
97.25    0.10117866378
97.375    0.10115718667
97.5    0.09920706511
97.625    0.09920706511
97.75    0.0992886781269
97.875    0.0993316323462
98.0    0.0974974871782
98.125    0.0988591359329
98.25    0.0964279271153
98.375    0.0990266573885
98.5    0.102149429138
98.625    0.101741364054
98.75    0.102815219539
98.875    0.103502487049
99.0    0.0923300945852
99.125    0.0904572906197
99.25    0.0920938463785
99.375    0.100074740342
99.5    0.0951779593309
99.625    0.0952123227065
99.75    0.102084997809
99.875    0.102127952029
100.0    0.107192254495
100.125    0.107750659347
100.25    0.103566918378
100.375    0.103476714518
100.5    0.096801628824
100.625    0.0968961281067
100.75    0.0971194900475
100.875    0.0983179127686
101.0    0.100439851207
101.125    0.0966469936342
101.25    0.0971796259547
101.375    0.0972053984863
101.5    0.100109103717
101.625    0.0993144506585
101.75    0.102003384792
101.875    0.1018874084
102.0    0.0920423013153
102.125    0.0931719972853
102.25    0.0934554951333
102.375    0.0912777162101
102.5    0.103936324665
102.625    0.106208602871
102.75    0.10611839901
102.875    0.104095255277
103.0    0.0996666752575
103.125    0.0998900371983
103.25    0.0973170794567
103.375    0.100121989983
103.5    0.0986443648359
103.625    0.102647698083
103.75    0.100087626608
103.875    0.100143467093
104.0    0.0973213748786
104.125    0.0973213748786
104.25    0.0975447368195
104.375    0.0975447368195
104.5    0.0992972689707
104.625    0.0999587639494
104.75    0.103339261016
104.875    0.0993230415024
105.0    0.100873688822
105.125    0.100899461354
105.25    0.10062455435
105.375    0.0987775229161
105.5    0.0995034492238
105.625    0.0997525836963
105.75    0.0986486602579
105.875    0.0992414284855
106.0    0.0889495975189
106.125    0.0892116182573
106.25    0.0893920259787
106.375    0.0894865252614
106.5    0.0988677267768
106.625    0.0988118862916
106.75    0.0991512246248
106.875    0.0996366073039
107.0    0.0978024621359
107.125    0.0979613927476
107.25    0.0990524299202
107.375    0.097652122368
107.5    0.0990696116079
107.625    0.0993531094559
107.75    0.0993960636753
107.875    0.0994862675361
108.0    0.0964579950689
108.125    0.0963806774739
108.25    0.0965696760393
108.375    0.0966985386975
108.5    0.10148793416
108.625    0.101543774645
108.75    0.101664046459
108.875    0.102115065763
109.0    0.101603910552
109.125    0.101625387662
109.25    0.0990266573885
109.375    0.10091234762
109.5    0.0985584563972
109.625    0.100255148063
109.75    0.0982921402369
109.875    0.0984725479584
110.0    0.102342723126
110.125    0.101303231016
110.25    0.101088459919
110.375    0.100835030025
110.5    0.102587562176
110.625    0.101934658041
110.75    0.103188921248
110.875    0.100813552915
111.0    0.101633978506
111.125    0.101651160193
111.25    0.0999673547933
111.375    0.0999673547933
111.5    0.0914108742902
111.625    0.0914710101973
111.75    0.0917888714208
111.875    0.0918876661254
112.0    0.0983651624099
112.125    0.100590190974
112.25    0.102892537134
112.375    0.0982448905956
112.5    0.0971023083597
112.625    0.0971366717353
112.75    0.0972655343934
112.875    0.0969906273893
113.0    0.0937218112935
113.125    0.102222451311
113.25    0.102299768906
113.375    0.0938077197323
113.5    0.0926479558087
113.625    0.0927510459352
113.75    0.0936788570741
113.875    0.0999587639494
114.0    0.0908224014845
114.125    0.0908138106406
114.25    0.0908138106406
114.375    0.0908782419697
114.5    0.100847916291
114.625    0.100963892683
114.75    0.100955301839
114.875    0.10146645705
115.0    0.100233670953
115.125    0.0956547511662
115.25    0.100057558654
115.375    0.0910801268009
115.5    0.0934855630869
115.625    0.0934855630869
115.75    0.0934855630869
115.875    0.0940010137196
116.0    0.0995206309116
116.125    0.0998513784009
116.25    0.0995421080213
116.375    0.0996194256162
116.5    0.0976306452583
116.625    0.0980601874522
116.75    0.0985627518191
116.875    0.09849832049
117.0    0.0995506988651
117.125    0.099701038633
117.25    0.0994776766922
117.375    0.0994819721141
117.5    0.100091922029
117.625    0.100121989983
117.75    0.0993831774095
117.875    0.0999458776836
118.0    0.0967758562924
118.125    0.0967758562924
118.25    0.0970722404062
118.375    0.099280087283
118.5    0.103103012809
118.625    0.10120014089
118.75    0.0931848835511
118.875    0.0928154772643
119.0    0.0955731381493
119.125    0.0960971796259
119.25    0.0950834600483
119.375    0.0966255165245
120.0    0.0971796259547
120.125    0.0927037962939
120.25    0.0929658170322
120.375    0.094963188234
120.5    0.099348814034
120.625    0.0992543147513
120.75    0.0992543147513
120.875    0.0993617002998
121.0    0.0999544685274
121.125    0.100018899857
121.25    0.0999630593713
121.375    0.100100512873
121.5    0.0947570079809
121.625    0.0948300301539
121.75    0.0949803699217
121.875    0.0947355308712
122.0    0.100770598696
122.125    0.101423502831
122.25    0.10049139627
122.375    0.101058391966
122.5    0.105486971985
122.625    0.100998256059
122.75    0.0907751518432
122.875    0.0950061424534
123.0    0.0957492504489
123.125    0.0955860244152
123.25    0.0948042576222
123.375    0.0947698942467
123.5    0.097364329098
123.625    0.0973471474103
123.75    0.0972311710179
123.875    0.097222580174
124.0    0.0970894220939
124.125    0.0929486353444
124.25    0.0950576875166
124.375    0.0941427626436
124.5    0.0986744327895
124.625    0.0986744327895
124.75    0.0988591359329
124.875    0.0987904091819
125.0    0.0954915251325
125.125    0.095457161757
125.25    0.0944992826645
125.375    0.0891686640379
125.5    0.0915783957458
125.625    0.0998384921351
125.75    0.0997139248988
125.875    0.09198646083
126.0    0.10215372456
126.125    0.102024861902
126.25    0.1020635207
126.375    0.101883112978
126.5    0.0980515966083
126.625    0.0981418004691
126.75    0.0980558920303
126.875    0.0990008848569
127.0    0.101883112978
127.125    0.102192383358
127.25    0.101999089371
127.375    0.102003384792
127.5    0.10190888551
127.625    0.101921771776
127.75    0.101921771776
127.875    0.101977612261
128.0    0.0956375694784
128.125    0.0958566359974
128.25    0.0956891145417
128.375    0.0959554307019
128.5    0.0954270938034
128.625    0.0955559564616
128.75    0.0955559564616
128.875    0.0977552124945
129.0    0.0977981667139
129.125    0.0985069113339
129.25    0.0978754843088
129.375    0.0978754843088
129.5    0.0956891145417
129.625    0.0956117969468
129.75    0.0958867039509
129.875    0.0960327482969
130.0    0.0941255809558
130.125    0.0954915251325
130.25    0.0955903198371
130.375    0.0955044113983
130.5    0.0935414035721
130.625    0.0934426088675
130.75    0.09340395007
130.875    0.103803166585
131.0    0.102252519265
131.125    0.0963291324107
131.25    0.0963291324107
131.375    0.0963248369887
131.5    0.0985326838655
131.625    0.0981503913129
131.75    0.0991941788442
131.875    0.0984424800048
132.0    0.100590190974
132.125    0.10263910724
132.25    0.100414078675
132.375    0.0969304914822
132.5    0.0939065144369
132.625    0.0917845759989
132.75    0.09623892855
132.875    0.097364329098
133.0    0.0961014750479
133.125    0.0942200802385
133.25    0.0962947690352
133.375    0.0896884100925
133.5    0.104825477007
133.625    0.102944082197
133.75    0.102987036417
133.875    0.103128785341
134.0    0.0987775229161
134.125    0.0978883705746
134.25    0.0979055522624
134.375    0.0991082704054
134.5    0.0963677912081
134.625    0.0972998977689
134.75    0.0974072833174
134.875    0.0988118862916
135.0    0.0935714715256
135.125    0.0926565466526
135.25    0.0930603163149
135.375    0.0930732025807
135.5    0.0945250551962
135.625    0.0945808956814
135.75    0.0945808956814
135.875    0.0883181704939
136.0    0.0964322225372
136.125    0.0974330558491
136.25    0.0965224263979
136.375    0.0963806774739
136.5    0.0969261960602
136.625    0.0968918326847
136.75    0.0969820365454
136.875    0.0976993720093
137.0    0.0973213748786
137.125    0.094606668213
137.25    0.0975962818828
137.375    0.0973428519883
137.5    0.0972053984863
137.625    0.0970894220939
137.75    0.097158148845
137.875    0.0967543791827
138.0    0.0974287604271
138.125    0.0974502375368
138.25    0.0970335816087
138.375    0.0972913069251
138.5    0.0968102196679
138.625    0.0972741252373
138.75    0.0971323763133
138.875    0.0965138355541
139.0    0.0913335566953
139.125    0.0912991933198
139.25    0.0912218757248
139.375    0.097510373444
139.5    0.100620258928
139.625    0.0945808956814
139.75    0.100989665215
139.875    0.10102402859
140.0    0.0960842933601
140.125    0.0962432239719
140.25    0.0963420186765
140.375    0.0962045651744
140.5    0.0929915895638
140.625    0.0922527769903
140.75    0.0924074121801
140.875    0.0933524050067
141.0    0.098567047241
141.125    0.0983909349415
141.25    0.0983265036125
141.375    0.0974888963343
141.5    0.0973170794567
141.625    0.0952337998161
141.75    0.0961702017989
141.875    0.0963806774739
142.0    0.0944520330232
142.125    0.0944391467574
142.25    0.0942286710823
142.375    0.0943059886773
142.5    0.0958523405754
142.625    0.0958351588877
142.75    0.0963935637398
142.875    0.0966555844781
143.0    0.0994089499412
143.125    0.0993788819876
143.25    0.0992242467977
143.375    0.0992629055952
143.5    0.104065187323
143.625    0.106517873251
143.75    0.106453441922
143.875    0.106913052069
144.0    0.0926479558087
144.125    0.0933481095848
144.25    0.0991898834222
144.375    0.0927338642475
144.5    0.0979656881695
144.625    0.097579100195
144.75    0.098073073718
144.875    0.0976005773047
145.0    0.098781818338
145.125    0.0946710995421
145.25    0.094675394964
145.375    0.0969219006383
145.5    0.0990953841396
145.625    0.0992672010171
145.75    0.0993702911437
145.875    0.0992672010171
146.0    0.0973815107858
146.125    0.0978497117772
146.25    0.0982362997517
146.375    0.0949545973901
146.5    0.0975361459756
146.625    0.097437351271
146.75    0.0975533276634
146.875    0.0916685996065
147.0    0.0915010781509
147.125    0.0915010781509
147.25    0.0915225552606
147.375    0.0917888714208
147.5    0.0950405058289
147.625    0.0951264142677
147.75    0.0957578412927
147.875    0.0948600981074
148.0    0.0929486353444
148.125    0.0934511997113
148.25    0.0978583026211
148.375    0.0993960636753
148.5    0.101118527873
148.625    0.0927209779817
148.75    0.100010309013
148.875    0.0999072188861
149.0    0.0969734457016
149.125    0.0970507632965
149.25    0.0970507632965
149.375    0.097295602347
149.5    0.100323874814
149.625    0.100285216017
149.75    0.0986529556798
149.875    0.0988677267768
150.0    0.0971839213766
150.125    0.0975619185073
150.25    0.09736862452
150.375    0.0974459421149
150.5    0.0972741252373
150.625    0.091071535957
150.75    0.091071535957
150.875    0.0910973084886
151.0    0.0956032061029
151.125    0.0956762282759
151.25    0.0959167719045
151.375    0.0957234779172
151.5    0.0997654699621
151.625    0.0937733563568
151.75    0.0939795366099
151.875    0.093829196842
152.0    0.0978711888869
152.125    0.0978969614185
152.25    0.0979742790134
152.375    0.0978926659966
152.5    0.0988118862916
152.625    0.098923567262
152.75    0.0946453270105
152.875    0.0945594185717
153.0    0.0960284528749
153.125    0.0982019363762
153.25    0.09623892855
153.375    0.0964408133811
153.5    0.0982491860175
153.625    0.0982835493931
153.75    0.0980902554058
153.875    0.093829196842
154.0    0.0966727661658
154.125    0.0966727661658
154.25    0.0988204771355
154.375    0.0988204771355
154.5    0.0874719723718
154.625    0.0961959743305
154.75    0.0964536996469
154.875    0.096591153149
155.0    0.0968102196679
155.125    0.0968102196679
155.25    0.0968102196679
155.375    0.0970163999209
155.5    0.0974803054904
155.625    0.0974545329588
155.75    0.0976735994777
155.875    0.0976821903215
156.0    0.0979957561231
156.125    0.0976392361022
156.25    0.0938377876859
156.375    0.0938334922639
156.5    0.0975017826001
156.625    0.097720849119
156.75    0.0975705093511
156.875    0.0977036674312
157.0    0.0950877554702
157.125    0.095104937158
157.25    0.0954528663351
157.375    0.0951092325799
157.5    0.0961916789086
157.625    0.0954915251325
157.75    0.0951264142677
157.875    0.0949331202804
158.0    0.0958566359974
158.125    0.096024157453
158.25    0.09623892855
158.375    0.0962303377061
158.5    0.0936530845425
158.625    0.0936960387619
158.75    0.0937905380445
158.875    0.0937905380445
159.0    0.0959124764826
159.125    0.0958909993729
159.25    0.0959038856387
159.375    0.0962002697525
159.5    0.0943747154283
159.625    0.0945851911033
159.75    0.0945851911033
159.875    0.0945508277278
160.0    0.09807736914
160.125    0.0983050265027
160.25    0.0986271831482
160.375    0.0944305559135
160.5    0.0956977053856
160.625    0.0974459421149
160.75    0.0985498655533
160.875    0.0974244650052
161.0    0.096591153149
161.125    0.096449404225
161.25    0.0966384027903
161.375    0.0962647010816
161.5    0.0994304270508
161.625    0.0993659957218
161.75    0.0985627518191
161.875    0.098287844815
162.0    0.0958265680438
162.125    0.0970163999209
162.25    0.0971108992036
162.375    0.0974674192246
162.5    0.0971925122205
162.625    0.0905689715901
162.75    0.0916471224968
162.875    0.0987990000258
163.0    0.0954485709131
163.125    0.0962131560183
163.25    0.0960112711872
163.375    0.0968059242459
163.5    0.0911531489738
163.625    0.0921153234882
163.75    0.0913378521172
163.875    0.100495691692
164.0    0.095813681778
164.125    0.0959812032336
164.25    0.0960628162504
164.375    0.0954743434447
164.5    0.0978497117772
164.625    0.0983952303635
164.75    0.0959554307019
164.875    0.0967071295413
165.0    0.0958695222632
165.125    0.0962432239719
165.25    0.0963634957862
165.375    0.0964193362714
165.5    0.0943317612089
165.625    0.0943317612089
165.75    0.0944563284451
165.875    0.0944348513354
166.0    0.0988849084645
166.125    0.0989149764181
166.25    0.0989493397936
166.375    0.0989708169033
166.5    0.0919349157668
166.625    0.0921668685515
166.75    0.0966255165245
166.875    0.0968274013556
167.0    0.0994519041605
167.125    0.09849832049
167.25    0.0975576230853
167.375    0.0982062317981
167.5    0.0988677267768
167.625    0.0991469292029
167.75    0.0986615465237
167.875    0.100920938464
168.0    0.0962217468622
168.125    0.0986916144773
168.25    0.0995249263335
168.375    0.0987517503844
168.5    0.098992294013
168.625    0.0994261316289
168.75    0.0952595723478
168.875    0.0952595723478
169.0    0.0931848835511
169.125    0.0932278377705
169.25    0.0933867683823
169.375    0.0933910638042
169.5    0.0901308385523
169.625    0.0963720866301
169.75    0.0965481989296
169.875    0.0970206953429
170.0    0.0975232597098
170.125    0.0974760100685
170.25    0.0975619185073
170.375    0.097295602347
170.5    0.096161610955
170.625    0.0965267218199
170.75    0.0965481989296
170.875    0.0968488784653
171.0    0.101762841164
171.125    0.101359071502
171.25    0.101784318274
171.375    0.0998084241815
171.5    0.0978583026211
171.625    0.0934211317578
171.75    0.091990756252
171.875    0.0919392111887
172.0    0.100280920595
172.125    0.100431260363
172.25    0.100594486396
172.375    0.100607372662
172.5    0.0980473011864
172.625    0.0982706631272
172.75    0.0911273764422
172.875    0.0902768828982
173.0    0.0952166181284
173.125    0.0960885887821
173.25    0.0951435959554
173.375    0.0960069757652
173.5    0.0983393898783
173.625    0.0987689320722
173.75    0.0909813320962
173.875    0.0901437248181
174.0    0.0902468149446
174.125    0.0899804987844
174.25    0.0931118613781
174.375    0.0938721510614
174.5    0.0954700480228
174.625    0.0954786388667
174.75    0.095598910681
174.875    0.095525888508
175.0    0.101079869076
175.125    0.101591024286
175.25    0.0995464034432
175.375    0.0994089499412
175.5    0.0989063855743
175.625    0.100508577958
175.75    0.102810924117
175.875    0.0961744972209
176.0    0.0998556738228
176.125    0.0957191824953
176.25    0.09595113528
176.375    0.0959038856387
176.5    0.0957793184024
176.625    0.0957750229805
176.75    0.0960370437188
176.875    0.0962775873474
177.0    0.0945680094156
177.125    0.0949331202804
177.25    0.0951178234238
177.375    0.094963188234
177.5    0.100714758211
177.625    0.0967930379801
177.75    0.0969906273893
177.875    0.0954099121157
178.0    0.0970550587184
178.125    0.0949846653437
178.25    0.101281753907
178.375    0.101208731734
178.5    0.0957105916514
178.625    0.0953197082549
178.75    0.0961272475795
178.875    0.0961272475795
179.0    0.0988462496671
179.125    0.103072944855
179.25    0.102248223843
179.375    0.102660584349
180.0    0.0903413142273
180.125    0.0917416217795
180.25    0.0955344793519
180.375    0.0945293506181
180.5    0.0938334922639
180.625    0.0928927948592
180.75    0.092909976547
180.875    0.0931591110195
181.0    0.0946882812299
181.125    0.0948686889513
181.25    0.0949417111243
181.375    0.0954442754912
181.5    0.0953197082549
181.625    0.0951822547529
181.75    0.0952209135503
181.875    0.0950791646263
182.0    0.096161610955
182.125    0.0966469936342
182.25    0.096518130976
182.375    0.096518130976
182.5    0.0954528663351
182.625    0.0948429164197
182.75    0.0972011030644
182.875    0.0978196438236
183.0    0.094181421441
183.125    0.0944090788038
183.25    0.0951908455967
183.375    0.0963935637398
183.5    0.0942458527701
183.625    0.0941900122849
183.75    0.0943016932553
183.875    0.0952853448794
184.0    0.0981418004691
184.125    0.0962217468622
184.25    0.0963420186765
184.375    0.096307655301
184.5    0.0975232597098
184.625    0.0978969614185
184.75    0.0976693040557
184.875    0.0973729199419
185.0    0.0944348513354
185.125    0.0940697404706
185.25    0.0940826267364
185.375    0.0941685351752
185.5    0.0951393005335
185.625    0.0958909993729
185.75    0.0949803699217
185.875    0.0966942432755
186.0    0.0956891145417
186.125    0.0956289786346
186.25    0.0935371081501
186.375    0.0918661890157
186.5    0.0960370437188
186.625    0.0974072833174
186.75    0.0978711888869
186.875    0.0959897940775
187.0    0.0924417755556
187.125    0.0945851911033
187.25    0.0944262604916
187.375    0.0943403520528
187.5    0.0939065144369
187.625    0.093902219015
187.75    0.0944434421793
187.875    0.0944992826645
188.0    0.0934426088675
188.125    0.0934640859771
188.25    0.0937304021374
188.375    0.0937089250277
188.5    0.092841249796
188.625    0.0938635602175
188.75    0.0940826267364
188.875    0.093902219015
189.0    0.103021399792
189.125    0.103334965594
189.25    0.103309193062
189.375    0.102737901944
189.5    0.0941900122849
189.625    0.0942802161456
189.75    0.0941513534874
189.875    0.0950877554702
190.0    0.0944047833819
190.125    0.0949503019682
190.25    0.0953068219891
190.375    0.0873645868234
190.5    0.0877726519076
190.625    0.0877726519076
190.75    0.0877597656418
190.875    0.0922527769903
191.0    0.0930560208929
191.125    0.092978703298
191.25    0.0934469042894
191.375    0.09553018393
191.5    0.100560123021
191.625    0.0988075908697
191.75    0.0995807668187
191.875    0.0945164643523
192.0    0.0930388392052
192.125    0.0972612389715
192.25    0.0981761638446
192.375    0.0960413391407
192.5    0.0945250551962
192.625    0.0939279915466
192.75    0.0938206059981
192.875    0.0942716253017
193.0    0.0931032705343
193.125    0.091990756252
193.25    0.0905217219487
193.375    0.0911273764422
193.5    0.0965567897735
193.625    0.0965653806173
193.75    0.0972096939082
193.875    0.0970636495623
194.0    0.0959897940775
194.125    0.0963720866301
194.25    0.094679690386
194.375    0.0947999622003
194.5    0.0986100014604
194.625    0.0968875372628
194.75    0.0968875372628
194.875    0.0969004235286
195.0    0.0931462247537
195.125    0.0926007061674
195.25    0.0926350695429
195.375    0.0934640859771
195.5    0.0933695866945
195.625    0.0934297226016
195.75    0.0929013857031
195.875    0.0932965645215
196.0    0.097793871292
196.125    0.0976306452583
196.25    0.0996838569453
196.375    0.0990567253421
196.5    0.0928068864204
196.625    0.0847572657062
196.75    0.0931462247537
196.875    0.0995120400677
197.0    0.0971839213766
197.125    0.0973385565664
197.25    0.0978024621359
197.375    0.0979442110599
197.5    0.102639107239
197.625    0.098356571566
197.75    0.105444017766
197.875    0.106200012027
198.0    0.0900535209574
198.125    0.0873001554943
198.25    0.0880046046923
198.375    0.0897657276874
198.5    0.100237966375
198.625    0.0999501731055
198.75    0.0983995257854
198.875    0.096092884204
199.0    0.0916857812943
199.125    0.0917330309356
199.25    0.0918318256402
199.375    0.0919392111887
199.5    0.0958995902167
199.625    0.09524239066
199.75    0.0957105916514
199.875    0.0976048727266
200.0    0.0949331202804
200.125    0.0946109636349
200.25    0.101767136586
200.375    0.0873774730892
200.5    0.0956633420101
200.625    0.0961143613137
200.75    0.0962217468622
200.875    0.0881119902408
201.0    0.0882795116964
201.125    0.0888293257047
201.25    0.0929314536567
201.375    0.0927639322011
201.5    0.090504540261
201.625    0.0904014501344
201.75    0.0918790752816
201.875    0.0916041682774
202.0    0.0964107454275
202.125    0.0965009492882
202.25    0.0961358384234
202.375    0.0960155666091
202.5    0.0969304914822
202.625    0.0930817934246
202.75    0.0931677018634
202.875    0.0929701124541
203.0    0.0922398907245
203.125    0.0924288892898
203.25    0.0915955774336
203.375    0.0922570724122
203.5    0.0965353126637
203.625    0.0964966538663
203.75    0.0967586746046
203.875    0.0945422368839
204.0    0.0924374801337
204.125    0.0924031167581
204.25    0.0923945259143
204.375    0.0924976160408
204.5    0.0896282741854
204.625    0.0983436853002
204.75    0.0983093219247
204.875    0.0983436853002
205.0    0.0860802556635
205.125    0.0839368401158
205.25    0.0908224014845
205.375    0.086750341486
205.5    0.096449404225
205.625    0.0970378770307
205.75    0.0970206953429
205.875    0.0969648548577
206.0    0.0970593541403
206.125    0.0971796259547
206.25    0.0930044758297
206.375    0.0929958849858
206.5    0.0876523800933
206.625    0.0877125160004
206.75    0.087746879376
206.875    0.0880733314433
207.0    0.0896798192486
207.125    0.0896497512951
207.25    0.0886274408735
207.375    0.0885028736373
207.5    0.0997826516499
207.625    0.099847082979
207.75    0.0995335171774
207.875    0.0982491860175
208.0    0.09411269469
208.125    0.0940611496267
208.25    0.0940525587828
208.375    0.0941041038461
208.5    0.0837607278163
208.625    0.0864110031528
208.75    0.0893147083838
208.875    0.0843706777317
209.0    0.0912648299442
209.125    0.0920465967372
209.25    0.0920251196275
209.375    0.100465623738
209.5    0.0896196833415
209.625    0.0895509565905
209.75    0.0895466611685
209.875    0.0896239787634
210.0    0.0927510459352
210.125    0.0927510459352
210.25    0.0928240681082
210.375    0.0929013857031
210.5    0.0943575337405
210.625    0.0938764464833
210.75    0.0952896403014
210.875    0.0953583670524
211.0    0.0869908851146
211.125    0.0850837177736
211.25    0.0896884100925
211.375    0.089722773468
211.5    0.0894693435736
211.625    0.0919220295009
211.75    0.0932707919899
211.875    0.0933438141629
212.0    0.0945766002594
212.125    0.0944992826645
212.25    0.0941685351752
212.375    0.0945207597742
212.5    0.0901823836155
212.625    0.0895939108099
212.75    0.0900363392696
212.875    0.090641993763
213.0    0.0955130022422
213.125    0.094958892812
213.25    0.0928884994373
213.375    0.0928842040153
213.5    0.0942888069895
213.625    0.0942372619262
213.75    0.0985240930217
213.875    0.100156353359
214.0    0.092841249796
214.125    0.0931977698169
214.25    0.0926135924332
214.375    0.0926007061674
214.5    0.0995979485065
214.625    0.090925491611
214.75    0.0951650730651
214.875    0.0947698942467
215.0    0.0861232098829
215.125    0.100530055067
215.25    0.098992294013
215.375    0.0912046940371
215.5    0.0929314536567
215.625    0.0937089250277
215.75    0.092132505176
215.875    0.0914108742902
216.0    0.0919735745642
216.125    0.0925233885725
216.25    0.0920680738469
216.375    0.0926651374965
216.5    0.101105641607
216.625    0.101152891249
216.75    0.101539479223
216.875    0.0989536352156
217.0    0.0923773442265
217.125    0.092553456526
217.25    0.0904529951977
217.375    0.0850794223516
217.5    0.0888465073924
217.625    0.0969734457016
217.75    0.0966384027903
217.875    0.0927123871378
218.0    0.0870896798192
218.125    0.0871970653677
218.25    0.08717988368
218.375    0.0884685102617
218.5    0.0929228628128
218.625    0.0951564822212
218.75    0.0950490966728
218.875    0.0923000266316
219.0    0.0930903842684
219.125    0.0929056811251
219.25    0.0931848835511
219.375    0.0946023727911
219.5    0.0941041038461
219.625    0.0941986031288
219.75    0.0940611496267
219.875    0.0941771260191
220.0    0.0920680738469
220.125    0.0922098227709
220.25    0.0933609958506
220.375    0.0934340180236
220.5    0.0906033349656
220.625    0.093051725471
220.75    0.0911531489738
220.875    0.0912175803029
221.0    0.0993187460804
221.125    0.102093588653
221.25    0.102299768906
221.375    0.102102179497
221.5    0.0936359028547
221.625    0.0938850373272
221.75    0.093829196842
221.875    0.0945980773691
222.0    0.0920079379397
222.125    0.0922312998806
222.25    0.0928197726863
222.375    0.0934855630869
222.5    0.0945637139936
222.625    0.0893361854935
222.75    0.0976950765874
222.875    0.0954829342886
223.0    0.0893104129619
223.125    0.0893275946496
223.25    0.0899504308308
223.375    0.0898859995017
223.5    0.10288394629
223.625    0.088520055325
223.75    0.0867675231738
223.875    0.0890226196919
224.0    0.0944606238671
224.125    0.0904830631513
224.25    0.0905389036365
224.375    0.090431518088
224.5    0.0902811783201
224.625    0.091213284881
224.75    0.0899203628772
224.875    0.0908997190794
225.0    0.0927639322011
225.125    0.0921496868637
225.25    0.0927510459352
225.375    0.0922613678342
225.5    0.0928970902812
225.625    0.0920036425178
225.75    0.0930946796904
225.875    0.0930001804077
226.0    0.0924546618214
226.125    0.0931548155975
226.25    0.0908696511258
226.375    0.0918275302183
226.5    0.0917545080453
226.625    0.0911660352396
226.75    0.0887434172659
226.875    0.0901737927717
227.0    0.0905560853243
227.125    0.0906033349656
227.25    0.0905346082146
227.375    0.0905990395436
227.5    0.0933094507873
227.625    0.0933781775384
227.75    0.0933567004287
227.875    0.0870252484901
228.0    0.0934082454919
228.125    0.0980515966083
228.25    0.0981546867349
228.375    0.0985928197727
228.5    0.093902219015
228.625    0.0952037318626
228.75    0.0930431346271
228.875    0.093970945766
229.0    0.0887520081098
229.125    0.0889367112531
229.25    0.0901179522864
229.375    0.0896884100925
229.5    0.0948300301539
229.625    0.0926479558087
229.75    0.0933266324751
229.875    0.0934340180236
230.0    0.0909083099233
230.125    0.088451328574
230.25    0.0878542649244
230.375    0.0879960138484
230.5    0.0907579701554
230.625    0.0913636246488
230.75    0.0923558671168
230.875    0.0922270044586
231.0    0.0896067970757
231.125    0.0896067970757
231.25    0.0897012963583
231.375    0.0901265431303
231.5    0.0897743185313
231.625    0.0898043864849
231.75    0.0899976804722
231.875    0.0898988857675
232.0    0.0830906419937
232.125    0.0829961427111
232.25    0.0847143114868
232.375    0.0846541755797
232.5    0.0876180167178
232.625    0.0880346726459
232.75    0.0876910388908
232.875    0.0876480846713
233.0    0.0904916539952
233.125    0.0905818578559
233.25    0.0904572906197
233.375    0.0906763571385
233.5    0.0951478913774
233.625    0.0952123227065
233.75    0.0911016039105
233.875    0.0905689715901
234.0    0.0954528663351
234.125    0.0954657526009
234.25    0.0955087068203
234.375    0.096518130976
234.5    0.0922484815683
234.625    0.0922441861464
234.75    0.092841249796
234.875    0.092768227623
235.0    0.0912347619907
235.125    0.091213284881
235.25    0.0909856275182
235.375    0.0908266969064
235.5    0.0947183491834
235.625    0.0947183491834
235.75    0.0957449550269
235.875    0.0945207597742
236.0    0.0886918722026
236.125    0.0888164394388
236.25    0.0885415324347
236.375    0.0876910388908
236.5    0.085268420917
236.625    0.0854015789971
236.75    0.0851524445246
236.875    0.085483192014
237.0    0.091707258404
237.125    0.0936359028547
237.25    0.0936101303231
237.375    0.0937003341838
237.5    0.0850708315078
237.625    0.0915483277922
237.75    0.0913378521172
237.875    0.0873087463382
238.0    0.0845940396725
238.125    0.090646289185
238.25    0.0934125409139
238.375    0.094396192538
238.5    0.0903284279615
238.625    0.0803372765307
238.75    0.0785847443794
238.875    0.0908266969064
239.0    0.0958566359974
239.125    0.0957793184024
239.25    0.095809386356
239.375    0.0991984742661
240.0    0.0920981418005
240.125    0.0914495330876
240.25    0.0913722154927
240.375    0.0920208242055
240.5    0.0851008994614
240.625    0.0856421226257
240.75    0.0858525983007
240.875    0.0855433279211
241.0    0.096591153149
241.125    0.0967543791827
241.25    0.0931118613781
241.375    0.0936401982767
241.5    0.0870939752412
241.625    0.0867417506422
241.75    0.0866429559375
241.875    0.0826267364243
242.0    0.0950490966728
242.125    0.095246686082
242.25    0.093189178973
242.375    0.0912906024759
242.5    0.0932793828338
242.625    0.0913464429611
242.75    0.091634236231
242.875    0.0918876661254
243.0    0.0929228628128
243.125    0.0929701124541
243.25    0.0922098227709
243.375    0.093476972243
243.5    0.0912304665687
243.625    0.0912863070539
243.75    0.0913464429611
243.875    0.0910629451131
244.0    0.0909211961891
244.125    0.0909813320962
244.25    0.0925921153235
244.375    0.0924718435092
244.5    0.092059483003
244.625    0.0929357490786
244.75    0.0951521867993
244.875    0.0949545973901
245.0    0.0968832418408
245.125    0.0962002697525
245.25    0.0966555844781
245.375    0.0944520330232
245.5    0.0920079379397
245.625    0.0944949872426
245.75    0.0921368005979
245.875    0.0921368005979
246.0    0.0885114644811
246.125    0.0887391218439
246.25    0.0889324158312
246.375    0.088661804249
246.5    0.0984768433803
246.625    0.0986443648359
246.75    0.0971452625791
246.875    0.0973041931909
247.0    0.0890784601771
247.125    0.0884212606204
247.25    0.0921711639734
247.375    0.0930774980026
247.5    0.083429980327
247.625    0.0879702413168
247.75    0.0880733314433
247.875    0.0862348908533
248.0    0.0936273120109
248.125    0.0971753305327
248.25    0.0970593541403
248.375    0.0957234779172
248.5    0.0887520081098
248.625    0.0890097334261
248.75    0.0964751767566
248.875    0.0957277733392
249.0    0.0864110031528
249.125    0.0864110031528
249.25    0.0914667147754
249.375    0.0914753056193
249.5    0.0892373907889
249.625    0.0906334029192
249.75    0.0882494437429
249.875    0.0966469936342
250.0    0.089581024544
250.125    0.0900621118012
250.25    0.0901652019278
250.375    0.0898859995017
250.5    0.089516593215
250.625    0.0897829093752
250.75    0.0898945903456
250.875    0.0892030274134
251.0    0.0910414680034
251.125    0.0910414680034
251.25    0.0910414680034
251.375    0.091071535957
251.5    0.0958523405754
251.625    0.0960714070943
251.75    0.0922098227709
251.875    0.0918747798596
252.0    0.0916857812943
252.125    0.0917201446698
252.25    0.0911918077713
252.375    0.0929314536567
252.5    0.0889624837848
252.625    0.0868834995662
252.75    0.084980627647
252.875    0.0869049766759
253.0    0.0904658814635
253.125    0.090646289185
253.25    0.0901737927717
253.375    0.0847615611281
253.5    0.089795795641
253.625    0.0910844222228
253.75    0.0913292612733
253.875    0.0897915002191
254.0    0.0990739070299
254.125    0.0991812925784
254.25    0.0997568791182
254.375    0.0965739714612
254.5    0.0923515716949
254.625    0.0923472762729
254.75    0.0923472762729
254.875    0.0921067326443
255.0    0.0962561102377
255.125    0.0962990644571
255.25    0.0966384027903
255.375    0.0958566359974
255.5    0.0882451483209
255.625    0.0961530201111
255.75    0.089937544565
255.875    0.0901265431303
256.0    0.0906677662947
256.125    0.0904572906197
256.25    0.0899762033624
256.375    0.0906205166533
256.5    0.0901566110839
256.625    0.0901780881936
256.75    0.0908395831722
256.875    0.0905646761681
257.0    0.0915053735728
257.125    0.0909083099233
257.25    0.0912003986151
257.375    0.091213284881
257.5    0.0931118613781
257.625    0.0904701768855
257.75    0.0919091432351
257.875    0.0922613678342
258.0    0.0877254022663
258.125    0.0880733314433
258.25    0.0900921797548
258.375    0.0926565466526
258.5    0.0910973084886
258.625    0.09198646083
258.75    0.0919606882984
258.875    0.0926436603868
259.0    0.0949073477488
259.125    0.094537941462
259.25    0.095100641736
259.375    0.0947398262931
259.5    0.0892159136792
259.625    0.0892631633205
259.75    0.0891686640379
259.875    0.0918232347964
260.0    0.0893533671813
260.125    0.0896454558731
260.25    0.0896669329828
260.375    0.0889882563164
260.5    0.0894994115272
260.625    0.0894349801981
260.75    0.0899203628772
260.875    0.0872099516335
261.0    0.0870853843973
261.125    0.0887992577511
261.25    0.0881076948189
261.375    0.087673857203
261.5    0.0990180665447
261.625    0.0992843827049
261.75    0.0915826911677
261.875    0.0893190038057
262.0    0.0811791792308
262.125    0.084065702774
262.25    0.0835158887657
262.375    0.0898344544385
262.5    0.0852168758537
262.625    0.0855862821405
262.75    0.0858654845665
262.875    0.10133329897
263.0    0.0973385565664
263.125    0.0910629451131
263.25    0.0896798192486
263.375    0.0899804987844
263.5    0.0870424301779
263.625    0.0871111569289
263.75    0.0873602914014
263.875    0.0873001554943
264.0    0.0910114000498
264.125    0.0925190931505
264.25    0.0846498801577
264.375    0.0856335317818
264.5    0.0885372370128
264.625    0.0886746905148
264.75    0.076209376047
264.875    0.0847572657062
265.0    0.0837607278163
265.125    0.0833268902004
265.25    0.083073460306
265.375    0.087532108279
265.5    0.0863938214651
265.625    0.0905646761681
265.75    0.0905603807462
265.875    0.0947655988248
266.0    0.086754636908
266.125    0.0868792041442
266.25    0.0870682027095
266.375    0.0862735496508
266.5    0.0910371725815
266.625    0.0911617398177
266.75    0.09014802024
266.875    0.0896841146706
267.0    0.0885758958102
267.125    0.0874676769499
267.25    0.0873431097137
267.375    0.0935242218843
267.5    0.0907579701554
267.625    0.0911660352396
267.75    0.0903799730247
267.875    0.091634236231
268.0    0.0897700231094
268.125    0.0900492255354
268.25    0.0897743185313
268.375    0.0900578163793
268.5    0.0892202091011
268.625    0.0894220939323
268.75    0.0894736389956
268.875    0.0897485459997
269.0    0.0866171834059
269.125    0.0873388142917
269.25    0.0876266075617
269.375    0.0871154523509
269.5    0.090010566738
269.625    0.0895080023711
269.75    0.0900019758941
269.875    0.0898859995017
270.0    0.0898344544385
270.125    0.0907279022018
270.25    0.0890741647552
270.375    0.0894650481517
270.5    0.092484729775
270.625    0.0922656632561
270.75    0.0926007061673
270.875    0.0930431346271
271.0    0.0874934494815
271.125    0.0874719723718
271.25    0.0874934494815
271.375    0.0875793579203
271.5    0.0914452376657
271.625    0.0920337104714
271.75    0.0926565466526
271.875    0.0907493793115
272.0    0.0899804987844
272.125    0.0906591754508
272.25    0.0906291074972
272.375    0.090861060282
272.5    0.0897356597338
272.625    0.0897571368435
272.75    0.0899547262528
272.875    0.0896282741854
273.0    0.0869608171611
273.125    0.0788124017422
273.25    0.0853715110435
273.375    0.0829360068039
273.5    0.0902081561472
273.625    0.0900878843329
273.75    0.0901737927717
273.875    0.0895466611685
274.0    0.0885114644811
274.125    0.0888808707679
274.25    0.0910801268009
274.375    0.0871240431947
274.5    0.0867159781105
274.625    0.085410169841
274.75    0.0864152985748
274.875    0.0863122084482
275.0    0.0910199908937
275.125    0.092059483003
275.25    0.0900964751768
275.375    0.0906162212314
275.5    0.0846026305164
275.625    0.0855218508114
275.75    0.0855347370772
275.875    0.0863637535115
276.0    0.086823363659
276.125    0.0909211961891
276.25    0.0893361854935
276.375    0.0896669329828
276.5    0.0915397369483
276.625    0.0895037069491
276.75    0.091780280577
276.875    0.092342980851
277.0    0.0911488535519
277.125    0.0869264537856
277.25    0.0893576626032
277.375    0.0894049122445
277.5    0.0911058993325
277.625    0.0898387498604
277.75    0.0917974622647
277.875    0.0898945903456
278.0    0.0894951161052
278.125    0.0894865252614
278.25    0.0957492504489
278.375    0.0954915251325
278.5    0.0877683564856
278.625    0.0879229916755
278.75    0.087884332878
278.875    0.0882451483209
279.0    0.0908352877503
279.125    0.0911445581299
279.25    0.0928927948592
279.375    0.0908653557039
279.5    0.0923945259143
279.625    0.0913077841636
279.75    0.0913464429611
279.875    0.0922957312097
280.0    0.0886360317174
280.125    0.0886532134052
280.25    0.0884813965276
280.375    0.0883310567597
280.5    0.088240852899
280.625    0.0880905131311
280.75    0.0884470331521
280.875    0.0887176447342
281.0    0.084486654124
281.125    0.0845167220776
281.25    0.084134429525
281.375    0.0842847692929
281.5    0.0833054130907
281.625    0.083000438133
281.75    0.0833655489979
281.875    0.0916385316529
282.0    0.0817375840829
282.125    0.0798089396321
282.25    0.079821825898
282.375    0.0804060032817
282.5    0.0888422119705
282.625    0.0824849875003
282.75    0.0824506241248
282.875    0.0888293257047
283.0    0.0947355308712
283.125    0.0920508921591
283.25    0.0919435066106
283.375    0.0923902304923
283.5    0.0882923979622
283.625    0.0883052842281
283.75    0.0884728056837
283.875    0.0882494437429
284.0    0.0888422119705
284.125    0.0888679845021
284.25    0.0790744224805
284.375    0.0893662534471
284.5    0.0951521867993
284.625    0.0951521867993
284.75    0.0950877554702
284.875    0.0891343006624
285.0    0.0893318900715
285.125    0.0893576626032
285.25    0.0811877700746
285.375    0.0915998728555
285.5    0.0898301590165
285.625    0.0899547262528
285.75    0.0896153879196
285.875    0.0855776912966
286.0    0.0905260173707
286.125    0.086612887984
286.25    0.0946410315885
286.375    0.0947784850906
286.5    0.0931634064414
286.625    0.0911316718641
286.75    0.0913120795856
286.875    0.0891901411476
287.0    0.0911746260835
287.125    0.0952767540355
287.25    0.089937544565
287.375    0.0917459172014
287.5    0.0920122333617
287.625    0.0920122333617
287.75    0.0923172083194
287.875    0.0924503663995
288.0    0.0913936926024
288.125    0.0921969365051
288.25    0.0911273764422
288.375    0.0904229272441
288.5    0.0922871403658
288.625    0.0922785495219
288.75    0.0922785495219
288.875    0.0922656632561
289.0    0.0902811783201
289.125    0.0902511103666
289.25    0.090504540261
289.375    0.0862391862753
289.5    0.0923300945852
289.625    0.091634236231
289.75    0.0841086569934
289.875    0.0842890647148
290.0    0.0905217219487
290.125    0.0855862821405
290.25    0.0857752807058
290.375    0.0854187606849
290.5    0.0812779739354
290.625    0.0892459816328
290.75    0.0890698693333
290.875    0.0891171189746
291.0    0.0905603807462
291.125    0.0862692542288
291.25    0.0861618686803
291.375    0.0946668041202
291.5    0.086398116887
291.625    0.0863165038702
291.75    0.0865785246085
291.875    0.0868018865493
292.0    0.0842933601368
292.125    0.0823088752008
292.25    0.0804489575011
292.375    0.0803630490623
292.5    0.0859170296298
292.625    0.0860931419293
292.75    0.093970945766
292.875    0.0862305954314
293.0    0.0941298763777
293.125    0.0906076303875
293.25    0.0908438785942
293.375    0.0908309923284
293.5    0.0871412248825
293.625    0.0873517005575
293.75    0.085547623343
293.875    0.085126671993
294.0    0.0869393400514
294.125    0.0868877949881
294.25    0.0868877949881
294.375    0.0870252484901
294.5    0.0837435461285
294.625    0.0830777557279
294.75    0.0956848191198
294.875    0.0957020008075
295.0    0.0862263000094
295.125    0.0862005274778
295.25    0.0860888465074
295.375    0.0860845510854
295.5    0.0905260173707
295.625    0.0907107205141
295.75    0.090998513784
295.875    0.0909813320962
296.0    0.0881850124138
296.125    0.0872657921188
296.25    0.0871025660851
296.375    0.0879272870974
296.5    0.0867202735325
296.625    0.0867331597983
296.75    0.0868104773932
296.875    0.0873731776672
297.0    0.0876480846713
297.125    0.0872743829626
297.25    0.0956805236978
297.375    0.0956719328539
297.5    0.0950061424534
297.625    0.0996151301942
297.75    0.0996795615233
297.875    0.0996366073039
298.0    0.0915612140581
298.125    0.0918747798596
298.25    0.0943661245844
298.375    0.0936230165889
298.5    0.0951178234238
298.625    0.0931505201756
298.75    0.0936101303231
298.875    0.0935628806818
299.0    0.0946925766518
299.125    0.0967844471362
299.25    0.0879058099877
299.375    0.0883224659158
300.0    0.0832280954958
300.125    0.0826439181121
300.25    0.0828973480065
300.375    0.0832667542933
300.5    0.0865097978574
300.625    0.0865097978574
300.75    0.0866300696717
300.875    0.0866601376253
301.0    0.085126671993
301.125    0.093476972243
301.25    0.0952166181284
301.375    0.0874977449035
301.5    0.0849763322251
301.625    0.0847787428159
301.75    0.0851524445246
301.875    0.0858611891446
302.0    0.0934082454919
302.125    0.091350738383
302.25    0.0977466216506
302.375    0.0977552124945
302.5    0.0873774730892
302.625    0.0877683564856
302.75    0.0880475589117
302.875    0.0960842933601
303.0    0.0908782419697
303.125    0.0909211961891
303.25    0.0909211961891
303.375    0.0909598549866
303.5    0.0857409173303
303.625    0.0857366219084
303.75    0.0857194402206
303.875    0.0857151447987
304.0    0.0874891540596
304.125    0.0863551626676
304.25    0.086329390136
304.375    0.0864238894186
304.5    0.0876180167178
304.625    0.0855347370772
304.75    0.0855819867186
304.875    0.083142187057
305.0    0.0931075659562
305.125    0.0915483277922
305.25    0.0914796010412
305.375    0.0913936926024
305.5    0.0911832169274
305.625    0.0976134635705
305.75    0.0972569435496
305.875    0.0970378770307
306.0    0.0845081312337
306.125    0.0836060926265
306.25    0.08392395385
306.375    0.0837392507066
306.5    0.0845510854531
306.625    0.0851051948833
306.75    0.0926479558087
306.875    0.08392395385
307.0    0.0862950267605
307.125    0.0862005274778
307.25    0.0862048228997
307.375    0.08618334579
307.5    0.0821886033865
307.625    0.0821198766355
307.75    0.082081217838
307.875    0.0820898086819
308.0    0.0869908851146
308.125    0.093193474395
308.25    0.0940310816732
308.375    0.0934340180236
308.5    0.0867417506421
308.625    0.0868577270345
308.75    0.0877855381734
308.875    0.0870123622243
309.0    0.086750341486
309.125    0.0864067077309
309.25    0.0862391862753
309.375    0.0868620224565
309.5    0.0866730238911
309.625    0.0867202735325
309.75    0.0867288643763
309.875    0.086608592562
310.0    0.0936831524961
310.125    0.0940783313145
310.25    0.0931719972853
310.375    0.0929915895638
310.5    0.0928627269057
310.625    0.0847186069088
310.75    0.0842504059174
310.875    0.093330927897
311.0    0.0818664467411
311.125    0.0818492650533
311.25    0.0911101947544
311.375    0.0870037713805
311.5    0.090152315662
311.625    0.0907708564212
311.75    0.0899590216747
311.875    0.0899547262528
312.0    0.0868362499248
312.125    0.0868706133003
312.25    0.0869608171611
312.375    0.087106861507
312.5    0.0817418795048
312.625    0.0792419439362
312.75    0.0864067077309
312.875    0.0860029380686
313.0    0.093687447918
313.125    0.0941341717997
313.25    0.0942587390359
313.375    0.0936788570741
313.5    0.0946195544788
313.625    0.0946281453227
313.75    0.0972526481276
313.875    0.0969347869041
314.0    0.0865613429207
314.125    0.0865570474988
314.25    0.0865570474988
314.375    0.0866601376253
314.5    0.0862649588069
314.625    0.0913249658514
314.75    0.0908696511258
314.875    0.0867932957054
315.0    0.0930130666735
315.125    0.0928068864204
315.25    0.0928455452179
315.375    0.0928799085934
315.5    0.0920165287836
315.625    0.0920165287836
315.75    0.092059483003
315.875    0.0933695866945
316.0    0.0926479558087
316.125    0.0929314536567
316.25    0.092626478699
316.375    0.092978703298
316.5    0.0865570474988
316.625    0.0866945010008
316.75    0.0909211961891
316.875    0.090925491611
317.0    0.0860888465074
317.125    0.086325094714
