0.0    0.157920457108
0.125    0.155226424078
0.25    0.154211462797
0.375    0.154549783224
0.5    0.154988346741
0.625    0.153722777736
0.75    0.153221562289
0.875    0.153396987695
1.0    0.154800390948
1.125    0.14901135253
1.25    0.155264015237
1.375    0.156767661579
1.5    0.155464501416
1.625    0.155076059444
1.75    0.155213893692
1.875    0.154950755582
2.0    0.155151241761
2.125    0.155477031802
2.25    0.155477031802
2.375    0.155865473774
2.5    0.150314512693
2.625    0.160915219407
2.75    0.156341628449
2.875    0.155940656091
3.0    0.15144224745
3.125    0.151216700499
3.25    0.151392125905
3.375    0.15154249054
3.5    0.15186828058
3.625    0.152056236373
3.75    0.153422048468
3.875    0.151454777836
4.0    0.153534821943
4.125    0.153534821943
4.25    0.153697716964
4.375    0.153697716964
4.5    0.151918402125
4.625    0.151479838609
4.75    0.152156479463
4.875    0.152156479463
5.0    0.156441871538
5.125    0.154913164424
5.25    0.154938225196
5.375    0.154374357818
5.5    0.152670225296
5.625    0.150903440844
5.75    0.150903440844
5.875    0.150903440844
6.0    0.153697716964
6.125    0.155389319099
6.25    0.155126180989
6.375    0.155151241761
6.5    0.153985915846
6.625    0.153484700398
6.75    0.154562313611
6.875    0.15449966168
7.0    0.150865849685
7.125    0.150865849685
7.25    0.152620103752
7.375    0.153321805378
7.5    0.15571510914
7.625    0.156203794201
7.75    0.156203794201
7.875    0.157481893592
8.0    0.157030799689
8.125    0.157131042779
8.25    0.153371926923
8.375    0.154211462797
8.5    0.15292083302
8.625    0.152833120317
8.75    0.156554645014
8.875    0.155702578753
9.0    0.140515750695
9.125    0.144024258828
9.25    0.143974137283
9.375    0.143949076511
9.5    0.152244192166
9.625    0.152607573365
9.75    0.153321805378
9.875    0.151229230885
10.0    0.153672656191
10.125    0.153559882716
10.25    0.155376788713
10.375    0.155401849485
10.5    0.143322557201
10.625    0.157519484751
10.75    0.157306468185
10.875    0.155928125705
11.0    0.151955993284
11.125    0.150615241962
11.25    0.150828258527
11.375    0.150828258527
11.5    0.153221562289
11.625    0.153848081598
11.75    0.15449966168
11.875    0.155000877127
12.0    0.153071197654
12.125    0.153071197654
12.25    0.150276921535
12.375    0.152519860662
12.5    0.156842843896
12.625    0.155903064932
12.75    0.154349297045
12.875    0.155464501416
13.0    0.150464877328
13.125    0.153672656191
13.25    0.150464877328
13.375    0.149788236473
13.5    0.159586998471
13.625    0.15571510914
13.75    0.156291506904
13.875    0.156178733429
14.0    0.151291882816
14.125    0.151467308222
14.25    0.15127935243
14.375    0.146968899581
14.5    0.157506954364
14.625    0.14716938576
14.75    0.148259529359
14.875    0.153985915846
15.0    0.15587800416
15.125    0.158722401824
15.25    0.158998070321
15.375    0.158998070321
15.5    0.154938225196
15.625    0.155025937899
15.75    0.15508858983
15.875    0.15413628048
16.0    0.150615241962
16.125    0.150364634238
16.25    0.149074004461
16.375    0.148898579054
16.5    0.155990777636
16.625    0.156015838408
16.75    0.155990777636
16.875    0.156554645014
17.0    0.154324236273
17.125    0.155076059444
17.25    0.148735684034
17.375    0.149424855274
17.5    0.139889231386
17.625    0.148171816655
17.75    0.15006390497
17.875    0.148898579054
18.0    0.144400170413
18.125    0.152833120317
18.25    0.154837982107
18.375    0.144137032303
18.5    0.15597824725
18.625    0.156341628449
18.75    0.156479462697
18.875    0.155176302534
19.0    0.146768413403
19.125    0.149099065233
19.25    0.149186777936
19.375    0.149299551412
19.5    0.149312081798
19.625    0.149424855274
19.75    0.155890534546
19.875    0.156742600807
20.0    0.160514247049
20.125    0.15683031351
20.25    0.151078866251
20.375    0.151191639726
20.5    0.158396611784
20.625    0.15857203719
20.75    0.158885296845
20.875    0.158785053755
21.0    0.157532015137
21.125    0.15840914217
21.25    0.157369120116
21.375    0.157544545523
21.5    0.157419241661
21.625    0.158283838308
21.75    0.158233716763
21.875    0.144099441145
22.0    0.152682755683
22.125    0.150439816555
22.25    0.150615241962
22.375    0.151254291657
22.5    0.158634689121
22.625    0.147056612285
22.75    0.147557827732
22.875    0.146567927224
23.0    0.158847705686
23.125    0.156968147758
23.25    0.1569305566
23.375    0.157043330075
23.5    0.150978623161
23.625    0.150903440844
23.75    0.151066335864
23.875    0.150966092775
24.0    0.150690424279
24.125    0.151379595519
24.25    0.149863418791
24.375    0.149863418791
24.5    0.151028744706
24.625    0.149938601108
24.75    0.1504899381
24.875    0.150790667368
25.0    0.139563441345
25.125    0.15745683282
25.25    0.15745683282
25.375    0.167919705285
25.5    0.149750645315
25.625    0.149186777936
25.75    0.150702954665
25.875    0.151592612084
26.0    0.150452346941
26.125    0.150439816555
26.25    0.150439816555
26.375    0.150778136982
26.5    0.151830689422
26.625    0.151830689422
26.75    0.151742976719
26.875    0.151742976719
27.0    0.146755883016
27.125    0.147996391249
27.25    0.162418865749
27.375    0.152870711475
27.5    0.153271683833
27.625    0.152469739117
27.75    0.152469739117
27.875    0.152093827532
28.0    0.147507706188
28.125    0.145653209032
28.25    0.158008169812
28.375    0.151667794401
28.5    0.153409518081
28.625    0.1482219382
28.75    0.146680700699
28.875    0.147921208932
29.0    0.146204546024
29.125    0.157694910157
29.25    0.150853319299
29.375    0.153359396537
29.5    0.151580081698
29.625    0.151830689422
29.75    0.153597473874
29.875    0.154411948976
30.0    0.1501265569
30.125    0.149236899481
30.25    0.150477407714
30.375    0.150853319299
30.5    0.160940280179
30.625    0.14536501015
30.75    0.142232413603
30.875    0.152707816455
31.0    0.14769566198
31.125    0.150088965742
31.25    0.149512567977
31.375    0.149850888404
31.5    0.145177054357
31.625    0.154186402025
31.75    0.153697716964
31.875    0.153697716964
32.0    0.15545197103
32.125    0.154437009749
32.25    0.152607573365
32.375    0.15186828058
32.5    0.148873518282
32.625    0.150690424279
32.75    0.150690424279
32.875    0.154274114728
33.0    0.149713054156
33.125    0.1501265569
33.25    0.150402225397
33.375    0.150803197755
33.5    0.14674335263
33.625    0.147758313911
33.75    0.150076435356
33.875    0.150164148059
34.0    0.150001253039
34.125    0.150414755783
34.25    0.152820589931
34.375    0.152820589931
34.5    0.162068014936
34.625    0.162130666867
34.75    0.161992832619
34.875    0.151241761271
35.0    0.153259153447
35.125    0.153209031902
35.25    0.154274114728
35.375    0.155013407513
35.5    0.151429717064
35.625    0.151580081698
35.75    0.151492368995
35.875    0.149349672957
36.0    0.149838358018
36.125    0.150966092775
36.25    0.152244192166
36.375    0.151229230885
36.5    0.148547728241
36.625    0.147244568078
36.75    0.143936546124
36.875    0.154950755582
37.0    0.152169009849
37.125    0.149951131494
37.25    0.152707816455
37.375    0.152833120317
37.5    0.148460015538
37.625    0.148597849786
37.75    0.151128987795
37.875    0.152444678345
38.0    0.148171816655
38.125    0.147983860863
38.25    0.147933739318
38.375    0.148046512794
38.5    0.145816104052
38.625    0.148447485151
38.75    0.148560258627
38.875    0.148560258627
39.0    0.151479838609
39.125    0.151592612084
39.25    0.151417186678
39.375    0.151805628649
39.5    0.155138711375
39.625    0.155138711375
39.75    0.155101120217
39.875    0.155101120217
40.0    0.147683131594
40.125    0.149124126006
40.25    0.154650026314
40.375    0.15745683282
40.5    0.151379595519
40.625    0.149988722652
40.75    0.148823396737
40.875    0.149048943688
41.0    0.153234092675
41.125    0.153234092675
41.25    0.152595042979
41.375    0.152632634138
41.5    0.146192015638
41.625    0.146192015638
41.75    0.146592987996
41.875    0.157218755482
42.0    0.155113650603
42.125    0.154086158935
42.25    0.15387314237
42.375    0.154624965541
42.5    0.150514998872
42.625    0.14743252387
42.75    0.152219131394
42.875    0.149888479563
43.0    0.153359396537
43.125    0.151066335864
43.25    0.152432147959
43.375    0.152707816455
43.5    0.153234092675
43.625    0.153509761171
43.75    0.153484700398
43.875    0.151855750194
44.0    0.154173871639
44.125    0.150865849685
44.25    0.152469739117
44.375    0.153998446232
44.5    0.148823396737
44.625    0.151943462898
44.75    0.147996391249
44.875    0.149161717164
45.0    0.154249053956
45.125    0.15265769491
45.25    0.152996015337
45.375    0.151417186678
45.5    0.151091396637
45.625    0.149462446433
45.75    0.150878380072
45.875    0.150828258527
46.0    0.149825827632
46.125    0.151128987795
46.25    0.151028744706
46.375    0.149763175701
46.5    0.149161717164
46.625    0.151567551312
46.75    0.150264391149
46.875    0.150176678445
47.0    0.150001253039
47.125    0.144512943889
47.25    0.144174623462
47.375    0.143823772649
47.5    0.152795529158
47.625    0.153121319199
47.75    0.151229230885
47.875    0.15413628048
48.0    0.148347242062
48.125    0.148297120517
48.25    0.148046512794
48.375    0.149600280681
48.5    0.14980076686
48.625    0.147908678545
48.75    0.147908678545
48.875    0.148434954765
49.0    0.149362203343
49.125    0.148372302834
49.25    0.1501265569
49.375    0.151592612084
49.5    0.140453098764
49.625    0.143660877628
49.75    0.153985915846
49.875    0.150853319299
50.0    0.150427286169
50.125    0.149775706087
50.25    0.149738114929
50.375    0.168258025712
50.5    0.148873518282
50.625    0.148472545924
50.75    0.152206601007
50.875    0.147871087387
51.0    0.150615241962
51.125    0.150151617673
51.25    0.150201739218
51.375    0.150577650803
51.5    0.154286645114
51.625    0.154336766659
51.75    0.154637495928
51.875    0.154875573265
52.0    0.152833120317
52.125    0.154023507004
52.25    0.138347993885
52.375    0.138410645816
52.5    0.148071573566
52.625    0.148723153648
52.75    0.149625341453
52.875    0.159424103451
53.0    0.148184347042
53.125    0.151392125905
53.25    0.148434954765
53.375    0.148297120517
53.5    0.15302107611
53.625    0.152081297146
53.75    0.148522667469
53.875    0.148522667469
54.0    0.162418865749
54.125    0.14943738566
54.25    0.149149186778
54.375    0.149149186778
54.5    0.14917424755
54.625    0.149387264115
54.75    0.149788236473
54.875    0.149625341453
55.0    0.155664987595
55.125    0.155527153347
55.25    0.155025937899
55.375    0.15456231361
55.5    0.149662932612
55.625    0.149099065233
55.75    0.148372302834
55.875    0.149600280681
56.0    0.147996391249
56.125    0.14716938576
56.25    0.145991529459
56.375    0.146104302935
56.5    0.149061474075
56.625    0.149061474075
56.75    0.149462446433
56.875    0.152958424179
57.0    0.145803573666
57.125    0.135328170814
57.25    0.1357040824
57.375    0.138360524271
57.5    0.152444678345
57.625    0.151843219808
57.75    0.150828258527
57.875    0.150878380072
58.0    0.152595042979
58.125    0.152407087186
58.25    0.154010976618
58.375    0.154010976618
58.5    0.153635065033
58.625    0.152031175601
58.75    0.153472170012
58.875    0.151580081698
59.0    0.151692855174
59.125    0.150978623161
59.25    0.149374733729
59.375    0.150114026514
59.5    0.1504899381
59.625    0.152519860662
59.75    0.150966092775
59.875    0.151818159036
60.0    0.147445054257
60.125    0.148923639827
60.25    0.148272059745
60.375    0.14917424755
60.5    0.141430468887
60.625    0.148084103952
60.75    0.148284590131
60.875    0.149337142571
61.0    0.142721098664
61.125    0.141756258928
61.25    0.141806380473
61.375    0.145603087487
61.5    0.152118888304
61.625    0.149813297246
61.75    0.151091396637
61.875    0.150865849685
62.0    0.153422048468
62.125    0.156166203042
62.25    0.145452722853
62.375    0.145665739418
62.5    0.152294313711
62.625    0.152118888304
62.75    0.152118888304
62.875    0.152118888304
63.0    0.151078866251
63.125    0.151066335864
63.25    0.147520236574
63.375    0.14795880009
63.5    0.147244568078
63.625    0.151880810967
63.75    0.152256722552
63.875    0.151780567877
64.0    0.1440493196
64.125    0.143272435656
64.25    0.144901385861
64.375    0.144851264316
64.5    0.14753276696
64.625    0.147382402326
64.75    0.145878755983
64.875    0.151191639726
65.0    0.144913916247
65.125    0.155502092574
65.25    0.146455153748
65.375    0.145540435556
65.5    0.153246623061
65.625    0.153296744606
65.75    0.153296744606
65.875    0.153810490439
66.0    0.147369871939
66.125    0.147056612285
66.25    0.145390070922
66.375    0.148622910558
66.5    0.14362328647
66.625    0.157306468185
66.75    0.157657318999
66.875    0.158158534446
67.0    0.148171816655
67.125    0.149061474075
67.25    0.148735684034
67.375    0.149637871839
67.5    0.142332656692
67.625    0.142771220209
67.75    0.142934115229
67.875    0.142846402526
68.0    0.154286645114
68.125    0.157807683633
68.25    0.157945517881
68.375    0.155790291457
68.5    0.147019021126
68.625    0.148948700599
68.75    0.148773275192
68.875    0.148923639827
69.0    0.148923639827
69.125    0.148460015538
69.25    0.149111595619
69.375    0.149261960254
69.5    0.149575219908
69.625    0.157068390848
69.75    0.157068390848
69.875    0.14204445781
70.0    0.142846402526
70.125    0.141994336265
70.25    0.140340325289
70.375    0.14066611533
70.5    0.14648021452
70.625    0.146430092975
70.75    0.152206601007
70.875    0.144512943889
71.0    0.148798335965
71.125    0.132283286971
71.25    0.131205673759
71.375    0.147520236574
71.5    0.156266446132
71.625    0.156717540035
71.75    0.14336014836
71.875    0.143585695311
72.0    0.141029496529
72.125    0.142295065534
72.25    0.14352304338
72.375    0.140590933013
72.5    0.149888479563
72.625    0.147507706188
72.75    0.147445054257
72.875    0.148121695111
73.0    0.158120943287
73.125    0.152118888304
73.25    0.15857203719
73.375    0.144450291958
73.5    0.145114402426
73.625    0.146505275293
73.75    0.146279728341
73.875    0.146605518382
74.0    0.152006114828
74.125    0.151993584442
74.25    0.149462446433
74.375    0.144237275393
74.5    0.143435330677
74.625    0.14119239155
74.75    0.14119239155
74.875    0.142445430168
75.0    0.148184347042
75.125    0.148597849786
75.25    0.146906247651
75.375    0.143898954966
75.5    0.144976568178
75.625    0.144876325088
75.75    0.143335087587
75.875    0.144650778137
76.0    0.141718667769
76.125    0.147457584643
76.25    0.143710999173
76.375    0.143761120718
76.5    0.143159662181
76.625    0.145440192467
76.75    0.147206976919
76.875    0.145139463198
77.0    0.149111595619
77.125    0.15006390497
77.25    0.144951507405
77.375    0.149362203343
77.5    0.144099441145
77.625    0.14483873393
77.75    0.145490314011
77.875    0.14536501015
78.0    0.156491993083
78.125    0.139964413703
78.25    0.15075307621
78.375    0.144086910759
78.5    0.143660877628
78.625    0.143798711876
78.75    0.144600656592
78.875    0.144337518482
79.0    0.141668546225
79.125    0.151717915946
79.25    0.151680324788
79.375    0.148359772448
79.5    0.141793850086
79.625    0.1421447009
79.75    0.142031927424
79.875    0.142031927424
80.0    0.141280104253
80.125    0.145653209032
80.25    0.146417562589
80.375    0.146630579154
80.5    0.143485452222
80.625    0.142821341754
80.75    0.143322557201
80.875    0.143510512994
81.0    0.143046888705
81.125    0.142332656692
81.25    0.14388642458
81.375    0.144375109641
81.5    0.148936170213
81.625    0.148936170213
81.75    0.149086534847
81.875    0.148923639827
82.0    0.14240783901
82.125    0.148998822144
82.25    0.150301982307
82.375    0.148710623261
82.5    0.150189208831
82.625    0.150114026514
82.75    0.14795880009
82.875    0.150164148059
83.0    0.143385209132
83.125    0.14970052377
83.25    0.150051374583
83.375    0.149926070722
83.5    0.139049695512
83.625    0.140189960655
83.75    0.140277673358
83.875    0.144011728441
84.0    0.149149186778
84.125    0.149149186778
84.25    0.142658446733
84.375    0.13892439165
84.5    0.140615993785
84.625    0.139500789414
84.75    0.141280104253
84.875    0.140778888805
85.0    0.142971706388
85.125    0.143247374884
85.25    0.143460391449
85.375    0.143961606897
85.5    0.146229606796
85.625    0.146755883016
85.75    0.146831065333
85.875    0.147232037691
86.0    0.14447535273
86.125    0.144500413503
86.25    0.14473849084
86.375    0.153898203143
86.5    0.148923639827
86.625    0.149374733729
86.75    0.148510137082
86.875    0.149224369095
87.0    0.148798335965
87.125    0.149048943688
87.25    0.149061474075
87.375    0.149111595619
87.5    0.148033982407
87.625    0.149199308323
87.75    0.14927449064
87.875    0.147194446533
88.0    0.147044081899
88.125    0.148460015538
88.25    0.150414755783
88.375    0.150728015437
88.5    0.145339949377
88.625    0.139413076711
88.75    0.139513319801
88.875    0.15387314237
89.0    0.151492368995
89.125    0.143635816856
89.25    0.143059419091
89.375    0.143159662181
89.5    0.151981054056
89.625    0.151592612084
89.75    0.142946645616
89.875    0.143209783726
90.0    0.151154048568
90.125    0.136932060246
90.25    0.146630579154
90.375    0.136092524372
90.5    0.144550535047
90.625    0.145490314011
90.75    0.145728391349
90.875    0.146392501817
91.0    0.145565496329
91.125    0.142056988196
91.25    0.142257474375
91.375    0.138774027016
91.5    0.14119239155
91.625    0.139049695512
91.75    0.139012104353
91.875    0.139099817056
92.0    0.155740169912
92.125    0.148384833221
92.25    0.145076811267
92.375    0.163997694409
92.5    0.141117209232
92.625    0.14135528657
92.75    0.145565496329
92.875    0.145928877528
93.0    0.150276921535
93.125    0.150327043079
93.25    0.132709320101
93.375    0.14457559582
93.5    0.143848833421
93.625    0.143823772649
93.75    0.144638247751
93.875    0.144675838909
94.0    0.147069142671
94.125    0.150978623161
94.25    0.146856126106
94.375    0.146643109541
94.5    0.144274866551
94.625    0.145327418991
94.75    0.145289827832
94.875    0.145578026715
95.0    0.14569080019
95.125    0.144412700799
95.25    0.144713430068
95.375    0.144725960454
95.5    0.143974137283
95.625    0.146116833321
95.75    0.147633010049
95.875    0.147206976919
96.0    0.141229982708
96.125    0.139538380573
96.25    0.139099817056
96.375    0.139375485552
96.5    0.145816104052
96.625    0.146417562589
96.75    0.146542866451
96.875    0.146141894093
97.0    0.129626845099
97.125    0.143610756084
97.25    0.139174999373
97.375    0.150264391149
97.5    0.133486204045
97.625    0.132984988597
97.75    0.134363331078
97.875    0.134238027216
98.0    0.146931308423
98.125    0.14658045761
98.25    0.14753276696
98.375    0.147545297346
98.5    0.131506403027
98.625    0.142056988196
98.75    0.149550159136
98.875    0.142219883217
99.0    0.134839485753
99.125    0.13396235872
99.25    0.134175375285
99.375    0.13507756309
99.5    0.146467684134
99.625    0.146029120617
99.75    0.138911861264
99.875    0.140052126407
100.0    0.148259529359
100.125    0.144650778137
100.25    0.147244568078
100.375    0.145816104052
100.5    0.149249429867
100.625    0.150890910458
100.75    0.139488259028
100.875    0.139601032504
101.0    0.140891662281
101.125    0.14267097712
101.25    0.141392877728
101.375    0.142821341754
101.5    0.144913916247
101.625    0.14605418139
101.75    0.14605418139
101.875    0.14605418139
102.0    0.143397739518
102.125    0.142783750595
102.25    0.143861363807
102.375    0.140653584943
102.5    0.144976568178
102.625    0.14552790517
102.75    0.135666491241
102.875    0.135290579656
103.0    0.144876325088
103.125    0.130842292559
103.25    0.130604215222
103.375    0.144951507405
103.5    0.139112347443
103.625    0.1357040824
103.75    0.143497982608
103.875    0.149086534847
104.0    0.143172192567
104.125    0.145214645515
104.25    0.145866225597
104.375    0.143685938401
104.5    0.142783750595
104.625    0.142971706388
104.75    0.143172192567
104.875    0.142357717465
105.0    0.148033982407
105.125    0.148121695111
105.25    0.148334711676
105.375    0.148685562489
105.5    0.142708568278
105.625    0.143084479864
105.75    0.144700899682
105.875    0.144913916247
106.0    0.144375109641
106.125    0.145202115129
106.25    0.142232413603
106.375    0.14536501015
106.5    0.142382778237
106.625    0.142921584843
106.75    0.142921584843
106.875    0.143335087587
107.0    0.145239706288
107.125    0.144400170413
107.25    0.14431245771
107.375    0.14431245771
107.5    0.143184722953
107.625    0.143435330677
107.75    0.143660877628
107.875    0.144563065434
108.0    0.146818534947
108.125    0.147369871939
108.25    0.147369871939
108.375    0.147369871939
108.5    0.127058115931
108.625    0.143497982608
108.75    0.143310026815
108.875    0.143736059945
109.0    0.148497606696
109.125    0.147658070822
109.25    0.145314888605
109.375    0.141944214721
109.5    0.140766358419
109.625    0.141016966143
109.75    0.13359897752
109.875    0.133724281382
110.0    0.145339949377
110.125    0.146668170313
110.25    0.146668170313
110.375    0.145239706288
110.5    0.155050998672
110.625    0.156642357717
110.75    0.156855374283
110.875    0.151191639726
111.0    0.149650402225
111.125    0.142382778237
111.25    0.142608325189
111.375    0.142608325189
111.5    0.145151993584
111.625    0.145214645515
111.75    0.14500162895
111.875    0.143548104153
112.0    0.149888479563
112.125    0.150552590031
112.25    0.138761496629
112.375    0.138961982808
112.5    0.139826579455
112.625    0.140465629151
112.75    0.138260281182
112.875    0.144137032303
113.0    0.146405032203
113.125    0.146555396837
113.25    0.145753452121
113.375    0.147495175801
113.5    0.147933739318
113.625    0.147883617773
113.75    0.147332280781
113.875    0.150377164624
114.0    0.138535949678
114.125    0.153371926923
114.25    0.138987043581
114.375    0.139463198256
114.5    0.146367441045
114.625    0.146780943789
114.75    0.14700649074
114.875    0.146517805679
115.0    0.137671353031
115.125    0.138410645816
115.25    0.139275242463
115.375    0.139037165125
115.5    0.147369871939
115.625    0.147369871939
115.75    0.146442623362
115.875    0.146530336065
116.0    0.134952259229
116.125    0.135729143172
116.25    0.135453474676
116.375    0.139062225898
116.5    0.148835927123
116.625    0.147457584643
116.75    0.147219507305
116.875    0.146730822244
117.0    0.148071573566
117.125    0.147595418891
117.25    0.149562689522
117.375    0.146893717264
117.5    0.132734380874
117.625    0.127960303737
117.75    0.131706889206
117.875    0.132183043881
118.0    0.148873518282
118.125    0.147407463098
118.25    0.145878755983
118.375    0.147044081899
118.5    0.147808435456
118.625    0.147946269704
118.75    0.139174999373
118.875    0.140252612586
119.0    0.141981805879
119.125    0.142119640127
119.25    0.141994336265
119.375    0.141994336265
120.0    0.138861739719
120.125    0.139337894394
120.25    0.140277673358
120.375    0.14066611533
120.5    0.141129739619
120.625    0.141505651204
120.75    0.147858557001
120.875    0.148472545924
121.0    0.15397338546
121.125    0.153121319199
121.25    0.139074756284
121.375    0.14151818159
121.5    0.143009297547
121.625    0.142395308623
121.75    0.142483021327
121.875    0.142921584843
122.0    0.141280104253
122.125    0.141543242363
122.25    0.142157231286
122.375    0.142846402526
122.5    0.14795880009
122.625    0.148409893993
122.75    0.147921208932
122.875    0.13501491116
123.0    0.142082048969
123.125    0.141593363907
123.25    0.141756258928
123.375    0.14257073403
123.5    0.141956745107
123.625    0.141956745107
123.75    0.142620855575
123.875    0.142432899782
124.0    0.141380347342
124.125    0.134839485753
124.25    0.140440568378
124.375    0.141330225798
124.5    0.139174999373
124.625    0.139588502118
124.75    0.138448236975
124.875    0.153396987695
125.0    0.14309701025
125.125    0.143059419091
125.25    0.143510512994
125.375    0.143234844498
125.5    0.142858932912
125.625    0.143134601408
125.75    0.143385209132
125.875    0.141793850086
126.0    0.149424855274
126.125    0.14943738566
126.25    0.149775706087
126.375    0.149412324888
126.5    0.14362328647
126.625    0.143961606897
126.75    0.144412700799
126.875    0.143836303035
127.0    0.14421221462
127.125    0.142295065534
127.25    0.1421447009
127.375    0.14204445781
127.5    0.140791419192
127.625    0.140064656793
127.75    0.139926822545
127.875    0.13935042478
128.0    0.13908728667
128.125    0.139588502118
128.25    0.139976944089
128.375    0.139826579455
128.5    0.144249805779
128.625    0.143610756084
128.75    0.141204921936
128.875    0.141204921936
129.0    0.140791419192
129.125    0.141869032404
129.25    0.14204445781
129.375    0.142107109741
129.5    0.140290203744
129.625    0.14092925344
129.75    0.140440568378
129.875    0.140916723053
130.0    0.141869032404
130.125    0.14336014836
130.25    0.140377916447
130.375    0.140803949578
130.5    0.136330601709
130.625    0.150853319299
130.75    0.153384457309
130.875    0.151166578954
131.0    0.138811618174
131.125    0.140553341854
131.25    0.140102247951
131.375    0.141981805879
131.5    0.141793850086
131.625    0.140052126407
131.75    0.13945066787
131.875    0.139162468987
132.0    0.139049695512
132.125    0.13918752976
132.25    0.138636192767
132.375    0.140327794903
132.5    0.145427662081
132.625    0.141806380473
132.75    0.140089717565
132.875    0.139751397138
133.0    0.142858932912
133.125    0.142883993685
133.25    0.140866601509
133.375    0.139538380573
133.5    0.145678269804
133.625    0.145841164825
133.75    0.1459539383
133.875    0.145828634439
134.0    0.143936546124
134.125    0.143936546124
134.25    0.143435330677
134.375    0.143510512994
134.5    0.140691176102
134.625    0.128774778839
134.75    0.139738866752
134.875    0.152407087186
135.0    0.15318397113
135.125    0.137282911059
135.25    0.137232789515
135.375    0.139413076711
135.5    0.141067087688
135.625    0.1417813197
135.75    0.141818910859
135.875    0.142132170514
136.0    0.142094579355
136.125    0.142257474375
136.25    0.142971706388
136.375    0.142871463298
136.5    0.138072325389
136.625    0.138498358519
136.75    0.136004811668
136.875    0.136355662482
137.0    0.140540811468
137.125    0.142320126306
137.25    0.143397739518
137.375    0.135729143172
137.5    0.141280104253
137.625    0.140841540736
137.75    0.140428037992
137.875    0.141818910859
138.0    0.13744580608
138.125    0.137934491141
138.25    0.138109916548
138.375    0.137433275694
138.5    0.141956745107
138.625    0.142282535148
138.75    0.142282535148
138.875    0.1440493196
139.0    0.144287396938
139.125    0.14431245771
139.25    0.143936546124
139.375    0.140164899882
139.5    0.142357717465
139.625    0.145928877528
139.75    0.144324988096
139.875    0.135365761973
140.0    0.140177430268
140.125    0.140077187179
140.25    0.140189960655
140.375    0.140189960655
140.5    0.143234844498
140.625    0.142320126306
140.75    0.141743728542
140.875    0.142608325189
141.0    0.133661629451
141.125    0.133837054858
141.25    0.142382778237
141.375    0.143648347242
141.5    0.143385209132
141.625    0.143685938401
141.75    0.143999198055
141.875    0.143773651104
142.0    0.140390446834
142.125    0.14056587224
142.25    0.14092925344
142.375    0.159674711175
142.5    0.155928125705
142.625    0.143510512994
142.75    0.142006866652
142.875    0.145289827832
143.0    0.140478159537
143.125    0.140528281082
143.25    0.139538380573
143.375    0.139688745207
143.5    0.122609828835
143.625    0.134263087988
143.75    0.141543242363
143.875    0.142420369396
144.0    0.141530711977
144.125    0.141430468887
144.25    0.141869032404
144.375    0.141605894294
144.5    0.139676214821
144.625    0.129727088189
144.75    0.140540811468
144.875    0.141117209232
145.0    0.141668546225
145.125    0.141668546225
145.25    0.141831441245
145.375    0.156642357717
145.5    0.14447535273
145.625    0.149550159136
145.75    0.146793474175
145.875    0.143021827933
146.0    0.138874270105
146.125    0.138936922036
146.25    0.139513319801
146.375    0.139651154049
146.5    0.141994336265
146.625    0.143009297547
146.75    0.142483021327
146.875    0.141718667769
147.0    0.140377916447
147.125    0.141179861163
147.25    0.141204921936
147.375    0.1417813197
147.5    0.136681452522
147.625    0.137057364108
147.75    0.136894469088
147.875    0.140478159537
148.0    0.142495551713
148.125    0.143059419091
148.25    0.139287772849
148.375    0.13945066787
148.5    0.145064280881
148.625    0.144813673157
148.75    0.144024258828
148.875    0.14257073403
149.0    0.138786557402
149.125    0.139287772849
149.25    0.139601032504
149.375    0.140127308724
149.5    0.14917424755
149.625    0.150239330376
149.75    0.135491065835
149.875    0.135653960855
150.0    0.139901761772
150.125    0.140164899882
150.25    0.140240082199
150.375    0.140428037992
150.5    0.140603463399
150.625    0.140954314212
150.75    0.140916723053
150.875    0.139388015939
151.0    0.138448236975
151.125    0.138410645816
151.25    0.138410645816
151.375    0.138410645816
151.5    0.137019772949
151.625    0.136994712177
151.75    0.136117585144
151.875    0.13623035862
152.0    0.133561386362
152.125    0.133561386362
152.25    0.133561386362
152.375    0.144462822344
152.5    0.144262336165
152.625    0.143284966043
152.75    0.143497982608
152.875    0.145314888605
153.0    0.13892439165
153.125    0.141104678846
153.25    0.141417938501
153.375    0.140478159537
153.5    0.140703706488
153.625    0.140816479964
153.75    0.141016966143
153.875    0.141292634639
154.0    0.141079618074
154.125    0.141179861163
154.25    0.139312833622
154.375    0.141405408115
154.5    0.143710999173
154.625    0.143046888705
154.75    0.143046888705
154.875    0.143385209132
155.0    0.14056587224
155.125    0.141305165025
155.25    0.141104678846
155.375    0.14204445781
155.5    0.14273362905
155.625    0.14273362905
155.75    0.142708568278
155.875    0.142746159437
156.0    0.138636192767
156.125    0.138197629251
156.25    0.135729143172
156.375    0.138786557402
156.5    0.141493120818
156.625    0.142119640127
156.75    0.143046888705
156.875    0.143197253339
157.0    0.140528281082
157.125    0.139588502118
157.25    0.140991905371
157.375    0.151818159036
157.5    0.142207352831
157.625    0.145415131694
157.75    0.141768789314
157.875    0.142244943989
158.0    0.138072325389
158.125    0.13839811543
158.25    0.135215397339
158.375    0.135227927725
158.5    0.141417938501
158.625    0.141493120818
158.75    0.141894093176
158.875    0.142683507506
159.0    0.14336014836
159.125    0.143761120718
159.25    0.144350048869
159.375    0.141217452322
159.5    0.145314888605
159.625    0.145653209032
159.75    0.144776081999
159.875    0.146004059845
160.0    0.13961356289
160.125    0.13961356289
160.25    0.13961356289
160.375    0.140089717565
160.5    0.137859308824
160.625    0.13718266797
160.75    0.138285341954
160.875    0.137408214921
161.0    0.143209783726
161.125    0.142821341754
161.25    0.144776081999
161.375    0.131406159938
161.5    0.137734004962
161.625    0.136380723254
161.75    0.13649349673
161.875    0.136355662482
162.0    0.13623035862
162.125    0.137282911059
162.25    0.1376087011
162.375    0.137533518783
162.5    0.139500789414
162.625    0.139713805979
162.75    0.138774027016
162.875    0.140553341854
163.0    0.144099441145
163.125    0.144124501917
163.25    0.14447535273
163.375    0.14230759592
163.5    0.143335087587
163.625    0.142758689823
163.75    0.142495551713
163.875    0.14579104328
164.0    0.142846402526
164.125    0.143034358319
164.25    0.143034358319
164.375    0.14325990527
164.5    0.140327794903
164.625    0.140290203744
164.75    0.13882414856
164.875    0.13882414856
165.0    0.132972458211
165.125    0.138861739719
165.25    0.139651154049
165.375    0.139174999373
165.5    0.142533142871
165.625    0.142533142871
165.75    0.141681076611
165.875    0.141681076611
166.0    0.138548480064
166.125    0.141480590432
166.25    0.14161842468
166.375    0.141793850086
166.5    0.139012104353
166.625    0.139425607097
166.75    0.139914292158
166.875    0.139851640228
167.0    0.129088038493
167.125    0.141292634639
167.25    0.143961606897
167.375    0.143961606897
167.5    0.1417813197
167.625    0.142370247851
167.75    0.140052126407
167.875    0.1417813197
168.0    0.138586071223
168.125    0.138586071223
168.25    0.139225120918
168.375    0.14056587224
168.5    0.136631330978
168.625    0.137671353031
168.75    0.137821717665
168.875    0.138172568479
169.0    0.135415883518
169.125    0.135215397339
169.25    0.135328170814
169.375    0.136368192868
169.5    0.137470866852
169.625    0.137470866852
169.75    0.137470866852
169.875    0.138059795003
170.0    0.140265142972
170.125    0.140265142972
170.25    0.140453098764
170.375    0.140164899882
170.5    0.140027065634
170.625    0.140027065634
170.75    0.140027065634
170.875    0.140290203744
171.0    0.144111971531
171.125    0.14447535273
171.25    0.143560634539
171.375    0.143961606897
171.5    0.138210159637
171.625    0.138210159637
171.75    0.138761496629
171.875    0.139099817056
172.0    0.136418314412
172.125    0.136606270205
172.25    0.133874646017
172.375    0.136668922136
172.5    0.13491466807
172.625    0.13491466807
172.75    0.132558955467
172.875    0.132558955467
173.0    0.134137784126
173.125    0.133661629451
173.25    0.133761872541
173.375    0.13491466807
173.5    0.134463574167
173.625    0.133398491342
173.75    0.134889607298
173.875    0.134889607298
174.0    0.135290579656
174.125    0.135378292359
174.25    0.136318071323
174.375    0.137157607197
174.5    0.144538004661
174.625    0.144137032303
174.75    0.144299927324
174.875    0.144688369296
175.0    0.134413452623
175.125    0.134701651505
175.25    0.134676590733
175.375    0.134325739919
175.5    0.142257474375
175.625    0.142508082099
175.75    0.143059419091
175.875    0.143184722953
176.0    0.128950204245
176.125    0.129501541238
176.25    0.143974137283
176.375    0.142620855575
176.5    0.143209783726
176.625    0.143159662181
176.75    0.14325990527
176.875    0.14325990527
177.0    0.146467684134
177.125    0.131481342255
177.25    0.13359897752
177.375    0.131030248352
177.5    0.135541187379
177.625    0.135829386262
177.75    0.135829386262
177.875    0.136079993985
178.0    0.142896524071
178.125    0.141656015838
178.25    0.142971706388
178.375    0.143673408014
178.5    0.13813497732
178.625    0.138360524271
178.75    0.139676214821
178.875    0.140164899882
179.0    0.136969651405
179.125    0.136894469088
179.25    0.137307971832
179.375    0.137132546425
180.0    0.14684359572
180.125    0.14684359572
180.25    0.142056988196
180.375    0.144801142771
180.5    0.136631330978
180.625    0.136631330978
180.75    0.136982181791
180.875    0.136982181791
181.0    0.139964413703
181.125    0.139475728642
181.25    0.142019397038
181.375    0.141405408115
181.5    0.139676214821
181.625    0.140390446834
181.75    0.140390446834
181.875    0.139375485552
182.0    0.132320878129
182.125    0.132320878129
182.25    0.132421121219
182.375    0.131782071523
182.5    0.134526226098
182.625    0.138047264617
182.75    0.138047264617
182.875    0.138523419292
183.0    0.133837054858
183.125    0.13475177305
183.25    0.149036413302
183.375    0.149512567977
183.5    0.137107485653
183.625    0.137107485653
183.75    0.137533518783
183.875    0.137884369596
184.0    0.137358093376
184.125    0.137358093376
184.25    0.137408214921
184.375    0.137408214921
184.5    0.136957121018
184.625    0.136932060246
184.75    0.137433275694
184.875    0.137721474576
185.0    0.136894469088
185.125    0.137282911059
185.25    0.136543618274
185.375    0.137696413803
185.5    0.140941783826
185.625    0.140979374984
185.75    0.135628900083
185.875    0.138423176202
186.0    0.14082901035
186.125    0.14082901035
186.25    0.14082901035
186.375    0.142558203644
186.5    0.13327318748
186.625    0.135165275794
186.75    0.135165275794
186.875    0.136079993985
187.0    0.137245319901
187.125    0.137245319901
187.25    0.1357040824
187.375    0.135115154249
187.5    0.136004811668
187.625    0.135954690124
187.75    0.134877076912
187.875    0.1501265569
188.0    0.138373054658
188.125    0.138373054658
188.25    0.138373054658
188.375    0.138160038092
188.5    0.139337894394
188.625    0.139337894394
188.75    0.139413076711
188.875    0.138899330877
189.0    0.137069894494
189.125    0.137069894494
189.25    0.137170137584
189.375    0.137596170714
189.5    0.13317294439
189.625    0.13317294439
189.75    0.134513695712
189.875    0.134275618375
190.0    0.139651154049
190.125    0.139513319801
190.25    0.139513319801
190.375    0.139413076711
190.5    0.13744580608
190.625    0.137671353031
190.75    0.137746535348
190.875    0.127446557903
191.0    0.136543618274
191.125    0.136142645916
191.25    0.136117585144
191.375    0.136606270205
191.5    0.136280480164
191.625    0.135278049269
191.75    0.135278049269
191.875    0.135278049269
192.0    0.136443375185
192.125    0.136881938701
192.25    0.136944590632
192.375    0.136192767461
192.5    0.139513319801
192.625    0.139400546325
192.75    0.139388015939
192.875    0.139388015939
193.0    0.136531087888
193.125    0.136531087888
193.25    0.136531087888
193.375    0.135804325489
193.5    0.132095331178
193.625    0.132095331178
193.75    0.132095331178
193.875    0.131844723454
194.0    0.135766734331
194.125    0.135616369697
194.25    0.1357040824
194.375    0.136105054758
194.5    0.138235220409
194.625    0.137683883417
194.75    0.135090093477
194.875    0.137633761873
195.0    0.141593363907
195.125    0.142006866652
195.25    0.141768789314
195.375    0.142019397038
195.5    0.136343132095
195.625    0.136355662482
195.75    0.136906999474
195.875    0.137533518783
196.0    0.14119239155
196.125    0.14119239155
196.25    0.136405784026
196.375    0.136405784026
196.5    0.13681928677
196.625    0.136869408315
196.75    0.139275242463
196.875    0.133448612886
197.0    0.140641054557
197.125    0.130366137884
197.25    0.140791419192
197.375    0.141806380473
197.5    0.137696413803
197.625    0.13945066787
197.75    0.137683883417
197.875    0.136982181791
198.0    0.133573916748
198.125    0.133573916748
198.25    0.133561386362
198.375    0.133711750996
198.5    0.137370623763
198.625    0.135729143172
198.75    0.13649349673
198.875    0.134413452623
199.0    0.13744580608
199.125    0.137533518783
199.25    0.137508458011
199.375    0.137884369596
199.5    0.138786557402
199.625    0.138911861264
199.75    0.138911861264
199.875    0.138786557402
200.0    0.138448236975
200.125    0.139575971731
200.25    0.139550910959
200.375    0.139550910959
200.5    0.135102623863
200.625    0.135102623863
200.75    0.135102623863
200.875    0.13507756309
201.0    0.134438513395
201.125    0.134501165326
201.25    0.134501165326
201.375    0.134638999574
201.5    0.14003959602
201.625    0.139312833622
201.75    0.139262712077
201.875    0.140603463399
202.0    0.135829386262
202.125    0.135829386262
202.25    0.135829386262
202.375    0.13623035862
202.5    0.13829787234
202.625    0.135478535448
202.75    0.140202491041
202.875    0.138811618174
203.0    0.138774027016
203.125    0.139200060146
203.25    0.139525850187
203.375    0.139738866752
203.5    0.137646292259
203.625    0.138084855775
203.75    0.138335463499
203.875    0.138573540837
204.0    0.133837054858
204.125    0.144299927324
204.25    0.144299927324
204.375    0.143272435656
204.5    0.140365386061
204.625    0.140916723053
204.75    0.141079618074
204.875    0.136117585144
205.0    0.13639325364
205.125    0.13639325364
205.25    0.137495927624
205.375    0.137495927624
205.5    0.132082800792
205.625    0.132421121219
205.75    0.128712126908
205.875    0.128862491542
206.0    0.146116833321
206.125    0.146605518382
206.25    0.136042402827
206.375    0.136192767461
206.5    0.145490314011
206.625    0.145377540536
206.75    0.141919153948
206.875    0.142746159437
207.0    0.139839109841
207.125    0.139839109841
207.25    0.140089717565
207.375    0.137120016039
207.5    0.13301004937
207.625    0.13301004937
207.75    0.133385960955
207.875    0.140540811468
208.0    0.135954690124
208.125    0.135954690124
208.25    0.136004811668
208.375    0.13507756309
208.5    0.13918752976
208.625    0.13918752976
208.75    0.139563441345
208.875    0.139588502118
209.0    0.125967972333
209.125    0.125967972333
209.25    0.125993033105
209.375    0.123825276295
209.5    0.138022203844
209.625    0.137997143072
209.75    0.138673783926
209.875    0.138185098865
210.0    0.136167706689
210.125    0.135190336566
210.25    0.136430844799
210.375    0.135365761973
210.5    0.140340325289
210.625    0.140340325289
210.75    0.140265142972
210.875    0.140778888805
211.0    0.134889607298
211.125    0.134852016139
211.25    0.135591308924
211.375    0.136217828233
211.5    0.134526226098
211.625    0.134613938802
211.75    0.134338270305
211.875    0.133285717866
212.0    0.137295441446
212.125    0.137145076811
212.25    0.137132546425
212.375    0.137132546425
212.5    0.136806756384
212.625    0.137257850287
212.75    0.135653960855
212.875    0.135616369697
213.0    0.139124877829
213.125    0.136769165226
213.25    0.13655614866
213.375    0.136618800591
213.5    0.133724281382
213.625    0.136932060246
213.75    0.133724281382
213.875    0.134463574167
214.0    0.13813497732
214.125    0.138448236975
214.25    0.138072325389
214.375    0.138836678946
214.5    0.141242513094
214.625    0.140891662281
214.75    0.140189960655
214.875    0.138285341954
215.0    0.135679021627
215.125    0.135679021627
215.25    0.135729143172
215.375    0.136004811668
215.5    0.134563817257
215.625    0.136267949778
215.75    0.134613938802
215.875    0.135039971932
216.0    0.139701275593
216.125    0.139688745207
216.25    0.140691176102
216.375    0.141204921936
216.5    0.145177054357
216.625    0.131381099165
216.75    0.131280856076
216.875    0.131205673759
217.0    0.137959551913
217.125    0.139463198256
217.25    0.136618800591
217.375    0.138109916548
217.5    0.138322933113
217.625    0.138322933113
217.75    0.139638623662
217.875    0.13839811543
218.0    0.132270756585
218.125    0.131569054958
218.25    0.131631706889
218.375    0.131631706889
218.5    0.128712126908
218.625    0.131067839511
218.75    0.131067839511
218.875    0.145327418991
219.0    0.140390446834
219.125    0.14013983911
219.25    0.140453098764
219.375    0.140854071122
219.5    0.129664436258
219.625    0.129664436258
219.75    0.129752148961
219.875    0.14716938576
220.0    0.134162844899
220.125    0.134350800692
220.25    0.134350800692
220.375    0.134350800692
220.5    0.132508833922
220.625    0.132659198556
220.75    0.132922336666
220.875    0.133448612886
221.0    0.130992657194
221.125    0.132396060447
221.25    0.132947397439
221.375    0.132897275894
221.5    0.139626093276
221.625    0.139976944089
221.75    0.139976944089
221.875    0.142721098664
222.0    0.133135353232
222.125    0.133385960955
222.25    0.135102623863
222.375    0.135215397339
222.5    0.144688369296
222.625    0.144688369296
222.75    0.144688369296
222.875    0.130716988698
223.0    0.137107485653
223.125    0.137107485653
223.25    0.13623035862
223.375    0.135616369697
223.5    0.136142645916
223.625    0.136142645916
223.75    0.143685938401
223.875    0.143685938401
224.0    0.135578778538
224.125    0.135578778538
224.25    0.135641430469
224.375    0.135628900083
224.5    0.136794225998
224.625    0.136668922136
224.75    0.135679021627
224.875    0.137132546425
225.0    0.135879507806
225.125    0.137734004962
225.25    0.137696413803
225.375    0.137896899982
225.5    0.135779264717
225.625    0.135779264717
225.75    0.135566248152
225.875    0.137120016039
226.0    0.136643861364
226.125    0.136631330978
226.25    0.136318071323
226.375    0.135679021627
226.5    0.134200436057
226.625    0.133586447134
226.75    0.133523795203
226.875    0.134187905671
227.0    0.136806756384
227.125    0.137170137584
227.25    0.137746535348
227.375    0.137683883417
227.5    0.13290980628
227.625    0.137834248052
227.75    0.134501165326
227.875    0.138473297747
228.0    0.141142270005
228.125    0.141154800391
228.25    0.141067087688
228.375    0.141455529659
228.5    0.138247750796
228.625    0.138235220409
228.75    0.136443375185
228.875    0.139964413703
229.0    0.130704458311
229.125    0.1273588452
229.25    0.131493872641
229.375    0.132007618475
229.5    0.136744104453
229.625    0.136355662482
229.75    0.136355662482
229.875    0.135691552014
230.0    0.140528281082
230.125    0.141405408115
230.25    0.140415507606
230.375    0.141204921936
230.5    0.145878755983
230.625    0.142896524071
230.75    0.142783750595
230.875    0.143397739518
231.0    0.1357040824
231.125    0.139876701
231.25    0.138523419292
231.375    0.139876701
231.5    0.131581585344
231.625    0.13205774002
231.75    0.132045209633
231.875    0.13238353006
232.0    0.132709320101
232.125    0.132709320101
232.25    0.132408590833
232.375    0.13143122071
232.5    0.12614339774
232.625    0.12614339774
232.75    0.124978071824
232.875    0.125454226499
233.0    0.141956745107
233.125    0.142445430168
233.25    0.143660877628
233.375    0.14378618149
233.5    0.138673783926
233.625    0.138974513194
233.75    0.136468435957
233.875    0.133260657093
234.0    0.136180237075
234.125    0.136142645916
234.25    0.136330601709
234.375    0.135578778538
234.5    0.133335839411
234.625    0.133523795203
234.75    0.134588878029
234.875    0.135591308924
235.0    0.13935042478
235.125    0.140440568378
235.25    0.140590933013
235.375    0.141856502017
235.5    0.13248377315
235.625    0.132358469288
235.75    0.132922336666
235.875    0.133323309024
236.0    0.139713805979
236.125    0.140340325289
236.25    0.140503220309
236.375    0.14040297722
236.5    0.134789364208
236.625    0.134864546525
236.75    0.138022203844
236.875    0.137859308824
237.0    0.132496303536
237.125    0.133837054858
237.25    0.132834623963
237.375    0.133774402927
237.5    0.140728767261
237.625    0.140478159537
237.75    0.142721098664
237.875    0.143122071022
238.0    0.132609077012
238.125    0.133248126707
238.25    0.133649099065
238.375    0.134162844899
238.5    0.139124877829
238.625    0.139688745207
238.75    0.139839109841
238.875    0.139638623662
239.0    0.142432899782
239.125    0.144274866551
239.25    0.143310026815
239.375    0.143272435656
240.0    0.132558955467
240.125    0.132759441646
240.25    0.132358469288
240.375    0.128536701501
240.5    0.145603087487
240.625    0.145139463198
240.75    0.147056612285
240.875    0.1463173195
241.0    0.143059419091
241.125    0.143736059945
241.25    0.144237275393
241.375    0.144663308523
241.5    0.144538004661
241.625    0.145202115129
241.75    0.145427662081
241.875    0.146041651004
242.0    0.1315314638
242.125    0.130691927925
242.25    0.130879883718
242.375    0.130391198657
242.5    0.145126932812
242.625    0.143084479864
242.75    0.143084479864
242.875    0.14447535273
243.0    0.145202115129
243.125    0.144074380372
243.25    0.144124501917
243.375    0.144124501917
243.5    0.139688745207
243.625    0.130416259429
243.75    0.130428789815
243.875    0.134238027216
244.0    0.144425231186
244.125    0.147545297346
244.25    0.142508082099
244.375    0.143222314112
244.5    0.1482219382
244.625    0.148146755883
244.75    0.150164148059
244.875    0.150164148059
245.0    0.144061849986
245.125    0.144425231186
245.25    0.144287396938
245.375    0.144287396938
245.5    0.151229230885
245.625    0.151216700499
245.75    0.151930932511
245.875    0.153672656191
246.0    0.154700147859
246.125    0.154286645114
246.25    0.155063529058
246.375    0.154637495928
246.5    0.137232789515
246.625    0.133198005163
246.75    0.134375861464
246.875    0.134588878029
247.0    0.144324988096
247.125    0.14414956269
247.25    0.143823772649
247.375    0.12968949703
247.5    0.139550910959
247.625    0.139788988297
247.75    0.14066611533
247.875    0.139638623662
248.0    0.141668546225
248.125    0.143974137283
248.25    0.143410269905
248.375    0.148259529359
248.5    0.145339949377
248.625    0.145590557101
248.75    0.142896524071
248.875    0.145465253239
249.0    0.141869032404
249.125    0.141856502017
249.25    0.141718667769
249.375    0.141568303135
249.5    0.144024258828
249.625    0.144400170413
249.75    0.142658446733
249.875    0.14414956269
250.0    0.136330601709
250.125    0.136944590632
250.25    0.135954690124
250.375    0.135628900083
250.5    0.141931684335
250.625    0.141969275493
250.75    0.142119640127
250.875    0.143247374884
251.0    0.143861363807
251.125    0.143159662181
251.25    0.145440192467
251.375    0.142959176002
251.5    0.145427662081
251.625    0.144437761572
251.75    0.144174623462
251.875    0.14431245771
252.0    0.145014159336
252.125    0.145014159336
252.25    0.144387640027
252.375    0.144387640027
252.5    0.144011728441
252.625    0.144074380372
252.75    0.142696037892
252.875    0.14980076686
253.0    0.136343132095
253.125    0.136643861364
253.25    0.13596722051
253.375    0.136418314412
253.5    0.143422800291
253.625    0.141969275493
253.75    0.144400170413
253.875    0.144588126206
254.0    0.136405784026
254.125    0.136831817157
254.25    0.136831817157
254.375    0.136831817157
254.5    0.143122071022
254.625    0.142746159437
254.75    0.143961606897
254.875    0.142746159437
255.0    0.143159662181
255.125    0.142608325189
255.25    0.143873894193
255.375    0.143848833421
255.5    0.132621607398
255.625    0.131907375385
255.75    0.145227175902
255.875    0.145227175902
256.0    0.146405032203
256.125    0.14562814826
256.25    0.145590557101
256.375    0.146392501817
256.5    0.143159662181
256.625    0.143823772649
256.75    0.144801142771
256.875    0.145552965942
257.0    0.141944214721
257.125    0.142295065534
257.25    0.142232413603
257.375    0.141305165025
257.5    0.139375485552
257.625    0.138047264617
257.75    0.139500789414
257.875    0.140202491041
258.0    0.139651154049
258.125    0.140152369496
258.25    0.140503220309
258.375    0.140503220309
258.5    0.127020524773
258.625    0.127007994386
258.75    0.133198005163
258.875    0.133385960955
259.0    0.137433275694
259.125    0.137909430369
259.25    0.137909430369
259.375    0.137032303336
259.5    0.140377916447
259.625    0.139262712077
259.75    0.139688745207
259.875    0.14082901035
260.0    0.133573916748
260.125    0.133811994086
260.25    0.132609077012
260.375    0.132709320101
260.5    0.130666867153
260.625    0.13179460191
260.75    0.132045209633
260.875    0.132170513495
261.0    0.141004435757
261.125    0.140841540736
261.25    0.139099817056
261.375    0.139788988297
261.5    0.131656767662
261.625    0.149199308323
261.75    0.149261960254
261.875    0.131882314613
262.0    0.134162844899
262.125    0.135453474676
262.25    0.135140215021
262.375    0.135140215021
262.5    0.143924015738
262.625    0.14388642458
262.75    0.143460391449
262.875    0.143773651104
263.0    0.140189960655
263.125    0.141129739619
263.25    0.141129739619
263.375    0.139362955166
263.5    0.132897275894
263.625    0.133811994086
263.75    0.133811994086
263.875    0.133937297948
264.0    0.134902137684
264.125    0.134902137684
264.25    0.135691552014
264.375    0.135027441546
264.5    0.14056587224
264.625    0.14056587224
264.75    0.123023331579
264.875    0.121757762574
265.0    0.133072701301
265.125    0.132370999674
265.25    0.132308347743
265.375    0.132584016239
265.5    0.138235220409
265.625    0.139012104353
265.75    0.139012104353
265.875    0.138523419292
266.0    0.154161341253
266.125    0.154161341253
266.25    0.147144324988
266.375    0.147144324988
266.5    0.133260657093
266.625    0.133198005163
266.75    0.133849585244
266.875    0.13317294439
267.0    0.123725033206
267.125    0.123725033206
267.25    0.123699972433
267.375    0.123975640929
267.5    0.133122822845
267.625    0.132095331178
267.75    0.132934867053
267.875    0.132934867053
268.0    0.142783750595
268.125    0.142244943989
268.25    0.141793850086
268.375    0.14378618149
268.5    0.128887552314
268.625    0.129727088189
268.75    0.126820038594
268.875    0.129501541238
269.0    0.133260657093
269.125    0.133473673659
269.25    0.133548855976
269.375    0.141104678846
269.5    0.13274691126
269.625    0.132797032805
269.75    0.132621607398
269.875    0.132734380874
270.0    0.124790116031
270.125    0.124790116031
270.25    0.124790116031
270.375    0.125065784527
270.5    0.140941783826
270.625    0.140941783826
270.75    0.13665639175
270.875    0.13665639175
271.0    0.122371751497
271.125    0.122371751497
271.25    0.121569806781
271.375    0.123424303937
271.5    0.132157983109
271.625    0.132320878129
271.75    0.132533894695
271.875    0.131406159938
272.0    0.127559331379
272.125    0.131055309125
272.25    0.13100518758
272.375    0.129088038493
272.5    0.131418690324
272.625    0.131456281483
272.75    0.131280856076
272.875    0.131381099165
273.0    0.133899706789
273.125    0.134150314513
273.25    0.13422549683
273.375    0.134425983009
273.5    0.13169435882
273.625    0.131907375385
273.75    0.131443751096
273.875    0.130729519084
274.0    0.134150314513
274.125    0.134939728842
274.25    0.133022579756
274.375    0.133047640528
274.5    0.131205673759
274.625    0.132132922337
274.75    0.130967596421
274.875    0.131180612986
275.0    0.125742425382
275.125    0.12646918778
275.25    0.130303485953
275.375    0.12725860211
275.5    0.131569054958
275.625    0.131569054958
275.75    0.132947397439
275.875    0.131669298048
276.0    0.130854822946
276.125    0.131669298048
276.25    0.13126832569
276.375    0.13143122071
276.5    0.131844723454
276.625    0.132258226199
276.75    0.131944966544
276.875    0.136217828233
277.0    0.131819662682
277.125    0.132032679247
277.25    0.133285717866
277.375    0.133636568679
277.5    0.131769541137
277.625    0.13222063504
277.75    0.132396060447
277.875    0.132258226199
278.0    0.131155552214
278.125    0.131356038393
278.25    0.131193143373
278.375    0.131481342255
278.5    0.132609077012
278.625    0.132258226199
278.75    0.119289276496
278.875    0.118036237877
279.0    0.130691927925
279.125    0.131518933414
279.25    0.1315314638
279.375    0.130842292559
279.5    0.135152745408
279.625    0.134814424981
279.75    0.134413452623
279.875    0.134776833822
280.0    0.126895220911
280.125    0.126882690525
280.25    0.126644613187
280.375    0.126682204346
280.5    0.131180612986
280.625    0.127634513696
280.75    0.12762198331
280.875    0.127421497131
281.0    0.135917098965
281.125    0.132584016239
281.25    0.13264666817
281.375    0.13264666817
281.5    0.122071022229
281.625    0.125842668471
281.75    0.125842668471
281.875    0.125855198857
282.0    0.124476856377
282.125    0.121457033306
282.25    0.121431972533
282.375    0.121457033306
282.5    0.127885121419
282.625    0.11786081247
282.75    0.118587574869
282.875    0.131293386462
283.0    0.128348745708
283.125    0.128323684936
283.25    0.128185850688
283.375    0.128448988798
283.5    0.136318071323
283.625    0.125717364609
283.75    0.125930381174
283.875    0.126293762374
284.0    0.128950204245
284.125    0.128950204245
284.25    0.129050447335
284.375    0.129275994286
284.5    0.127910182192
284.625    0.12778487833
284.75    0.130729519084
284.875    0.130704458311
285.0    0.129539132396
285.125    0.129489010851
285.25    0.128336215322
285.375    0.12847404957
285.5    0.129113099266
285.625    0.130341077112
285.75    0.130666867153
285.875    0.130278425181
286.0    0.137884369596
286.125    0.138109916548
286.25    0.137796656893
286.375    0.138172568479
286.5    0.127972834123
286.625    0.127972834123
286.75    0.126506778939
286.875    0.127709696013
287.0    0.12916322081
287.125    0.129338646217
287.25    0.13057915445
287.375    0.129714557803
287.5    0.127997894895
287.625    0.128060546826
287.75    0.127459088289
287.875    0.127634513696
288.0    0.127997894895
288.125    0.128687066135
288.25    0.128862491542
288.375    0.128862491542
288.5    0.129877452823
288.625    0.129877452823
288.75    0.127584392151
288.875    0.127872591033
289.0    0.13047891136
289.125    0.130428789815
289.25    0.13031601634
289.375    0.13031601634
289.5    0.121795353733
289.625    0.12187053605
289.75    0.130779640629
289.875    0.131456281483
290.0    0.130140590933
290.125    0.130190712478
290.25    0.130140590933
290.375    0.12847404957
290.5    0.128123198757
290.625    0.127985364509
290.75    0.128348745708
290.875    0.130416259429
291.0    0.127534270606
291.125    0.12752174022
291.25    0.12752174022
291.375    0.127734756785
291.5    0.131982557702
291.625    0.13222063504
291.75    0.13222063504
291.875    0.131606646117
292.0    0.130366137884
292.125    0.132696789715
292.25    0.131280856076
292.375    0.130817231787
292.5    0.145891286369
292.625    0.124802646418
292.75    0.124802646418
292.875    0.124890359121
293.0    0.127672104854
293.125    0.127935242964
293.25    0.128286093777
293.375    0.130128060547
293.5    0.128824900383
293.625    0.129138160038
293.75    0.127997894895
293.875    0.129889983209
294.0    0.132684259329
294.125    0.132759441646
294.25    0.132721850487
294.375    0.132847154349
294.5    0.125529408816
294.625    0.125529408816
294.75    0.132095331178
294.875    0.132183043881
295.0    0.136506027116
295.125    0.140002004862
295.25    0.138899330877
295.375    0.139688745207
295.5    0.126018093878
295.625    0.123023331579
295.75    0.124389143673
295.875    0.123737563592
296.0    0.125441696113
296.125    0.126256171215
296.25    0.126356414305
296.375    0.125942911561
296.5    0.130328546726
296.625    0.130140590933
296.75    0.130290955567
296.875    0.128386336867
297.0    0.127847530261
297.125    0.128223441846
297.25    0.12804801644
297.375    0.128373806481
297.5    0.127747287171
297.625    0.126820038594
297.75    0.130228303636
297.875    0.129990226299
298.0    0.125140966845
298.125    0.124890359121
298.25    0.124940480666
298.375    0.125078314914
298.5    0.125416635341
298.625    0.128849961156
298.75    0.1292634639
298.875    0.129626845099
299.0    0.125529408816
299.125    0.126005563491
299.25    0.126005563491
299.375    0.12673232589
300.0    0.128348745708
300.125    0.128348745708
300.25    0.129363706989
300.375    0.129664436258
300.5    0.129639375486
300.625    0.129576723555
300.75    0.129576723555
300.875    0.129752148961
301.0    0.126982933614
301.125    0.127195950179
301.25    0.129889983209
301.375    0.129376237376
301.5    0.12308598351
301.625    0.123549607799
301.75    0.123537077413
301.875    0.123637320502
302.0    0.129388767762
302.125    0.130341077112
302.25    0.130278425181
302.375    0.130353607498
302.5    0.12630629276
302.625    0.126769917049
302.75    0.125592060747
302.875    0.126907751297
303.0    0.132634137784
303.125    0.132959927825
303.25    0.132959927825
303.375    0.13222063504
303.5    0.128123198757
303.625    0.128599353432
303.75    0.128173320302
303.875    0.128887552314
304.0    0.129965165526
304.125    0.130529032905
304.25    0.13057915445
304.375    0.130967596421
304.5    0.131944966544
304.625    0.131944966544
304.75    0.131857253841
304.875    0.132471242764
305.0    0.133761872541
305.125    0.133711750996
305.25    0.127434027517
305.375    0.127434027517
305.5    0.133122822845
305.625    0.13353632559
305.75    0.129576723555
305.875    0.129852392051
306.0    0.132308347743
306.125    0.12978974012
306.25    0.130428789815
306.375    0.124213718267
306.5    0.129539132396
306.625    0.126268701601
306.75    0.126394005463
306.875    0.127997894895
307.0    0.1209182267
307.125    0.1209182267
307.25    0.120968348244
307.375    0.124501917149
307.5    0.131731949979
307.625    0.125429165727
307.75    0.125429165727
307.875    0.125341453024
308.0    0.12847404957
308.125    0.12847404957
308.25    0.128336215322
308.375    0.131055309125
308.5    0.133548855976
308.625    0.133548855976
308.75    0.132947397439
308.875    0.132809563191
309.0    0.133385960955
309.125    0.132634137784
309.25    0.133072701301
309.375    0.131944966544
309.5    0.127108237476
309.625    0.127108237476
309.75    0.127108237476
309.875    0.130629275994
310.0    0.139225120918
310.125    0.139200060146
310.25    0.139250181691
310.375    0.139939352931
310.5    0.125704834223
310.625    0.127133298248
310.75    0.127408966744
310.875    0.12910056888
311.0    0.127860060647
311.125    0.128674535749
311.25    0.128411397639
311.375    0.127434027517
311.5    0.126231110443
311.625    0.125416635341
311.75    0.125930381174
311.875    0.126857629752
312.0    0.126293762374
312.125    0.126556900484
312.25    0.126556900484
312.375    0.129476480465
312.5    0.133085231687
312.625    0.130779640629
312.75    0.128762248452
312.875    0.129927574368
313.0    0.127772347944
313.125    0.127997894895
313.25    0.128022955668
313.375    0.128499110343
313.5    0.132270756585
313.625    0.132609077012
313.75    0.133298248252
313.875    0.129927574368
314.0    0.127709696013
314.125    0.12683256898
314.25    0.127421497131
314.375    0.128912613087
314.5    0.126882690525
314.625    0.127120767862
314.75    0.127195950179
314.875    0.127647044082
315.0    0.128110668371
315.125    0.128110668371
315.25    0.127647044082
315.375    0.127747287171
315.5    0.126068215422
315.625    0.126431596622
315.75    0.127960303737
315.875    0.127158359021
316.0    0.127797408716
316.125    0.127797408716
316.25    0.127484149061
316.375    0.128148259529
316.5    0.130015287071
316.625    0.130090469388
316.75    0.130153121319
316.875    0.130378668271
317.0    0.130930005263
317.125    0.131193143373
