0.0    0.530509745127
0.125    0.528635682159
0.25    0.536581709145
0.375    0.574512743628
0.5    0.543403298351
0.625    0.617391304348
0.75    0.57023988006
0.875    0.585457271364
1.0    0.56844077961
1.125    0.573988005997
1.25    0.560494752624
1.375    0.597301349325
1.5    0.603073463268
1.625    0.60059970015
1.75    0.571289355322
1.875    0.609895052474
2.0    0.573163418291
2.125    0.512068965517
2.25    0.529685157421
2.375    0.506971514243
2.5    0.557571214393
2.625    0.585757121439
2.75    0.555622188906
2.875    0.553298350825
3.0    0.585607196402
3.125    0.577511244378
3.25    0.558245877061
3.375    0.606746626687
3.5    0.568065967016
3.625    0.524962518741
3.75    0.586506746627
3.875    0.575187406297
4.0    0.587556221889
4.125    0.588455772114
4.25    0.567541229385
4.375    0.569715142429
4.5    0.557946026987
4.625    0.600524737631
4.75    0.584257871064
4.875    0.570089955022
5.0    0.578785607196
5.125    0.600074962519
5.25    0.594152923538
5.375    0.573538230885
5.5    0.574887556222
5.625    0.575412293853
5.75    0.562593703148
5.875    0.561769115442
6.0    0.560044977511
6.125    0.569415292354
6.25    0.535907046477
6.375    0.516491754123
6.5    0.547151424288
6.625    0.553148425787
6.75    0.53688155922
6.875    0.529235382309
7.0    0.544302848576
7.125    0.536731634183
7.25    0.56371814093
7.375    0.54227886057
7.5    0.572413793103
7.625    0.605997001499
7.75    0.602248875562
7.875    0.589430284858
8.0    0.536131934033
8.125    0.544752623688
8.25    0.551349325337
8.375    0.531409295352
8.5    0.549625187406
8.625    0.493853073463
8.75    0.529310344828
8.875    0.51011994003
9.0    0.613343328336
9.125    0.592053973013
9.25    0.550674662669
9.375    0.567916041979
9.5    0.570614692654
9.625    0.58748125937
9.75    0.582233883058
9.875    0.572113943028
10.0    0.553748125937
10.125    0.57383808096
10.25    0.571214392804
10.375    0.570464767616
10.5    0.548350824588
10.625    0.550074962519
10.75    0.546626686657
10.875    0.598350824588
11.0    0.540254872564
11.125    0.542053973013
11.25    0.579685157421
11.375    0.587031484258
11.5    0.569190404798
11.625    0.537331334333
11.75    0.539580209895
11.875    0.534932533733
12.0    0.540854572714
12.125    0.577061469265
12.25    0.549100449775
12.375    0.549775112444
12.5    0.589055472264
12.625    0.552623688156
12.75    0.553373313343
12.875    0.52736131934
13.0    0.531409295352
13.125    0.47323838081
13.25    0.543403298351
13.375    0.519265367316
13.5    0.566116941529
13.625    0.56904047976
13.75    0.568590704648
13.875    0.550524737631
14.0    0.525787106447
14.125    0.558545727136
14.25    0.550524737631
14.375    0.575187406297
14.5    0.514092953523
14.625    0.538380809595
14.75    0.548875562219
14.875    0.559820089955
15.0    0.56784107946
15.125    0.553073463268
15.25    0.526236881559
15.375    0.568365817091
15.5    0.5511994003
15.625    0.576611694153
15.75    0.546026986507
15.875    0.591829085457
16.0    0.547301349325
16.125    0.574887556222
16.25    0.518815592204
16.375    0.583058470765
16.5    0.545952023988
16.625    0.520089955022
16.75    0.575487256372
16.875    0.570689655172
17.0    0.534707646177
17.125    0.531484257871
17.25    0.527736131934
17.375    0.539355322339
17.5    0.570389805097
17.625    0.540779610195
17.75    0.578860569715
17.875    0.538905547226
18.0    0.544377811094
18.125    0.548950524738
18.25    0.521889055472
18.375    0.565142428786
18.5    0.532983508246
18.625    0.531784107946
18.75    0.516866566717
18.875    0.523988005997
19.0    0.559970014993
19.125    0.52616191904
19.25    0.588380809595
19.375    0.567991004498
19.5    0.57916041979
19.625    0.587781109445
19.75    0.551124437781
19.875    0.553073463268
20.0    0.52676161919
20.125    0.542953523238
20.25    0.546776611694
20.375    0.57383808096
20.5    0.570989505247
20.625    0.541529235382
20.75    0.505622188906
20.875    0.605622188906
21.0    0.555997001499
21.125    0.554047976012
21.25    0.548050974513
21.375    0.595277361319
21.5    0.471364317841
21.625    0.508845577211
21.75    0.50952023988
21.875    0.50952023988
22.0    0.520314842579
22.125    0.528335832084
22.25    0.524287856072
22.375    0.512743628186
22.5    0.589355322339
22.625    0.535232383808
22.75    0.53868065967
22.875    0.546776611694
23.0    0.528635682159
23.125    0.532908545727
23.25    0.546701649175
23.375    0.520464767616
23.5    0.546101949025
23.625    0.513343328336
23.75    0.537931034483
23.875    0.538755622189
24.0    0.493553223388
24.125    0.511094452774
24.25    0.555247376312
24.375    0.553148425787
24.5    0.543403298351
24.625    0.575487256372
24.75    0.543028485757
24.875    0.56071964018
25.0    0.509295352324
25.125    0.551724137931
25.25    0.543328335832
25.375    0.555922038981
25.5    0.469790104948
25.625    0.498500749625
25.75    0.586731634183
25.875    0.530659670165
26.0    0.51131934033
26.125    0.507421289355
26.25    0.564542728636
26.375    0.539580209895
26.5    0.544602698651
26.625    0.663043478261
26.75    0.604497751124
26.875    0.589655172414
27.0    0.570314842579
27.125    0.552173913043
27.25    0.549700149925
27.375    0.627061469265
27.5    0.565592203898
27.625    0.564542728636
27.75    0.529610194903
27.875    0.553073463268
28.0    0.486506746627
28.125    0.509295352324
28.25    0.549100449775
28.375    0.572938530735
28.5    0.494152923538
28.625    0.494527736132
28.75    0.4964017991
28.875    0.458845577211
29.0    0.514542728636
29.125    0.5464017991
29.25    0.548950524738
29.375    0.496026986507
29.5    0.530134932534
29.625    0.579535232384
29.75    0.577811094453
29.875    0.524737631184
30.0    0.562893553223
30.125    0.557796101949
30.25    0.540854572714
30.375    0.510569715142
30.5    0.483583208396
30.625    0.495952023988
30.75    0.502623688156
30.875    0.504047976012
31.0    0.576461769115
31.125    0.564092953523
31.25    0.572713643178
31.375    0.532233883058
31.5    0.587556221889
31.625    0.587556221889
31.75    0.501349325337
31.875    0.497301349325
32.0    0.538530734633
32.125    0.51131934033
32.25    0.58035982009
32.375    0.550074962519
32.5    0.510044977511
32.625    0.582308845577
32.75    0.568365817091
32.875    0.571739130435
33.0    0.58155922039
33.125    0.55299850075
33.25    0.526311844078
33.375    0.516716641679
33.5    0.523988005997
33.625    0.485757121439
33.75    0.481409295352
33.875    0.507271364318
34.0    0.557346326837
34.125    0.600974512744
34.25    0.553523238381
34.375    0.547526236882
34.5    0.54167916042
34.625    0.549100449775
34.75    0.557946026987
34.875    0.540179910045
35.0    0.518740629685
35.125    0.490179910045
35.25    0.517091454273
35.375    0.527736131934
35.5    0.538155922039
35.625    0.553073463268
35.75    0.552923538231
35.875    0.558995502249
36.0    0.543928035982
36.125    0.583433283358
36.25    0.538605697151
36.375    0.558020989505
36.5    0.558095952024
36.625    0.600824587706
36.75    0.541904047976
36.875    0.53628185907
37.0    0.551124437781
37.125    0.552848575712
37.25    0.571664167916
37.375    0.497451274363
37.5    0.502473763118
37.625    0.490179910045
37.75    0.55
37.875    0.511244377811
38.0    0.611544227886
38.125    0.568815592204
38.25    0.592353823088
38.375    0.606446776612
38.5    0.545202398801
38.625    0.518665667166
38.75    0.512743628186
38.875    0.514092953523
39.0    0.4976011994
39.125    0.503373313343
39.25    0.549100449775
39.375    0.510419790105
39.5    0.507571214393
39.625    0.527061469265
39.75    0.560344827586
39.875    0.519340329835
40.0    0.528110944528
40.125    0.480509745127
40.25    0.536581709145
40.375    0.550449775112
40.5    0.500524737631
40.625    0.500749625187
40.75    0.50652173913
40.875    0.555547226387
41.0    0.476236881559
41.125    0.514992503748
41.25    0.572788605697
41.375    0.539580209895
41.5    0.521139430285
41.625    0.517916041979
41.75    0.564542728636
41.875    0.573463268366
42.0    0.519865067466
42.125    0.540629685157
42.25    0.50952023988
42.375    0.555472263868
42.5    0.468890554723
42.625    0.50772113943
42.75    0.523988005997
42.875    0.514542728636
43.0    0.518365817091
43.125    0.511619190405
43.25    0.503073463268
43.375    0.511094452774
43.5    0.505322338831
43.625    0.492428785607
43.75    0.512293853073
43.875    0.486956521739
44.0    0.47976011994
44.125    0.494452773613
44.25    0.505472263868
44.375    0.503823088456
44.5    0.496476761619
44.625    0.477886056972
44.75    0.512443778111
44.875    0.509220389805
45.0    0.539955022489
45.125    0.505172413793
45.25    0.48095952024
45.375    0.481034482759
45.5    0.481709145427
45.625    0.522188905547
45.75    0.500899550225
45.875    0.469790104948
46.0    0.50712143928
46.125    0.461394302849
46.25    0.478860569715
46.375    0.494977511244
46.5    0.497301349325
46.625    0.493103448276
46.75    0.545802098951
46.875    0.50832083958
47.0    0.485832083958
47.125    0.544677661169
47.25    0.515967016492
47.375    0.541604197901
47.5    0.512743628186
47.625    0.476236881559
47.75    0.477136431784
47.875    0.519565217391
48.0    0.485007496252
48.125    0.43808095952
48.25    0.440779610195
48.375    0.549625187406
48.5    0.546626686657
48.625    0.493628185907
48.75    0.538980509745
48.875    0.467466266867
49.0    0.469115442279
49.125    0.53928035982
49.25    0.53035982009
49.375    0.494752623688
49.5    0.493028485757
49.625    0.493553223388
49.75    0.497226386807
49.875    0.560269865067
50.0    0.521139430285
50.125    0.496326836582
50.25    0.496326836582
50.375    0.505547226387
50.5    0.496926536732
50.625    0.43748125937
50.75    0.453898050975
50.875    0.473913043478
51.0    0.465592203898
51.125    0.497976011994
51.25    0.47736131934
51.375    0.450224887556
51.5    0.47616191904
51.625    0.398575712144
51.75    0.402248875562
51.875    0.569190404798
52.0    0.484482758621
52.125    0.543703148426
52.25    0.491454272864
52.375    0.458170914543
52.5    0.517616191904
52.625    0.510794602699
52.75    0.518740629685
52.875    0.508995502249
53.0    0.45299850075
53.125    0.458545727136
53.25    0.45772113943
53.375    0.512968515742
53.5    0.5023988006
53.625    0.506371814093
53.75    0.483058470765
53.875    0.55892053973
54.0    0.513868065967
54.125    0.475487256372
54.25    0.475412293853
54.375    0.458170914543
54.5    0.449850074963
54.625    0.480734632684
54.75    0.44940029985
54.875    0.55
55.0    0.490704647676
55.125    0.447451274363
55.25    0.468365817091
55.375    0.473613193403
55.5    0.528110944528
55.625    0.546176911544
55.75    0.45179910045
55.875    0.452848575712
56.0    0.532533733133
56.125    0.484032983508
56.25    0.472563718141
56.375    0.509895052474
56.5    0.468590704648
56.625    0.482383808096
56.75    0.497301349325
56.875    0.47916041979
57.0    0.48035982009
57.125    0.484407796102
57.25    0.48275862069
57.375    0.475637181409
57.5    0.4976011994
57.625    0.482608695652
57.75    0.445352323838
57.875    0.481934032984
58.0    0.490179910045
58.125    0.490179910045
58.25    0.485382308846
58.375    0.477211394303
58.5    0.502848575712
58.625    0.530434782609
58.75    0.564917541229
58.875    0.491829085457
59.0    0.475337331334
59.125    0.500899550225
59.25    0.5023988006
59.375    0.498275862069
59.5    0.432308845577
59.625    0.464767616192
59.75    0.45652173913
59.875    0.508245877061
60.0    0.498275862069
60.125    0.486506746627
60.25    0.534857571214
60.375    0.589505247376
60.5    0.465892053973
60.625    0.579610194903
60.75    0.52023988006
60.875    0.498725637181
61.0    0.487406296852
61.125    0.518515742129
61.25    0.485532233883
61.375    0.484857571214
61.5    0.557946026987
61.625    0.520764617691
61.75    0.509145427286
61.875    0.509070464768
62.0    0.488755622189
62.125    0.488755622189
62.25    0.503148425787
62.375    0.47676161919
62.5    0.453823088456
62.625    0.485832083958
62.75    0.468740629685
62.875    0.458470764618
63.0    0.479010494753
63.125    0.47856071964
63.25    0.490254872564
63.375    0.488755622189
63.5    0.490779610195
63.625    0.49227886057
63.75    0.522938530735
63.875    0.48395802099
64.0    0.496476761619
64.125    0.501874062969
64.25    0.516266866567
64.375    0.528935532234
64.5    0.507946026987
64.625    0.47616191904
64.75    0.482983508246
64.875    0.488605697151
65.0    0.478035982009
65.125    0.514167916042
65.25    0.514692653673
65.375    0.573688155922
65.5    0.513943028486
65.625    0.505247376312
65.75    0.515667166417
65.875    0.479010494753
66.0    0.400899550225
66.125    0.538905547226
66.25    0.483733133433
66.375    0.483058470765
66.5    0.49287856072
66.625    0.465142428786
66.75    0.467391304348
66.875    0.466266866567
67.0    0.495577211394
67.125    0.498875562219
67.25    0.489355322339
67.375    0.48808095952
67.5    0.490104947526
67.625    0.499700149925
67.75    0.54167916042
67.875    0.502548725637
68.0    0.499475262369
68.125    0.506596701649
68.25    0.586206896552
68.375    0.528860569715
68.5    0.539505247376
68.625    0.537106446777
68.75    0.531859070465
68.875    0.479985007496
69.0    0.44820089955
69.125    0.452773613193
69.25    0.51011994003
69.375    0.535457271364
69.5    0.534332833583
69.625    0.512143928036
69.75    0.518590704648
69.875    0.53748125937
70.0    0.497151424288
70.125    0.471289355322
70.25    0.449025487256
70.375    0.441454272864
70.5    0.48335832084
70.625    0.506821589205
70.75    0.481334332834
70.875    0.483883058471
71.0    0.519790104948
71.125    0.483583208396
71.25    0.485832083958
71.375    0.483583208396
71.5    0.480659670165
71.625    0.464392803598
71.75    0.419940029985
71.875    0.456821589205
72.0    0.464467766117
72.125    0.475637181409
72.25    0.52796101949
72.375    0.528410794603
72.5    0.518065967016
72.625    0.504422788606
72.75    0.509370314843
72.875    0.52323838081
73.0    0.487556221889
73.125    0.492578710645
73.25    0.472488755622
73.375    0.488980509745
73.5    0.481859070465
73.625    0.468590704648
73.75    0.485832083958
73.875    0.485907046477
74.0    0.52676161919
74.125    0.52676161919
74.25    0.474737631184
74.375    0.519940029985
74.5    0.488755622189
74.625    0.475787106447
74.75    0.544152923538
74.875    0.548950524738
75.0    0.515067466267
75.125    0.515967016492
75.25    0.466116941529
75.375    0.468740629685
75.5    0.502698650675
75.625    0.497151424288
75.75    0.5023988006
75.875    0.455172413793
76.0    0.551049475262
76.125    0.509145427286
76.25    0.518665667166
76.375    0.457421289355
76.5    0.485757121439
76.625    0.48095952024
76.75    0.516791604198
76.875    0.519490254873
77.0    0.46964017991
77.125    0.461769115442
77.25    0.500749625187
77.375    0.469715142429
77.5    0.510794602699
77.625    0.506971514243
77.75    0.503148425787
77.875    0.489580209895
78.0    0.524062968516
78.125    0.492053973013
78.25    0.505247376312
78.375    0.511094452774
78.5    0.489955022489
78.625    0.48868065967
78.75    0.488305847076
78.875    0.480059970015
79.0    0.540704647676
79.125    0.541004497751
79.25    0.510494752624
79.375    0.510494752624
79.5    0.499100449775
79.625    0.506746626687
79.75    0.477136431784
79.875    0.477511244378
80.0    0.510869565217
80.125    0.506971514243
80.25    0.508470764618
80.375    0.465367316342
80.5    0.521664167916
80.625    0.482458770615
80.75    0.483133433283
80.875    0.463493253373
81.0    0.49227886057
81.125    0.475037481259
81.25    0.477511244378
81.375    0.474362818591
81.5    0.536506746627
81.625    0.521514242879
81.75    0.528485757121
81.875    0.47323838081
82.0    0.509820089955
82.125    0.526611694153
82.25    0.538755622189
82.375    0.474812593703
82.5    0.460869565217
82.625    0.453298350825
82.75    0.464392803598
82.875    0.482833583208
83.0    0.473763118441
83.125    0.508620689655
83.25    0.481634182909
83.375    0.48748125937
83.5    0.523088455772
83.625    0.516266866567
83.75    0.523688155922
83.875    0.519115442279
84.0    0.523538230885
84.125    0.499550224888
84.25    0.461244377811
84.375    0.464992503748
84.5    0.52263868066
84.625    0.479535232384
84.75    0.469265367316
84.875    0.515967016492
85.0    0.527061469265
85.125    0.527061469265
85.25    0.456821589205
85.375    0.43988005997
85.5    0.515592203898
85.625    0.485382308846
85.75    0.485157421289
85.875    0.510869565217
86.0    0.505472263868
86.125    0.506896551724
86.25    0.510494752624
86.375    0.507196401799
86.5    0.500224887556
86.625    0.506446776612
86.75    0.532233883058
86.875    0.51251874063
87.0    0.511169415292
87.125    0.502098950525
87.25    0.516341829085
87.375    0.504872563718
87.5    0.49700149925
87.625    0.462593703148
87.75    0.453223388306
87.875    0.472488755622
88.0    0.481409295352
88.125    0.484482758621
88.25    0.521514242879
88.375    0.481109445277
88.5    0.476611694153
88.625    0.522788605697
88.75    0.511019490255
88.875    0.566191904048
89.0    0.529010494753
89.125    0.532833583208
89.25    0.576536731634
89.375    0.491604197901
89.5    0.499175412294
89.625    0.516041979011
89.75    0.529085457271
89.875    0.530059970015
90.0    0.470389805097
90.125    0.499550224888
90.25    0.531409295352
90.375    0.445052473763
90.5    0.485682158921
90.625    0.485232383808
90.75    0.487406296852
90.875    0.505922038981
91.0    0.504947526237
91.125    0.507571214393
91.25    0.532008995502
91.375    0.505922038981
91.5    0.5011994003
91.625    0.482383808096
91.75    0.487631184408
91.875    0.487406296852
92.0    0.477211394303
92.125    0.483583208396
92.25    0.482383808096
92.375    0.503373313343
92.5    0.5
92.625    0.479535232384
92.75    0.453523238381
92.875    0.481109445277
93.0    0.502098950525
93.125    0.483583208396
93.25    0.484857571214
93.375    0.487406296852
93.5    0.590104947526
93.625    0.523463268366
93.75    0.530734632684
93.875    0.51191904048
94.0    0.502773613193
94.125    0.485232383808
94.25    0.458620689655
94.375    0.468365817091
94.5    0.493703148426
94.625    0.500374812594
94.75    0.530884557721
94.875    0.500674662669
95.0    0.472188905547
95.125    0.47263868066
95.25    0.462593703148
95.375    0.467541229385
95.5    0.502848575712
95.625    0.466941529235
95.75    0.547376311844
95.875    0.479610194903
96.0    0.521664167916
96.125    0.450974512744
96.25    0.461694152924
96.375    0.468740629685
96.5    0.517091454273
96.625    0.507946026987
96.75    0.506971514243
96.875    0.508470764618
97.0    0.481484257871
97.125    0.500374812594
97.25    0.493103448276
97.375    0.475637181409
97.5    0.521514242879
97.625    0.47323838081
97.75    0.50772113943
97.875    0.472863568216
98.0    0.482608695652
98.125    0.493328335832
98.25    0.482608695652
98.375    0.486356821589
98.5    0.483808095952
98.625    0.479610194903
98.75    0.511169415292
98.875    0.534782608696
99.0    0.51071964018
99.125    0.515067466267
99.25    0.510044977511
99.375    0.480809595202
99.5    0.521364317841
99.625    0.52263868066
99.75    0.521814092954
99.875    0.454872563718
100.0    0.526386806597
100.125    0.489130434783
100.25    0.484332833583
100.375    0.518290854573
100.5    0.472113943028
100.625    0.489355322339
100.75    0.543253373313
100.875    0.537706146927
101.0    0.445727136432
101.125    0.429835082459
101.25    0.461394302849
101.375    0.484857571214
101.5    0.477061469265
101.625    0.425187406297
101.75    0.515067466267
101.875    0.450449775112
102.0    0.459970014993
102.125    0.451349325337
102.25    0.503073463268
102.375    0.495052473763
102.5    0.509895052474
102.625    0.516416791604
102.75    0.487106446777
102.875    0.505922038981
103.0    0.50179910045
103.125    0.501349325337
103.25    0.533883058471
103.375    0.538305847076
103.5    0.518890554723
103.625    0.511469265367
103.75    0.531034482759
103.875    0.513568215892
104.0    0.536506746627
104.125    0.536506746627
104.25    0.516716641679
104.375    0.492353823088
104.5    0.479985007496
104.625    0.487856071964
104.75    0.520164917541
104.875    0.51251874063
105.0    0.468140929535
105.125    0.488755622189
105.25    0.450824587706
105.375    0.518665667166
105.5    0.459970014993
105.625    0.464467766117
105.75    0.459670164918
105.875    0.511169415292
106.0    0.520089955022
106.125    0.524062968516
106.25    0.515442278861
106.375    0.509820089955
106.5    0.539130434783
106.625    0.477136431784
106.75    0.486581709145
106.875    0.480059970015
107.0    0.484782608696
107.125    0.487931034483
107.25    0.477586206897
107.375    0.477586206897
107.5    0.470989505247
107.625    0.463193403298
107.75    0.495652173913
107.875    0.488605697151
108.0    0.533433283358
108.125    0.504272863568
108.25    0.469715142429
108.375    0.467991004498
108.5    0.452473763118
108.625    0.48155922039
108.75    0.447301349325
108.875    0.45
109.0    0.481934032984
109.125    0.515967016492
109.25    0.474962518741
109.375    0.51011994003
109.5    0.3964017991
109.625    0.511994002999
109.75    0.40712143928
109.875    0.407196401799
110.0    0.48035982009
110.125    0.46784107946
110.25    0.465817091454
110.375    0.466191904048
110.5    0.502548725637
110.625    0.501874062969
110.75    0.506746626687
110.875    0.50179910045
111.0    0.482908545727
111.125    0.482083958021
111.25    0.519265367316
111.375    0.485832083958
111.5    0.514842578711
111.625    0.49227886057
111.75    0.492428785607
111.875    0.516566716642
112.0    0.499475262369
112.125    0.498275862069
112.25    0.478935532234
112.375    0.488455772114
112.5    0.516866566717
112.625    0.482308845577
112.75    0.471814092954
112.875    0.479835082459
113.0    0.475637181409
113.125    0.497076461769
113.25    0.489805097451
113.375    0.487631184408
113.5    0.517691154423
113.625    0.482908545727
113.75    0.510569715142
113.875    0.544902548726
114.0    0.507946026987
114.125    0.475637181409
114.25    0.459670164918
114.375    0.495127436282
114.5    0.514242878561
114.625    0.511994002999
114.75    0.502473763118
114.875    0.504497751124
115.0    0.486956521739
115.125    0.493103448276
115.25    0.461694152924
115.375    0.468065967016
115.5    0.519940029985
115.625    0.549475262369
115.75    0.540854572714
115.875    0.480809595202
116.0    0.468515742129
116.125    0.459070464768
116.25    0.493553223388
116.375    0.482308845577
116.5    0.512293853073
116.625    0.462968515742
116.75    0.520989505247
116.875    0.522188905547
117.0    0.470464767616
117.125    0.482308845577
117.25    0.446701649175
117.375    0.46844077961
117.5    0.485832083958
117.625    0.428635682159
117.75    0.45652173913
117.875    0.515067466267
118.0    0.520689655172
118.125    0.521364317841
118.25    0.495502248876
118.375    0.477061469265
118.5    0.486581709145
118.625    0.467991004498
118.75    0.477811094453
118.875    0.530434782609
119.0    0.446851574213
119.125    0.446776611694
119.25    0.455397301349
119.375    0.507571214393
120.0    0.461244377811
120.125    0.464917541229
120.25    0.465667166417
120.375    0.458095952024
120.5    0.506296851574
120.625    0.473763118441
120.75    0.484557721139
120.875    0.482383808096
121.0    0.527661169415
121.125    0.525562218891
121.25    0.517766116942
121.375    0.510044977511
121.5    0.474962518741
121.625    0.39347826087
121.75    0.403448275862
121.875    0.399925037481
122.0    0.490629685157
122.125    0.535457271364
122.25    0.517541229385
122.375    0.468140929535
122.5    0.50892053973
122.625    0.471364317841
122.75    0.485682158921
122.875    0.484632683658
123.0    0.459295352324
123.125    0.46964017991
123.25    0.451424287856
123.375    0.478935532234
123.5    0.455997001499
123.625    0.470164917541
123.75    0.471364317841
123.875    0.477061469265
124.0    0.526611694153
124.125    0.493103448276
124.25    0.536731634183
124.375    0.51191904048
124.5    0.482383808096
124.625    0.526986506747
124.75    0.516866566717
124.875    0.482608695652
125.0    0.456671664168
125.125    0.476011994003
125.25    0.450149925037
125.375    0.415967016492
125.5    0.474287856072
125.625    0.437706146927
125.75    0.476311844078
125.875    0.503748125937
126.0    0.479385307346
126.125    0.479910044978
126.25    0.482908545727
126.375    0.490779610195
126.5    0.482008995502
126.625    0.473313343328
126.75    0.502173913043
126.875    0.502548725637
127.0    0.548950524738
127.125    0.486056971514
127.25    0.521964017991
127.375    0.529985007496
127.5    0.43988005997
127.625    0.492503748126
127.75    0.476911544228
127.875    0.47203898051
128.0    0.443703148426
128.125    0.419940029985
128.25    0.46604197901
128.375    0.44700149925
128.5    0.469115442279
128.625    0.479010494753
128.75    0.488230884558
128.875    0.498350824588
129.0    0.496326836582
129.125    0.535832083958
129.25    0.524662668666
129.375    0.494752623688
129.5    0.426986506747
129.625    0.485157421289
129.75    0.487931034483
129.875    0.487931034483
130.0    0.499250374813
130.125    0.489355322339
130.25    0.487631184408
130.375    0.501574212894
130.5    0.467016491754
130.625    0.469415292354
130.75    0.478185907046
130.875    0.463268365817
131.0    0.489580209895
131.125    0.491529235382
131.25    0.478860569715
131.375    0.480659670165
131.5    0.424962518741
131.625    0.419340329835
131.75    0.426011994003
131.875    0.465142428786
132.0    0.452848575712
132.125    0.482908545727
132.25    0.493028485757
132.375    0.522563718141
132.5    0.485757121439
132.625    0.486656671664
132.75    0.48095952024
132.875    0.48275862069
133.0    0.488380809595
133.125    0.488380809595
133.25    0.483433283358
133.375    0.501124437781
133.5    0.466941529235
133.625    0.466791604198
133.75    0.475337331334
133.875    0.487556221889
134.0    0.440629685157
134.125    0.478485757121
134.25    0.506671664168
134.375    0.507046476762
134.5    0.476461769115
134.625    0.478410794603
134.75    0.534257871064
134.875    0.49227886057
135.0    0.504872563718
135.125    0.499175412294
135.25    0.487706146927
135.375    0.48335832084
135.5    0.468590704648
135.625    0.494527736132
135.75    0.498050974513
135.875    0.468740629685
136.0    0.473313343328
136.125    0.46724137931
136.25    0.44167916042
136.375    0.478635682159
136.5    0.472788605697
136.625    0.483133433283
136.75    0.472863568216
136.875    0.444302848576
137.0    0.396551724138
137.125    0.440629685157
137.25    0.396776611694
137.375    0.418215892054
137.5    0.469490254873
137.625    0.455472263868
137.75    0.455697151424
137.875    0.456671664168
138.0    0.485832083958
138.125    0.40712143928
138.25    0.428635682159
138.375    0.444077961019
138.5    0.45
138.625    0.454872563718
138.75    0.446026986507
138.875    0.449250374813
139.0    0.492203898051
139.125    0.443928035982
139.25    0.444302848576
139.375    0.48335832084
139.5    0.48335832084
139.625    0.402548725637
139.75    0.430134932534
139.875    0.432458770615
140.0    0.466116941529
140.125    0.433883058471
140.25    0.443553223388
140.375    0.44227886057
140.5    0.449700149925
140.625    0.479310344828
140.75    0.524287856072
140.875    0.496026986507
141.0    0.447151424288
141.125    0.459970014993
141.25    0.455772113943
141.375    0.455547226387
141.5    0.439730134933
141.625    0.449175412294
141.75    0.449175412294
141.875    0.452548725637
142.0    0.430134932534
142.125    0.42143928036
142.25    0.426011994003
142.375    0.442803598201
142.5    0.449325337331
142.625    0.46604197901
142.75    0.455772113943
142.875    0.452923538231
143.0    0.463868065967
143.125    0.481034482759
143.25    0.473088455772
143.375    0.442728635682
143.5    0.494677661169
143.625    0.457946026987
143.75    0.454572713643
143.875    0.446476761619
144.0    0.47676161919
144.125    0.491004497751
144.25    0.489805097451
144.375    0.482908545727
144.5    0.48628185907
144.625    0.48628185907
144.75    0.453973013493
144.875    0.456896551724
145.0    0.468290854573
145.125    0.493928035982
145.25    0.45832083958
145.375    0.462818590705
145.5    0.428410794603
145.625    0.450299850075
145.75    0.441979010495
145.875    0.450449775112
146.0    0.468140929535
146.125    0.466566716642
146.25    0.436131934033
146.375    0.436131934033
146.5    0.487781109445
146.625    0.493178410795
146.75    0.484557721139
146.875    0.441604197901
147.0    0.447076461769
147.125    0.465142428786
147.25    0.508020989505
147.375    0.428335832084
147.5    0.405847076462
147.625    0.440929535232
147.75    0.438755622189
147.875    0.451349325337
148.0    0.462968515742
148.125    0.458245877061
148.25    0.448050974513
148.375    0.439580209895
148.5    0.468965517241
148.625    0.459970014993
148.75    0.449025487256
148.875    0.484407796102
149.0    0.443853073463
149.125    0.463493253373
149.25    0.437331334333
149.375    0.425637181409
149.5    0.46131934033
149.625    0.458845577211
149.75    0.466341829085
149.875    0.456671664168
150.0    0.439055472264
150.125    0.465292353823
150.25    0.45772113943
150.375    0.470089955022
150.5    0.467316341829
150.625    0.471214392804
150.75    0.473913043478
150.875    0.453898050975
151.0    0.47143928036
151.125    0.450149925037
151.25    0.441379310345
151.375    0.427886056972
151.5    0.475937031484
151.625    0.472413793103
151.75    0.454572713643
151.875    0.454197901049
152.0    0.428860569715
152.125    0.434332833583
152.25    0.439955022489
152.375    0.433583208396
152.5    0.471289355322
152.625    0.470914542729
152.75    0.47676161919
152.875    0.477211394303
153.0    0.450899550225
153.125    0.454872563718
153.25    0.455847076462
153.375    0.444902548726
153.5    0.463568215892
153.625    0.432458770615
153.75    0.472113943028
153.875    0.477586206897
154.0    0.479535232384
154.125    0.461094452774
154.25    0.46251874063
154.375    0.482083958021
154.5    0.421664167916
154.625    0.400974512744
154.75    0.419190404798
154.875    0.416791604198
155.0    0.463268365817
155.125    0.46251874063
155.25    0.466866566717
155.375    0.467091454273
155.5    0.459445277361
155.625    0.41371814093
155.75    0.430509745127
155.875    0.50952023988
156.0    0.43628185907
156.125    0.463643178411
156.25    0.463193403298
156.375    0.454197901049
156.5    0.486206896552
156.625    0.462068965517
156.75    0.441304347826
156.875    0.450824587706
157.0    0.464017991004
157.125    0.451574212894
157.25    0.464167916042
157.375    0.461469265367
157.5    0.411094452774
157.625    0.453223388306
157.75    0.499775112444
157.875    0.466716641679
158.0    0.469490254873
158.125    0.468815592204
158.25    0.468890554723
158.375    0.459670164918
158.5    0.475037481259
158.625    0.478260869565
158.75    0.46964017991
158.875    0.476536731634
159.0    0.469415292354
159.125    0.472713643178
159.25    0.471814092954
159.375    0.468890554723
159.5    0.422188905547
159.625    0.425637181409
159.75    0.426386806597
159.875    0.436731634183
160.0    0.447301349325
160.125    0.448425787106
160.25    0.4523988006
160.375    0.4523988006
160.5    0.431259370315
160.625    0.41904047976
160.75    0.417766116942
160.875    0.491229385307
161.0    0.449850074963
161.125    0.454122938531
161.25    0.454497751124
161.375    0.455322338831
161.5    0.450299850075
161.625    0.449100449775
161.75    0.425937031484
161.875    0.429010494753
162.0    0.464917541229
162.125    0.452698650675
162.25    0.445052473763
162.375    0.444827586207
162.5    0.455772113943
162.625    0.460344827586
162.75    0.432683658171
162.875    0.426611694153
163.0    0.449325337331
163.125    0.416716641679
163.25    0.417166416792
163.375    0.455997001499
163.5    0.467991004498
163.625    0.462968515742
163.75    0.46844077961
163.875    0.451049475262
164.0    0.474137931034
164.125    0.466566716642
164.25    0.469340329835
164.375    0.452623688156
164.5    0.433508245877
164.625    0.431784107946
164.75    0.433508245877
164.875    0.433658170915
165.0    0.421739130435
165.125    0.421739130435
165.25    0.420914542729
165.375    0.420989505247
165.5    0.465067466267
165.625    0.46371814093
165.75    0.447076461769
165.875    0.453448275862
166.0    0.428860569715
166.125    0.430584707646
166.25    0.448575712144
166.375    0.45
166.5    0.454647676162
166.625    0.434482758621
166.75    0.450299850075
166.875    0.452698650675
167.0    0.422938530735
167.125    0.421589205397
167.25    0.449550224888
167.375    0.449550224888
167.5    0.410419790105
167.625    0.43628185907
167.75    0.43628185907
167.875    0.436056971514
168.0    0.461994002998
168.125    0.425037481259
168.25    0.470089955022
168.375    0.502323838081
168.5    0.46904047976
168.625    0.464917541229
168.75    0.477661169415
168.875    0.477511244378
169.0    0.459970014993
169.125    0.4
169.25    0.461619190405
169.375    0.461619190405
169.5    0.470689655172
169.625    0.47083958021
169.75    0.455472263868
169.875    0.476686656672
170.0    0.421064467766
170.125    0.42143928036
170.25    0.426236881559
170.375    0.41904047976
170.5    0.441829085457
170.625    0.438380809595
170.75    0.436506746627
170.875    0.443403298351
171.0    0.488455772114
171.125    0.478710644678
171.25    0.482683658171
171.375    0.481259370315
171.5    0.420989505247
171.625    0.424962518741
171.75    0.428260869565
171.875    0.463043478261
172.0    0.413568215892
172.125    0.422188905547
172.25    0.421889055472
172.375    0.432608695652
172.5    0.467466266867
172.625    0.464917541229
172.75    0.443853073463
172.875    0.446701649175
173.0    0.428935532234
173.125    0.419415292354
173.25    0.423163418291
173.375    0.423163418291
173.5    0.426536731634
173.625    0.437256371814
173.75    0.427736131934
173.875    0.433658170915
174.0    0.438755622189
174.125    0.439655172414
174.25    0.440329835082
174.375    0.442053973014
174.5    0.453298350825
174.625    0.423613193403
174.75    0.424062968516
174.875    0.42383808096
175.0    0.449250374813
175.125    0.451874062969
175.25    0.452248875562
175.375    0.450824587706
175.5    0.447751124438
175.625    0.446476761619
175.75    0.44700149925
175.875    0.438155922039
176.0    0.440029985007
176.125    0.439580209895
176.25    0.414617691154
176.375    0.444002998501
176.5    0.45832083958
176.625    0.459370314843
176.75    0.457421289355
176.875    0.397976011994
177.0    0.374887556222
177.125    0.394827586207
177.25    0.385757121439
177.375    0.383808095952
177.5    0.411394302849
177.625    0.437256371814
177.75    0.420014992504
177.875    0.422563718141
178.0    0.443403298351
178.125    0.448650674663
178.25    0.447451274363
178.375    0.448725637181
178.5    0.435532233883
178.625    0.435082458771
178.75    0.422938530735
178.875    0.458845577211
179.0    0.45772113943
179.125    0.425187406297
179.25    0.414917541229
179.375    0.436506746627
180.0    0.402698650675
180.125    0.400674662669
180.25    0.401649175412
180.375    0.424587706147
180.5    0.383283358321
180.625    0.383658170915
180.75    0.385607196402
180.875    0.387256371814
181.0    0.405547226387
181.125    0.426311844078
181.25    0.424887556222
181.375    0.424887556222
181.5    0.374737631184
181.625    0.388305847076
181.75    0.380134932534
181.875    0.380134932534
182.0    0.434632683658
182.125    0.439655172414
182.25    0.439655172414
182.375    0.430884557721
182.5    0.377136431784
182.625    0.374437781109
182.75    0.37916041979
182.875    0.377886056972
183.0    0.456146926537
183.125    0.456146926537
183.25    0.499250374813
183.375    0.502773613193
183.5    0.422863568216
183.625    0.422938530735
183.75    0.421739130435
183.875    0.394152923538
184.0    0.411394302849
184.125    0.412593703148
184.25    0.412593703148
184.375    0.4476011994
184.5    0.438005997002
184.625    0.438005997002
184.75    0.438530734633
184.875    0.438530734633
185.0    0.431409295352
185.125    0.431409295352
185.25    0.411244377811
185.375    0.415592203898
185.5    0.407796101949
185.625    0.432083958021
185.75    0.43275862069
185.875    0.398275862069
186.0    0.397901049475
186.125    0.390629685157
186.25    0.390104947526
186.375    0.390104947526
186.5    0.386056971514
186.625    0.38808095952
186.75    0.38808095952
186.875    0.388455772114
187.0    0.425562218891
187.125    0.414617691154
187.25    0.425562218891
187.375    0.424812593703
187.5    0.42976011994
187.625    0.431859070465
187.75    0.431859070465
187.875    0.435682158921
188.0    0.450749625187
188.125    0.451574212894
188.25    0.451574212894
188.375    0.443253373313
188.5    0.43628185907
188.625    0.439055472264
188.75    0.437406296852
188.875    0.408095952024
189.0    0.392803598201
189.125    0.393853073463
189.25    0.419715142429
189.375    0.391904047976
189.5    0.449925037481
189.625    0.453298350825
189.75    0.410194902549
189.875    0.396851574213
190.0    0.412143928036
190.125    0.448725637181
190.25    0.447901049475
190.375    0.447901049475
190.5    0.394002998501
190.625    0.395202398801
190.75    0.402923538231
190.875    0.402923538231
191.0    0.396476761619
191.125    0.399325337331
191.25    0.401499250375
191.375    0.41011994003
191.5    0.438530734633
191.625    0.441154422789
191.75    0.444752623688
191.875    0.442578710645
192.0    0.425187406297
192.125    0.426836581709
192.25    0.417391304348
192.375    0.417766116942
192.5    0.431034482759
192.625    0.431034482759
192.75    0.440029985007
192.875    0.439655172414
193.0    0.410794602699
193.125    0.411544227886
193.25    0.41131934033
193.375    0.413343328336
193.5    0.414542728636
193.625    0.414542728636
193.75    0.404422788606
193.875    0.414542728636
194.0    0.437331334333
194.125    0.456746626687
194.25    0.454197901049
194.375    0.455397301349
194.5    0.42616191904
194.625    0.426536731634
194.75    0.449100449775
194.875    0.444002998501
195.0    0.432383808096
195.125    0.432383808096
195.25    0.458620689655
195.375    0.435382308846
195.5    0.426086956522
195.625    0.429835082459
195.75    0.430059970015
195.875    0.430059970015
196.0    0.40299850075
196.125    0.40299850075
196.25    0.403973013493
196.375    0.403973013493
196.5    0.402173913043
196.625    0.402173913043
196.75    0.402173913043
196.875    0.402923538231
197.0    0.465667166417
197.125    0.464992503748
197.25    0.456746626687
197.375    0.448125937031
197.5    0.410044977511
197.625    0.409745127436
197.75    0.408395802099
197.875    0.400749625187
198.0    0.387856071964
198.125    0.386431784108
198.25    0.412293853073
198.375    0.389955022489
198.5    0.408170914543
198.625    0.408170914543
198.75    0.408170914543
198.875    0.408170914543
199.0    0.399925037481
199.125    0.400674662669
199.25    0.435157421289
199.375    0.435157421289
199.5    0.415517241379
199.625    0.417616191904
199.75    0.41784107946
199.875    0.420164917541
200.0    0.438230884558
200.125    0.444602698651
200.25    0.443778110945
200.375    0.439355322339
200.5    0.455847076462
200.625    0.455847076462
200.75    0.461619190405
200.875    0.45832083958
201.0    0.449325337331
201.125    0.449325337331
201.25    0.449325337331
201.375    0.448125937031
201.5    0.398125937031
201.625    0.3964017991
201.75    0.407421289355
201.875    0.407421289355
202.0    0.41011994003
202.125    0.414542728636
202.25    0.41311844078
202.375    0.416266866567
202.5    0.415592203898
202.625    0.424062968516
202.75    0.424062968516
202.875    0.414092953523
203.0    0.412143928036
203.125    0.414542728636
203.25    0.417541229385
203.375    0.40892053973
203.5    0.421964017991
203.625    0.420764617691
203.75    0.410944527736
203.875    0.398725637181
204.0    0.42916041979
204.125    0.42916041979
204.25    0.429685157421
204.375    0.464842578711
204.5    0.410869565217
204.625    0.409295352324
204.75    0.409295352324
204.875    0.4
205.0    0.406971514243
205.125    0.406971514243
205.25    0.405397301349
205.375    0.408245877061
205.5    0.437556221889
205.625    0.424962518741
205.75    0.421814092954
205.875    0.421814092954
206.0    0.413343328336
206.125    0.404197901049
206.25    0.404197901049
206.375    0.415517241379
206.5    0.450299850075
206.625    0.453373313343
206.75    0.454647676162
206.875    0.450149925037
207.0    0.419115442279
207.125    0.419115442279
207.25    0.419265367316
207.375    0.423463268366
207.5    0.413943028486
207.625    0.413943028486
207.75    0.413943028486
207.875    0.406446776612
208.0    0.445352323838
208.125    0.445352323838
208.25    0.441004497751
208.375    0.439355322339
208.5    0.434332833583
208.625    0.437181409295
208.75    0.437181409295
208.875    0.435532233883
209.0    0.417166416792
209.125    0.417166416792
209.25    0.415967016492
209.375    0.414917541229
209.5    0.422788605697
209.625    0.393853073463
209.75    0.393103448276
209.875    0.410344827586
210.0    0.413268365817
210.125    0.413868065967
210.25    0.439730134933
210.375    0.408095952024
210.5    0.440404797601
210.625    0.440404797601
210.75    0.439205397301
210.875    0.445877061469
211.0    0.43688155922
211.125    0.43688155922
211.25    0.437256371814
211.375    0.437256371814
211.5    0.429910044978
211.625    0.429910044978
211.75    0.429685157421
211.875    0.432833583208
212.0    0.440854572714
212.125    0.453823088456
212.25    0.443403298351
212.375    0.443403298351
212.5    0.416191904048
212.625    0.420389805097
212.75    0.419715142429
212.875    0.419190404798
213.0    0.429010494753
213.125    0.429010494753
213.25    0.429010494753
213.375    0.428710644678
213.5    0.421889055472
213.625    0.419865067466
213.75    0.419865067466
213.875    0.4035982009
214.0    0.3988005997
214.125    0.415967016492
214.25    0.415142428786
214.375    0.40652173913
214.5    0.426386806597
214.625    0.425187406297
214.75    0.426311844078
214.875    0.426311844078
215.0    0.446326836582
215.125    0.452023988006
215.25    0.477811094453
215.375    0.477811094453
215.5    0.432383808096
215.625    0.432383808096
215.75    0.432383808096
215.875    0.429685157421
216.0    0.413493253373
216.125    0.419190404798
216.25    0.418590704648
216.375    0.418590704648
216.5    0.440854572714
216.625    0.441229385307
216.75    0.415367316342
216.875    0.439580209895
217.0    0.411169415292
217.125    0.418665667166
217.25    0.414917541229
217.375    0.418665667166
217.5    0.415442278861
217.625    0.424587706147
217.75    0.425412293853
217.875    0.424212893553
218.0    0.416716641679
218.125    0.416716641679
218.25    0.418740629685
218.375    0.418740629685
218.5    0.425037481259
218.625    0.42856071964
218.75    0.42856071964
218.875    0.428860569715
219.0    0.430059970015
219.125    0.430059970015
219.25    0.430059970015
219.375    0.42143928036
219.5    0.42083958021
219.625    0.42083958021
219.75    0.421289355322
219.875    0.421289355322
220.0    0.434032983508
220.125    0.434032983508
220.25    0.427886056972
220.375    0.427061469265
220.5    0.403973013493
220.625    0.405022488756
220.75    0.405022488756
220.875    0.41071964018
221.0    0.426911544228
221.125    0.426911544228
221.25    0.425712143928
221.375    0.423988005997
221.5    0.459445277361
221.625    0.457046476762
221.75    0.438605697151
221.875    0.431184407796
222.0    0.42676161919
222.125    0.42676161919
222.25    0.42796101949
222.375    0.431109445277
222.5    0.413493253373
222.625    0.42023988006
222.75    0.424062968516
222.875    0.397226386807
223.0    0.426311844078
223.125    0.425562218891
223.25    0.425562218891
223.375    0.426236881559
223.5    0.42023988006
223.625    0.421289355322
223.75    0.421289355322
223.875    0.411544227886
224.0    0.436431784108
224.125    0.436431784108
224.25    0.441529235382
224.375    0.441529235382
224.5    0.431409295352
224.625    0.43215892054
224.75    0.426461769115
224.875    0.462218890555
225.0    0.452023988006
225.125    0.453448275862
225.25    0.43688155922
225.375    0.438755622189
225.5    0.427211394303
225.625    0.422788605697
225.75    0.425487256372
225.875    0.425487256372
226.0    0.437556221889
226.125    0.439355322339
226.25    0.439355322339
226.375    0.439355322339
226.5    0.420989505247
226.625    0.426011994003
226.75    0.426011994003
226.875    0.428485757121
227.0    0.423463268366
227.125    0.45772113943
227.25    0.45772113943
227.375    0.409445277361
227.5    0.425187406297
227.625    0.423163418291
227.75    0.429535232384
227.875    0.42676161919
228.0    0.409820089955
228.125    0.434182908546
228.25    0.418965517241
228.375    0.418965517241
228.5    0.426011994003
228.625    0.42323838081
228.75    0.424287856072
228.875    0.423313343328
229.0    0.425337331334
229.125    0.422563718141
229.25    0.423313343328
229.375    0.423313343328
229.5    0.410269865067
229.625    0.413268365817
229.75    0.414242878561
229.875    0.414242878561
230.0    0.423613193403
230.125    0.406371814093
230.25    0.414992503748
230.375    0.415592203898
230.5    0.42023988006
230.625    0.420314842579
230.75    0.420314842579
230.875    0.422863568216
231.0    0.430434782609
231.125    0.428710644678
231.25    0.430434782609
231.375    0.430434782609
231.5    0.460569715142
231.625    0.434332833583
231.75    0.434332833583
231.875    0.456971514243
232.0    0.406071964018
232.125    0.408020989505
232.25    0.409370314843
232.375    0.409370314843
232.5    0.412893553223
232.625    0.412893553223
232.75    0.410644677661
232.875    0.41904047976
233.0    0.447376311844
233.125    0.439580209895
233.25    0.439580209895
233.375    0.441229385307
233.5    0.391379310345
233.625    0.392053973014
233.75    0.392053973014
233.875    0.393778110945
234.0    0.418890554723
234.125    0.418890554723
234.25    0.418890554723
234.375    0.418890554723
234.5    0.418365817091
234.625    0.418365817091
234.75    0.409745127436
234.875    0.418365817091
235.0    0.41371814093
235.125    0.41311844078
235.25    0.414167916042
235.375    0.414167916042
235.5    0.421289355322
235.625    0.421289355322
235.75    0.441529235382
235.875    0.405997001499
236.0    0.418140929535
236.125    0.418290854573
236.25    0.418290854573
236.375    0.418290854573
236.5    0.434332833583
236.625    0.433208395802
236.75    0.433208395802
236.875    0.437031484258
237.0    0.45059970015
237.125    0.4511994003
237.25    0.452023988006
237.375    0.434782608696
237.5    0.427886056972
237.625    0.427886056972
237.75    0.437181409295
237.875    0.435307346327
238.0    0.379835082459
238.125    0.379535232384
238.25    0.396551724138
238.375    0.398050974513
238.5    0.422713643178
238.625    0.425412293853
238.75    0.425412293853
238.875    0.425412293853
239.0    0.41964017991
239.125    0.420389805097
239.25    0.42023988006
239.375    0.41964017991
240.0    0.406146926537
240.125    0.406146926537
240.25    0.432683658171
240.375    0.431934032983
240.5    0.400524737631
240.625    0.41071964018
240.75    0.401124437781
240.875    0.393703148426
241.0    0.415592203898
241.125    0.419490254873
241.25    0.419115442279
241.375    0.421139430285
241.5    0.417466266867
241.625    0.417466266867
241.75    0.420764617691
241.875    0.420764617691
242.0    0.418215892054
242.125    0.418215892054
242.25    0.416191904048
242.375    0.417391304348
242.5    0.424662668666
242.625    0.424662668666
242.75    0.426611694153
242.875    0.426611694153
243.0    0.416941529235
243.125    0.411994002999
243.25    0.411994002999
243.375    0.416116941529
243.5    0.412668665667
243.625    0.412668665667
243.75    0.413043478261
243.875    0.413043478261
244.0    0.420989505247
244.125    0.424812593703
244.25    0.423688155922
244.375    0.425112443778
244.5    0.410794602699
244.625    0.410794602699
244.75    0.410794602699
244.875    0.414617691154
245.0    0.366266866567
245.125    0.382908545727
245.25    0.38335832084
245.375    0.38808095952
245.5    0.401574212894
245.625    0.401574212894
245.75    0.410194902549
245.875    0.410194902549
246.0    0.420689655172
246.125    0.420689655172
246.25    0.420689655172
246.375    0.420689655172
246.5    0.415592203898
246.625    0.415592203898
246.75    0.414767616192
246.875    0.416191904048
247.0    0.423688155922
247.125    0.423688155922
247.25    0.424437781109
247.375    0.424437781109
247.5    0.434407796102
247.625    0.40772113943
247.75    0.40772113943
247.875    0.40772113943
248.0    0.418515742129
248.125    0.419790104948
248.25    0.419790104948
248.375    0.421289355322
248.5    0.418965517241
248.625    0.418965517241
248.75    0.41844077961
248.875    0.416716641679
249.0    0.413568215892
249.125    0.413568215892
249.25    0.413568215892
249.375    0.413568215892
249.5    0.374062968516
249.625    0.381259370315
249.75    0.382683658171
249.875    0.382683658171
250.0    0.385082458771
250.125    0.377211394303
250.25    0.377211394303
250.375    0.37676161919
250.5    0.436731634183
250.625    0.419490254873
250.75    0.420764617691
250.875    0.41844077961
251.0    0.437106446777
251.125    0.428485757121
251.25    0.427061469265
251.375    0.368140929535
251.5    0.406971514243
251.625    0.406971514243
251.75    0.406971514243
251.875    0.406971514243
252.0    0.428935532234
252.125    0.428935532234
252.25    0.428935532234
252.375    0.420389805097
252.5    0.411094452774
252.625    0.412743628186
252.75    0.416566716642
252.875    0.411544227886
253.0    0.436731634183
253.125    0.436731634183
253.25    0.436731634183
253.375    0.436356821589
253.5    0.420989505247
253.625    0.420989505247
253.75    0.420989505247
253.875    0.41844077961
254.0    0.408170914543
254.125    0.410644677661
254.25    0.410644677661
254.375    0.412968515742
254.5    0.427586206897
254.625    0.428110944528
254.75    0.428110944528
254.875    0.418140929535
255.0    0.43095952024
255.125    0.43095952024
255.25    0.431859070465
255.375    0.42323838081
255.5    0.420389805097
255.625    0.419490254873
255.75    0.419490254873
255.875    0.419490254873
256.0    0.404947526237
256.125    0.408395802099
256.25    0.408395802099
256.375    0.411544227886
256.5    0.431034482759
256.625    0.432383808096
256.75    0.432383808096
256.875    0.432383808096
257.0    0.434332833583
257.125    0.434332833583
257.25    0.402773613193
257.375    0.420014992504
257.5    0.416191904048
257.625    0.424812593703
257.75    0.426086956522
257.875    0.400224887556
258.0    0.419940029985
258.125    0.419940029985
258.25    0.419940029985
258.375    0.424062968516
258.5    0.399250374813
258.625    0.399250374813
258.75    0.399250374813
258.875    0.399250374813
259.0    0.414842578711
259.125    0.414842578711
259.25    0.414842578711
259.375    0.410044977511
259.5    0.431334332834
259.625    0.422113943028
259.75    0.422113943028
259.875    0.424437781109
260.0    0.387406296852
260.125    0.387406296852
260.25    0.387406296852
260.375    0.387406296852
260.5    0.412668665667
260.625    0.416716641679
260.75    0.416716641679
260.875    0.416716641679
261.0    0.402923538231
261.125    0.402923538231
261.25    0.403823088456
261.375    0.403823088456
261.5    0.403373313343
261.625    0.403373313343
261.75    0.402848575712
261.875    0.405472263868
262.0    0.39940029985
262.125    0.39940029985
262.25    0.39940029985
262.375    0.39940029985
262.5    0.403073463268
262.625    0.403073463268
262.75    0.401049475262
262.875    0.401049475262
263.0    0.421514242879
263.125    0.422863568216
263.25    0.422863568216
263.375    0.427511244378
263.5    0.3976011994
263.625    0.3976011994
263.75    0.397226386807
263.875    0.397226386807
264.0    0.399175412294
264.125    0.399175412294
264.25    0.397076461769
264.375    0.397076461769
264.5    0.405097451274
264.625    0.404947526237
264.75    0.400749625187
264.875    0.403898050975
265.0    0.410494752624
265.125    0.411544227886
265.25    0.411394302849
265.375    0.411394302849
265.5    0.406596701649
265.625    0.406596701649
265.75    0.406596701649
265.875    0.406596701649
266.0    0.398125937031
266.125    0.400524737631
266.25    0.4011994003
266.375    0.4011994003
266.5    0.438605697151
266.625    0.438755622189
266.75    0.438605697151
266.875    0.431934032983
267.0    0.41011994003
267.125    0.41011994003
267.25    0.410944527736
267.375    0.409220389805
267.5    0.371514242879
267.625    0.371514242879
267.75    0.371514242879
267.875    0.371514242879
268.0    0.405547226387
268.125    0.405547226387
268.25    0.405547226387
268.375    0.404197901049
268.5    0.41071964018
268.625    0.41071964018
268.75    0.41071964018
268.875    0.385157421289
269.0    0.407571214393
269.125    0.407571214393
269.25    0.411544227886
269.375    0.446026986507
269.5    0.395877061469
269.625    0.395877061469
269.75    0.395877061469
269.875    0.395877061469
270.0    0.404122938531
270.125    0.404272863568
270.25    0.404272863568
270.375    0.407271364318
270.5    0.401574212894
270.625    0.400374812594
270.75    0.393553223388
270.875    0.393553223388
271.0    0.441379310345
271.125    0.44227886057
271.25    0.422713643178
271.375    0.434107946027
271.5    0.461619190405
271.625    0.461619190405
271.75    0.418515742129
271.875    0.418515742129
272.0    0.413568215892
272.125    0.387706146927
272.25    0.388530734633
272.375    0.415517241379
272.5    0.408470764618
272.625    0.408470764618
272.75    0.390929535232
272.875    0.392203898051
273.0    0.408995502249
273.125    0.411244377811
273.25    0.411244377811
273.375    0.410569715142
273.5    0.409295352324
273.625    0.409295352324
273.75    0.409295352324
273.875    0.40892053973
274.0    0.403673163418
274.125    0.402473763118
274.25    0.390179910045
274.375    0.390179910045
274.5    0.392128935532
274.625    0.392128935532
274.75    0.392128935532
274.875    0.384707646177
275.0    0.400749625187
275.125    0.400749625187
275.25    0.399250374813
275.375    0.398125937031
275.5    0.389655172414
275.625    0.387856071964
275.75    0.386131934033
275.875    0.386131934033
276.0    0.401724137931
276.125    0.401724137931
276.25    0.401724137931
276.375    0.401724137931
276.5    0.406071964018
276.625    0.405247376312
276.75    0.396626686657
276.875    0.396626686657
277.0    0.406071964018
277.125    0.406071964018
277.25    0.406071964018
277.375    0.406071964018
277.5    0.392128935532
277.625    0.392128935532
277.75    0.392128935532
277.875    0.392128935532
278.0    0.374737631184
278.125    0.374737631184
278.25    0.374737631184
278.375    0.372113943028
278.5    0.378035982009
278.625    0.386656671664
278.75    0.386656671664
278.875    0.386656671664
279.0    0.419865067466
279.125    0.419865067466
279.25    0.411244377811
279.375    0.40892053973
279.5    0.397376311844
279.625    0.397376311844
279.75    0.397376311844
279.875    0.397376311844
280.0    0.402473763118
280.125    0.402473763118
280.25    0.405997001499
280.375    0.405997001499
280.5    0.398725637181
280.625    0.401574212894
280.75    0.401574212894
280.875    0.401574212894
281.0    0.394752623688
281.125    0.394752623688
281.25    0.394752623688
281.375    0.394752623688
281.5    0.349025487256
281.625    0.377436281859
281.75    0.377436281859
281.875    0.368815592204
282.0    0.395277361319
282.125    0.395277361319
282.25    0.395277361319
282.375    0.395277361319
282.5    0.404497751124
282.625    0.410044977511
282.75    0.407871064468
282.875    0.407871064468
283.0    0.396326836582
283.125    0.395277361319
283.25    0.395277361319
283.375    0.394002998501
283.5    0.385457271364
283.625    0.385457271364
283.75    0.385457271364
283.875    0.380659670165
284.0    0.376311844078
284.125    0.378485757121
284.25    0.383133433283
284.375    0.383133433283
284.5    0.382308845577
284.625    0.382608695652
284.75    0.382608695652
284.875    0.365367316342
285.0    0.387106446777
285.125    0.38808095952
285.25    0.362218890555
285.375    0.367016491754
285.5    0.398650674663
285.625    0.398650674663
285.75    0.398650674663
285.875    0.398650674663
286.0    0.394677661169
286.125    0.397076461769
286.25    0.397076461769
286.375    0.397076461769
286.5    0.39047976012
286.625    0.39047976012
286.75    0.391004497751
286.875    0.391004497751
287.0    0.384182908546
287.125    0.388380809595
287.25    0.388380809595
287.375    0.388380809595
287.5    0.395652173913
287.625    0.395652173913
287.75    0.398725637181
287.875    0.398725637181
288.0    0.403448275862
288.125    0.403448275862
288.25    0.403448275862
288.375    0.40299850075
288.5    0.398500749625
288.625    0.395877061469
288.75    0.395877061469
288.875    0.401649175412
289.0    0.386356821589
289.125    0.386356821589
289.25    0.386431784108
289.375    0.386431784108
289.5    0.395427286357
289.625    0.395427286357
289.75    0.395427286357
289.875    0.378185907046
290.0    0.389430284858
290.125    0.389505247376
290.25    0.389505247376
290.375    0.389505247376
290.5    0.396101949025
290.625    0.398500749625
290.75    0.398500749625
290.875    0.39167916042
291.0    0.386431784108
291.125    0.38748125937
291.25    0.38748125937
291.375    0.38748125937
291.5    0.391229385307
291.625    0.391229385307
291.75    0.394527736132
291.875    0.394527736132
292.0    0.385682158921
292.125    0.385682158921
292.25    0.387406296852
292.375    0.388830584708
292.5    0.418590704648
292.625    0.419490254873
292.75    0.420614692654
292.875    0.368890554723
293.0    0.410644677661
293.125    0.410644677661
293.25    0.410644677661
293.375    0.410644677661
293.5    0.397826086957
293.625    0.394602698651
293.75    0.399925037481
293.875    0.399925037481
294.0    0.371589205397
294.125    0.374287856072
294.25    0.378410794603
294.375    0.378185907046
294.5    0.375337331334
294.625    0.375787106447
294.75    0.378260869565
294.875    0.37856071964
295.0    0.379010494753
295.125    0.380209895052
295.25    0.38628185907
295.375    0.38628185907
295.5    0.377511244378
295.625    0.377586206897
295.75    0.377586206897
295.875    0.366866566717
296.0    0.42023988006
296.125    0.42023988006
296.25    0.418065967017
296.375    0.406671664168
296.5    0.353373313343
296.625    0.353373313343
296.75    0.353373313343
296.875    0.353373313343
297.0    0.373013493253
297.125    0.373013493253
297.25    0.373013493253
297.375    0.373013493253
297.5    0.375937031484
297.625    0.375937031484
297.75    0.375937031484
297.875    0.375937031484
298.0    0.422788605697
298.125    0.422788605697
298.25    0.422413793103
298.375    0.418890554723
298.5    0.375862068966
298.625    0.385982008996
298.75    0.385982008996
298.875    0.375862068966
299.0    0.400749625187
299.125    0.398050974513
299.25    0.398050974513
299.375    0.398050974513
300.0    0.436656671664
300.125    0.436656671664
300.25    0.435907046477
300.375    0.435907046477
300.5    0.424437781109
300.625    0.427511244378
300.75    0.424737631184
300.875    0.424737631184
301.0    0.36784107946
301.125    0.368740629685
301.25    0.369265367316
301.375    0.369265367316
301.5    0.355922038981
301.625    0.36784107946
301.75    0.370464767616
301.875    0.376086956522
302.0    0.40059970015
302.125    0.40059970015
302.25    0.40059970015
302.375    0.391979010495
302.5    0.379535232384
302.625    0.379535232384
302.75    0.378035982009
302.875    0.378035982009
303.0    0.393703148426
303.125    0.393703148426
303.25    0.391304347826
303.375    0.400674662669
303.5    0.374512743628
303.625    0.374512743628
303.75    0.374512743628
303.875    0.380809595202
304.0    0.393928035982
304.125    0.393928035982
304.25    0.393928035982
304.375    0.368065967016
304.5    0.389805097451
304.625    0.389805097451
304.75    0.366791604198
304.875    0.368215892054
305.0    0.38988005997
305.125    0.37263868066
305.25    0.373163418291
305.375    0.373163418291
305.5    0.392728635682
305.625    0.35952023988
305.75    0.368665667166
305.875    0.368665667166
306.0    0.409145427286
306.125    0.409145427286
306.25    0.409145427286
306.375    0.391904047976
306.5    0.368890554723
306.625    0.368290854573
306.75    0.368290854573
306.875    0.368290854573
307.0    0.359670164918
307.125    0.359670164918
307.25    0.351049475262
307.375    0.350149925037
307.5    0.373163418291
307.625    0.373163418291
307.75    0.371589205397
307.875    0.371589205397
308.0    0.392053973014
308.125    0.392053973014
308.25    0.392053973014
308.375    0.392053973014
308.5    0.388905547226
308.625    0.388905547226
308.75    0.390029985008
308.875    0.390029985008
309.0    0.327211394303
309.125    0.327211394303
309.25    0.331109445277
309.375    0.334932533733
309.5    0.369490254873
309.625    0.403973013493
309.75    0.369490254873
309.875    0.369490254873
310.0    0.394827586207
310.125    0.394827586207
310.25    0.394827586207
310.375    0.394827586207
310.5    0.394152923538
310.625    0.394152923538
310.75    0.394152923538
310.875    0.394152923538
311.0    0.413418290855
311.125    0.413043478261
311.25    0.413043478261
311.375    0.413418290855
311.5    0.420464767616
311.625    0.420464767616
311.75    0.420464767616
311.875    0.418665667166
312.0    0.382908545727
312.125    0.382908545727
312.25    0.382908545727
312.375    0.382908545727
312.5    0.362218890555
312.625    0.370389805097
312.75    0.371814092954
312.875    0.371814092954
313.0    0.390329835082
313.125    0.389205397301
313.25    0.371964017991
313.375    0.371964017991
313.5    0.388005997001
313.625    0.388005997001
313.75    0.388155922039
313.875    0.388230884558
314.0    0.374512743628
314.125    0.377136431784
314.25    0.377136431784
314.375    0.377136431784
314.5    0.396701649175
314.625    0.396701649175
314.75    0.40179910045
314.875    0.40179910045
315.0    0.396026986507
315.125    0.396026986507
315.25    0.396026986507
315.375    0.385757121439
315.5    0.4011994003
315.625    0.4011994003
315.75    0.400524737631
315.875    0.400524737631
316.0    0.393178410795
316.125    0.405472263868
316.25    0.406671664168
316.375    0.407421289355
316.5    0.398425787106
316.625    0.398875562219
316.75    0.397451274363
316.875    0.398875562219
317.0    0.378710644678
317.125    0.38215892054
