0.0    0.242836536587
0.125    0.236949826517
0.25    0.249775837199
0.375    0.23808038673
0.5    0.239815211883
0.625    0.239815211883
0.75    0.239815211883
0.875    0.240438969241
1.0    0.239464348368
1.125    0.239464348368
1.25    0.239366886281
1.375    0.239366886281
1.5    0.243752680207
1.625    0.243752680207
1.75    0.243850142295
1.875    0.24388912713
2.0    0.240224552649
2.125    0.240224552649
2.25    0.240224552649
2.375    0.240224552649
2.5    0.239600795291
2.625    0.239600795291
2.75    0.240653385833
2.875    0.240653385833
3.0    0.245195119099
3.125    0.245195119099
3.25    0.245195119099
3.375    0.245195119099
3.5    0.243538263615
3.625    0.243538263615
3.75    0.243538263615
3.875    0.243538263615
4.0    0.240029628475
4.125    0.239016022767
4.25    0.239016022767
4.375    0.239016022767
4.5    0.239016022767
4.625    0.239347393864
4.75    0.239347393864
4.875    0.239425363534
5.0    0.242193286811
5.125    0.242193286811
5.25    0.242193286811
5.375    0.241452574948
5.5    0.241394097696
5.625    0.241394097696
5.75    0.238821098593
5.875    0.238821098593
6.0    0.243226384936
6.125    0.243226384936
6.25    0.243226384936
6.375    0.242953491092
6.5    0.235838758723
6.625    0.240049120892
6.75    0.240049120892
6.875    0.24075084792
7.0    0.249970761374
7.125    0.249970761374
7.25    0.238821098593
7.375    0.238821098593
7.5    0.238665159253
7.625    0.238665159253
7.75    0.238665159253
7.875    0.238665159253
8.0    0.250769950489
8.125    0.250769950489
8.25    0.250769950489
8.375    0.250769950489
8.5    0.243557756033
8.625    0.243557756033
8.75    0.243557756033
8.875    0.244532376905
9.0    0.236637947838
9.125    0.236637947838
9.25    0.236637947838
9.375    0.236637947838
9.5    0.243401816693
9.625    0.243401816693
9.75    0.244902732837
9.875    0.244902732837
10.0    0.240575416163
10.125    0.240575416163
10.25    0.240575416163
10.375    0.240575416163
10.5    0.245058672177
10.625    0.245058672177
10.75    0.245058672177
10.875    0.245058672177
11.0    0.242037347472
11.125    0.24174496121
11.25    0.24174496121
11.375    0.24174496121
11.5    0.242037347472
11.625    0.242037347472
11.75    0.242037347472
11.875    0.242037347472
12.0    0.242388210986
12.125    0.242388210986
12.25    0.242388210986
12.375    0.242388210986
12.5    0.242037347472
12.625    0.242037347472
12.75    0.242037347472
12.875    0.242037347472
13.0    0.247007913921
13.125    0.247007913921
13.25    0.243850142295
13.375    0.243850142295
13.5    0.241257650774
13.625    0.241257650774
13.75    0.241257650774
13.875    0.241257650774
14.0    0.242972983509
14.125    0.242972983509
14.25    0.242972983509
14.375    0.242972983509
14.5    0.242232271646
14.625    0.242232271646
14.75    0.24357724845
14.875    0.24357724845
15.0    0.241335620444
15.125    0.241335620444
15.25    0.241179681104
15.375    0.241861915715
15.5    0.243557756033
15.625    0.243557756033
15.75    0.243557756033
15.875    0.243557756033
16.0    0.244317960313
16.125    0.244317960313
16.25    0.244317960313
16.375    0.244317960313
16.5    0.241511052201
16.625    0.241511052201
16.75    0.241511052201
16.875    0.241511052201
17.0    0.245097657011
17.125    0.245097657011
17.25    0.245097657011
17.375    0.245097657011
17.5    0.244532376905
17.625    0.244532376905
17.75    0.244532376905
17.875    0.245331566021
18.0    0.248021519629
18.125    0.248021519629
18.25    0.248021519629
18.375    0.248021519629
18.5    0.239620287708
18.625    0.239620287708
18.75    0.239620287708
18.875    0.239620287708
19.0    0.238723636505
19.125    0.238723636505
19.25    0.238723636505
19.375    0.238723636505
19.5    0.240205060232
19.625    0.240205060232
19.75    0.240166075397
19.875    0.240166075397
20.0    0.243616233285
20.125    0.243616233285
20.25    0.243616233285
20.375    0.243616233285
20.5    0.244746793497
20.625    0.244746793497
20.75    0.244201005809
20.875    0.244201005809
21.0    0.242914506257
21.125    0.242914506257
21.25    0.242914506257
21.375    0.242914506257
21.5    0.240458461658
21.625    0.240458461658
21.75    0.240458461658
21.875    0.240458461658
22.0    0.243791665042
22.125    0.243791665042
22.25    0.243791665042
22.375    0.246949436669
22.5    0.240497446493
22.625    0.240497446493
22.75    0.240497446493
22.875    0.240497446493
23.0    0.241140696269
23.125    0.241140696269
23.25    0.241140696269
23.375    0.240263537484
23.5    0.238957545515
23.625    0.239776227048
23.75    0.237749015633
23.875    0.237749015633
24.0    0.244766285915
24.125    0.244766285915
24.25    0.244766285915
24.375    0.244766285915
24.5    0.245818876457
24.625    0.245818876457
24.75    0.245818876457
24.875    0.245818876457
25.0    0.244629838993
25.125    0.244629838993
25.25    0.244629838993
25.375    0.244629838993
25.5    0.239932166387
25.625    0.239932166387
25.75    0.239932166387
25.875    0.239932166387
26.0    0.24648161865
26.125    0.24648161865
26.25    0.24648161865
26.375    0.24648161865
26.5    0.24679349733
26.625    0.238782113758
26.75    0.238782113758
26.875    0.238782113758
27.0    0.246929944252
27.125    0.246929944252
27.25    0.246929944252
27.375    0.246929944252
27.5    0.242193286811
27.625    0.242193286811
27.75    0.242193286811
27.875    0.242193286811
28.0    0.240185567814
28.125    0.240185567814
28.25    0.240185567814
28.375    0.240185567814
28.5    0.242836536587
28.625    0.242836536587
28.75    0.242914506257
28.875    0.242914506257
29.0    0.247573194028
29.125    0.247573194028
29.25    0.247573194028
29.375    0.247573194028
29.5    0.247319792601
29.625    0.247319792601
29.75    0.246871466999
29.875    0.246871466999
30.0    0.239971151222
30.125    0.239971151222
30.25    0.23999064364
30.375    0.23999064364
30.5    0.242602627578
30.625    0.242602627578
30.75    0.242602627578
30.875    0.242602627578
31.0    0.239542318038
31.125    0.239542318038
31.25    0.239542318038
31.375    0.239542318038
31.5    0.242017855054
31.625    0.242017855054
31.75    0.242017855054
31.875    0.2427390745
32.0    0.245506997778
32.125    0.245506997778
32.25    0.245506997778
32.375    0.245506997778
32.5    0.241296635609
32.625    0.241296635609
32.75    0.241296635609
32.875    0.241296635609
33.0    0.246871466999
33.125    0.245351058438
33.25    0.245351058438
33.375    0.245351058438
33.5    0.240770340338
33.625    0.240770340338
33.75    0.240770340338
33.875    0.240770340338
34.0    0.245253596351
34.125    0.245253596351
34.25    0.245253596351
34.375    0.245253596351
34.5    0.234591244006
34.625    0.234591244006
34.75    0.234591244006
34.875    0.234591244006
35.0    0.243050953179
35.125    0.243050953179
35.25    0.243050953179
35.375    0.243050953179
35.5    0.244376437566
35.625    0.244376437566
35.75    0.244376437566
35.875    0.244376437566
36.0    0.243557756033
36.125    0.243557756033
36.25    0.243557756033
36.375    0.243557756033
36.5    0.24839187556
36.625    0.24839187556
36.75    0.24839187556
36.875    0.24839187556
37.0    0.236696425091
37.125    0.236696425091
37.25    0.236696425091
37.375    0.236696425091
37.5    0.23502007719
37.625    0.23502007719
37.75    0.23502007719
37.875    0.23502007719
38.0    0.245429028108
38.125    0.245429028108
38.25    0.241004249347
38.375    0.241004249347
38.5    0.24388912713
38.625    0.24388912713
38.75    0.24388912713
38.875    0.24388912713
39.0    0.236657440256
39.125    0.236657440256
39.25    0.236657440256
39.375    0.236657440256
39.5    0.244980702507
39.625    0.244980702507
39.75    0.244980702507
39.875    0.244980702507
40.0    0.244746793497
40.125    0.244746793497
40.25    0.244746793497
40.375    0.244746793497
40.5    0.235156524112
40.625    0.235156524112
40.75    0.235156524112
40.875    0.235156524112
41.0    0.244278975479
41.125    0.244278975479
41.25    0.244278975479
41.375    0.244278975479
41.5    0.246462126233
41.625    0.246462126233
41.75    0.246462126233
41.875    0.246462126233
42.0    0.246520603485
42.125    0.246520603485
42.25    0.24655958832
42.375    0.246579080738
42.5    0.236248099489
42.625    0.23677439476
42.75    0.23677439476
42.875    0.23677439476
43.0    0.243206892519
43.125    0.243206892519
43.25    0.243206892519
43.375    0.243986589217
43.5    0.245545982613
43.625    0.245545982613
43.75    0.245545982613
43.875    0.245584967448
44.0    0.247748625785
44.125    0.24381115746
44.25    0.247924057542
44.375    0.247924057542
44.5    0.24464933141
44.625    0.24464933141
44.75    0.24464933141
44.875    0.24464933141
45.0    0.237982924642
45.125    0.237982924642
45.25    0.237982924642
45.375    0.238021909477
45.5    0.244512884488
45.625    0.243245877354
45.75    0.243245877354
45.875    0.243713695372
46.0    0.244181513391
46.125    0.244181513391
46.25    0.244181513391
46.375    0.245760399205
46.5    0.244707808662
46.625    0.244707808662
46.75    0.244707808662
46.875    0.244688316245
47.0    0.236735409926
47.125    0.236735409926
47.25    0.236735409926
47.375    0.236735409926
47.5    0.239191454524
47.625    0.239639780126
47.75    0.239639780126
47.875    0.239639780126
48.0    0.237066781022
48.125    0.237320182449
48.25    0.237320182449
48.375    0.237320182449
48.5    0.245019687342
48.625    0.245019687342
48.75    0.245019687342
48.875    0.245019687342
49.0    0.24365521812
49.125    0.24365521812
49.25    0.24365521812
49.375    0.24365521812
49.5    0.238255818487
49.625    0.238255818487
49.75    0.238255818487
49.875    0.23967876496
50.0    0.238158356399
50.125    0.238158356399
50.25    0.238158356399
50.375    0.238158356399
50.5    0.238938053097
50.625    0.238938053097
50.75    0.238938053097
50.875    0.238938053097
51.0    0.238723636505
51.125    0.238723636505
51.25    0.238723636505
51.375    0.238723636505
51.5    0.237300690032
51.625    0.237300690032
51.75    0.237300690032
51.875    0.237300690032
52.0    0.240205060232
52.125    0.240205060232
52.25    0.240731355503
52.375    0.240731355503
52.5    0.238041401895
52.625    0.238041401895
52.75    0.238041401895
52.875    0.238041401895
53.0    0.240088105727
53.125    0.240088105727
53.25    0.240088105727
53.375    0.240088105727
53.5    0.240088105727
53.625    0.240088105727
53.75    0.240088105727
53.875    0.240088105727
54.0    0.232661494679
54.125    0.232661494679
54.25    0.232661494679
54.375    0.236871856848
54.5    0.242485673073
54.625    0.242485673073
54.75    0.242485673073
54.875    0.242485673073
55.0    0.234669213676
55.125    0.235117539277
55.25    0.235390433122
55.375    0.235390433122
55.5    0.234727690928
55.625    0.234727690928
55.75    0.234727690928
55.875    0.237476121789
56.0    0.237203227944
56.125    0.237203227944
56.25    0.237203227944
56.375    0.237183735527
56.5    0.242251764064
56.625    0.242251764064
56.75    0.241491559783
56.875    0.241491559783
57.0    0.242173794394
57.125    0.242173794394
57.25    0.242173794394
57.375    0.242173794394
57.5    0.241160188687
57.625    0.241160188687
57.75    0.241160188687
57.875    0.241160188687
58.0    0.238743128923
58.125    0.238743128923
58.25    0.238879575845
58.375    0.238879575845
58.5    0.242095824724
58.625    0.242095824724
58.75    0.242095824724
58.875    0.242719582083
59.0    0.239698257378
59.125    0.239932166387
59.25    0.239815211883
59.375    0.240263537484
59.5    0.237203227944
59.625    0.237203227944
59.75    0.243713695372
59.875    0.242505165491
60.0    0.236462516081
60.125    0.236462516081
60.25    0.236462516081
60.375    0.236462516081
60.5    0.235682819383
60.625    0.235682819383
60.75    0.236131144985
60.875    0.236131144985
61.0    0.242797551752
61.125    0.246949436669
61.25    0.245292581186
61.375    0.245292581186
61.5    0.237554091458
61.625    0.240302522319
61.75    0.240146582979
61.875    0.240146582979
62.0    0.24090678726
62.125    0.245662937117
62.25    0.241569529453
62.375    0.241569529453
62.5    0.24365521812
62.625    0.243986589217
62.75    0.243986589217
62.875    0.245584967448
63.0    0.237320182449
63.125    0.237320182449
63.25    0.238431250244
63.375    0.238431250244
63.5    0.246072277884
63.625    0.246072277884
63.75    0.2398347043
63.875    0.237125258275
64.0    0.23800241706
64.125    0.23800241706
64.25    0.23800241706
64.375    0.23800241706
64.5    0.241803438462
64.625    0.241803438462
64.75    0.241803438462
64.875    0.246013800632
65.0    0.234415812249
65.125    0.234415812249
65.25    0.234415812249
65.375    0.234415812249
65.5    0.240263537484
65.625    0.240263537484
65.75    0.241257650774
65.875    0.237398152119
66.0    0.244415422401
66.125    0.244415422401
66.25    0.244415422401
66.375    0.244415422401
66.5    0.242388210986
66.625    0.242388210986
66.75    0.242388210986
66.875    0.242388210986
67.0    0.244162020974
67.125    0.243362831858
67.25    0.245292581186
67.375    0.243323847024
67.5    0.239347393864
67.625    0.239347393864
67.75    0.239347393864
67.875    0.239347393864
68.0    0.241257650774
68.125    0.241257650774
68.25    0.242485673073
68.375    0.242485673073
68.5    0.248372383143
68.625    0.247768118202
68.75    0.247865580289
68.875    0.247865580289
69.0    0.243791665042
69.125    0.244434914818
69.25    0.247592686445
69.375    0.24572141437
69.5    0.248957155666
69.625    0.248957155666
69.75    0.248957155666
69.875    0.247846087872
70.0    0.244961210089
70.125    0.244961210089
70.25    0.249444466103
70.375    0.250438579393
70.5    0.249035125336
70.625    0.248781723909
70.75    0.251510662352
70.875    0.251510662352
71.0    0.245292581186
71.125    0.245292581186
71.25    0.245292581186
71.375    0.245292581186
71.5    0.24862578457
71.625    0.246676542825
71.75    0.246676542825
71.875    0.247378269853
72.0    0.247514716775
72.125    0.247514716775
72.25    0.247358777436
72.375    0.247358777436
72.5    0.248118981716
72.625    0.247378269853
72.75    0.248118981716
72.875    0.248118981716
73.0    0.250009746209
73.125    0.250009746209
73.25    0.248002027211
73.375    0.248079996881
73.5    0.249444466103
73.625    0.246345171728
73.75    0.246345171728
73.875    0.247904565124
74.0    0.254103153873
74.125    0.254103153873
74.25    0.254181123543
74.375    0.254064169038
74.5    0.249717359947
74.625    0.250204670383
74.75    0.250204670383
74.875    0.252309851468
75.0    0.256130365288
75.125    0.25336244201
75.25    0.253693813107
75.375    0.253693813107
75.5    0.250594518732
75.625    0.250594518732
75.75    0.253888737281
75.875    0.254804880901
76.0    0.247982534794
76.125    0.247982534794
76.25    0.247982534794
76.375    0.247982534794
76.5    0.247046898756
76.625    0.246267202058
76.75    0.246949436669
76.875    0.246949436669
77.0    0.256052395618
77.125    0.254999805076
77.25    0.255331176172
77.375    0.255331176172
77.5    0.250204670383
77.625    0.250204670383
77.75    0.250204670383
77.875    0.250204670383
78.0    0.248684261822
78.125    0.248684261822
78.25    0.249931776539
78.375    0.250984367081
78.5    0.233889516978
78.625    0.233889516978
78.75    0.235253986199
78.875    0.235253986199
79.0    0.25527269892
79.125    0.25527269892
79.25    0.25527269892
79.375    0.25527269892
79.5    0.25229035905
79.625    0.25252426806
79.75    0.25229035905
79.875    0.258040622198
80.0    0.250769950489
80.125    0.252738684652
80.25    0.252738684652
80.375    0.255643054852
80.5    0.247787610619
80.625    0.248099489299
80.75    0.252114927293
80.875    0.248723246657
81.0    0.257748235936
81.125    0.253537873767
81.25    0.253537873767
81.375    0.255019297493
81.5    0.259288136915
81.625    0.256559198472
81.75    0.258371993295
81.875    0.256812599899
82.0    0.254064169038
82.125    0.254064169038
82.25    0.254064169038
82.375    0.254707418814
82.5    0.251432692683
82.625    0.255487115512
82.75    0.254531987057
82.875    0.255876963861
83.0    0.257806713189
83.125    0.255974425948
83.25    0.256832092316
83.375    0.253635335854
83.5    0.249639390277
83.625    0.248489337648
83.75    0.248489337648
83.875    0.248489337648
84.0    0.261100931738
84.125    0.259561030759
84.25    0.260633113719
84.375    0.260633113719
84.5    0.259619508011
84.625    0.26123737866
84.75    0.254590464309
84.875    0.255214221668
85.0    0.256227827375
85.125    0.259600015594
85.25    0.257826205606
85.375    0.257007524073
85.5    0.251705586527
85.625    0.252699699817
85.75    0.252738684652
85.875    0.252738684652
86.0    0.249288526763
86.125    0.249288526763
86.25    0.249288526763
86.375    0.249308019181
86.5    0.252836146739
86.625    0.250321624888
86.75    0.250321624888
86.875    0.253908229699
87.0    0.251705586527
87.125    0.251081829168
87.25    0.248742739074
87.375    0.251861525866
87.5    0.248196951386
87.625    0.248196951386
87.75    0.248196951386
87.875    0.244239990644
88.0    0.250769950489
88.125    0.251140306421
88.25    0.25535066859
88.375    0.25535066859
88.5    0.245701921952
88.625    0.245838368875
88.75    0.245857861292
88.875    0.245623952283
89.0    0.254746403649
89.125    0.253070055748
89.25    0.255331176172
89.375    0.251744571362
89.5    0.252875131574
89.625    0.252875131574
89.75    0.252875131574
89.875    0.250243655218
90.0    0.251062336751
90.125    0.255467623095
90.25    0.255467623095
90.375    0.251783556197
90.5    0.252056450041
90.625    0.252056450041
90.75    0.254044676621
90.875    0.254960820241
91.0    0.254259093213
91.125    0.252738684652
91.25    0.249873299287
91.375    0.24556547503
91.5    0.240283029901
91.625    0.242407703403
91.75    0.252387821138
91.875    0.253342949593
92.0    0.251842033449
92.125    0.252329343885
92.25    0.252329343885
92.375    0.252329343885
92.5    0.248664769405
92.625    0.248138474134
92.75    0.248138474134
92.875    0.248138474134
93.0    0.249269034346
93.125    0.249152079841
93.25    0.250438579393
93.375    0.250730965654
93.5    0.258216053955
93.625    0.257202448248
93.75    0.256832092316
93.875    0.256949046821
94.0    0.248801216327
94.125    0.250477564228
94.25    0.253752290359
94.375    0.252894623991
94.5    0.247417254688
94.625    0.249230049511
94.75    0.249561420607
94.875    0.249561420607
95.0    0.250204670383
95.125    0.249308019181
95.25    0.249308019181
95.375    0.249035125336
95.5    0.245584967448
95.625    0.245584967448
95.75    0.248645276987
95.875    0.250750458072
96.0    0.251120814003
96.125    0.249814822034
96.25    0.253635335854
96.375    0.252173404546
96.5    0.24954192819
96.625    0.251491169935
96.75    0.249658882695
96.875    0.250009746209
97.0    0.253070055748
97.125    0.252816654321
97.25    0.251861525866
97.375    0.253167517836
97.5    0.253459904097
97.625    0.254590464309
97.75    0.254454017387
97.875    0.254454017387
98.0    0.251939495536
98.125    0.251958987954
98.25    0.252426805972
98.375    0.252914116409
98.5    0.253713305524
98.625    0.25336244201
98.75    0.24870375424
98.875    0.23310982028
99.0    0.244298467896
99.125    0.244298467896
99.25    0.243791665042
99.375    0.243791665042
99.5    0.249873299287
99.625    0.248508830065
99.75    0.244668823828
99.875    0.24755370161
100.0    0.250594518732
100.125    0.250594518732
100.25    0.246052785466
100.375    0.246774004912
100.5    0.24747573194
100.625    0.24747573194
100.75    0.24747573194
100.875    0.24938598885
101.0    0.23303185061
101.125    0.22905539745
101.25    0.246676542825
101.375    0.246676542825
101.5    0.251023351916
101.625    0.25030213247
101.75    0.251023351916
101.875    0.251023351916
102.0    0.25137421543
102.125    0.254122646291
102.25    0.254122646291
102.375    0.253791275194
102.5    0.24166699154
102.625    0.23677439476
102.75    0.23517601653
102.875    0.23609216015
103.0    0.250009746209
103.125    0.252777669487
103.25    0.251354723013
103.375    0.250730965654
103.5    0.239737242213
103.625    0.239737242213
103.75    0.236735409926
103.875    0.236735409926
104.0    0.257397372422
104.125    0.239776227048
104.25    0.239776227048
104.375    0.257397372422
104.5    0.249132587423
104.625    0.249132587423
104.75    0.249035125336
104.875    0.249035125336
105.0    0.242914506257
105.125    0.244629838993
105.25    0.244551869323
105.375    0.244707808662
105.5    0.24098475693
105.625    0.243089938014
105.75    0.243089938014
105.875    0.243128922849
106.0    0.24449339207
106.125    0.244434914818
106.25    0.244434914818
106.375    0.257066001325
106.5    0.248333398308
106.625    0.248372383143
106.75    0.248333398308
106.875    0.248489337648
107.0    0.241569529453
107.125    0.241569529453
107.25    0.241569529453
107.375    0.241569529453
107.5    0.245039179759
107.625    0.244142528556
107.75    0.244220498226
107.875    0.244220498226
108.0    0.247066391174
108.125    0.247066391174
108.25    0.247066391174
108.375    0.247066391174
108.5    0.247027406339
108.625    0.246130755136
108.75    0.245818876457
108.875    0.245818876457
109.0    0.251140306421
109.125    0.251140306421
109.25    0.251471677517
109.375    0.251218276091
109.5    0.247592686445
109.625    0.247592686445
109.75    0.247592686445
109.875    0.248118981716
110.0    0.246286694476
110.125    0.241550037036
110.25    0.242680597248
110.375    0.240497446493
110.5    0.244766285915
110.625    0.244766285915
110.75    0.244766285915
110.875    0.244766285915
111.0    0.241199173521
111.125    0.241199173521
111.25    0.241199173521
111.375    0.241199173521
111.5    0.246988421504
111.625    0.248859693579
111.75    0.246091770301
111.875    0.246091770301
112.0    0.251393707848
112.125    0.251393707848
112.25    0.251393707848
112.375    0.251393707848
112.5    0.240926279677
112.625    0.240926279677
112.75    0.240926279677
112.875    0.240575416163
113.0    0.247066391174
113.125    0.247066391174
113.25    0.247066391174
113.375    0.248060504464
113.5    0.242758566917
113.625    0.246676542825
113.75    0.246754512495
113.875    0.246754512495
114.0    0.246890959417
114.125    0.242992475927
114.25    0.242992475927
114.375    0.242017855054
114.5    0.238801606175
114.625    0.238801606175
114.75    0.238801606175
114.875    0.238801606175
115.0    0.246598573155
115.125    0.247651163697
115.25    0.247651163697
115.375    0.247651163697
115.5    0.243265369771
115.625    0.240516938911
115.75    0.243265369771
115.875    0.243265369771
116.0    0.24572141437
116.125    0.24572141437
116.25    0.24572141437
116.375    0.245877353709
116.5    0.243187400101
116.625    0.243187400101
116.75    0.243226384936
116.875    0.243226384936
117.0    0.240789832755
117.125    0.240789832755
117.25    0.240770340338
117.375    0.240770340338
117.5    0.243011968344
117.625    0.243011968344
117.75    0.243011968344
117.875    0.243011968344
118.0    0.2456434447
118.125    0.24663755799
118.25    0.246851974582
118.375    0.246968929087
118.5    0.245175626681
118.625    0.245253596351
118.75    0.245253596351
118.875    0.247066391174
119.0    0.244220498226
119.125    0.244220498226
119.25    0.244278975479
119.375    0.244278975479
120.0    0.245818876457
120.125    0.246442633815
120.25    0.24449339207
120.375    0.246228217224
120.5    0.248333398308
120.625    0.248333398308
120.75    0.248294413473
120.875    0.23517601653
121.0    0.242875521422
121.125    0.242622119995
121.25    0.24373318779
121.375    0.244317960313
121.5    0.246988421504
121.625    0.246988421504
121.75    0.246968929087
121.875    0.246968929087
122.0    0.245312073603
122.125    0.244162020974
122.25    0.243928111964
122.375    0.244045066469
122.5    0.243499278781
122.625    0.243499278781
122.75    0.246890959417
122.875    0.247807103037
123.0    0.242076332307
123.125    0.242076332307
123.25    0.245818876457
123.375    0.246598573155
123.5    0.248606292152
123.625    0.248157966551
123.75    0.248430860395
123.875    0.24862578457
124.0    0.245877353709
124.125    0.245818876457
124.25    0.245604459865
124.375    0.245604459865
124.5    0.243265369771
124.625    0.243265369771
124.75    0.243148415266
124.875    0.244883240419
125.0    0.245604459865
125.125    0.24548750536
125.25    0.243089938014
125.375    0.243752680207
125.5    0.238860083428
125.625    0.239132977272
125.75    0.239132977272
125.875    0.240438969241
126.0    0.244356945148
126.125    0.243362831858
126.25    0.243362831858
126.375    0.246208724806
126.5    0.244785778332
126.625    0.244532376905
126.75    0.242310241316
126.875    0.244824763167
127.0    0.247982534794
127.125    0.247982534794
127.25    0.230361389419
127.375    0.231141086117
127.5    0.24472730108
127.625    0.244668823828
127.75    0.244668823828
127.875    0.244668823828
128.0    0.238275310904
128.125    0.238138863982
128.25    0.238899068262
128.375    0.238899068262
128.5    0.243148415266
128.625    0.243967096799
128.75    0.244220498226
128.875    0.244941717672
129.0    0.236150637402
129.125    0.236150637402
129.25    0.235526880044
129.375    0.235702311801
129.5    0.244785778332
129.625    0.244785778332
129.75    0.244473899653
129.875    0.242251764064
130.0    0.252680207399
130.125    0.252680207399
130.25    0.252680207399
130.375    0.231862305563
130.5    0.245506997778
130.625    0.246130755136
130.75    0.246657050407
130.875    0.246657050407
131.0    0.243772172625
131.125    0.24381115746
131.25    0.244045066469
131.375    0.244045066469
131.5    0.236559978168
131.625    0.236423531246
131.75    0.233909009395
131.875    0.236696425091
132.0    0.245370550856
132.125    0.245370550856
132.25    0.2456434447
132.375    0.247748625785
132.5    0.238509219913
132.625    0.236404038829
132.75    0.236404038829
132.875    0.238509219913
133.0    0.233694592803
133.125    0.234513274336
133.25    0.234396319832
133.375    0.234396319832
133.5    0.244064558887
133.625    0.243850142295
133.75    0.243850142295
133.875    0.245974815797
134.0    0.245682429535
134.125    0.245682429535
134.25    0.24556547503
134.375    0.245545982613
134.5    0.235370940704
134.625    0.233304744454
134.75    0.235039569607
134.875    0.237047288605
135.0    0.250185177966
135.125    0.250185177966
135.25    0.250185177966
135.375    0.250185177966
135.5    0.236618455421
135.625    0.236618455421
135.75    0.236618455421
135.875    0.236618455421
136.0    0.236520993334
136.125    0.236520993334
136.25    0.236520993334
136.375    0.236520993334
136.5    0.246598573155
136.625    0.247066391174
136.75    0.247085883591
136.875    0.247163853261
137.0    0.238606682001
137.125    0.238821098593
137.25    0.240263537484
137.375    0.240263537484
137.5    0.236949826517
137.625    0.235994698062
137.75    0.237183735527
137.875    0.237573583876
138.0    0.236209114654
138.125    0.236209114654
138.25    0.236365053994
138.375    0.236170129819
138.5    0.230263927332
138.625    0.230263927332
138.75    0.248041012046
138.875    0.24747573194
139.0    0.239405871116
139.125    0.238197341234
139.25    0.238236326069
139.375    0.238236326069
139.5    0.246306186893
139.625    0.247261315348
139.75    0.249483450938
139.875    0.249483450938
140.0    0.24747573194
140.125    0.245740906787
140.25    0.252992086079
140.375    0.250360609723
140.5    0.241394097696
140.625    0.2427390745
140.75    0.2427390745
140.875    0.242095824724
141.0    0.246403648981
141.125    0.247105376009
141.25    0.247105376009
141.375    0.247339285018
141.5    0.241861915715
141.625    0.237865970138
141.75    0.238548204748
141.875    0.238704144088
142.0    0.239522825621
142.125    0.239522825621
142.25    0.239522825621
142.375    0.239522825621
142.5    0.237144750692
142.625    0.237144750692
142.75    0.239249931777
142.875    0.237144750692
143.0    0.251276753343
143.125    0.251276753343
143.25    0.251276753343
143.375    0.251471677517
143.5    0.242641612413
143.625    0.241998362637
143.75    0.237593076293
143.875    0.237593076293
144.0    0.235195508947
144.125    0.235195508947
144.25    0.235234493782
144.375    0.235117539277
144.5    0.243830649877
144.625    0.243830649877
144.75    0.243830649877
144.875    0.243752680207
145.0    0.241082219017
145.125    0.241628006705
145.25    0.241413590113
145.375    0.241413590113
145.5    0.236618455421
145.625    0.23784647772
145.75    0.23784647772
145.875    0.238743128923
146.0    0.233558145881
146.125    0.233558145881
146.25    0.234591244006
146.375    0.235292971034
146.5    0.236384546411
146.625    0.236384546411
146.75    0.236384546411
146.875    0.239386378699
147.0    0.237222720362
147.125    0.237222720362
147.25    0.237222720362
147.375    0.237222720362
147.5    0.241355112861
147.625    0.241355112861
147.75    0.241355112861
147.875    0.23318778995
148.0    0.239347393864
148.125    0.241452574948
148.25    0.243967096799
148.375    0.243752680207
148.5    0.2369303341
148.625    0.2369303341
148.75    0.2369303341
148.875    0.237359167284
149.0    0.236715917508
149.125    0.234883630268
149.25    0.234883630268
149.375    0.240789832755
149.5    0.236754902343
149.625    0.236754902343
149.75    0.236754902343
149.875    0.236832872013
150.0    0.238158356399
150.125    0.23792444739
150.25    0.23792444739
150.375    0.238216833652
150.5    0.241043234182
150.625    0.241043234182
150.75    0.241043234182
150.875    0.241004249347
151.0    0.238353280574
151.125    0.239444855951
151.25    0.239444855951
151.375    0.235234493782
151.5    0.238353280574
151.625    0.237105765857
151.75    0.23708627344
151.875    0.23708627344
152.0    0.23808038673
152.125    0.235819266305
152.25    0.235663326966
152.375    0.236598963003
152.5    0.23999064364
152.625    0.238782113758
152.75    0.236793887178
152.875    0.234688706093
153.0    0.241413590113
153.125    0.245623952283
153.25    0.245623952283
153.375    0.241413590113
153.5    0.238899068262
153.625    0.239113484854
153.75    0.238489727496
153.875    0.238489727496
154.0    0.238216833652
154.125    0.239581302873
154.25    0.239581302873
154.375    0.239581302873
154.5    0.231160578535
154.625    0.232505555339
154.75    0.231842813146
154.875    0.231784335893
155.0    0.242602627578
155.125    0.24289501384
155.25    0.24289501384
155.375    0.246501111068
155.5    0.236969318935
155.625    0.237749015633
155.75    0.233655607968
155.875    0.236443023664
156.0    0.232466570504
156.125    0.232466570504
156.25    0.234006471483
156.375    0.234006471483
156.5    0.241413590113
156.625    0.24158902187
156.75    0.241413590113
156.875    0.242563642743
157.0    0.232973373358
157.125    0.234435304666
157.25    0.235312463452
157.375    0.235312463452
157.5    0.236462516081
157.625    0.239717749795
157.75    0.24373318779
157.875    0.240789832755
158.0    0.240887294842
158.125    0.240887294842
158.25    0.240887294842
158.375    0.24082881759
158.5    0.240049120892
158.625    0.241140696269
158.75    0.241140696269
158.875    0.241140696269
159.0    0.231628396554
159.125    0.236053175315
159.25    0.235546372461
159.375    0.23677439476
159.5    0.241101711434
159.625    0.240146582979
159.75    0.241394097696
159.875    0.240477954076
160.0    0.24182293088
160.125    0.241530544618
160.25    0.244317960313
160.375    0.240322014736
160.5    0.234883630268
160.625    0.238294803321
160.75    0.238548204748
160.875    0.237378659701
161.0    0.238353280574
161.125    0.23884059101
161.25    0.237242212779
161.375    0.237242212779
161.5    0.241705976375
161.625    0.242193286811
161.75    0.242193286811
161.875    0.243011968344
162.0    0.239561810456
162.125    0.237788000468
162.25    0.237788000468
162.375    0.237788000468
162.5    0.231745351058
162.625    0.232992865775
162.75    0.231745351058
162.875    0.231745351058
163.0    0.240146582979
163.125    0.240146582979
163.25    0.240146582979
163.375    0.240107598144
163.5    0.243128922849
163.625    0.243226384936
163.75    0.243226384936
163.875    0.243226384936
164.0    0.243187400101
164.125    0.243187400101
164.25    0.243518771198
164.375    0.242953491092
164.5    0.23677439476
164.625    0.240146582979
164.75    0.236404038829
164.875    0.237788000468
165.0    0.228899458111
165.125    0.228899458111
165.25    0.228899458111
165.375    0.228899458111
165.5    0.244707808662
165.625    0.244707808662
165.75    0.244707808662
165.875    0.243499278781
166.0    0.237690538381
166.125    0.237865970138
166.25    0.237729523215
166.375    0.237729523215
166.5    0.234454797084
166.625    0.234454797084
166.75    0.234454797084
166.875    0.235331955869
167.0    0.235682819383
167.125    0.235215001364
167.25    0.23876262134
167.375    0.235215001364
167.5    0.233753070056
167.625    0.233753070056
167.75    0.233811547308
167.875    0.228665549101
168.0    0.239425363534
168.125    0.239932166387
168.25    0.239951658805
168.375    0.240809325172
168.5    0.235721804218
168.625    0.250984367081
168.75    0.246462126233
168.875    0.233265759619
169.0    0.236520993334
169.125    0.236793887178
169.25    0.236462516081
169.375    0.236462516081
169.5    0.239737242213
169.625    0.239737242213
169.75    0.239737242213
169.875    0.238411757826
170.0    0.240945772095
170.125    0.240945772095
170.25    0.241179681104
170.375    0.241179681104
170.5    0.236501500916
170.625    0.235780281471
170.75    0.236189622237
170.875    0.236189622237
171.0    0.249113095006
171.125    0.24961989786
171.25    0.247534209193
171.375    0.229854586566
171.5    0.237826985303
171.625    0.238372772991
171.75    0.241725468793
171.875    0.230887684691
172.0    0.242875521422
172.125    0.234006471483
172.25    0.234630228841
172.375    0.234630228841
172.5    0.240419476824
172.625    0.226930723948
172.75    0.226930723948
172.875    0.226930723948
173.0    0.241842423297
173.125    0.241842423297
173.25    0.241842423297
173.375    0.241842423297
173.5    0.236540485751
173.625    0.236540485751
173.75    0.23685236443
173.875    0.238041401895
174.0    0.238392265409
174.125    0.238392265409
174.25    0.238392265409
174.375    0.242797551752
174.5    0.239698257378
174.625    0.240302522319
174.75    0.238723636505
174.875    0.239503333203
175.0    0.243499278781
175.125    0.243304354606
175.25    0.243304354606
175.375    0.243596740868
175.5    0.238489727496
175.625    0.239113484854
175.75    0.238977037932
175.875    0.238977037932
176.0    0.237242212779
176.125    0.237242212779
176.25    0.231180070952
176.375    0.234454797084
176.5    0.238353280574
176.625    0.234922615103
176.75    0.234922615103
176.875    0.235975205645
177.0    0.231258040622
177.125    0.231258040622
177.25    0.231491949632
177.375    0.23502007719
177.5    0.23884059101
177.625    0.23876262134
177.75    0.238879575845
177.875    0.238938053097
178.0    0.240789832755
178.125    0.239327901446
178.25    0.222213558926
178.375    0.222213558926
178.5    0.237729523215
178.625    0.237729523215
178.75    0.241394097696
178.875    0.241394097696
179.0    0.235331955869
179.125    0.235331955869
179.25    0.235215001364
179.375    0.235429417956
180.0    0.235137031695
180.125    0.235137031695
180.25    0.236482008499
180.375    0.234630228841
180.5    0.248508830065
180.625    0.249113095006
180.75    0.249717359947
180.875    0.236501500916
181.0    0.22034228685
181.125    0.218763401037
181.25    0.218763401037
181.375    0.218977817629
181.5    0.239737242213
181.625    0.240263537484
181.75    0.240185567814
181.875    0.239600795291
182.0    0.241725468793
182.125    0.242349226151
182.25    0.242154301977
182.375    0.242154301977
182.5    0.237710030798
182.625    0.236813379595
182.75    0.236813379595
182.875    0.232369108417
183.0    0.247436747105
183.125    0.23310982028
183.25    0.243947604382
183.375    0.243947604382
183.5    0.238821098593
183.625    0.237904954973
183.75    0.237904954973
183.875    0.238977037932
184.0    0.237242212779
184.125    0.237281197614
184.25    0.237281197614
184.375    0.239113484854
184.5    0.240107598144
184.625    0.240263537484
184.75    0.240263537484
184.875    0.242290748899
185.0    0.221199953218
185.125    0.220186347511
185.25    0.221044013879
185.375    0.221044013879
185.5    0.229737632061
185.625    0.22921133679
185.75    0.22921133679
185.875    0.22921133679
186.0    0.238587189583
186.125    0.238528712331
186.25    0.238528712331
186.375    0.238528712331
186.5    0.245292581186
186.625    0.245779891622
186.75    0.246111262719
186.875    0.242466180656
187.0    0.237300690032
187.125    0.237281197614
187.25    0.237281197614
187.375    0.237281197614
187.5    0.236969318935
187.625    0.240692370668
187.75    0.240692370668
187.875    0.240692370668
188.0    0.236072667732
188.125    0.239951658805
188.25    0.240965264512
188.375    0.240965264512
188.5    0.235799773888
188.625    0.235780281471
188.75    0.235780281471
188.875    0.235780281471
189.0    0.23295388094
189.125    0.233051343028
189.25    0.23295388094
189.375    0.233051343028
189.5    0.237534599041
189.625    0.237534599041
189.75    0.237534599041
189.875    0.236910841683
190.0    0.23891856068
190.125    0.23891856068
190.25    0.23891856068
190.375    0.23891856068
190.5    0.23792444739
190.625    0.237125258275
190.75    0.242485673073
190.875    0.242485673073
191.0    0.24464933141
191.125    0.245312073603
191.25    0.247729133367
191.375    0.247729133367
191.5    0.236131144985
191.625    0.237417644536
191.75    0.23876262134
191.875    0.23876262134
192.0    0.232895403688
192.125    0.233986979065
192.25    0.234435304666
192.375    0.234201395657
192.5    0.242037347472
192.625    0.242037347472
192.75    0.24182293088
192.875    0.242992475927
193.0    0.237865970138
193.125    0.237865970138
193.25    0.237203227944
193.375    0.237203227944
193.5    0.23800241706
193.625    0.23800241706
193.75    0.22034228685
193.875    0.245253596351
194.0    0.241316128026
194.125    0.241316128026
194.25    0.223694982652
194.375    0.223694982652
194.5    0.234844645433
194.625    0.232973373358
194.75    0.234064948735
194.875    0.236891349265
195.0    0.230887684691
195.125    0.230887684691
195.25    0.229659662391
195.375    0.228334178005
195.5    0.229445245799
195.625    0.229445245799
195.75    0.229601185139
195.875    0.229445245799
196.0    0.240146582979
196.125    0.241257650774
196.25    0.223636505399
196.375    0.241257650774
196.5    0.240380491989
196.625    0.240088105727
196.75    0.239971151222
196.875    0.235760789053
197.0    0.236657440256
197.125    0.236150637402
197.25    0.236832872013
197.375    0.237066781022
197.5    0.237573583876
197.625    0.237573583876
197.75    0.225254376048
197.875    0.229347783712
198.0    0.240205060232
198.125    0.240205060232
198.25    0.239600795291
198.375    0.239600795291
198.5    0.231823320728
198.625    0.231823320728
198.75    0.232427585669
198.875    0.232427585669
199.0    0.239425363534
199.125    0.239249931777
199.25    0.239249931777
199.375    0.239171962107
199.5    0.235975205645
199.625    0.235975205645
199.75    0.23685236443
199.875    0.241043234182
200.0    0.23119956337
200.125    0.231374995127
200.25    0.232076722155
200.375    0.232174184242
200.5    0.240594908581
200.625    0.233811547308
200.75    0.233772562473
200.875    0.233772562473
201.0    0.237807492885
201.125    0.237807492885
201.25    0.229503723052
201.375    0.229503723052
201.5    0.231842813146
201.625    0.231842813146
201.75    0.231842813146
201.875    0.23219367666
202.0    0.233090327862
202.125    0.233090327862
202.25    0.233246267202
202.375    0.233246267202
202.5    0.243284862189
202.625    0.243284862189
202.75    0.241179681104
202.875    0.244902732837
203.0    0.243596740868
203.125    0.244356945148
203.25    0.24090678726
203.375    0.245292581186
203.5    0.229601185139
203.625    0.229601185139
203.75    0.229952048653
203.875    0.229952048653
204.0    0.236150637402
204.125    0.235975205645
204.25    0.23609216015
204.375    0.23609216015
204.5    0.237437136954
204.625    0.237398152119
204.75    0.237047288605
204.875    0.235682819383
205.0    0.234532766754
205.125    0.234532766754
205.25    0.234532766754
205.375    0.234396319832
205.5    0.24166699154
205.625    0.24166699154
205.75    0.24166699154
205.875    0.24166699154
206.0    0.234220888075
206.125    0.238821098593
206.25    0.246676542825
206.375    0.239288916611
206.5    0.231823320728
206.625    0.233675100386
206.75    0.235000584773
206.875    0.233889516978
207.0    0.235780281471
207.125    0.235780281471
207.25    0.235780281471
207.375    0.23593622081
207.5    0.236170129819
207.625    0.236501500916
207.75    0.236501500916
207.875    0.236501500916
208.0    0.234747183346
208.125    0.238411757826
208.25    0.236871856848
208.375    0.236871856848
208.5    0.238372772991
208.625    0.237066781022
208.75    0.237066781022
208.875    0.240185567814
209.0    0.235741296636
209.125    0.235741296636
209.25    0.236813379595
209.375    0.236813379595
209.5    0.238665159253
209.625    0.238665159253
209.75    0.247846087872
209.875    0.247748625785
210.0    0.228178238665
210.125    0.229152859538
210.25    0.232486062922
210.375    0.229620677556
210.5    0.232096214573
210.625    0.22921133679
210.75    0.22921133679
210.875    0.229893571401
211.0    0.235000584773
211.125    0.231998752485
211.25    0.231998752485
211.375    0.231803828311
211.5    0.24961989786
211.625    0.24961989786
211.75    0.246949436669
211.875    0.246949436669
212.0    0.233090327862
212.125    0.233090327862
212.25    0.231024131613
212.375    0.231024131613
212.5    0.23609216015
212.625    0.23609216015
212.75    0.239249931777
212.875    0.237398152119
213.0    0.237203227944
213.125    0.237320182449
213.25    0.237632061128
213.375    0.237632061128
213.5    0.232330123582
213.625    0.22813925383
213.75    0.22813925383
213.875    0.228977427781
214.0    0.23203773732
214.125    0.233986979065
214.25    0.232817434018
214.375    0.232817434018
214.5    0.233012358193
214.625    0.233012358193
214.75    0.233792054891
214.875    0.231647888971
215.0    0.236969318935
215.125    0.23784647772
215.25    0.23784647772
215.375    0.23784647772
215.5    0.226950216366
215.625    0.22737904955
215.75    0.227632450977
215.875    0.228977427781
216.0    0.242368718568
216.125    0.242368718568
216.25    0.229152859538
216.375    0.228840980858
216.5    0.240692370668
216.625    0.240029628475
216.75    0.240029628475
216.875    0.240029628475
217.0    0.242095824724
217.125    0.242095824724
217.25    0.228879965693
217.375    0.230088495575
217.5    0.230614790846
217.625    0.230614790846
217.75    0.230614790846
217.875    0.230614790846
218.0    0.238548204748
218.125    0.238236326069
218.25    0.238392265409
218.375    0.228899458111
218.5    0.233246267202
218.625    0.233246267202
218.75    0.233246267202
218.875    0.234201395657
219.0    0.23211570699
219.125    0.230224942497
219.25    0.230224942497
219.375    0.230224942497
219.5    0.227242602628
219.625    0.227242602628
219.75    0.227242602628
219.875    0.227242602628
220.0    0.242017855054
220.125    0.242388210986
220.25    0.242388210986
220.375    0.241783946045
220.5    0.233928501813
220.625    0.233928501813
220.75    0.233772562473
220.875    0.233772562473
221.0    0.234825153015
221.125    0.235000584773
221.25    0.235000584773
221.375    0.235000584773
221.5    0.238255818487
221.625    0.237671045963
221.75    0.234220888075
221.875    0.234240380492
222.0    0.230302912167
222.125    0.230419866672
222.25    0.232992865775
222.375    0.232992865775
222.5    0.232505555339
222.625    0.231530934466
222.75    0.231530934466
222.875    0.231530934466
223.0    0.236559978168
223.125    0.236559978168
223.25    0.236676932673
223.375    0.23776850805
223.5    0.235507387626
223.625    0.231881797981
223.75    0.231881797981
223.875    0.231881797981
224.0    0.230770730186
224.125    0.231998752485
224.25    0.231998752485
224.375    0.231998752485
224.5    0.23410393357
224.625    0.233772562473
224.75    0.233772562473
224.875    0.233304744454
225.0    0.238236326069
225.125    0.24182293088
225.25    0.24182293088
225.375    0.238119371564
225.5    0.233831039726
225.625    0.233831039726
225.75    0.235156524112
225.875    0.235137031695
226.0    0.234357334997
226.125    0.23119956337
226.25    0.234357334997
226.375    0.234357334997
226.5    0.237963432225
226.625    0.237963432225
226.75    0.224747573194
226.875    0.222739854197
227.0    0.237632061128
227.125    0.237632061128
227.25    0.236715917508
227.375    0.236540485751
227.5    0.240302522319
227.625    0.240302522319
227.75    0.240302522319
227.875    0.240302522319
228.0    0.237476121789
228.125    0.237476121789
228.25    0.240458461658
228.375    0.240711863085
228.5    0.243440801528
228.625    0.240731355503
228.75    0.241179681104
228.875    0.240516938911
229.0    0.239873689135
229.125    0.239932166387
229.25    0.228724026354
229.375    0.227340064715
229.5    0.233889516978
229.625    0.233889516978
229.75    0.233889516978
229.875    0.233889516978
230.0    0.237690538381
230.125    0.236696425091
230.25    0.236696425091
230.375    0.237593076293
230.5    0.231394487544
230.625    0.231394487544
230.75    0.231394487544
230.875    0.231940275233
231.0    0.232700479513
231.125    0.232700479513
231.25    0.232700479513
231.375    0.232700479513
231.5    0.232700479513
231.625    0.231063116448
231.75    0.231141086117
231.875    0.231141086117
232.0    0.233499668629
232.125    0.233811547308
232.25    0.233811547308
232.375    0.229269814042
232.5    0.234961599938
232.625    0.235059062025
232.75    0.235877743558
232.875    0.235877743558
233.0    0.232544540174
233.125    0.232544540174
233.25    0.232544540174
233.375    0.232583525009
233.5    0.233655607968
233.625    0.233655607968
233.75    0.233655607968
233.875    0.234727690928
234.0    0.24190090055
234.125    0.237943939807
234.25    0.234298857744
234.375    0.234298857744
234.5    0.237203227944
234.625    0.237242212779
234.75    0.238957545515
234.875    0.238957545515
235.0    0.237027796187
235.125    0.237027796187
235.25    0.237027796187
235.375    0.237027796187
235.5    0.233051343028
235.625    0.233051343028
235.75    0.233051343028
235.875    0.233012358193
236.0    0.239386378699
236.125    0.238099879147
236.25    0.238099879147
236.375    0.238957545515
236.5    0.232700479513
236.625    0.234006471483
236.75    0.233402206542
236.875    0.233402206542
237.0    0.234396319832
237.125    0.234396319832
237.25    0.233675100386
237.375    0.233792054891
237.5    0.234805660598
237.625    0.23784647772
237.75    0.23784647772
237.875    0.23784647772
238.0    0.238606682001
238.125    0.238606682001
238.25    0.239932166387
238.375    0.236365053994
238.5    0.233538653464
238.625    0.233519161046
238.75    0.234396319832
238.875    0.23295388094
239.0    0.231823320728
239.125    0.23295388094
239.25    0.233324236872
239.375    0.233324236872
240.0    0.234513274336
240.125    0.234513274336
240.25    0.234571751589
240.375    0.234571751589
240.5    0.232466570504
240.625    0.231647888971
240.75    0.231647888971
240.875    0.231647888971
241.0    0.231784335893
241.125    0.234220888075
241.25    0.234220888075
241.375    0.234298857744
241.5    0.228996920198
241.625    0.229347783712
241.75    0.228996920198
241.875    0.230751237769
242.0    0.242719582083
242.125    0.242719582083
242.25    0.242778059335
242.375    0.242778059335
242.5    0.237300690032
242.625    0.237300690032
242.75    0.237300690032
242.875    0.234805660598
243.0    0.23700830377
243.125    0.236891349265
243.25    0.236891349265
243.375    0.236637947838
243.5    0.232973373358
243.625    0.232973373358
243.75    0.232973373358
243.875    0.232973373358
244.0    0.234435304666
244.125    0.234435304666
244.25    0.235682819383
244.375    0.234045456317
244.5    0.21866593895
244.625    0.21866593895
244.75    0.21866593895
244.875    0.21866593895
245.0    0.233889516978
245.125    0.233889516978
245.25    0.23784647772
245.375    0.233441191377
245.5    0.232466570504
245.625    0.232486062922
245.75    0.232486062922
245.875    0.232739464348
246.0    0.238879575845
246.125    0.238879575845
246.25    0.238879575845
246.375    0.235604849713
246.5    0.233694592803
246.625    0.233694592803
246.75    0.23486413785
246.875    0.23486413785
247.0    0.243089938014
247.125    0.243089938014
247.25    0.238509219913
247.375    0.238509219913
247.5    0.235624342131
247.625    0.235624342131
247.75    0.23700830377
247.875    0.23700830377
248.0    0.23700830377
248.125    0.237242212779
248.25    0.237242212779
248.375    0.238392265409
248.5    0.238704144088
248.625    0.237885462555
248.75    0.237885462555
248.875    0.240088105727
249.0    0.23808038673
249.125    0.240185567814
249.25    0.240185567814
249.375    0.240185567814
249.5    0.230809715021
249.625    0.230829207438
249.75    0.231394487544
249.875    0.231394487544
250.0    0.240633893415
250.125    0.23876262134
250.25    0.24067287825
250.375    0.24067287825
250.5    0.234337842579
250.625    0.234727690928
250.75    0.234727690928
250.875    0.236209114654
251.0    0.235702311801
251.125    0.234532766754
251.25    0.234532766754
251.375    0.235702311801
251.5    0.242563642743
251.625    0.244688316245
251.75    0.243304354606
251.875    0.246579080738
252.0    0.232583525009
252.125    0.232583525009
252.25    0.232583525009
252.375    0.232583525009
252.5    0.224182293088
252.625    0.241803438462
252.75    0.242466180656
252.875    0.243382324276
253.0    0.238470235079
253.125    0.238470235079
253.25    0.238470235079
253.375    0.237865970138
253.5    0.233792054891
253.625    0.233792054891
253.75    0.233792054891
253.875    0.233792054891
254.0    0.235059062025
254.125    0.235059062025
254.25    0.235059062025
254.375    0.235059062025
254.5    0.226190012085
254.625    0.226190012085
254.75    0.226190012085
254.875    0.243772172625
255.0    0.223987368913
255.125    0.224338232428
255.25    0.22539082297
255.375    0.22539082297
255.5    0.237807492885
255.625    0.237807492885
255.75    0.237807492885
255.875    0.237807492885
256.0    0.239522825621
256.125    0.239522825621
256.25    0.239522825621
256.375    0.235312463452
256.5    0.237749015633
256.625    0.239347393864
256.75    0.239347393864
256.875    0.239347393864
257.0    0.233090327862
257.125    0.233090327862
257.25    0.233090327862
257.375    0.233090327862
257.5    0.239308409029
257.625    0.239308409029
257.75    0.23593622081
257.875    0.237534599041
258.0    0.23884059101
258.125    0.23884059101
258.25    0.23884059101
258.375    0.241199173521
258.5    0.235507387626
258.625    0.235507387626
258.75    0.235273478617
258.875    0.235273478617
259.0    0.235507387626
259.125    0.235507387626
259.25    0.235507387626
259.375    0.235507387626
259.5    0.23104362403
259.625    0.23104362403
259.75    0.235546372461
259.875    0.227710420646
260.0    0.234064948735
260.125    0.234064948735
260.25    0.23410393357
260.375    0.234064948735
260.5    0.225020467038
260.625    0.223772952322
260.75    0.225371330552
260.875    0.225371330552
261.0    0.237066781022
261.125    0.237066781022
261.25    0.237066781022
261.375    0.241101711434
261.5    0.239230439359
261.625    0.242524657908
261.75    0.241628006705
261.875    0.241628006705
262.0    0.226794277026
262.125    0.229172351955
262.25    0.227573973724
262.375    0.227573973724
262.5    0.236793887178
262.625    0.236793887178
262.75    0.237729523215
262.875    0.237729523215
263.0    0.219874468832
263.125    0.219874468832
263.25    0.219874468832
263.375    0.237495614206
263.5    0.237359167284
263.625    0.237398152119
263.75    0.237398152119
263.875    0.238353280574
264.0    0.227086663288
264.125    0.227086663288
264.25    0.227086663288
264.375    0.227086663288
264.5    0.238314295739
264.625    0.238314295739
264.75    0.238314295739
264.875    0.238314295739
265.0    0.236462516081
265.125    0.236520993334
265.25    0.236520993334
265.375    0.237320182449
265.5    0.228685041519
265.625    0.228685041519
265.75    0.228685041519
265.875    0.228918950528
266.0    0.236969318935
266.125    0.236969318935
266.25    0.236969318935
266.375    0.236969318935
266.5    0.227086663288
266.625    0.227515496472
266.75    0.227515496472
266.875    0.228568087014
267.0    0.239347393864
267.125    0.239347393864
267.25    0.239347393864
267.375    0.239249931777
267.5    0.239035515185
267.625    0.239035515185
267.75    0.236287084324
267.875    0.239035515185
268.0    0.226891739113
268.125    0.227515496472
268.25    0.227418034385
268.375    0.227593466142
268.5    0.228782503606
268.625    0.228782503606
268.75    0.228782503606
268.875    0.229094382285
269.0    0.238528712331
269.125    0.238528712331
269.25    0.241043234182
269.375    0.241043234182
269.5    0.22546879264
269.625    0.22546879264
269.75    0.22546879264
269.875    0.22546879264
270.0    0.236326069159
270.125    0.236326069159
270.25    0.229620677556
270.375    0.226755292191
270.5    0.226852754279
270.625    0.229191844373
270.75    0.229718139644
270.875    0.229718139644
271.0    0.227476511637
271.125    0.227710420646
271.25    0.227710420646
271.375    0.227710420646
271.5    0.226852754279
271.625    0.227924837238
271.75    0.227924837238
271.875    0.227924837238
272.0    0.232408093252
272.125    0.232252153912
272.25    0.232252153912
272.375    0.232408093252
272.5    0.231530934466
272.625    0.231530934466
272.75    0.231530934466
272.875    0.231881797981
273.0    0.231842813146
273.125    0.231842813146
273.25    0.231842813146
273.375    0.231842813146
273.5    0.219445635648
273.625    0.245877353709
273.75    0.245877353709
273.875    0.246306186893
274.0    0.232408093252
274.125    0.232408093252
274.25    0.228119761413
274.375    0.22806128416
274.5    0.225585747144
274.625    0.225585747144
274.75    0.225137421543
274.875    0.225137421543
275.0    0.228879965693
275.125    0.228879965693
275.25    0.228879965693
275.375    0.231180070952
275.5    0.227788390316
275.625    0.227788390316
275.75    0.227788390316
275.875    0.227788390316
276.0    0.229250321625
276.125    0.232174184242
276.25    0.233675100386
276.375    0.230224942497
276.5    0.22447467935
276.625    0.22447467935
276.75    0.225137421543
276.875    0.225137421543
277.0    0.230478343924
277.125    0.230478343924
277.25    0.230478343924
277.375    0.230478343924
277.5    0.23195976765
277.625    0.228626564266
277.75    0.228626564266
277.875    0.228626564266
278.0    0.22745701922
278.125    0.22745701922
278.25    0.22745701922
278.375    0.22745701922
278.5    0.225741686484
278.625    0.225741686484
278.75    0.225741686484
278.875    0.225741686484
279.0    0.231940275233
279.125    0.231940275233
279.25    0.231940275233
279.375    0.231940275233
279.5    0.223051732876
279.625    0.223051732876
279.75    0.223051732876
279.875    0.224416202097
280.0    0.22913336712
280.125    0.229191844373
280.25    0.229191844373
280.375    0.227710420646
280.5    0.226014580328
280.625    0.226014580328
280.75    0.226014580328
280.875    0.226852754279
281.0    0.230575806011
281.125    0.234084441152
281.25    0.234123425987
281.375    0.232369108417
281.5    0.235331955869
281.625    0.235331955869
281.75    0.235331955869
281.875    0.235331955869
282.0    0.227573973724
282.125    0.227573973724
282.25    0.225995087911
282.375    0.226618845269
282.5    0.221726248489
282.625    0.221726248489
282.75    0.221726248489
282.875    0.221726248489
283.0    0.219913453667
283.125    0.219913453667
283.25    0.219913453667
283.375    0.221258430471
283.5    0.232700479513
283.625    0.232700479513
283.75    0.232739464348
283.875    0.232739464348
284.0    0.230244434915
284.125    0.230244434915
284.25    0.230244434915
284.375    0.230244434915
284.5    0.231901290398
284.625    0.231901290398
284.75    0.231901290398
284.875    0.231901290398
285.0    0.232018244903
285.125    0.232018244903
285.25    0.232018244903
285.375    0.232018244903
285.5    0.235994698062
285.625    0.235994698062
285.75    0.235994698062
285.875    0.235994698062
286.0    0.21850999961
286.125    0.222934778371
286.25    0.222934778371
286.375    0.222934778371
286.5    0.228451132509
286.625    0.228451132509
286.75    0.229581692722
286.875    0.229581692722
287.0    0.224123815836
287.125    0.22424077034
287.25    0.224260262758
287.375    0.224260262758
287.5    0.227067170871
287.625    0.227067170871
287.75    0.227067170871
287.875    0.227067170871
288.0    0.222778839032
288.125    0.222778839032
288.25    0.222778839032
288.375    0.222778839032
288.5    0.22615102725
288.625    0.22615102725
288.75    0.227671435811
288.875    0.226657830104
289.0    0.226657830104
289.125    0.226657830104
289.25    0.226560368017
289.375    0.226560368017
289.5    0.225059451873
289.625    0.225117929126
289.75    0.225117929126
289.875    0.225000974621
290.0    0.228685041519
290.125    0.228685041519
290.25    0.228685041519
290.375    0.228685041519
290.5    0.229445245799
290.625    0.229445245799
290.75    0.229406260964
290.875    0.230556313594
291.0    0.223519550895
291.125    0.223519550895
291.25    0.223519550895
291.375    0.22340259639
291.5    0.22042025652
291.625    0.22042025652
291.75    0.22042025652
291.875    0.22042025652
292.0    0.229874078983
292.125    0.226209504503
292.25    0.226209504503
292.375    0.227398541967
292.5    0.229347783712
292.625    0.229347783712
292.75    0.230069003158
292.875    0.230069003158
293.0    0.22806128416
293.125    0.22806128416
293.25    0.22928930646
293.375    0.22928930646
293.5    0.229796109313
293.625    0.229796109313
293.75    0.229796109313
293.875    0.229796109313
294.0    0.220810104869
294.125    0.220810104869
294.25    0.220810104869
294.375    0.2340259639
294.5    0.23410393357
294.625    0.23410393357
294.75    0.23410393357
294.875    0.23410393357
295.0    0.228275700752
295.125    0.228275700752
295.25    0.228470624927
295.375    0.228470624927
295.5    0.228470624927
295.625    0.228470624927
295.75    0.228470624927
295.875    0.228470624927
296.0    0.228840980858
296.125    0.231530934466
296.25    0.231530934466
296.375    0.231530934466
296.5    0.228685041519
296.625    0.228685041519
296.75    0.228685041519
296.875    0.228685041519
297.0    0.23104362403
297.125    0.23104362403
297.25    0.23104362403
297.375    0.229562200304
297.5    0.224942497369
297.625    0.224123815836
297.75    0.224123815836
297.875    0.224162800671
298.0    0.231667381389
298.125    0.231667381389
298.25    0.231667381389
298.375    0.231667381389
298.5    0.228568087014
298.625    0.228568087014
298.75    0.227593466142
298.875    0.228607071849
299.0    0.225624731979
299.125    0.225624731979
299.25    0.226073057581
299.375    0.226073057581
300.0    0.23211570699
300.125    0.238743128923
300.25    0.237495614206
300.375    0.23700830377
300.5    0.221433862228
300.625    0.221433862228
300.75    0.221433862228
300.875    0.221433862228
301.0    0.227067170871
301.125    0.227067170871
301.25    0.227067170871
301.375    0.227067170871
301.5    0.22622899692
301.625    0.22622899692
301.75    0.22622899692
301.875    0.22622899692
302.0    0.224201785505
302.125    0.224201785505
302.25    0.224201785505
302.375    0.224201785505
302.5    0.227983314491
302.625    0.227983314491
302.75    0.227807882734
302.875    0.227651943394
303.0    0.22806128416
303.125    0.22806128416
303.25    0.22806128416
303.375    0.22806128416
303.5    0.225858640989
303.625    0.222778839032
303.75    0.222778839032
303.875    0.222778839032
304.0    0.230692760516
304.125    0.230692760516
304.25    0.230692760516
304.375    0.230692760516
304.5    0.229523215469
304.625    0.229523215469
304.75    0.229523215469
304.875    0.229523215469
305.0    0.223500058477
305.125    0.223500058477
305.25    0.223500058477
305.375    0.222993255624
305.5    0.228704533936
305.625    0.228704533936
305.75    0.228704533936
305.875    0.228704533936
306.0    0.220108377841
306.125    0.220205839928
306.25    0.220205839928
306.375    0.220205839928
306.5    0.225761178901
306.625    0.225761178901
306.75    0.225761178901
306.875    0.225741686484
307.0    0.226930723948
307.125    0.226930723948
307.25    0.228197731083
307.375    0.228879965693
307.5    0.226911231531
307.625    0.22806128416
307.75    0.230010525905
307.875    0.226540875599
308.0    0.22546879264
308.125    0.22546879264
308.25    0.22546879264
308.375    0.22546879264
308.5    0.229796109313
308.625    0.229328291295
308.75    0.22837316284
308.875    0.22837316284
309.0    0.228938442946
309.125    0.228938442946
309.25    0.230419866672
309.375    0.230419866672
309.5    0.229971541071
309.625    0.229971541071
309.75    0.229971541071
309.875    0.229971541071
310.0    0.230302912167
310.125    0.226638337687
310.25    0.226638337687
310.375    0.226638337687
310.5    0.22806128416
310.625    0.22806128416
310.75    0.22806128416
310.875    0.22806128416
311.0    0.225956103076
311.125    0.225956103076
311.25    0.225956103076
311.375    0.225956103076
311.5    0.218958325211
311.625    0.218958325211
311.75    0.219270203891
311.875    0.219270203891
312.0    0.226014580328
312.125    0.226014580328
312.25    0.222856808701
312.375    0.222856808701
312.5    0.229386768547
312.625    0.230224942497
312.75    0.230224942497
312.875    0.230224942497
313.0    0.224045846166
313.125    0.224162800671
313.25    0.224162800671
313.375    0.224162800671
313.5    0.235234493782
313.625    0.235234493782
313.75    0.235273478617
313.875    0.235273478617
314.0    0.231511442049
314.125    0.231511442049
314.25    0.231511442049
314.375    0.231823320728
314.5    0.235585357296
314.625    0.235585357296
314.75    0.236891349265
314.875    0.236891349265
315.0    0.224942497369
315.125    0.224942497369
315.25    0.224942497369
315.375    0.224942497369
315.5    0.223110210128
315.625    0.223110210128
315.75    0.223110210128
315.875    0.223110210128
316.0    0.223168687381
316.125    0.223129702546
316.25    0.223129702546
316.375    0.223129702546
316.5    0.227612958559
316.625    0.227612958559
316.75    0.227612958559
316.875    0.227612958559
317.0    0.22042025652
317.125    0.22042025652
