0.0    0.105434609884
0.125    0.10138778537
0.25    0.101986334022
0.375    0.101647333016
0.5    0.103501244769
0.625    0.101228878648
0.75    0.100821018062
0.875    0.103151649981
1.0    0.106117908788
1.125    0.107028973992
1.25    0.106907145506
1.375    0.107039567774
1.5    0.105688860639
1.625    0.105747126437
1.75    0.10408919964
1.875    0.104195137454
2.0    0.104110387203
2.125    0.10431166905
2.25    0.10431166905
2.375    0.103241697124
2.5    0.109020604905
2.625    0.109084167594
2.75    0.109084167594
2.875    0.109031198686
3.0    0.105646485513
3.125    0.105646485513
3.25    0.105810689125
3.375    0.105492875682
3.5    0.105032046189
3.625    0.105752423328
3.75    0.10577361089
3.875    0.106483394248
4.0    0.111579003125
4.125    0.104846655014
4.25    0.104963186609
4.375    0.104724826527
4.5    0.101790349065
4.625    0.099459717146
4.75    0.0996451083214
4.875    0.0996451083214
5.0    0.105683563748
5.125    0.102219397214
5.25    0.102415382171
5.375    0.102621960909
5.5    0.107262037184
5.625    0.106441019122
5.75    0.104565919805
5.875    0.103739604852
6.0    0.102055193601
6.125    0.102071084274
6.25    0.102086974946
6.375    0.103125165528
6.5    0.10211875629
6.625    0.102473647969
6.75    0.105858361142
6.875    0.105604110387
7.0    0.103501244769
7.125    0.103167540654
7.25    0.102966258806
7.375    0.102902696117
7.5    0.104290481487
7.625    0.104512950898
7.75    0.104804279888
7.875    0.104841358123
8.0    0.106303299963
8.125    0.106192065258
8.25    0.10649928492
8.375    0.105206843583
8.5    0.103665448382
8.625    0.10438582552
8.75    0.105524657026
8.875    0.103628370147
9.0    0.106594628953
9.125    0.106313893744
9.25    0.102839133429
9.375    0.103776683087
9.5    0.098670480428
9.625    0.101435457387
9.75    0.101504316966
9.875    0.102817945866
10.0    0.0995391705069
10.125    0.107590444409
10.25    0.107648710207
10.375    0.106885957943
10.5    0.106817098363
10.625    0.106181471476
10.75    0.106303299963
10.875    0.106303299963
11.0    0.107410350124
11.125    0.107680491551
11.25    0.107187880714
11.375    0.107463319032
11.5    0.104211028126
11.625    0.104158059219
11.75    0.104253403252
11.875    0.10438052863
12.0    0.104814873669
12.125    0.105143280894
12.25    0.105747126437
12.375    0.105688860639
12.5    0.104052121405
12.625    0.104057418295
12.75    0.104057418295
12.875    0.102749086286
13.0    0.105964298957
13.125    0.10511149955
13.25    0.105439906775
13.375    0.10189628688
13.5    0.0999682186556
13.625    0.0998887652948
13.75    0.0997563430266
13.875    0.100116531596
14.0    0.105137984003
14.125    0.10511149955
14.25    0.105148577785
14.375    0.106388050215
14.5    0.106303299963
14.625    0.106192065258
14.75    0.106308596854
14.875    0.106340378198
15.0    0.109216589862
15.125    0.107627522644
15.25    0.109290746332
15.375    0.109158324064
15.5    0.106991895757
15.625    0.107060755337
15.75    0.107177286933
15.875    0.105153874676
16.0    0.10657344139
16.125    0.105010858626
16.25    0.105010858626
16.375    0.105164468457
16.5    0.0998622808412
16.625    0.0998093119339
16.75    0.0998357963875
16.875    0.0980613379946
17.0    0.101864505535
17.125    0.100932252768
17.25    0.101806239737
17.375    0.102092271836
17.5    0.107209068277
17.625    0.103008633932
17.75    0.102378303936
17.875    0.102277663012
18.0    0.106509878701
18.125    0.106536363155
18.25    0.106546956936
18.375    0.106403940887
18.5    0.102431272843
18.625    0.103241697124
18.75    0.101912177552
18.875    0.10226177234
19.0    0.102166428307
19.125    0.102161131416
19.25    0.10299804015
19.375    0.101763864611
19.5    0.108045977011
19.625    0.107246146512
19.75    0.107060755337
19.875    0.107050161555
20.0    0.107680491551
20.125    0.108814026167
20.25    0.107389162562
20.375    0.107558663065
20.5    0.102754383177
20.625    0.102770273849
20.75    0.102738492505
20.875    0.102839133429
21.0    0.109725091371
21.125    0.100190688066
21.25    0.100349594788
21.375    0.100625033106
21.5    0.103178134435
21.625    0.103517135441
21.75    0.103517135441
21.875    0.103548916786
22.0    0.102251178558
22.125    0.101795645956
22.25    0.102457757296
22.375    0.102500132422
22.5    0.10336352561
22.625    0.101917474443
22.75    0.111059907834
22.875    0.111107579851
23.0    0.107548069283
23.125    0.107548069283
23.25    0.107235552731
23.375    0.107431537687
23.5    0.10788707029
23.625    0.105561735261
23.75    0.100985221675
23.875    0.101112347052
24.0    0.102155834525
24.125    0.108040680121
24.25    0.107537475502
24.375    0.107458022141
24.5    0.094835531543
24.625    0.101774458393
24.75    0.0994385295831
24.875    0.0999099528577
25.0    0.102833836538
25.125    0.103824355104
25.25    0.103824355104
25.375    0.102214100323
25.5    0.102971555697
25.625    0.103909105355
25.75    0.103072196621
25.875    0.103056305948
26.0    0.107288521638
26.125    0.107277927856
26.25    0.10730441231
26.375    0.107320302982
26.5    0.103347634938
26.625    0.11249006833
26.75    0.101287144446
26.875    0.102367710154
27.0    0.10364955771
27.125    0.10343238519
27.25    0.104279887706
27.375    0.104422903756
27.5    0.0991895757191
27.625    0.0991895757191
27.75    0.0991895757191
27.875    0.0994703109275
28.0    0.108655119445
28.125    0.108167805498
28.25    0.107834101382
28.375    0.101424863605
28.5    0.104195137454
28.625    0.10402034006
28.75    0.103930292918
28.875    0.103845542666
29.0    0.103787276868
29.125    0.10482017056
29.25    0.103411197627
29.375    0.103310556703
29.5    0.103919699137
29.625    0.103877324011
29.75    0.103956777372
29.875    0.103972668044
30.0    0.103909105355
30.125    0.10372901107
30.25    0.103125165528
30.375    0.108655119445
30.5    0.104576513587
30.625    0.103977964935
30.75    0.104316965941
30.875    0.103808464431
31.0    0.104046824514
31.125    0.104624185603
31.25    0.104152762329
31.375    0.104316965941
31.5    0.105053233752
31.625    0.104989671063
31.75    0.105710048202
31.875    0.101075268817
32.0    0.0989671063086
32.125    0.0985327612691
32.25    0.0985857301764
32.375    0.097648180518
32.5    0.103082790402
32.625    0.10350654166
32.75    0.103776683087
32.875    0.102823242757
33.0    0.0998887652948
33.125    0.100111234705
33.25    0.10036548546
33.375    0.100418454367
33.5    0.0988505747126
33.625    0.0988029026961
33.75    0.110275968007
33.875    0.097860056147
34.0    0.104724826527
34.125    0.105582922824
34.25    0.105630594841
34.375    0.105831876688
34.5    0.110429577838
34.625    0.105948408284
34.75    0.106080830552
34.875    0.106070236771
35.0    0.104216325017
35.125    0.104407013083
35.25    0.104332856613
35.375    0.104279887706
35.5    0.104205731236
35.625    0.104025636951
35.75    0.100116531596
35.875    0.0994385295831
36.0    0.101080565708
36.125    0.0990730441231
36.25    0.0987605275703
36.375    0.0985804332857
36.5    0.0900047672016
36.625    0.0985698395042
36.75    0.0986016208486
36.875    0.105895439377
37.0    0.103257587796
37.125    0.101117643943
37.25    0.102012818476
37.375    0.102394194608
37.5    0.0996186238678
37.625    0.0994120451295
37.75    0.0997510461359
37.875    0.0994809047089
38.0    0.102060490492
38.125    0.102489538641
38.25    0.102526616876
38.375    0.102473647969
38.5    0.104851951904
38.625    0.106160283913
38.75    0.103061602839
38.875    0.10248424175
39.0    0.105482281901
39.125    0.104804279888
39.25    0.104777795434
39.375    0.106388050215
39.5    0.105959002066
39.625    0.104412309974
39.75    0.105079718205
39.875    0.0986651835373
40.0    0.102844430319
40.125    0.112113989088
40.25    0.112728428413
40.375    0.102870914773
40.5    0.106361565761
40.625    0.106086127443
40.75    0.106435722231
40.875    0.106435722231
41.0    0.106552253827
41.125    0.106403940887
41.25    0.104279887706
41.375    0.103972668044
41.5    0.103660151491
41.625    0.103448275862
41.75    0.103231103342
41.875    0.103813761322
42.0    0.101853911754
42.125    0.104078605858
42.25    0.104142168547
42.375    0.102839133429
42.5    0.105148577785
42.625    0.104645373166
42.75    0.104475872663
42.875    0.10438052863
43.0    0.10672175433
43.125    0.106748238784
43.25    0.104301075269
43.375    0.104608294931
43.5    0.104899623921
43.625    0.103893214683
43.75    0.10343238519
43.875    0.104613591822
44.0    0.105974892738
44.125    0.105974892738
44.25    0.1070819429
44.375    0.106965411304
44.5    0.103983261825
44.625    0.104512950898
44.75    0.104004449388
44.875    0.104687748292
45.0    0.105874251814
45.125    0.104263997034
45.25    0.105228031146
45.375    0.104184543673
45.5    0.105884845596
45.625    0.106049049208
45.75    0.105376344086
45.875    0.105900736268
46.0    0.106176174586
46.125    0.105911330049
46.25    0.105969595847
46.375    0.105323375179
46.5    0.105339265851
46.625    0.105386937867
46.75    0.103972668044
46.875    0.104009746279
47.0    0.107410350124
47.125    0.107897664071
47.25    0.107066052227
47.375    0.107786429366
47.5    0.106112611897
47.625    0.10664759786
47.75    0.108586259865
47.875    0.107685788442
48.0    0.10605964299
48.125    0.108501509614
48.25    0.108008898776
48.375    0.104470575772
48.5    0.11058848456
48.625    0.106001377192
48.75    0.106435722231
48.875    0.106229143493
49.0    0.105471688119
49.125    0.106838285926
49.25    0.106848879708
49.375    0.106531066264
49.5    0.10328936914
49.625    0.103750198633
49.75    0.110217702209
49.875    0.111589596907
50.0    0.108655119445
50.125    0.108120133482
50.25    0.105847767361
50.375    0.105683563748
50.5    0.108596853647
50.625    0.107823507601
50.75    0.10774405424
50.875    0.10701308332
51.0    0.106472800466
51.125    0.113321680174
51.25    0.106674082314
51.375    0.108972932888
51.5    0.108077758356
51.625    0.108962339107
51.75    0.10905768314
51.875    0.109650934901
52.0    0.105275703162
52.125    0.106509878701
52.25    0.105164468457
52.375    0.115509296043
52.5    0.109375496584
52.625    0.109449653054
52.75    0.109693310027
52.875    0.108951745325
53.0    0.109010011123
53.125    0.10934901213
53.25    0.110795063298
53.375    0.106742941893
53.5    0.102510726204
53.625    0.111822660099
53.75    0.103548916786
53.875    0.102065787383
54.0    0.102277663012
54.125    0.11197626993
54.25    0.100609142433
54.375    0.100598548652
54.5    0.108554478521
54.625    0.108284337094
54.75    0.108522697177
54.875    0.109047089359
55.0    0.110641453467
55.125    0.110456062291
55.25    0.110471952964
55.375    0.1089093702
55.5    0.109899888765
55.625    0.111107579851
55.75    0.109513215742
55.875    0.109470840617
56.0    0.107283224747
56.125    0.107971820541
56.25    0.109010011123
56.375    0.110482546745
56.5    0.102733195614
56.625    0.10255310133
56.75    0.101695005032
56.875    0.101297738228
57.0    0.111965676148
57.125    0.112521849674
57.25    0.112680756396
57.375    0.112961491604
57.5    0.113480586895
57.625    0.112596006144
57.75    0.106276815509
57.875    0.1049684835
58.0    0.0935483870968
58.125    0.104957889719
58.25    0.105196249801
58.375    0.105519360136
58.5    0.108056570793
58.625    0.107977117432
58.75    0.108088352137
58.875    0.108236665078
59.0    0.10328936914
59.125    0.102727898723
59.25    0.103755495524
59.375    0.104793686106
59.5    0.109004714233
59.625    0.110074686159
59.75    0.111398908841
59.875    0.111335346152
60.0    0.103442978971
60.125    0.102674929816
60.25    0.102690820488
60.375    0.102621960909
60.5    0.106192065258
60.625    0.10693892685
60.75    0.105233328036
60.875    0.103326447375
61.0    0.110334233805
61.125    0.101122940834
61.25    0.101785052174
61.375    0.101366597807
61.5    0.101197097304
61.625    0.100889877642
61.75    0.101276550665
61.875    0.101589067218
62.0    0.105254515599
62.125    0.105593516606
62.25    0.105529953917
62.375    0.104486466444
62.5    0.112495365221
62.625    0.111335346152
62.75    0.111070501616
62.875    0.111722019175
63.0    0.107627522644
63.125    0.107648710207
63.25    0.108130727263
63.375    0.106154987023
63.5    0.100153609831
63.625    0.111128767414
63.75    0.0984109327825
63.875    0.101186503522
64.0    0.104189840564
64.125    0.101011706129
64.25    0.101721489486
64.375    0.10190158377
64.5    0.108162508607
64.625    0.108305524657
64.75    0.107696382224
64.875    0.10723025584
65.0    0.10591662694
65.125    0.10752688172
65.25    0.10723025584
65.375    0.107871179618
65.5    0.107468615922
65.625    0.107924148525
65.75    0.10431166905
65.875    0.103543619895
66.0    0.107119021135
66.125    0.108167805498
66.25    0.108824619948
66.375    0.107664600879
66.5    0.108395571799
66.625    0.108464431379
66.75    0.10847502516
66.875    0.10387202712
67.0    0.104025636951
67.125    0.104650670057
67.25    0.104550029133
67.375    0.104576513587
67.5    0.107299115419
67.625    0.106552253827
67.75    0.106912442396
67.875    0.1075957413
68.0    0.108776947932
68.125    0.106382753324
68.25    0.106350971979
68.375    0.106541660046
68.5    0.095587690026
68.625    0.0953652206155
68.75    0.0955241273373
68.875    0.107405053234
69.0    0.106541660046
69.125    0.106483394248
69.25    0.105985486519
69.375    0.106075533662
69.5    0.106054346099
69.625    0.103739604852
69.75    0.105355156523
69.875    0.105381640977
70.0    0.0996186238678
70.125    0.101917474443
70.25    0.102214100323
70.375    0.102478944859
70.5    0.106965411304
70.625    0.10584247047
70.75    0.102097568727
70.875    0.100079453361
71.0    0.108083055247
71.125    0.109031198686
71.25    0.108591556756
71.375    0.121997987182
71.5    0.0989353249642
71.625    0.098188463372
71.75    0.0971979448064
71.875    0.0987022617723
72.0    0.104920811484
72.125    0.106255627946
72.25    0.105450500556
72.375    0.103114571746
72.5    0.105286296944
72.625    0.105524657026
72.75    0.105090311987
72.875    0.10547698501
73.0    0.101922771333
73.125    0.102028709148
73.25    0.101981037131
73.375    0.101721489486
73.5    0.0996027331956
73.625    0.101520207638
73.75    0.101038190582
73.875    0.101726786376
74.0    0.10335822872
74.125    0.0989724031993
74.25    0.0988770591663
74.375    0.0993749668944
74.5    0.0985804332857
74.625    0.0981090100111
74.75    0.0971078976641
74.875    0.0973356639653
75.0    0.105386937867
75.125    0.105598813496
75.25    0.105725938874
75.375    0.105593516606
75.5    0.102500132422
75.625    0.0909529106414
75.75    0.100158906722
75.875    0.107643413316
76.0    0.106684676095
76.125    0.100047672017
76.25    0.099459717146
76.375    0.101483129403
76.5    0.105010858626
76.625    0.100789236718
76.75    0.102865617882
76.875    0.102934477462
77.0    0.107855288945
77.125    0.108226071296
77.25    0.105482281901
77.375    0.105932517612
77.5    0.101551988982
77.625    0.102171725197
77.75    0.102288256793
77.875    0.101509613857
78.0    0.0990889347953
78.125    0.0998887652948
78.25    0.100084750252
78.375    0.101011706129
78.5    0.106255627946
78.625    0.106192065258
78.75    0.104926108374
78.875    0.106271518619
79.0    0.106753535675
79.125    0.104396419302
79.25    0.104396419302
79.375    0.0976058053922
79.5    0.101181206632
79.625    0.10774405424
79.75    0.107066052227
79.875    0.0984639016897
80.0    0.100270141427
80.125    0.100386673023
80.25    0.100852799407
80.375    0.10094814344
80.5    0.0978335716934
80.625    0.0977223369882
80.75    0.0976005085015
80.875    0.0970072567403
81.0    0.104618888712
81.125    0.10533396896
81.25    0.10460299804
81.375    0.105397531649
81.5    0.101859208645
81.625    0.0973038826209
81.75    0.10029132899
81.875    0.100630329996
82.0    0.104798982997
82.125    0.101562582764
82.25    0.102441866624
82.375    0.102542507548
82.5    0.0986651835373
82.625    0.102139943853
82.75    0.100344297897
82.875    0.102669632925
83.0    0.0992849197521
83.125    0.0993484824408
83.25    0.103956777372
83.375    0.0989141374014
83.5    0.101779755284
83.625    0.102076381164
83.75    0.102674929816
83.875    0.101101753271
84.0    0.101933365115
84.125    0.102028709148
84.25    0.100169500503
84.375    0.100010593781
84.5    0.103411197627
84.625    0.0952751734732
84.75    0.101578473436
84.875    0.10299274326
85.0    0.099094231686
85.125    0.10094814344
85.25    0.101382488479
85.375    0.095953175486
85.5    0.0963080671646
85.625    0.100762752264
85.75    0.101017003019
85.875    0.0997245616823
86.0    0.0986651835373
86.125    0.111923301022
86.25    0.100895174533
86.375    0.100476720165
86.5    0.0945600932253
86.625    0.094507124318
86.75    0.0938979818846
86.875    0.0899147200593
87.0    0.101747973939
87.125    0.0903119868637
87.25    0.0906562847609
87.375    0.103151649981
87.5    0.0956936278405
87.625    0.0959425817045
87.75    0.0953599237248
87.875    0.0957042216219
88.0    0.0997563430266
88.125    0.0986228084115
88.25    0.0982891042958
88.375    0.0991472005933
88.5    0.100794533609
88.625    0.0989247311828
88.75    0.0984533079083
88.875    0.0994650140368
89.0    0.0978176810212
89.125    0.0979448063986
89.25    0.0980030721966
89.375    0.0964775676678
89.5    0.0966841464061
89.625    0.106382753324
89.75    0.0979077281636
89.875    0.097764712114
90.0    0.102235287886
90.125    0.101668520578
90.25    0.101573176545
90.375    0.101594364108
90.5    0.10401504317
90.625    0.10146194184
90.75    0.099364373113
90.875    0.100005296891
91.0    0.100280735208
91.125    0.0992531384077
91.25    0.0898776418242
91.375    0.0958419407808
91.5    0.100195984957
91.625    0.100254250755
91.75    0.0989194342921
91.875    0.1018274273
92.0    0.090846972827
92.125    0.0927167752529
92.25    0.0914031463531
92.375    0.0928439006303
92.5    0.102341225701
92.625    0.102510726204
92.75    0.102802055194
92.875    0.10292388368
93.0    0.10306689973
93.125    0.10408919964
93.25    0.101790349065
93.375    0.102643148472
93.5    0.0911965676148
93.625    0.0962762858202
93.75    0.0969383971609
93.875    0.0986545897558
94.0    0.0996980772287
94.125    0.0996504052121
94.25    0.101499020075
94.375    0.10073097092
94.5    0.102971555697
94.625    0.0992531384077
94.75    0.0994862015997
94.875    0.0997563430266
95.0    0.100672705122
95.125    0.101324222681
95.25    0.0979395095079
95.375    0.100699189576
95.5    0.0974310079983
95.625    0.0968854282536
95.75    0.0985274643784
95.875    0.0977435245511
96.0    0.0936172466762
96.125    0.092907463319
96.25    0.0934053710472
96.375    0.0923618835743
96.5    0.100100640924
96.625    0.101371894698
96.75    0.101144128397
96.875    0.101038190582
97.0    0.100047672017
97.125    0.101546692092
97.25    0.100407860586
97.375    0.1013136289
97.5    0.096048519519
97.625    0.0950315164998
97.75    0.0955770962445
97.875    0.0959213941416
98.0    0.0987552306796
98.125    0.0986386990836
98.25    0.0994332326924
98.375    0.0989300280735
98.5    0.0976375867366
98.625    0.0996768896658
98.75    0.101917474443
98.875    0.102881508554
99.0    0.101340113353
99.125    0.10102229991
99.25    0.099941734202
99.375    0.100455532602
99.5    0.0942793580168
99.625    0.0897558133376
99.75    0.08955453149
99.875    0.0878913078023
100.0    0.0948620159966
100.125    0.0948249377615
100.25    0.0942104984374
100.375    0.0950844854071
100.5    0.106128502569
100.625    0.106478097357
100.75    0.107177286933
100.875    0.102055193601
101.0    0.103601885693
101.125    0.102590179565
101.25    0.104422903756
101.375    0.104666560729
101.5    0.101477832512
101.625    0.10087928386
101.75    0.100974627893
101.875    0.101292441337
102.0    0.0943005455797
102.125    0.106891254833
102.25    0.105122093331
102.375    0.106298003072
102.5    0.09963451454
102.625    0.100254250755
102.75    0.10226706923
102.875    0.0988134964776
103.0    0.0964722707771
103.125    0.0963610360718
103.25    0.0950791885164
103.375    0.0963928174162
103.5    0.101573176545
103.625    0.101700301923
103.75    0.0907834101382
103.875    0.0767360559352
104.0    0.104481169553
104.125    0.104634779384
104.25    0.0954287833042
104.375    0.104364637958
104.5    0.0968112717835
104.625    0.097494570687
104.75    0.0874516658721
104.875    0.0966258806081
105.0    0.0930610731501
105.125    0.0932729487791
105.25    0.090846972827
105.375    0.102547804439
105.5    0.101292441337
105.625    0.101356004026
105.75    0.101657926797
105.875    0.101890989989
106.0    0.0989724031993
106.125    0.0990518565602
106.25    0.0993908575666
106.375    0.106287409291
106.5    0.102224694105
106.625    0.102002224694
106.75    0.0940780761693
106.875    0.104735420308
107.0    0.0998252026061
107.125    0.094353514487
107.25    0.0931829016367
107.375    0.093601356004
107.5    0.0987181524445
107.625    0.0985963239578
107.75    0.0987499337889
107.875    0.098824090259
108.0    0.106451612903
108.125    0.101747973939
108.25    0.102304147465
108.375    0.10226706923
108.5    0.0956035806981
108.625    0.0957518936384
108.75    0.0958631283437
108.875    0.0958684252344
109.0    0.102081678055
109.125    0.101017003019
109.25    0.10109645638
109.375    0.0988293871497
109.5    0.0956512527147
109.625    0.095683034059
109.75    0.0946342496954
109.875    0.0952380952381
110.0    0.101917474443
110.125    0.101906880661
110.25    0.102828539647
110.375    0.102568992002
110.5    0.102664336035
110.625    0.102643148472
110.75    0.10116531596
110.875    0.0995444673976
111.0    0.101737380158
111.125    0.101737380158
111.25    0.101737380158
111.375    0.101737380158
111.5    0.0955241273373
111.625    0.0963822236347
111.75    0.0971555696806
111.875    0.09722442926
112.0    0.103400603846
112.125    0.101371894698
112.25    0.101398379151
112.375    0.101032893691
112.5    0.100926955877
112.625    0.100503204619
112.75    0.10043964193
112.875    0.100545579745
113.0    0.0934159648286
113.125    0.0934954181895
113.25    0.0972615074951
113.375    0.0970761163197
113.5    0.102516023094
113.625    0.101594364108
113.75    0.101716192595
113.875    0.101642036125
114.0    0.0937708565072
114.125    0.0932729487791
114.25    0.0945812807882
114.375    0.0972879919487
114.5    0.101212987976
114.625    0.101340113353
114.75    0.101710895704
114.875    0.101732083267
115.0    0.0947295937285
115.125    0.0947666719636
115.25    0.0957942687642
115.375    0.0950421102813
115.5    0.101446051168
115.625    0.100344297897
115.75    0.101710895704
115.875    0.102457757296
116.0    0.094660734149
116.125    0.10204459982
116.25    0.101663223688
116.375    0.101642036125
116.5    0.0974998675777
116.625    0.0975369458128
116.75    0.0979236188357
116.875    0.0978441654749
117.0    0.0956194713703
117.125    0.0956406589332
117.25    0.0957095185126
117.375    0.0958896127973
117.5    0.0953493299433
117.625    0.0953228454897
117.75    0.0946713279305
117.875    0.0950844854071
118.0    0.0955612055723
118.125    0.0955770962445
118.25    0.0951374543143
118.375    0.095163938768
118.5    0.101525504529
118.625    0.0970867101012
118.75    0.0947878595264
118.875    0.0957042216219
119.0    0.0987552306796
119.125    0.0977276338789
119.25    0.0967318184226
119.375    0.0981672758091
120.0    0.098342073203
120.125    0.0971714603528
120.25    0.0962021293501
120.375    0.0987181524445
120.5    0.102574288892
120.625    0.102516023094
120.75    0.102060490492
120.875    0.102712008051
121.0    0.0980454473224
121.125    0.097918321945
121.25    0.0955982838074
121.375    0.097282695058
121.5    0.102171725197
121.625    0.0935271995339
121.75    0.107426240797
121.875    0.107505694158
122.0    0.0958896127973
122.125    0.0958737221251
122.25    0.105090311987
122.375    0.107632819535
122.5    0.10299804015
122.625    0.104041527623
122.75    0.103315853594
122.875    0.103368822501
123.0    0.103103977965
123.125    0.10328936914
123.25    0.103617776365
123.375    0.0941787170931
123.5    0.0965199427936
123.625    0.0964087080884
123.75    0.0964087080884
123.875    0.0963610360718
124.0    0.0954552677578
124.125    0.0951533449865
124.25    0.0943164362519
124.375    0.0941840139838
124.5    0.102060490492
124.625    0.0936808093649
124.75    0.102982149478
124.875    0.103056305948
125.0    0.103167540654
125.125    0.103252290905
125.25    0.103305259812
125.375    0.103310556703
125.5    0.0870808835214
125.625    0.0921711955082
125.75    0.0921870861804
125.875    0.0927909317231
126.0    0.0932305736533
126.125    0.0943694051592
126.25    0.0950368133905
126.375    0.0951904232216
126.5    0.0944541554108
126.625    0.0981090100111
126.75    0.0967159277504
126.875    0.0967318184226
127.0    0.0986281053022
127.125    0.0996133269771
127.25    0.0987817151332
127.375    0.0995444673976
127.5    0.0988505747126
127.625    0.0988982467292
127.75    0.0992425446263
127.875    0.0997669368081
128.0    0.0986969648816
128.125    0.0998146088246
128.25    0.0982096509349
128.375    0.0917845224853
128.5    0.0971078976641
128.625    0.0970072567403
128.75    0.0947401875099
128.875    0.094930875576
129.0    0.0946872186027
129.125    0.104216325017
129.25    0.104809576778
129.375    0.104862545686
129.5    0.0980984162297
129.625    0.0984480110175
129.75    0.0982520260607
129.875    0.0984268234546
130.0    0.0968483500185
130.125    0.0969701785052
130.25    0.0969595847238
130.375    0.097340960856
130.5    0.0934000741565
130.625    0.091752741141
130.75    0.0945918745696
130.875    0.0963239578368
131.0    0.0992637321892
131.125    0.0991895757191
131.25    0.100047672017
131.375    0.097611102283
131.5    0.0931987923089
131.625    0.0937973409609
131.75    0.0937920440701
131.875    0.0935536839875
132.0    0.099035965888
132.125    0.0989882938715
132.25    0.0993167010965
132.375    0.0989088405106
132.5    0.0976958525346
132.625    0.0981672758091
132.75    0.0976693680809
132.875    0.0977753058954
133.0    0.0998781715133
133.125    0.0998675777319
133.25    0.0993272948779
133.375    0.0934742306266
133.5    0.0938926849939
133.625    0.0929869166799
133.75    0.093659621802
133.875    0.0944435616293
134.0    0.0971343821177
134.125    0.0970178505217
134.25    0.095201017003
134.375    0.0849038614333
134.5    0.0912760209757
134.625    0.0926638063457
134.75    0.0911488955983
134.875    0.090036548546
135.0    0.0985380581599
135.125    0.0985433550506
135.25    0.0962762858202
135.375    0.0965940992637
135.5    0.0959478785953
135.625    0.0931617140738
135.75    0.101769161502
135.875    0.0956512527147
136.0    0.100778642937
136.125    0.0937231844907
136.25    0.10175327083
136.375    0.10073097092
136.5    0.0983897452196
136.625    0.0965358334658
136.75    0.0939668414641
136.875    0.0915991313099
137.0    0.0984321203454
137.125    0.0987340431167
137.25    0.0987711213518
137.375    0.0991101223582
137.5    0.086355209492
137.625    0.0854388473966
137.75    0.0857831452937
137.875    0.0972615074951
138.0    0.098670480428
138.125    0.0987022617723
138.25    0.0988293871497
138.375    0.0991313099211
138.5    0.0955823931352
138.625    0.0955188304465
138.75    0.0955929869167
138.875    0.0953387361619
139.0    0.100047672017
139.125    0.100116531596
139.25    0.0991419037025
139.375    0.0994120451295
139.5    0.097860056147
139.625    0.0968854282536
139.75    0.0977806027862
139.875    0.0980454473224
140.0    0.0929286508819
140.125    0.0953334392711
140.25    0.0953334392711
140.375    0.0957148154034
140.5    0.0846072355527
140.625    0.0854971131945
140.75    0.0946183590232
140.875    0.100725674029
141.0    0.0977223369882
141.125    0.0976746649717
141.25    0.0985645426135
141.375    0.0992372477356
141.5    0.0945547963345
141.625    0.0958684252344
141.75    0.0960326288469
141.875    0.0964563801049
142.0    0.0964828645585
142.125    0.103522432332
142.25    0.101361300916
142.375    0.0976322898459
142.5    0.0982732136236
142.625    0.0982732136236
142.75    0.0976534774088
142.875    0.0976693680809
143.0    0.0976428836273
143.125    0.0976852587531
143.25    0.0978865406007
143.375    0.0975157582499
143.5    0.100466126384
143.625    0.100683298904
143.75    0.10197044335
143.875    0.101345410244
144.0    0.0987393400074
144.125    0.0994809047089
144.25    0.0994703109275
144.375    0.0880608083055
144.5    0.0996609989936
144.625    0.0983473700938
144.75    0.0998252026061
144.875    0.0999364373113
145.0    0.0992213570634
145.125    0.0970549287568
145.25    0.0973038826209
145.375    0.0972191323693
145.5    0.101419566714
145.625    0.0944382647386
145.75    0.0947084061656
145.875    0.0946448434769
146.0    0.0976693680809
146.125    0.0955135335558
146.25    0.0949414693575
146.375    0.0958472376715
146.5    0.0976058053922
146.625    0.097706446316
146.75    0.100185391175
146.875    0.100328407225
147.0    0.0986386990836
147.125    0.0985592457228
147.25    0.0983579638752
147.375    0.0994120451295
147.5    0.099941734202
147.625    0.0886222787224
147.75    0.100270141427
147.875    0.100699189576
148.0    0.0998040150432
148.125    0.0860215053764
148.25    0.0953069548175
148.375    0.0953705175062
148.5    0.0997245616823
148.625    0.0997510461359
148.75    0.0974151173261
148.875    0.0979130250543
149.0    0.0975793209386
149.125    0.097611102283
149.25    0.0981566820276
149.375    0.0976852587531
149.5    0.100275438318
149.625    0.0933788865936
149.75    0.100667408231
149.875    0.100783939827
150.0    0.09824672917
150.125    0.0986863711002
150.25    0.0978282748027
150.375    0.0871126648657
150.5    0.0929710260077
150.625    0.0889930610731
150.75    0.0894115154404
150.875    0.0897928915726
151.0    0.0980666348853
151.125    0.09861221463
151.25    0.0985327612691
151.375    0.0981619789184
151.5    0.098400339001
151.625    0.098400339001
151.75    0.0986545897558
151.875    0.0985698395042
152.0    0.0903861433339
152.125    0.0949838444833
152.25    0.09510567297
152.375    0.0945600932253
152.5    0.0832300439642
152.625    0.0834048413581
152.75    0.101430160496
152.875    0.0950738916256
153.0    0.100301922771
153.125    0.100005296891
153.25    0.0990836379045
153.375    0.0994279358017
153.5    0.0965146459029
153.625    0.0968483500185
153.75    0.104004449388
153.875    0.0944223740664
154.0    0.0911065204725
154.125    0.0913395836644
154.25    0.0913289898829
154.375    0.0905768314
154.5    0.0995656549605
154.625    0.0998357963875
154.75    0.0998252026061
154.875    0.0993484824408
155.0    0.099941734202
155.125    0.101191800413
155.25    0.100429048149
155.375    0.100391969914
155.5    0.0957889718735
155.625    0.095894909688
155.75    0.095624768261
155.875    0.0957095185126
156.0    0.096069707082
156.125    0.095317548599
156.25    0.0958313469993
156.375    0.0950791885164
156.5    0.0947242968378
156.625    0.102743789396
156.75    0.103527729223
156.875    0.0967106308597
157.0    0.0913501774458
157.125    0.0917103660151
157.25    0.0927273690344
157.375    0.0906086127443
157.5    0.098998887653
157.625    0.0991366068118
157.75    0.0968748344722
157.875    0.10364955771
158.0    0.0984956830341
158.125    0.0963080671646
158.25    0.0965464272472
158.375    0.0976428836273
158.5    0.100911065205
158.625    0.101027596801
158.75    0.101144128397
158.875    0.100646220668
159.0    0.102749086286
159.125    0.102537210657
159.25    0.102298850575
159.375    0.102219397214
159.5    0.0919010540813
159.625    0.0922082737433
159.75    0.0922188675248
159.875    0.0994120451295
160.0    0.100270141427
160.125    0.100376079241
160.25    0.100407860586
160.375    0.100529689073
160.5    0.100752158483
160.625    0.101366597807
160.75    0.100911065205
160.875    0.100911065205
161.0    0.0940515917157
161.125    0.0940462948249
161.25    0.0940462948249
161.375    0.0939827321362
161.5    0.0928227130674
161.625    0.0930345886964
161.75    0.0937337782722
161.875    0.0930981513851
162.0    0.0929869166799
162.125    0.0928333068489
162.25    0.0924890089517
162.375    0.0934583399544
162.5    0.100757455374
162.625    0.101303035118
162.75    0.101059378145
162.875    0.101133534615
163.0    0.0997351554637
163.125    0.0997828274803
163.25    0.101636739234
163.375    0.101340113353
163.5    0.101419566714
163.625    0.100132422268
163.75    0.100243656973
163.875    0.102028709148
164.0    0.101377191589
164.125    0.100418454367
164.25    0.101525504529
164.375    0.101541395201
164.5    0.0925207902961
164.625    0.0925366809683
164.75    0.0925366809683
164.875    0.0925366809683
165.0    0.0991207161396
165.125    0.0991101223582
165.25    0.098824090259
165.375    0.0994120451295
165.5    0.102955665025
165.625    0.102955665025
165.75    0.0937602627258
165.875    0.0927856348324
166.0    0.0930663700408
166.125    0.102251178558
166.25    0.093177604746
166.375    0.0932888394512
166.5    0.0857354732772
166.625    0.0880078393983
166.75    0.0880078393983
166.875    0.0953811112877
167.0    0.0945124212087
167.125    0.0944594523015
167.25    0.0953016579268
167.375    0.0953228454897
167.5    0.0953440330526
167.625    0.0955082366651
167.75    0.0955929869167
167.875    0.0957095185126
168.0    0.0992372477356
168.125    0.0991313099211
168.25    0.0993114042057
168.375    0.0993696700037
168.5    0.100063562689
168.625    0.100100640924
168.75    0.100312516553
168.875    0.100344297897
169.0    0.0958260501086
169.125    0.0958207532179
169.25    0.0945124212087
169.375    0.0931829016367
169.5    0.102855024101
169.625    0.093813231633
169.75    0.0938026378516
169.875    0.0915090841676
170.0    0.107166693151
170.125    0.104867842576
170.25    0.100529689073
170.375    0.100503204619
170.5    0.0953122517083
170.625    0.0953281423804
170.75    0.0960326288469
170.875    0.0954287833042
171.0    0.0965517241379
171.125    0.0962762858202
171.25    0.0965676148101
171.375    0.0966788495153
171.5    0.0988929498384
171.625    0.0990730441231
171.75    0.0990995285767
171.875    0.0990995285767
172.0    0.0931881985275
172.125    0.0935483870968
172.25    0.0865564913396
172.375    0.0937178876
172.5    0.0910482546745
172.625    0.0912230520684
172.75    0.09130780232
172.875    0.0907940039197
173.0    0.0972403199322
173.125    0.0973674453096
173.25    0.0973886328725
173.375    0.0974257111076
173.5    0.096376926744
173.625    0.0885004502357
173.75    0.0885693098151
173.875    0.0887123258647
174.0    0.0921447110546
174.125    0.0920917421474
174.25    0.0924625244981
174.375    0.0924625244981
174.5    0.093023994915
174.625    0.0930451824779
174.75    0.0930875576037
174.875    0.0927273690344
175.0    0.0974521955612
175.125    0.0973568515282
175.25    0.0954605646485
175.375    0.0970231474125
175.5    0.0935007150802
175.625    0.0959637692674
175.75    0.0959160972509
175.875    0.0957465967477
176.0    0.0981249006833
176.125    0.0981354944647
176.25    0.0980613379946
176.375    0.0981460882462
176.5    0.10080512739
176.625    0.100815721172
176.75    0.0975263520314
176.875    0.0989194342921
177.0    0.0976905556438
177.125    0.0981407913555
177.25    0.0981619789184
177.375    0.098188463372
177.5    0.0900259547646
177.625    0.090730441231
177.75    0.0900842205625
177.875    0.0900842205625
178.0    0.0976587742995
178.125    0.0978017903491
178.25    0.0977117432067
178.375    0.099247841517
178.5    0.100105937815
178.625    0.0997457492452
178.75    0.100068859579
178.875    0.1005137984
179.0    0.0972350230415
179.125    0.0977170400975
179.25    0.0977170400975
179.375    0.0976428836273
180.0    0.0914084432438
180.125    0.0914084432438
180.25    0.090364955771
180.375    0.0891943429207
180.5    0.0901689708141
180.625    0.088918904603
180.75    0.0898723449335
180.875    0.0892632025001
181.0    0.0898935324964
181.125    0.0898988293872
181.25    0.0898617511521
181.375    0.0898882356057
181.5    0.0889665766195
181.625    0.088977170401
181.75    0.0890566237618
181.875    0.0890248424175
182.0    0.0950685947349
182.125    0.0952169076752
182.25    0.0953069548175
182.375    0.095142751205
182.5    0.0898564542614
182.625    0.0898564542614
182.75    0.089882938715
182.875    0.0899306107315
183.0    0.0983950421103
183.125    0.0916415064357
183.25    0.0927167752529
183.375    0.0908999417342
183.5    0.0964722707771
183.625    0.0964722707771
183.75    0.0965570210287
183.875    0.0962180200222
184.0    0.092483712061
184.125    0.092483712061
184.25    0.0928756819747
184.375    0.0933418083585
184.5    0.0929180571005
184.625    0.0926479156735
184.75    0.0923618835743
184.875    0.092176492399
185.0    0.0952275014566
185.125    0.0948726097781
185.25    0.0951957201123
185.375    0.0948832035595
185.5    0.0919328354256
185.625    0.0919328354256
185.75    0.0919328354256
185.875    0.0927856348324
186.0    0.0958843159066
186.125    0.0968589438
186.25    0.0974257111076
186.375    0.0916044282007
186.5    0.090518565602
186.625    0.0907516287939
186.75    0.0911118173632
186.875    0.0917633349224
187.0    0.0888288574607
187.125    0.0841358122782
187.25    0.0842523438741
187.375    0.0842258594205
187.5    0.0961014884263
187.625    0.0962921764924
187.75    0.0961014884263
187.875    0.0961385666614
188.0    0.0968430531278
188.125    0.0968854282536
188.25    0.0969966629588
188.375    0.0947931564172
188.5    0.095047407172
188.625    0.0952857672546
188.75    0.0962656920388
188.875    0.0949573600297
189.0    0.0912813178664
189.125    0.0933682928121
189.25    0.0933682928121
189.375    0.0885216377986
189.5    0.0956883309497
189.625    0.0956883309497
189.75    0.0956883309497
189.875    0.0958313469993
190.0    0.0976534774088
190.125    0.0990730441231
190.25    0.0928968695376
190.375    0.0905927220721
190.5    0.0887017320833
190.625    0.0887017320833
190.75    0.0887441072091
190.875    0.0889983579639
191.0    0.0961862386779
191.125    0.0960061443932
191.25    0.0961014884263
191.375    0.0961385666614
191.5    0.0931458234017
191.625    0.0930504793686
191.75    0.0931246358388
191.875    0.0931352296202
192.0    0.0969860691774
192.125    0.0969595847238
192.25    0.0974151173261
192.375    0.0970231474125
192.5    0.0898617511521
192.625    0.0898723449335
192.75    0.0897875946819
192.875    0.089882938715
193.0    0.0933947772657
193.125    0.0933788865936
193.25    0.0933365114678
193.375    0.0924996027332
193.5    0.0944806398644
193.625    0.101456644949
193.75    0.0956618464961
193.875    0.0960644101912
194.0    0.0956989247312
194.125    0.0964510832142
194.25    0.0961809417872
194.375    0.0961809417872
194.5    0.0944064833943
194.625    0.090364955771
194.75    0.090364955771
194.875    0.0903437682081
195.0    0.0906986598867
195.125    0.0909635044229
195.25    0.0910482546745
195.375    0.091424333916
195.5    0.0862439747868
195.625    0.0862439747868
195.75    0.0863022405848
195.875    0.0862863499126
196.0    0.0909952857672
196.125    0.0909158324064
196.25    0.0911224111447
196.375    0.0911224111447
196.5    0.0981937602627
196.625    0.0983685576567
196.75    0.0983791514381
196.875    0.0986386990836
197.0    0.0934583399544
197.125    0.0876529477197
197.25    0.0936066528947
197.375    0.0854812225224
197.5    0.0940515917157
197.625    0.0936967000371
197.75    0.0937549658351
197.875    0.0912283489592
198.0    0.0919699136607
198.125    0.0796069707082
198.25    0.0826685735473
198.375    0.0826156046401
198.5    0.0846866889136
198.625    0.0847873298374
198.75    0.0850150961386
198.875    0.0853805815986
199.0    0.09196461677
199.125    0.0917262566873
199.25    0.0917262566873
199.375    0.0917580380317
199.5    0.0915408655119
199.625    0.0920175856772
199.75    0.0938079347423
199.875    0.0940727792786
200.0    0.0922241644155
200.125    0.0948037501986
200.25    0.0948037501986
200.375    0.0948037501986
200.5    0.0927591503787
200.625    0.0927114783622
200.75    0.0927591503787
200.875    0.092753853488
201.0    0.0924678213888
201.125    0.0925896498755
201.25    0.0926849939086
201.375    0.0946024683511
201.5    0.0977382276604
201.625    0.0979871815244
201.75    0.0969066158165
201.875    0.0959743630489
202.0    0.0944011865035
202.125    0.0946766248212
202.25    0.0945812807882
202.375    0.0954340801949
202.5    0.0934689337359
202.625    0.0934689337359
202.75    0.0933841834843
202.875    0.0981090100111
203.0    0.088977170401
203.125    0.0885322315801
203.25    0.0889877641824
203.375    0.08918904603
203.5    0.0935324964246
203.625    0.0935007150802
203.75    0.0928068223953
203.875    0.0935219026431
204.0    0.0938238254145
204.125    0.0938609036496
204.25    0.0938503098681
204.375    0.0938503098681
204.5    0.095201017003
204.625    0.0952910641453
204.75    0.0953387361619
204.875    0.0952222045659
205.0    0.0985486519413
205.125    0.0984956830341
205.25    0.0986016208486
205.375    0.0987128555538
205.5    0.0946872186027
205.625    0.0949626569204
205.75    0.0949043911224
205.875    0.0835372636263
206.0    0.0945494994438
206.125    0.0943270300334
206.25    0.0944329678479
206.375    0.0945336087717
206.5    0.0865723820118
206.625    0.0865829757932
206.75    0.086741882515
206.875    0.0860003178134
207.0    0.0949096880131
207.125    0.094989141374
207.25    0.094989141374
207.375    0.0946501403676
207.5    0.088225011918
207.625    0.0881349647757
207.75    0.0904497060226
207.875    0.0835743418613
208.0    0.0971131945548
208.125    0.0974733831241
208.25    0.0968324593464
208.375    0.0967794904391
208.5    0.0902166428307
208.625    0.0944276709571
208.75    0.0949043911224
208.875    0.0948885004502
209.0    0.0888288574607
209.125    0.0904973780391
209.25    0.0906774723237
209.375    0.0904497060226
209.5    0.0959955506118
209.625    0.0948990942317
209.75    0.0954658615393
209.875    0.102643148472
210.0    0.0881773399015
210.125    0.0973727422003
210.25    0.0973727422003
210.375    0.0884792626728
210.5    0.0974998675777
210.625    0.0974998675777
210.75    0.0974998675777
210.875    0.097494570687
211.0    0.0907410350125
211.125    0.090672175433
211.25    0.091366068118
211.375    0.0917262566873
211.5    0.0877853699878
211.625    0.0879972456168
211.75    0.0880819958684
211.875    0.0881137772128
212.0    0.0962656920388
212.125    0.0863975846178
212.25    0.0887705916627
212.375    0.0887547009905
212.5    0.0977911965676
212.625    0.097648180518
212.75    0.097648180518
212.875    0.0867259918428
213.0    0.0916521002172
213.125    0.091366068118
213.25    0.0907781132475
213.375    0.0907569256846
213.5    0.09861221463
213.625    0.09861221463
213.75    0.0871550399915
213.875    0.091694475343
214.0    0.0893002807352
214.125    0.08955453149
214.25    0.0895280470364
214.375    0.0899835796388
214.5    0.0895598283807
214.625    0.0896975475396
214.75    0.0896975475396
214.875    0.0894697812384
215.0    0.0957571905292
215.125    0.0970072567403
215.25    0.0970072567403
215.375    0.0973515546374
215.5    0.0842894221092
215.625    0.0843741723608
215.75    0.0841146247153
215.875    0.0865776789025
216.0    0.0917951162668
216.125    0.0916044282007
216.25    0.0916044282007
216.375    0.0916044282007
216.5    0.0966258806081
216.625    0.0846760951322
216.75    0.0848455956354
216.875    0.096742412204
217.0    0.0998993590762
217.125    0.0999099528577
217.25    0.100646220668
217.375    0.0993325917686
217.5    0.0955453149001
217.625    0.0976216960644
217.75    0.0974574924519
217.875    0.0966735526246
218.0    0.089612797288
218.125    0.0873086498226
218.25    0.0878383388951
218.375    0.0872874622597
218.5    0.0995020922718
218.625    0.0972032416971
218.75    0.0881031834313
218.875    0.0975157582499
219.0    0.0897399226654
219.125    0.0898776418242
219.25    0.0897822977912
219.375    0.0897981884634
219.5    0.0918216007204
219.625    0.0937019969278
219.75    0.093659621802
219.875    0.0933365114678
220.0    0.088918904603
220.125    0.088860638805
220.25    0.088648763176
220.375    0.0882673870438
220.5    0.0924519307167
220.625    0.0892790931723
220.75    0.0887547009905
220.875    0.0886858414111
221.0    0.0910641453467
221.125    0.0910217702209
221.25    0.091848085174
221.375    0.0918798665184
221.5    0.0891625615764
221.625    0.0893002807352
221.75    0.0891413740135
221.875    0.0895174532549
222.0    0.0984639016897
222.125    0.0911965676148
222.25    0.0911965676148
222.375    0.0908787541713
222.5    0.0898405635892
222.625    0.0899941734202
222.75    0.0899623920758
222.875    0.0887441072091
223.0    0.0916838815615
223.125    0.0917315535781
223.25    0.0917156629059
223.375    0.0914508183696
223.5    0.0918004131575
223.625    0.0918004131575
223.75    0.0918798665184
223.875    0.0895810159436
224.0    0.0903755495524
224.125    0.0900312516553
224.25    0.0898776418242
224.375    0.0900206578738
224.5    0.0831346999311
224.625    0.0830499496795
224.75    0.0824884792627
224.875    0.0908045977012
225.0    0.094236982891
225.125    0.0944223740664
225.25    0.0937920440701
225.375    0.0937867471794
225.5    0.09094231686
225.625    0.0908575666084
225.75    0.0909211292971
225.875    0.0913554743366
226.0    0.0910747391281
226.125    0.090190158377
226.25    0.0896445786323
226.375    0.0907357381217
226.5    0.0910270671116
226.625    0.0909264261878
226.75    0.0913766618995
226.875    0.0913395836644
227.0    0.0777159807193
227.125    0.0776947931564
227.25    0.0869325705811
227.375    0.0870279146141
227.5    0.094141638858
227.625    0.094141638858
227.75    0.0898988293872
227.875    0.0876052757032
228.0    0.0906933629959
228.125    0.0907092536681
228.25    0.0907092536681
228.375    0.0907463319032
228.5    0.0863393188199
228.625    0.0862916468033
228.75    0.0860744742836
228.875    0.0863499126013
229.0    0.0891042957784
229.125    0.0890513268711
229.25    0.0885428253615
229.375    0.0886169818317
229.5    0.0897452195561
229.625    0.0897452195561
229.75    0.0897558133376
229.875    0.0898034853541
230.0    0.0960061443932
230.125    0.0964457863234
230.25    0.0967000370782
230.375    0.0868637110017
230.5    0.0884686688914
230.625    0.0873722125113
230.75    0.0871232586472
230.875    0.0873563218391
231.0    0.0955982838074
231.125    0.0948090470894
231.25    0.094893797341
231.375    0.0950527040627
231.5    0.0903013930823
231.625    0.0914508183696
231.75    0.0906298003072
231.875    0.0911118173632
232.0    0.0877006197362
232.125    0.0764076487102
232.25    0.0880290269612
232.375    0.0876211663753
232.5    0.0876635415011
232.625    0.08992001695
232.75    0.0900683298904
232.875    0.0878436357858
233.0    0.0907198474495
233.125    0.0908151914826
233.25    0.0902907993008
233.375    0.0903755495524
233.5    0.0947242968378
233.625    0.0947242968378
233.75    0.0949361724668
233.875    0.0949838444833
234.0    0.0939509507919
234.125    0.0939191694475
234.25    0.0945494994438
234.375    0.0945494994438
234.5    0.0967371153133
234.625    0.0968112717835
234.75    0.0968112717835
234.875    0.0967371153133
235.0    0.0934424492823
235.125    0.0934159648286
235.25    0.0936331373484
235.375    0.0842205625298
235.5    0.0889665766195
235.625    0.0889665766195
235.75    0.0911330049261
235.875    0.0911171142539
236.0    0.0880502145241
236.125    0.087859526458
236.25    0.0880449176334
236.375    0.0880449176334
236.5    0.0946978123841
236.625    0.0949043911224
236.75    0.0949679538111
236.875    0.095412892632
237.0    0.092600243657
237.125    0.0903331744266
237.25    0.0903331744266
237.375    0.0904814873669
237.5    0.0890460299804
237.625    0.0890460299804
237.75    0.0890460299804
237.875    0.0895651252715
238.0    0.0924731182796
238.125    0.092541977859
238.25    0.0924625244981
238.375    0.092753853488
238.5    0.0894062185497
238.625    0.0898776418242
238.75    0.0896657661952
238.875    0.089766407119
239.0    0.0931829016367
239.125    0.0931987923089
239.25    0.0931987923089
239.375    0.0886010911595
240.0    0.0892579056094
240.125    0.0889242014937
240.25    0.0889242014937
240.375    0.0894644843477
240.5    0.0912177551777
240.625    0.0935166057524
240.75    0.0906509878701
240.875    0.0906403940887
241.0    0.0899306107315
241.125    0.0899570951851
241.25    0.0876582446104
241.375    0.0922665395413
241.5    0.0957677843106
241.625    0.0953917050691
241.75    0.0955982838074
241.875    0.095587690026
242.0    0.0870649928492
242.125    0.087049102177
242.25    0.0871126648657
242.375    0.0865723820118
242.5    0.0885852004873
242.625    0.088590497378
242.75    0.0885216377986
242.875    0.0886063880502
243.0    0.0903755495524
243.125    0.090094814344
243.25    0.0896392817416
243.375    0.089708141321
243.5    0.0879866518354
243.625    0.0940727792786
243.75    0.0914720059325
243.875    0.0866147571376
244.0    0.0958313469993
244.125    0.0955347211187
244.25    0.0978335716934
244.375    0.0981831664813
244.5    0.0917421473595
244.625    0.0915620530749
244.75    0.0922188675248
244.875    0.0875787912495
245.0    0.0925631654219
245.125    0.0833783569045
245.25    0.0927856348324
245.375    0.0904285184597
245.5    0.0880872927592
245.625    0.0889453890566
245.75    0.0889453890566
245.875    0.08918904603
246.0    0.0949520631389
246.125    0.0949520631389
246.25    0.0950156258276
246.375    0.0957624874199
246.5    0.0948885004502
246.625    0.0948885004502
246.75    0.0952804703639
246.875    0.0952804703639
247.0    0.0940992637322
247.125    0.0955717993538
247.25    0.0966046930452
247.375    0.0973091795116
247.5    0.0855447852111
247.625    0.0855447852111
247.75    0.0854441442873
247.875    0.0856507230256
248.0    0.0926532125642
248.125    0.0927008845808
248.25    0.0918268976111
248.375    0.0927220721437
248.5    0.0860903649558
248.625    0.0861698183166
248.75    0.0841252184967
248.875    0.0932411674347
249.0    0.0872980560411
249.125    0.0874304783092
249.25    0.0880449176334
249.375    0.0880608083055
249.5    0.0952698765824
249.625    0.0952804703639
249.75    0.0952380952381
249.875    0.0951957201123
250.0    0.0913554743366
250.125    0.0913554743366
250.25    0.0913501774458
250.375    0.0911012235818
250.5    0.087165633773
250.625    0.0885216377986
250.75    0.0885216377986
250.875    0.0915885375285
251.0    0.0947507812914
251.125    0.0947507812914
251.25    0.0947931564172
251.375    0.0953387361619
251.5    0.0874516658721
251.625    0.0865353037767
251.75    0.0865353037767
251.875    0.0874039938556
252.0    0.0906933629959
252.125    0.0792626728111
252.25    0.0793474230627
252.375    0.0861592245352
252.5    0.0819693839716
252.625    0.0819693839716
252.75    0.0819693839716
252.875    0.0819693839716
253.0    0.0808782244822
253.125    0.0831770750569
253.25    0.0802796758303
253.375    0.0798559245723
253.5    0.0834313258118
253.625    0.0830764341332
253.75    0.0834737009376
253.875    0.0832936066529
254.0    0.0845860479898
254.125    0.0847343609301
254.25    0.0870226177234
254.375    0.0849356427777
254.5    0.0872768684782
254.625    0.0873245404947
254.75    0.0873245404947
254.875    0.0868213358759
255.0    0.0822395253986
255.125    0.0821494782563
255.25    0.0820700248954
255.375    0.0825891201865
255.5    0.0834154351396
255.625    0.0833730600138
255.75    0.0872080088988
255.875    0.0871815244452
256.0    0.0830393558981
256.125    0.083060543461
256.25    0.0823242756502
256.375    0.0830976216961
256.5    0.0848826738704
256.625    0.0848826738704
256.75    0.0849409396684
256.875    0.0849091583241
257.0    0.0815350389321
257.125    0.0810212405318
257.25    0.0810212405318
257.375    0.0814979606971
257.5    0.0833094973251
257.625    0.0838338895069
257.75    0.0837862174903
257.875    0.0842046718576
258.0    0.0940568886064
258.125    0.0940568886064
258.25    0.0894432967848
258.375    0.0895015625828
258.5    0.0921817892897
258.625    0.0829863869908
258.75    0.0829863869908
258.875    0.0829863869908
259.0    0.0824566979183
259.125    0.0828274802691
259.25    0.0828274802691
259.375    0.0828115895969
259.5    0.0905768314
259.625    0.0898087822448
259.75    0.089766407119
259.875    0.0908204883733
260.0    0.0858467079824
260.125    0.0793527199534
260.25    0.0793315323905
260.375    0.0677154510303
260.5    0.0820170559881
260.625    0.0823348694316
260.75    0.0823613538853
260.875    0.0823931352296
261.0    0.0945336087717
261.125    0.0944753429737
261.25    0.0812437099423
261.375    0.0812913819588
261.5    0.0869378674718
261.625    0.0874993378887
261.75    0.0869166799089
261.875    0.0863922877271
262.0    0.0859844271413
262.125    0.0861963027703
262.25    0.0844112505959
262.375    0.0845012977382
262.5    0.0854335505059
262.625    0.0854547380687
262.75    0.0857089888236
262.875    0.0871285555379
263.0    0.0922082737433
263.125    0.0920864452566
263.25    0.0851898935325
263.375    0.0851898935325
263.5    0.0935166057524
263.625    0.0934636368452
263.75    0.093082260713
263.875    0.0932146829811
264.0    0.0853276126913
264.125    0.0858573017639
264.25    0.0858202235288
264.375    0.0854017691615
264.5    0.0746702685524
264.625    0.0747603156947
264.75    0.0770644631601
264.875    0.0771915885375
265.0    0.0823295725409
265.125    0.0824037290111
265.25    0.0828698553949
265.375    0.0828009958155
265.5    0.0849250489962
265.625    0.0849250489962
265.75    0.0849568303406
265.875    0.0854812225224
266.0    0.0875470099052
266.125    0.0871762275544
266.25    0.0850468774829
266.375    0.0847343609301
266.5    0.0811536627999
266.625    0.0880343238519
266.75    0.0811377721278
266.875    0.0828274802691
267.0    0.0881985274644
267.125    0.0881879336829
267.25    0.0881879336829
267.375    0.0874039938556
267.5    0.0882409025902
267.625    0.0881879336829
267.75    0.0882461994809
267.875    0.0882673870438
268.0    0.0837968112718
268.125    0.0805604110387
268.25    0.0807034270883
268.375    0.0807881773399
268.5    0.0872080088988
268.625    0.0863234281477
268.75    0.0861221463001
268.875    0.0860373960485
269.0    0.0823931352296
269.125    0.0822236347264
269.25    0.082636792203
269.375    0.083118809259
269.5    0.0815244451507
269.625    0.0822871974151
269.75    0.0822448222893
269.875    0.0822448222893
270.0    0.0861380369723
270.125    0.0862121934424
270.25    0.0862386778961
270.375    0.0796228613804
270.5    0.075332379893
270.625    0.075332379893
270.75    0.084448328831
270.875    0.0816886487632
271.0    0.0876741352826
271.125    0.087589385031
271.25    0.0871550399915
271.375    0.0873563218391
271.5    0.0824884792627
271.625    0.0847873298374
271.75    0.0847502516023
271.875    0.0846813920229
272.0    0.084331797235
272.125    0.084331797235
272.25    0.0843741723608
272.375    0.0843953599237
272.5    0.080920599608
272.625    0.08151914826
272.75    0.0815668202765
272.875    0.0805498172573
273.0    0.0807563959956
273.125    0.0807616928863
273.25    0.0808782244822
273.375    0.0808782244822
273.5    0.0831294030404
273.625    0.0832247470735
273.75    0.0832247470735
273.875    0.0851051432809
274.0    0.0871497431008
274.125    0.0872874622597
274.25    0.0872874622597
274.375    0.0873616187298
274.5    0.0819270088458
274.625    0.0827586206897
274.75    0.0888924201494
274.875    0.0843053127814
275.0    0.0757508342603
275.125    0.0765983367763
275.25    0.0765400709783
275.375    0.0880608083055
275.5    0.0763123046771
275.625    0.0764659145082
275.75    0.0770061973622
275.875    0.0770061973622
276.0    0.0790507971821
276.125    0.0790613909635
276.25    0.0793580168441
276.375    0.0793580168441
276.5    0.0881985274644
276.625    0.0882991683882
276.75    0.0882938714974
276.875    0.0883468404047
277.0    0.0886593569575
277.125    0.0790296096192
277.25    0.0791885163409
277.375    0.0837968112718
277.5    0.0839345304306
277.625    0.0843106096721
277.75    0.0844801101753
277.875    0.0835107791726
278.0    0.0790931723079
278.125    0.078860109116
278.25    0.0793686106256
278.375    0.0798718152444
278.5    0.0790190158377
278.625    0.0790984691986
278.75    0.0787329837385
278.875    0.0791991101224
279.0    0.0786800148313
279.125    0.0786800148313
279.25    0.0790878754171
279.375    0.0780337941628
279.5    0.0769479315642
279.625    0.0860797711743
279.75    0.0746437840987
279.875    0.0802584882674
280.0    0.0789395624768
280.125    0.0748768472906
280.25    0.0748980348535
280.375    0.0747179405689
280.5    0.078415170295
280.625    0.078415170295
280.75    0.0783674982785
280.875    0.0783410138249
281.0    0.0854388473966
281.125    0.0861539276445
281.25    0.0862916468033
281.375    0.0861486307538
281.5    0.0704168653001
281.625    0.0704168653001
281.75    0.0727157158748
281.875    0.0728375443615
282.0    0.0757773187139
282.125    0.0761851792997
282.25    0.0735314370465
282.375    0.0734890619207
282.5    0.078860109116
282.625    0.0789395624768
282.75    0.0789395624768
282.875    0.0793527199534
283.0    0.0755548493035
283.125    0.0746490809895
283.25    0.0750728322475
283.375    0.0750781291382
283.5    0.0711584300016
283.625    0.0733566396525
283.75    0.0720959796599
283.875    0.0762116637534
284.0    0.0791514381058
284.125    0.078261560464
284.25    0.079320938609
284.375    0.0723396366333
284.5    0.0719476667196
284.625    0.0742571110758
284.75    0.0718735102495
284.875    0.0718735102495
285.0    0.0789342655861
285.125    0.0793633137348
285.25    0.0792944541554
285.375    0.0793580168441
285.5    0.0731659515864
285.625    0.0730917951163
285.75    0.0729169977223
285.875    0.0821388844748
286.0    0.0811695534721
286.125    0.0835160760634
286.25    0.0824302134647
286.375    0.0824196196833
286.5    0.0711001642036
286.625    0.0712590709254
286.75    0.073520843265
286.875    0.0724932464643
287.0    0.0732718894009
287.125    0.0728587319244
287.25    0.0727369034377
287.375    0.0729011070502
287.5    0.0775305895439
287.625    0.0779066687854
287.75    0.0687642353938
287.875    0.0804438794428
288.0    0.0750463477938
288.125    0.0749615975422
288.25    0.0726627469675
288.375    0.0726892314212
288.5    0.0741458763706
288.625    0.0741405794798
288.75    0.071825838233
288.875    0.0649186927274
289.0    0.0737750940198
289.125    0.0738439535992
289.25    0.0763123046771
289.375    0.0740134541024
289.5    0.0760474601409
289.625    0.0763493829122
289.75    0.0764129456009
289.875    0.0764394300545
290.0    0.0766089305578
290.125    0.0769267440013
290.25    0.0655966947402
290.375    0.0772392605541
290.5    0.075909740982
290.625    0.0764076487102
290.75    0.0765612585412
290.875    0.0755177710684
291.0    0.0680491551459
291.125    0.0690608612744
291.25    0.0670162614545
291.375    0.0673658562424
291.5    0.0681603898512
291.625    0.0681127178346
291.75    0.0690873457281
291.875    0.0683034059007
292.0    0.0684252343874
292.125    0.0675989194343
292.25    0.0676412945601
292.375    0.068086233381
292.5    0.0756184119922
292.625    0.0756131151014
292.75    0.0749033317443
292.875    0.0760421632502
293.0    0.0748238783834
293.125    0.0747338312411
293.25    0.074331267546
293.375    0.0724190899942
293.5    0.0788071402087
293.625    0.0779702314741
293.75    0.0762805233328
293.875    0.0762646326606
294.0    0.078627045924
294.125    0.0780655755072
294.25    0.0741035012448
294.375    0.0741193919169
294.5    0.0735049525928
294.625    0.0735049525928
294.75    0.073462577467
294.875    0.0736850468775
295.0    0.0747020498967
295.125    0.0747020498967
295.25    0.0741405794798
295.375    0.0761269135018
295.5    0.074426611579
295.625    0.0745643307379
295.75    0.0754753959426
295.875    0.0758832565284
296.0    0.0677949043911
296.125    0.068144499179
296.25    0.0681709836326
296.375    0.0682610307749
296.5    0.0684199374967
296.625    0.066121086922
296.75    0.0705598813496
296.875    0.0727792785635
297.0    0.0747338312411
297.125    0.0747603156947
297.25    0.0747391281318
297.375    0.0655384289422
297.5    0.0713756025213
297.625    0.0709094761375
297.75    0.0708988823561
297.875    0.0709518512633
298.0    0.0751734731712
298.125    0.0746437840987
298.25    0.0747603156947
298.375    0.0774299486201
298.5    0.0750834260289
298.625    0.0773822766036
298.75    0.077414057948
298.875    0.0779808252556
299.0    0.0805233328037
299.125    0.0669474018751
299.25    0.0670162614545
299.375    0.0806027861645
300.0    0.0829016367392
300.125    0.0816409767467
300.25    0.0815774140579
300.375    0.0807616928863
300.5    0.0653742253297
300.625    0.0657397107898
300.75    0.0657397107898
300.875    0.0665342443985
301.0    0.0681815774141
301.125    0.068086233381
301.25    0.0703850839557
301.375    0.069590550347
301.5    0.0752635203136
301.625    0.0660946024683
301.75    0.0630488903014
301.875    0.0631495312252
302.0    0.0745113618306
302.125    0.0744583929234
302.25    0.0746861592245
302.375    0.0747073467874
302.5    0.079649345834
302.625    0.0796387520525
302.75    0.0797817681021
302.875    0.080284972721
303.0    0.0522008580963
303.125    0.062768155093
303.25    0.0636474389533
303.375    0.0636368451719
303.5    0.0657026325547
303.625    0.068239843212
303.75    0.0682663276657
303.875    0.0683722654802
304.0    0.0713967900842
304.125    0.071497431008
304.25    0.0746543778802
304.375    0.075215848297
304.5    0.0787912495365
304.625    0.0790084220563
304.75    0.0788918904603
304.875    0.076450023836
305.0    0.0618200116532
305.125    0.0620901530801
305.25    0.0620795592987
305.375    0.0775570739976
305.5    0.0760898352667
305.625    0.0760315694687
305.75    0.0756925684623
305.875    0.075756131151
306.0    0.0688066105196
306.125    0.0682345463213
306.25    0.069262143122
306.375    0.0692409555591
306.5    0.0752582234228
306.625    0.0752635203136
306.75    0.0753694581281
306.875    0.0752794109857
307.0    0.0756395995551
307.125    0.0760209756873
307.25    0.0761692886276
307.375    0.076566555432
307.5    0.066814979607
307.625    0.0661051962498
307.75    0.0708565072303
307.875    0.0702526616876
308.0    0.0672122464113
308.125    0.067662482123
308.25    0.0678213888447
308.375    0.0677472323746
308.5    0.076932040892
308.625    0.077048572488
308.75    0.078589967689
308.875    0.0785952645797
309.0    0.0677578261561
309.125    0.0780549817257
309.25    0.0778272154245
309.375    0.0759627098893
309.5    0.0804862545686
309.625    0.0806663488532
309.75    0.0714338683193
309.875    0.070957148154
310.0    0.0696435192542
310.125    0.0698712855554
310.25    0.06968589438
310.375    0.0697600508502
310.5    0.0770591662694
310.625    0.077027384925
310.75    0.077085650723
310.875    0.0774564330738
311.0    0.0764394300545
311.125    0.0769691191271
311.25    0.0767890248424
311.375    0.0753111923301
311.5    0.0747126436782
311.625    0.076084538376
311.75    0.0751363949362
311.875    0.0756660840087
312.0    0.0770644631601
312.125    0.0748079877112
312.25    0.074908628635
312.375    0.074908628635
312.5    0.0686212193443
312.625    0.0686212193443
312.75    0.067720747921
312.875    0.0677154510303
313.0    0.070745272525
313.125    0.0705175062238
313.25    0.0706552253827
313.375    0.0705651782404
313.5    0.0511573706235
313.625    0.0651676465915
313.75    0.0652947719689
313.875    0.0675883256528
314.0    0.0790084220563
314.125    0.0769797129085
314.25    0.0770167911436
314.375    0.0773504952593
314.5    0.079495736003
314.625    0.0772180729912
314.75    0.0698183166481
314.875    0.0697812384131
315.0    0.0668838391864
315.125    0.0668838391864
315.25    0.0670056676731
315.375    0.0669579956566
315.5    0.0671274961598
315.625    0.0673976375867
315.75    0.0677048572488
315.875    0.0668626516235
316.0    0.0642565813867
316.125    0.0744636898141
316.25    0.0746225965358
316.375    0.0814132104455
316.5    0.0698765824461
316.625    0.069802425976
316.75    0.0666878542296
316.875    0.0694634249695
317.0    0.0769638222364
317.125    0.077202182319
