0.0    0.648234259143
0.125    0.643249130744
0.25    0.644191697038
0.375    0.644736290897
0.5    0.644820074567
0.625    0.644694399062
0.75    0.644924804156
0.875    0.645259938838
1.0    0.639248460475
1.125    0.639248460475
1.25    0.639730216581
1.375    0.639730216581
1.5    0.639625486993
1.625    0.639625486993
1.75    0.63991872984
1.875    0.639395081899
2.0    0.634661304512
2.125    0.636588328935
2.25    0.636588328935
2.375    0.636818734029
2.5    0.63591805957
2.625    0.635813329982
2.75    0.636378869758
2.875    0.636483599347
3.0    0.640149134934
3.125    0.640442377781
3.25    0.640442377781
3.375    0.640672782875
3.5    0.636316032005
3.625    0.636316032005
3.75    0.645448452097
3.875    0.645448452097
4.0    0.637761300323
4.125    0.637845083993
4.25    0.637719408487
4.375    0.637719408487
4.5    0.648045745884
4.625    0.648150475472
4.75    0.646893720414
4.875    0.648150475472
5.0    0.631645092372
5.125    0.631330903607
5.25    0.631330903607
5.375    0.64959574379
5.5    0.628733609819
5.625    0.630828201584
5.75    0.629571446525
5.875    0.629571446525
6.0    0.648757907084
6.125    0.64488291232
6.25    0.646055883708
6.375    0.64479912865
6.5    0.650077499895
6.625    0.650182229484
6.75    0.649951824389
6.875    0.649951824389
7.0    0.632482929077
7.125    0.633530224959
7.25    0.633132252524
7.375    0.633132252524
7.5    0.64666331532
7.625    0.64666331532
7.75    0.646579531649
7.875    0.645909262285
8.0    0.633886305559
8.125    0.633928197394
8.25    0.634221440241
8.375    0.634263332077
8.5    0.635184952453
8.625    0.634996439194
8.75    0.635310627959
8.875    0.644924804156
9.0    0.637258598299
9.125    0.634954547359
9.25    0.648695069331
9.375    0.648695069331
9.5    0.633446441289
9.625    0.634451845335
9.75    0.634221440241
9.875    0.632503874995
10.0    0.626848477232
10.125    0.635247790206
10.25    0.658623434293
10.375    0.654182899753
10.5    0.634849817771
10.625    0.635164006535
10.75    0.634284277994
10.875    0.634996439194
11.0    0.649218717272
11.125    0.650705877425
11.25    0.650286959072
11.375    0.648653177496
11.5    0.64551128985
11.625    0.646411964308
11.75    0.643919400109
11.875    0.646076829626
12.0    0.646600477567
12.125    0.646621423485
12.25    0.64674709899
12.375    0.646788990826
12.5    0.651271417201
12.625    0.649951824389
12.75    0.649951824389
12.875    0.651041012107
13.0    0.645259938838
13.125    0.646118721461
13.25    0.645343722508
13.375    0.645616019438
13.5    0.651124795777
13.625    0.650957228436
13.75    0.651627497801
13.875    0.650622093754
14.0    0.645301830673
14.125    0.645301830673
14.25    0.645385614344
14.375    0.645657911273
14.5    0.646244396967
14.625    0.645741694944
14.75    0.646642369402
14.875    0.64595115412
15.0    0.637028193205
15.125    0.644778182732
15.25    0.646328180638
15.375    0.645448452097
15.5    0.645930208202
15.625    0.64710317959
15.75    0.646579531649
15.875    0.646181559214
16.0    0.635624816723
16.125    0.6354781953
16.25    0.635101168782
16.375    0.636714004441
16.5    0.630744417913
16.625    0.630828201584
16.75    0.631205228101
16.875    0.629927527125
17.0    0.632294415818
17.125    0.630723471995
17.25    0.63183360563
17.375    0.632147794395
17.5    0.636462653429
17.625    0.636001843241
17.75    0.636734950358
17.875    0.637719408487
18.0    0.646370072473
18.125    0.645657911273
18.25    0.646244396967
18.375    0.645909262285
18.5    0.645218047003
18.625    0.645218047003
18.75    0.630807255666
18.875    0.632399145407
19.0    0.633195090277
19.125    0.633530224959
19.25    0.6358342759
19.375    0.6358342759
19.5    0.644317372544
19.625    0.64444304805
19.75    0.643249130744
19.875    0.643542373591
20.0    0.647899124461
20.125    0.647899124461
20.25    0.648108583637
20.375    0.648108583637
20.5    0.630974823007
20.625    0.628649826149
20.75    0.628649826149
20.875    0.628649826149
21.0    0.649344392778
21.125    0.649344392778
21.25    0.649344392778
21.375    0.647417368355
21.5    0.644359264379
21.625    0.644359264379
21.75    0.648736961166
21.875    0.648736961166
22.0    0.642118051192
22.125    0.642118051192
22.25    0.642118051192
22.375    0.642118051192
22.5    0.632043064807
22.625    0.631414687277
22.75    0.631414687277
22.875    0.631414687277
23.0    0.646160613296
23.125    0.646160613296
23.25    0.646097775544
23.375    0.646202505132
23.5    0.628189015961
23.625    0.62802144862
23.75    0.628168070043
23.875    0.628168070043
24.0    0.628419421055
24.125    0.628419421055
24.25    0.627853881279
24.375    0.628419421055
24.5    0.642013321604
24.625    0.642013321604
24.75    0.642432239956
24.875    0.642683590968
25.0    0.631603200536
25.125    0.631812659713
25.25    0.631812659713
25.375    0.631309957689
25.5    0.632420091324
25.625    0.632524820912
25.75    0.632524820912
25.875    0.632064010724
26.0    0.640966025722
26.125    0.642432239956
26.25    0.643270076662
26.375    0.642809266474
26.5    0.646830882661
26.625    0.647438314273
26.75    0.647438314273
26.875    0.647438314273
27.0    0.628586988396
27.125    0.627623476184
27.25    0.627623476184
27.375    0.627623476184
27.5    0.630095094466
27.625    0.630095094466
27.75    0.630095094466
27.875    0.630095094466
28.0    0.631519416866
28.125    0.631519416866
28.25    0.631519416866
28.375    0.631519416866
28.5    0.645427506179
28.625    0.645427506179
28.75    0.64523899292
28.875    0.645280884756
29.0    0.627288341502
29.125    0.627288341502
29.25    0.627351179255
29.375    0.627288341502
29.5    0.628189015961
29.625    0.627937664949
29.75    0.627686313937
29.875    0.627686313937
30.0    0.626052532361
30.125    0.621486322316
30.25    0.623350508986
30.375    0.623350508986
30.5    0.645678857191
30.625    0.645678857191
30.75    0.645113317414
30.875    0.645301830673
31.0    0.629906581207
31.125    0.629906581207
31.25    0.629906581207
31.375    0.630074148548
31.5    0.630660634242
31.625    0.630660634242
31.75    0.630660634242
31.875    0.630891039336
32.0    0.631079552595
32.125    0.631079552595
32.25    0.622219429433
32.375    0.622701185539
32.5    0.627895773114
32.625    0.627602530267
32.75    0.627602530267
32.875    0.627183611914
33.0    0.626618072138
33.125    0.626618072138
33.25    0.626618072138
33.375    0.626555234385
33.5    0.627036990491
33.625    0.627036990491
33.75    0.627036990491
33.875    0.627036990491
34.0    0.622889698798
34.125    0.64115453898
34.25    0.641824808345
34.375    0.641824808345
34.5    0.632441037242
34.625    0.632441037242
34.75    0.632441037242
34.875    0.632441037242
35.0    0.641280214486
35.125    0.641280214486
35.25    0.641259268569
35.375    0.641259268569
35.5    0.627455908843
35.625    0.627455908843
35.75    0.627455908843
35.875    0.627455908843
36.0    0.646244396967
36.125    0.646244396967
36.25    0.646328180638
36.375    0.646370072473
36.5    0.618491056093
36.625    0.618491056093
36.75    0.618491056093
36.875    0.618491056093
37.0    0.627853881279
37.125    0.627832935361
37.25    0.627728205773
37.375    0.627728205773
37.5    0.631163336266
37.625    0.631163336266
37.75    0.631498470948
37.875    0.631498470948
38.0    0.623769427339
38.125    0.63290184743
38.25    0.63290184743
38.375    0.63290184743
38.5    0.627560638432
38.625    0.627560638432
38.75    0.627560638432
38.875    0.627623476184
39.0    0.625864019103
39.125    0.625864019103
39.25    0.625968748691
39.375    0.625968748691
39.5    0.62837752922
39.625    0.628168070043
39.75    0.628168070043
39.875    0.628063340455
40.0    0.631875497466
40.125    0.633844413724
40.25    0.631959281136
40.375    0.633593062712
40.5    0.627330233338
40.625    0.627330233338
40.75    0.627330233338
40.875    0.627330233338
41.0    0.624439696703
41.125    0.624439696703
41.25    0.624502534456
41.375    0.624104562021
41.5    0.634305223912
41.625    0.634305223912
41.75    0.634305223912
41.875    0.634368061665
42.0    0.632231578065
42.125    0.632231578065
42.25    0.632231578065
42.375    0.634745088182
42.5    0.628670772067
42.625    0.62802144862
42.75    0.626324829291
42.875    0.627958610867
43.0    0.621234971304
43.125    0.621234971304
43.25    0.621234971304
43.375    0.62064848561
43.5    0.628356583302
43.625    0.628356583302
43.75    0.628356583302
43.875    0.626659963973
44.0    0.626701855808
44.125    0.626701855808
44.25    0.626701855808
44.375    0.626701855808
44.5    0.627916719031
44.625    0.627916719031
44.75    0.628251853714
44.875    0.628251853714
45.0    0.628000502702
45.125    0.628000502702
45.25    0.627330233338
45.375    0.627330233338
45.5    0.628251853714
45.625    0.628251853714
45.75    0.628251853714
45.875    0.628566042478
46.0    0.622973482468
46.125    0.622973482468
46.25    0.622973482468
46.375    0.622973482468
46.5    0.628063340455
46.625    0.628063340455
46.75    0.628063340455
46.875    0.628754555737
47.0    0.627895773114
47.125    0.628063340455
47.25    0.628063340455
47.375    0.628335637384
47.5    0.628042394537
47.625    0.628042394537
47.75    0.627267395585
47.875    0.62802144862
48.0    0.623245779398
48.125    0.632420091324
48.25    0.632420091324
48.375    0.632420091324
48.5    0.628356583302
48.625    0.628901177161
48.75    0.628901177161
48.875    0.628901177161
49.0    0.626995098655
49.125    0.626995098655
49.25    0.626995098655
49.375    0.626995098655
49.5    0.625319425244
49.625    0.62508902015
49.75    0.625109966068
49.875    0.625109966068
50.0    0.633949143312
50.125    0.633949143312
50.25    0.633949143312
50.375    0.633949143312
50.5    0.625172803821
50.625    0.625172803821
50.75    0.625172803821
50.875    0.625193749738
51.0    0.624502534456
51.125    0.624481588538
51.25    0.624251183444
51.375    0.624837669138
51.5    0.615537681706
51.625    0.629697122031
51.75    0.629152528172
51.875    0.62925725776
52.0    0.618993758117
52.125    0.618993758117
52.25    0.632692388254
52.375    0.632692388254
52.5    0.628838339408
52.625    0.628838339408
52.75    0.628838339408
52.875    0.628838339408
53.0    0.617925516317
53.125    0.617925516317
53.25    0.61763227347
53.375    0.61727619287
53.5    0.625654559926
53.625    0.62615726195
53.75    0.625193749738
53.875    0.626052532361
54.0    0.644107913368
54.125    0.643458589921
54.25    0.643458589921
54.375    0.643458589921
54.5    0.626178207867
54.625    0.626115370114
54.75    0.626115370114
54.875    0.626827531314
55.0    0.620418080516
55.125    0.620669431528
55.25    0.620669431528
55.375    0.621423484563
55.5    0.620334296846
55.625    0.620627539693
55.75    0.620501864187
55.875    0.620501864187
56.0    0.620522810104
56.125    0.620522810104
56.25    0.620522810104
56.375    0.620522810104
56.5    0.62215659168
56.625    0.62215659168
56.75    0.62215659168
56.875    0.62215659168
57.0    0.625738343597
57.125    0.625738343597
57.25    0.625382262997
57.375    0.625382262997
57.5    0.617297138788
57.625    0.617297138788
57.75    0.617569435717
57.875    0.617569435717
58.0    0.631268065854
58.125    0.631268065854
58.25    0.631268065854
58.375    0.631268065854
58.5    0.625151857903
58.625    0.625151857903
58.75    0.627414017008
58.875    0.627414017008
59.0    0.620585647857
59.125    0.620585647857
59.25    0.623099157974
59.375    0.623099157974
59.5    0.621318754975
59.625    0.621318754975
59.75    0.621318754975
59.875    0.621318754975
60.0    0.623853211009
60.125    0.621695781492
60.25    0.623853211009
60.375    0.623853211009
60.5    0.622009970257
60.625    0.622009970257
60.75    0.622009970257
60.875    0.622009970257
61.0    0.625822127267
61.125    0.625822127267
61.25    0.628649826149
61.375    0.628649826149
61.5    0.631519416866
61.625    0.631519416866
61.75    0.627183611914
61.875    0.627183611914
62.0    0.62429307528
62.125    0.62429307528
62.25    0.624251183444
62.375    0.624251183444
62.5    0.617443760211
62.625    0.617443760211
62.75    0.617443760211
62.875    0.617443760211
63.0    0.610091743119
63.125    0.610091743119
63.25    0.610091743119
63.375    0.610657282896
63.5    0.618595785681
63.625    0.619161325458
63.75    0.619161325458
63.875    0.619161325458
64.0    0.628712663902
64.125    0.627057936408
64.25    0.629571446525
64.375    0.627120774161
64.5    0.632839009677
64.625    0.632839009677
64.75    0.632001172971
64.875    0.632001172971
65.0    0.624439696703
65.125    0.624439696703
65.25    0.624439696703
65.375    0.624439696703
65.5    0.620124837669
65.625    0.620061999916
65.75    0.619349838716
65.875    0.619915378493
66.0    0.623748481421
66.125    0.623350508986
66.25    0.623350508986
66.375    0.622973482468
66.5    0.630974823007
66.625    0.631163336266
66.75    0.631163336266
66.875    0.631163336266
67.0    0.616019437812
67.125    0.616019437812
67.25    0.616019437812
67.375    0.616019437812
67.5    0.616501193917
67.625    0.616501193917
67.75    0.616626869423
67.875    0.616626869423
68.0    0.63032549956
68.125    0.630178878137
68.25    0.630283607725
68.375    0.630660634242
68.5    0.625172803821
68.625    0.626094424197
68.75    0.626094424197
68.875    0.626094424197
69.0    0.620585647857
69.125    0.620585647857
69.25    0.620585647857
69.375    0.620585647857
69.5    0.619224163211
69.625    0.619224163211
69.75    0.619161325458
69.875    0.619161325458
70.0    0.616396464329
70.125    0.616396464329
70.25    0.616396464329
70.375    0.616396464329
70.5    0.627246449667
70.625    0.627372125173
70.75    0.626387667044
70.875    0.626701855808
71.0    0.61497214193
71.125    0.616312680659
71.25    0.616312680659
71.375    0.616522139835
71.5    0.621821456998
71.625    0.621821456998
71.75    0.621821456998
71.875    0.621821456998
72.0    0.617737003058
72.125    0.617737003058
72.25    0.617737003058
72.375    0.618302542834
72.5    0.622491726363
72.625    0.621968078422
72.75    0.622764023292
72.875    0.631268065854
73.0    0.627016044573
73.125    0.626764693561
73.25    0.627141720079
73.375    0.631226174019
73.5    0.620166729504
73.625    0.621214025386
73.75    0.649197771354
73.875    0.630744417913
74.0    0.613673495036
74.125    0.613673495036
74.25    0.613673495036
74.375    0.613673495036
74.5    0.615642411294
74.625    0.618658623434
74.75    0.618616731599
74.875    0.619161325458
75.0    0.618491056093
75.125    0.618407272423
75.25    0.617967408152
75.375    0.618197813246
75.5    0.618176867329
75.625    0.618030245905
75.75    0.618218759164
75.875    0.618721461187
76.0    0.60422688618
76.125    0.603787021909
76.25    0.603242428051
76.375    0.605127560638
76.5    0.617464706129
76.625    0.618134975493
76.75    0.618134975493
76.875    0.616605923506
77.0    0.613212684848
77.125    0.613422144024
77.25    0.613422144024
77.375    0.613422144024
77.5    0.622093753927
77.625    0.621842402916
77.75    0.622219429433
77.875    0.622219429433
78.0    0.613526873612
78.125    0.613526873612
78.25    0.613526873612
78.375    0.614092413389
78.5    0.627623476184
78.625    0.627791043526
78.75    0.627791043526
78.875    0.627791043526
79.0    0.605755938168
79.125    0.605755938168
79.25    0.605755938168
79.375    0.605755938168
79.5    0.629320095513
79.625    0.629382933266
79.75    0.630555904654
79.875    0.605714046332
80.0    0.618260650999
80.125    0.620585647857
80.25    0.620313350928
80.375    0.618763353023
80.5    0.624146453856
80.625    0.624146453856
80.75    0.624146453856
80.875    0.624104562021
81.0    0.613170793012
81.125    0.61870051527
81.25    0.618951866281
81.375    0.618847136693
81.5    0.620145783587
81.625    0.620145783587
81.75    0.619517406058
81.875    0.619831594822
82.0    0.62020862134
82.125    0.62020862134
82.25    0.620061999916
82.375    0.620313350928
82.5    0.612312010389
82.625    0.612312010389
82.75    0.627853881279
82.875    0.628189015961
83.0    0.620459972351
83.125    0.620459972351
83.25    0.620459972351
83.375    0.620836998869
83.5    0.634347115747
83.625    0.634242386159
83.75    0.634242386159
83.875    0.63432616983
84.0    0.614448493989
84.125    0.614720790918
84.25    0.614720790918
84.375    0.614406602153
84.5    0.620816052951
84.625    0.621758619245
84.75    0.619664027481
84.875    0.619664027481
85.0    0.633425495371
85.125    0.633739684136
85.25    0.633844413724
85.375    0.633530224959
85.5    0.621968078422
85.625    0.620271459093
85.75    0.620271459093
85.875    0.620271459093
86.0    0.61088768799
86.125    0.61088768799
86.25    0.61088768799
86.375    0.61088768799
86.5    0.625109966068
86.625    0.62544510075
86.75    0.62544510075
86.875    0.625130911985
87.0    0.610405931884
87.125    0.610741066566
87.25    0.61061539106
87.375    0.61061539106
87.5    0.621193079469
87.625    0.621507268233
87.75    0.622093753927
87.875    0.622009970257
88.0    0.608437015626
88.125    0.608814042143
88.25    0.608897825814
88.375    0.60902350132
88.5    0.610657282896
88.625    0.610845796154
88.75    0.629110636337
88.875    0.628733609819
89.0    0.619622135646
89.125    0.619622135646
89.25    0.619622135646
89.375    0.619622135646
89.5    0.626324829291
89.625    0.626450504797
89.75    0.630765363831
89.875    0.62659712622
90.0    0.610636336978
90.125    0.63956264924
90.25    0.625759289514
90.375    0.626073478279
90.5    0.61247957773
90.625    0.61247957773
90.75    0.61247957773
90.875    0.612814712413
91.0    0.612626199154
91.125    0.612856604248
91.25    0.613820116459
91.375    0.612018767542
91.5    0.611537011436
91.625    0.621046458045
91.75    0.62064848561
91.875    0.612249172636
92.0    0.613045117507
92.125    0.613045117507
92.25    0.613045117507
92.375    0.612626199154
92.5    0.627539692514
92.625    0.627455908843
92.75    0.627455908843
92.875    0.613296468518
93.0    0.612584307319
93.125    0.612584307319
93.25    0.61203971346
93.375    0.61203971346
93.5    0.599388379205
93.625    0.599555946546
93.75    0.599555946546
93.875    0.599472162875
94.0    0.621528214151
94.125    0.621528214151
94.25    0.621779565163
94.375    0.621297809057
94.5    0.606551883038
94.625    0.607075530979
94.75    0.607662016673
94.875    0.607766746261
95.0    0.612856604248
95.125    0.613170793012
95.25    0.61283565833
95.375    0.613275522601
95.5    0.622659293704
95.625    0.623539022245
95.75    0.622743077374
95.875    0.622659293704
96.0    0.620941728457
96.125    0.620774161116
96.25    0.60343094131
96.375    0.622659293704
96.5    0.609861338025
96.625    0.609442419672
96.75    0.609442419672
96.875    0.609442419672
97.0    0.612940387918
97.125    0.612940387918
97.25    0.614239034812
97.375    0.628000502702
97.5    0.628189015961
97.625    0.610657282896
97.75    0.608793096226
97.875    0.627330233338
98.0    0.612521469566
98.125    0.612521469566
98.25    0.612584307319
98.375    0.612584307319
98.5    0.623266725315
98.625    0.624209291609
98.75    0.623999832433
98.875    0.600163378158
99.0    0.631770767877
99.125    0.629445771019
99.25    0.627581584349
99.375    0.628042394537
99.5    0.609756608437
99.625    0.609756608437
99.75    0.609756608437
99.875    0.609756608437
100.0    0.63361400863
100.125    0.63361400863
100.25    0.63361400863
100.375    0.633551170877
100.5    0.612270118554
100.625    0.611348498178
100.75    0.608960663567
100.875    0.610929579825
101.0    0.609065393155
101.125    0.609065393155
101.25    0.609128230908
101.375    0.621842402916
101.5    0.610678228813
101.625    0.608855933978
101.75    0.608332286037
101.875    0.607976205438
102.0    0.626995098655
102.125    0.626995098655
102.25    0.627099828244
102.375    0.627099828244
102.5    0.604457291274
102.625    0.613464035859
102.75    0.623161995727
102.875    0.623161995727
103.0    0.624858615056
103.125    0.624753885468
103.25    0.625193749738
103.375    0.624921452809
103.5    0.628733609819
103.625    0.628670772067
103.75    0.629403879184
103.875    0.629508608772
104.0    0.610573499225
104.125    0.610573499225
104.25    0.628838339408
104.375    0.629110636337
104.5    0.609798500272
104.625    0.609630932931
104.75    0.610678228813
104.875    0.609170122743
105.0    0.623853211009
105.125    0.624334967115
105.25    0.624334967115
105.375    0.615097817435
105.5    0.611767416531
105.625    0.609882283943
105.75    0.609882283943
105.875    0.609693770684
106.0    0.605274182062
106.125    0.605274182062
106.25    0.609840392108
106.375    0.609945121696
106.5    0.613464035859
106.625    0.613233630765
106.75    0.612919442001
106.875    0.613505927695
107.0    0.613024171589
107.125    0.613778224624
107.25    0.61310795526
107.375    0.61310795526
107.5    0.623350508986
107.625    0.623350508986
107.75    0.623057266139
107.875    0.623266725315
108.0    0.624418750785
108.125    0.624418750785
108.25    0.624502534456
108.375    0.62464915588
108.5    0.625026182397
108.625    0.625047128315
108.75    0.627141720079
108.875    0.627141720079
109.0    0.629299149596
109.125    0.629780905701
109.25    0.629780905701
109.375    0.601147836287
109.5    0.609756608437
109.625    0.610070797202
109.75    0.608122826861
109.875    0.608122826861
110.0    0.614888358259
110.125    0.614197142977
110.25    0.614197142977
110.375    0.614050521553
110.5    0.609568095178
110.625    0.60981944619
110.75    0.60981944619
110.875    0.609924175778
111.0    0.623245779398
111.125    0.623287671233
111.25    0.632273469901
111.375    0.632273469901
111.5    0.602111348498
111.625    0.6161241674
111.75    0.63432616983
111.875    0.615705249047
112.0    0.608227556449
112.125    0.608227556449
112.25    0.608227556449
112.375    0.606509991203
112.5    0.615663357212
112.625    0.615349168447
112.75    0.615663357212
112.875    0.615474843953
113.0    0.610217418625
113.125    0.612521469566
113.25    0.610217418625
113.375    0.610280256378
113.5    0.610343094131
113.625    0.611348498178
113.75    0.61088768799
113.875    0.611746470613
114.0    0.626345775208
114.125    0.626345775208
114.25    0.626345775208
114.375    0.626345775208
114.5    0.624523480374
114.625    0.624879560974
114.75    0.624921452809
114.875    0.625424154832
115.0    0.631414687277
115.125    0.608101880943
115.25    0.608101880943
115.375    0.608101880943
115.5    0.612374848142
115.625    0.612374848142
115.75    0.612584307319
115.875    0.612584307319
116.0    0.613087009342
116.125    0.612940387918
116.25    0.611055255331
116.375    0.612793766495
116.5    0.618470110176
116.625    0.618470110176
116.75    0.618470110176
116.875    0.618470110176
117.0    0.626743747644
117.125    0.625130911985
117.25    0.617611327552
117.375    0.62774915169
117.5    0.613526873612
117.625    0.613024171589
117.75    0.607850529932
117.875    0.617150517364
118.0    0.608457961543
118.125    0.608185664614
118.25    0.608520799296
118.375    0.60937958192
118.5    0.618009299987
118.625    0.618323488752
118.75    0.617862678564
118.875    0.612605253236
119.0    0.624670101797
119.125    0.624774831385
119.25    0.623978886515
119.375    0.624230237527
120.0    0.609861338025
120.125    0.609861338025
120.25    0.609861338025
120.375    0.609861338025
120.5    0.624439696703
120.625    0.615453898035
120.75    0.615998491894
120.875    0.615998491894
121.0    0.601964727075
121.125    0.611809308366
121.25    0.625151857903
121.375    0.626010640526
121.5    0.628419421055
121.625    0.628419421055
121.75    0.619789702987
121.875    0.619789702987
122.0    0.610510661472
122.125    0.614888358259
122.25    0.614888358259
122.375    0.614888358259
122.5    0.616270788823
122.625    0.616019437812
122.75    0.596958652759
122.875    0.616166059235
123.0    0.608604582967
123.125    0.608332286037
123.25    0.607808638096
123.375    0.608248502367
123.5    0.613820116459
123.625    0.613652549118
123.75    0.613128901177
123.875    0.613799170542
124.0    0.618176867329
124.125    0.618114029576
124.25    0.618155921411
124.375    0.618155921411
124.5    0.613212684848
124.625    0.61807213774
124.75    0.61807213774
124.875    0.61807213774
125.0    0.611495119601
125.125    0.628566042478
125.25    0.628503204725
125.375    0.628503204725
125.5    0.603975535168
125.625    0.614071467471
125.75    0.614071467471
125.875    0.614511331741
126.0    0.608772150308
126.125    0.608939717649
126.25    0.608625528884
126.375    0.608374177873
126.5    0.630451175066
126.625    0.63032549956
126.75    0.630828201584
126.875    0.618826190775
127.0    0.615076871518
127.125    0.614951196012
127.25    0.614867412341
127.375    0.615621465376
127.5    0.608709312555
127.625    0.607871475849
127.75    0.615391060282
127.875    0.61727619287
128.0    0.621842402916
128.125    0.621947132504
128.25    0.621863348833
128.375    0.617129571447
128.5    0.614385656236
128.625    0.614406602153
128.75    0.612605253236
128.875    0.616626869423
129.0    0.616417410247
129.125    0.616417410247
129.25    0.62020862134
129.375    0.620962674375
129.5    0.610468769637
129.625    0.611222822672
129.75    0.611767416531
129.875    0.611767416531
130.0    0.601943781157
130.125    0.611118093084
130.25    0.611139039001
130.375    0.610866742072
130.5    0.617003895941
130.625    0.617653219388
130.75    0.617234301035
130.875    0.616941058188
131.0    0.614301872565
131.125    0.615474843953
131.25    0.615914708223
131.375    0.615789032718
131.5    0.620669431528
131.625    0.620585647857
131.75    0.620857944787
131.875    0.620983620292
132.0    0.615914708223
132.125    0.615998491894
132.25    0.616040383729
132.375    0.615621465376
132.5    0.616899166352
132.625    0.6168363286
132.75    0.618449164258
132.875    0.61842821834
133.0    0.616354572494
133.125    0.6157680868
133.25    0.616773490847
133.375    0.616773490847
133.5    0.627414017008
133.625    0.609882283943
133.75    0.607745800344
133.875    0.620334296846
134.0    0.621549160069
134.125    0.621968078422
134.25    0.622680239621
134.375    0.619789702987
134.5    0.616019437812
134.625    0.615830924553
134.75    0.615726194965
134.875    0.616145113317
135.0    0.618051191823
135.125    0.618491056093
135.25    0.618889028528
135.375    0.621172133551
135.5    0.602697834192
135.625    0.602886347451
135.75    0.602991077039
135.875    0.602991077039
136.0    0.606698504461
136.125    0.606698504461
136.25    0.606551883038
136.375    0.606824179967
136.5    0.622219429433
136.625    0.622764023292
136.75    0.622764023292
136.875    0.62278496921
137.0    0.607075530979
137.125    0.608101880943
137.25    0.607180260567
137.375    0.607494449332
137.5    0.621591051904
137.625    0.621591051904
137.75    0.62092078254
137.875    0.622386996774
138.0    0.620669431528
138.125    0.620962674375
138.25    0.609170122743
138.375    0.613736332789
138.5    0.617192409199
138.625    0.617192409199
138.75    0.617234301035
138.875    0.617234301035
139.0    0.612102551213
139.125    0.611976875707
139.25    0.611976875707
139.375    0.611788362448
139.5    0.609442419672
139.625    0.609798500272
139.75    0.609505257425
139.875    0.608939717649
140.0    0.603849859662
140.125    0.603598508651
140.25    0.603745130074
140.375    0.603933643333
140.5    0.613736332789
140.625    0.613694440953
140.75    0.613380252189
140.875    0.613380252189
141.0    0.60271878011
141.125    0.605001885133
141.25    0.602991077039
141.375    0.602865401533
141.5    0.607745800344
141.625    0.607745800344
141.75    0.607871475849
141.875    0.607871475849
142.0    0.613589711365
142.125    0.613484981777
142.25    0.613694440953
142.375    0.614511331741
142.5    0.614804574588
142.625    0.612940387918
142.75    0.614113359306
142.875    0.614176197059
143.0    0.615495789871
143.125    0.616584977588
143.25    0.615789032718
143.375    0.615432952118
143.5    0.613212684848
143.625    0.613401198107
143.75    0.614427548071
143.875    0.612856604248
144.0    0.617066733694
144.125    0.617778894893
144.25    0.617820786729
144.375    0.617820786729
144.5    0.61727619287
144.625    0.617590381635
144.75    0.617590381635
144.875    0.617339030623
145.0    0.621674835575
145.125    0.621549160069
145.25    0.613275522601
145.375    0.615202547024
145.5    0.61461606133
145.625    0.614176197059
145.75    0.614197142977
145.875    0.611976875707
146.0    0.603766075992
146.125    0.60343094131
146.25    0.603472833145
146.375    0.603535670898
146.5    0.615516735788
146.625    0.615579573541
146.75    0.615579573541
146.875    0.614637007247
147.0    0.604541074945
147.125    0.604708642286
147.25    0.604708642286
147.375    0.606049181015
147.5    0.599870135311
147.625    0.600037702652
147.75    0.601755267898
147.875    0.599891081228
148.0    0.60093837711
148.125    0.601839051569
148.25    0.601839051569
148.375    0.601985672992
148.5    0.604645804533
148.625    0.604645804533
148.75    0.609212014578
148.875    0.604813371874
149.0    0.605316073897
149.125    0.609568095178
149.25    0.609568095178
149.375    0.611118093084
149.5    0.601043106699
149.625    0.600666080181
149.75    0.600666080181
149.875    0.609714716602
150.0    0.610636336978
150.125    0.610489715554
150.25    0.610552553307
150.375    0.610280256378
150.5    0.620418080516
150.625    0.607138368732
150.75    0.611432281848
150.875    0.611034309413
151.0    0.615893762306
151.125    0.615998491894
151.25    0.615998491894
151.375    0.615935654141
151.5    0.604813371874
151.625    0.619014704034
151.75    0.606195802438
151.875    0.61870051527
152.0    0.605064722886
152.125    0.605106614721
152.25    0.604771480039
152.375    0.604792425956
152.5    0.610154580872
152.625    0.611851200201
152.75    0.610112689037
152.875    0.610112689037
153.0    0.611348498178
153.125    0.611537011436
153.25    0.611537011436
153.375    0.611411335931
153.5    0.602132294416
153.625    0.601922835239
153.75    0.601839051569
153.875    0.602404591345
154.0    0.605546478991
154.125    0.610699174731
154.25    0.610699174731
154.375    0.611034309413
154.5    0.602760671945
154.625    0.602928239286
154.75    0.602676888274
154.875    0.601839051569
155.0    0.615328222529
155.125    0.615328222529
155.25    0.615453898035
155.375    0.615349168447
155.5    0.594068116124
155.625    0.59383771103
155.75    0.59375392736
155.875    0.611432281848
156.0    0.615453898035
156.125    0.611390390013
156.25    0.611662686942
156.375    0.611662686942
156.5    0.592497172301
156.625    0.593649197771
156.75    0.593942440618
156.875    0.593691089607
157.0    0.601671484228
157.125    0.602069456663
157.25    0.602278915839
157.375    0.601985672992
157.5    0.601985672992
157.625    0.600037702652
157.75    0.600456621005
157.875    0.600728917934
158.0    0.601503916887
158.125    0.603703238239
158.25    0.601043106699
158.375    0.604520129027
158.5    0.604143102509
158.625    0.603012022957
158.75    0.604750534121
158.875    0.604918101462
159.0    0.613170793012
159.125    0.612772820577
159.25    0.612772820577
159.375    0.614092413389
159.5    0.614595115412
159.625    0.614176197059
159.75    0.614176197059
159.875    0.614176197059
160.0    0.61354781953
160.125    0.608688366637
160.25    0.609693770684
160.375    0.609945121696
160.5    0.593502576348
160.625    0.594110007959
160.75    0.594110007959
160.875    0.594110007959
161.0    0.602739726027
161.125    0.602739726027
161.25    0.602299861757
161.375    0.604813371874
161.5    0.612940387918
161.625    0.612730928742
161.75    0.61283565833
161.875    0.612730928742
162.0    0.594591764065
162.125    0.594507980395
162.25    0.596037032382
162.375    0.595660005865
162.5    0.591931632525
162.625    0.610196472707
162.75    0.610950525743
162.875    0.608332286037
163.0    0.607682962591
163.125    0.610280256378
163.25    0.610741066566
163.375    0.608897825814
163.5    0.603577562733
163.625    0.605106614721
163.75    0.595241087512
163.875    0.612500523648
164.0    0.612542415483
164.125    0.613003225671
164.25    0.613149847095
164.375    0.613149847095
164.5    0.609651878849
164.625    0.609798500272
164.75    0.614029575636
164.875    0.614029575636
165.0    0.605211344309
165.125    0.605211344309
165.25    0.605169452474
165.375    0.614448493989
165.5    0.595136357924
165.625    0.595136357924
165.75    0.595136357924
165.875    0.604373507603
166.0    0.613589711365
166.125    0.595785681371
166.25    0.596016086465
166.375    0.596351221147
166.5    0.610343094131
166.625    0.610343094131
166.75    0.610384985966
166.875    0.610384985966
167.0    0.610322148213
167.125    0.609882283943
167.25    0.610028905366
167.375    0.609966067613
167.5    0.591868794772
167.625    0.591868794772
167.75    0.592224875372
167.875    0.592162037619
168.0    0.610049851284
168.125    0.610238364543
168.25    0.610238364543
168.375    0.588559339785
168.5    0.605630262662
168.625    0.605630262662
168.75    0.604373507603
168.875    0.607012693226
169.0    0.596979598676
169.125    0.596560680323
169.25    0.596120816053
169.375    0.595974194629
169.5    0.606300532026
169.625    0.615307276612
169.75    0.6154120062
169.875    0.6154120062
170.0    0.610112689037
170.125    0.605797830003
170.25    0.597168111935
170.375    0.597042436429
170.5    0.607578233002
170.625    0.60573499225
170.75    0.606907963638
170.875    0.607410665661
171.0    0.582380294081
171.125    0.582422185916
171.25    0.582505969587
171.375    0.582191780822
171.5    0.592099199866
171.625    0.592099199866
171.75    0.592539064136
171.875    0.591868794772
172.0    0.606237694273
172.125    0.606237694273
172.25    0.605797830003
172.375    0.605881613674
172.5    0.606153910603
172.625    0.606153910603
172.75    0.606258640191
172.875    0.606258640191
173.0    0.616668761258
173.125    0.60839512379
173.25    0.605567424909
173.375    0.607934313602
173.5    0.597503246617
173.625    0.597503246617
173.75    0.598215407817
173.875    0.584998533786
174.0    0.589103933643
174.125    0.589439068326
174.25    0.594696493653
174.375    0.594696493653
174.5    0.617318084705
174.625    0.617318084705
174.75    0.608332286037
174.875    0.608332286037
175.0    0.598906623099
175.125    0.596728247665
175.25    0.60085459344
175.375    0.598047840476
175.5    0.599409325123
175.625    0.599409325123
175.75    0.599409325123
175.875    0.599116082276
176.0    0.613003225671
176.125    0.613149847095
176.25    0.613589711365
176.375    0.613589711365
176.5    0.606426207532
176.625    0.606321477944
176.75    0.606405261615
176.875    0.607620124838
177.0    0.607096476897
177.125    0.606845125885
177.25    0.607410665661
177.375    0.609840392108
177.5    0.611369444095
177.625    0.611369444095
177.75    0.611369444095
177.875    0.607054585061
178.0    0.604645804533
178.125    0.604352561686
178.25    0.604855263709
178.375    0.604855263709
178.5    0.607871475849
178.625    0.607871475849
178.75    0.607871475849
178.875    0.607724854426
179.0    0.59375392736
179.125    0.59375392736
179.25    0.594068116124
179.375    0.593879602865
180.0    0.588098529597
180.125    0.588433664279
180.25    0.588747853043
180.375    0.589627581584
180.5    0.60200661891
180.625    0.593900548783
180.75    0.594068116124
180.875    0.603451887227
181.0    0.6143437644
181.125    0.61461606133
181.25    0.608730258473
181.375    0.604415399439
181.5    0.588559339785
181.625    0.589983662184
181.75    0.608269448285
181.875    0.607850529932
182.0    0.608206610532
182.125    0.608437015626
182.25    0.610343094131
182.375    0.607536341167
182.5    0.5964140589
182.625    0.595660005865
182.75    0.595660005865
182.875    0.595555276277
183.0    0.609044447237
183.125    0.609316744167
183.25    0.609337690084
183.375    0.596895815006
183.5    0.607745800344
183.625    0.607264044238
183.75    0.606195802438
183.875    0.60573499225
184.0    0.591994470278
184.125    0.592120145784
184.25    0.592141091701
184.375    0.591743119266
184.5    0.595743789535
184.625    0.595136357924
184.75    0.595136357924
184.875    0.595513384441
185.0    0.60458296678
185.125    0.60458296678
185.25    0.604771480039
185.375    0.596602572159
185.5    0.587930962255
185.625    0.587930962255
185.75    0.587721503079
185.875    0.587721503079
186.0    0.596539734406
186.125    0.596539734406
186.25    0.597293787441
186.375    0.597293787441
186.5    0.596078924218
186.625    0.596078924218
186.75    0.596099870135
186.875    0.596874869088
187.0    0.592748523313
187.125    0.591785011101
187.25    0.591785011101
187.375    0.591910686607
187.5    0.59649784257
187.625    0.596812031335
187.75    0.597314733358
187.875    0.598194461899
188.0    0.59871810984
188.125    0.598760001676
188.25    0.599639730217
188.375    0.599660676134
188.5    0.593020820242
188.625    0.594822169159
188.75    0.593691089607
188.875    0.594277575301
189.0    0.596979598676
189.125    0.596979598676
189.25    0.596916760923
189.375    0.615579573541
189.5    0.5974823007
189.625    0.597440408864
189.75    0.597545138453
189.875    0.61585187047
190.0    0.593188387583
190.125    0.621130241716
190.25    0.597398517029
190.375    0.597356625194
190.5    0.588119475514
190.625    0.588119475514
190.75    0.593209333501
190.875    0.617171463282
191.0    0.599137028193
191.125    0.599137028193
191.25    0.59978635164
191.375    0.608730258473
191.5    0.599199865946
191.625    0.614553223577
191.75    0.61461606133
191.875    0.599849189393
192.0    0.581291106363
192.125    0.594822169159
192.25    0.595241087512
192.375    0.594591764065
192.5    0.611578903272
192.625    0.61168363286
192.75    0.612647145071
192.875    0.603451887227
193.0    0.59863432617
193.125    0.597398517029
193.25    0.598697163923
193.375    0.598864731264
193.5    0.599576892464
193.625    0.599576892464
193.75    0.598739055758
193.875    0.598508650664
194.0    0.598257299652
194.125    0.598885677182
194.25    0.599178920028
194.375    0.599178920028
194.5    0.613924846047
194.625    0.613526873612
194.75    0.604143102509
194.875    0.604143102509
195.0    0.596435004818
195.125    0.6143437644
195.25    0.6143437644
195.375    0.600687026099
195.5    0.580914079846
195.625    0.603577562733
195.75    0.603996481086
195.875    0.603996481086
196.0    0.59934648737
196.125    0.599178920028
196.25    0.599178920028
196.375    0.599178920028
196.5    0.585291776633
196.625    0.585291776633
196.75    0.60458296678
196.875    0.60458296678
197.0    0.596246491559
197.125    0.596267437476
197.25    0.596686355829
197.375    0.594172845712
197.5    0.597000544594
197.625    0.597084328264
197.75    0.595890410959
197.875    0.593335009007
198.0    0.595932302794
198.125    0.595743789535
198.25    0.5960579783
198.375    0.596016086465
198.5    0.599262703699
198.625    0.599828243475
198.75    0.595199195677
198.875    0.595241087512
199.0    0.599828243475
199.125    0.600205269993
199.25    0.600121486322
199.375    0.600645134263
199.5    0.597691759876
199.625    0.597880273135
199.75    0.598110678229
199.875    0.598089732311
200.0    0.592371496795
200.125    0.591428930501
200.25    0.591428930501
200.375    0.590926228478
200.5    0.579929621717
200.625    0.579929621717
200.75    0.579929621717
200.875    0.601482970969
201.0    0.605588370827
201.125    0.592539064136
201.25    0.593230279419
201.375    0.588726907126
201.5    0.597964056805
201.625    0.597964056805
201.75    0.598047840476
201.875    0.598173515982
202.0    0.599178920028
202.125    0.596141761971
202.25    0.596141761971
202.375    0.596665409912
202.5    0.595052574253
202.625    0.596141761971
202.75    0.591135687654
202.875    0.591135687654
203.0    0.597461354782
203.125    0.597461354782
203.25    0.597461354782
203.375    0.597670813958
203.5    0.587386368397
203.625    0.587553935738
203.75    0.587051233715
203.875    0.586695153115
204.0    0.587239746973
204.125    0.587616773491
204.25    0.592580955972
204.375    0.592999874325
204.5    0.59685392317
204.625    0.596937706841
204.75    0.597251895606
204.875    0.597251895606
205.0    0.591554606007
205.125    0.59268568556
205.25    0.594005278371
205.375    0.593921494701
205.5    0.589145825479
205.625    0.588831636714
205.75    0.588538393867
205.875    0.588538393867
206.0    0.59871810984
206.125    0.597733651711
206.25    0.593816765113
206.375    0.593816765113
206.5    0.595660005865
206.625    0.595660005865
206.75    0.59561811403
206.875    0.595639059947
207.0    0.593649197771
207.125    0.593649197771
207.25    0.593649197771
207.375    0.593523522266
207.5    0.598760001676
207.625    0.597524192535
207.75    0.597524192535
207.875    0.593816765113
208.0    0.584726236856
208.125    0.602676888274
208.25    0.594424196724
208.375    0.593858656948
208.5    0.594005278371
208.625    0.594591764065
208.75    0.594591764065
208.875    0.594005278371
209.0    0.5946336559
209.125    0.5946336559
209.25    0.594696493653
209.375    0.588307988773
209.5    0.589124879561
209.625    0.589124879561
209.75    0.590046499937
209.875    0.590046499937
210.0    0.598508650664
210.125    0.596246491559
210.25    0.594151899795
210.375    0.594382304889
210.5    0.604876209627
210.625    0.603305265804
210.75    0.602949185204
210.875    0.602949185204
211.0    0.585082317456
211.125    0.585145155209
211.25    0.585145155209
211.375    0.586632315362
211.5    0.589816094843
211.625    0.590088391772
211.75    0.590612039713
211.875    0.590653931549
212.0    0.593984332454
212.125    0.594047170207
212.25    0.594005278371
212.375    0.595680951783
212.5    0.589271500984
212.625    0.589690419337
212.75    0.589837040761
212.875    0.58975325709
213.0    0.591785011101
213.125    0.591366092749
213.25    0.591093795819
213.375    0.591596497843
213.5    0.59526203343
213.625    0.595303925265
213.75    0.595408654853
213.875    0.595241087512
214.0    0.591345146831
214.125    0.596665409912
214.25    0.597063382347
214.375    0.596183653806
214.5    0.592832306983
214.625    0.605609316744
214.75    0.606468099367
214.875    0.606468099367
215.0    0.591240417243
215.125    0.589522851996
215.25    0.590863390725
215.375    0.591847848854
215.5    0.570734363873
215.625    0.58860123162
215.75    0.588517447949
215.875    0.588517447949
216.0    0.586213397009
216.125    0.586213397009
216.25    0.586087721503
216.375    0.585647857233
216.5    0.591051903984
216.625    0.586464748021
216.75    0.586548531691
216.875    0.586632315362
217.0    0.592015416195
217.125    0.592120145784
217.25    0.592120145784
217.375    0.591805957019
217.5    0.592120145784
217.625    0.592957982489
217.75    0.59117757949
217.875    0.591826902937
218.0    0.59197352436
218.125    0.592099199866
218.25    0.59339784676
218.375    0.594089062042
218.5    0.592455280466
218.625    0.592455280466
218.75    0.592455280466
218.875    0.592455280466
219.0    0.590255959114
219.125    0.590255959114
219.25    0.588287042855
219.375    0.587407314314
219.5    0.588810690796
219.625    0.588978258138
219.75    0.588978258138
219.875    0.590046499937
220.0    0.588496502032
220.125    0.588496502032
220.25    0.588496502032
220.375    0.588496502032
220.5    0.573583008672
220.625    0.573583008672
220.75    0.573583008672
220.875    0.573583008672
221.0    0.578819488082
221.125    0.578526245235
221.25    0.578065435047
221.375    0.578442461564
221.5    0.591135687654
221.625    0.590800552972
221.75    0.590737715219
221.875    0.590632985631
222.0    0.595241087512
222.125    0.595827573206
222.25    0.595136357924
222.375    0.591114741737
222.5    0.595115412006
222.625    0.595115412006
222.75    0.599472162875
222.875    0.599304595534
223.0    0.594110007959
223.125    0.594214737548
223.25    0.594235683465
223.375    0.594235683465
223.5    0.576871517741
223.625    0.576871517741
223.75    0.576871517741
223.875    0.577018139165
224.0    0.589292446902
224.125    0.589292446902
224.25    0.588433664279
224.375    0.588747853043
224.5    0.572996522978
224.625    0.591072849902
224.75    0.5974823007
224.875    0.597147166017
225.0    0.608018097273
225.125    0.594926898747
225.25    0.59526203343
225.375    0.59526203343
225.5    0.5960579783
225.625    0.596518788488
225.75    0.596518788488
225.875    0.592622847807
226.0    0.580495161493
226.125    0.580495161493
226.25    0.575803275942
226.375    0.575740438189
226.5    0.576557328977
226.625    0.576368815718
226.75    0.576368815718
226.875    0.576368815718
227.0    0.582589753257
227.125    0.582589753257
227.25    0.582589753257
227.375    0.591680281513
227.5    0.59197352436
227.625    0.590842444808
227.75    0.591303254996
227.875    0.591428930501
228.0    0.572933685225
228.125    0.573792467848
228.25    0.597524192535
228.375    0.597293787441
228.5    0.581898537975
228.625    0.581898537975
228.75    0.581898537975
228.875    0.581626241046
229.0    0.583301914457
229.125    0.583469481798
229.25    0.583469481798
229.375    0.583469481798
229.5    0.574190440283
229.625    0.573855305601
229.75    0.573708684177
229.875    0.573708684177
230.0    0.568974906791
230.125    0.569456662896
230.25    0.573980981107
230.375    0.5784843534
230.5    0.577625570776
230.625    0.577625570776
230.75    0.577625570776
230.875    0.5777721922
231.0    0.576934355494
231.125    0.576997193247
231.25    0.576997193247
231.375    0.594570818148
231.5    0.583197184869
231.625    0.583197184869
231.75    0.583197184869
231.875    0.583532319551
232.0    0.5781282728
232.125    0.578610028905
232.25    0.578002597294
232.375    0.578316786058
232.5    0.591282309078
232.625    0.582254618575
232.75    0.577814084035
232.875    0.582087051234
233.0    0.58975325709
233.125    0.592308659042
233.25    0.592308659042
233.375    0.592308659042
233.5    0.568346529261
233.625    0.568346529261
233.75    0.577562733023
233.875    0.577248544259
234.0    0.583825562398
234.125    0.583699886892
234.25    0.583699886892
234.375    0.570901931214
234.5    0.582107997151
234.625    0.583218130786
234.75    0.582526915504
234.875    0.578044489129
235.0    0.574253278036
235.125    0.574253278036
235.25    0.574714088224
235.375    0.574714088224
235.5    0.577206652423
235.625    0.578337731976
235.75    0.595911356877
235.875    0.569142474132
236.0    0.560345188723
236.125    0.560345188723
236.25    0.582903942022
236.375    0.583134347116
236.5    0.598362029241
236.625    0.598362029241
236.75    0.584893804198
236.875    0.58451677768
237.0    0.591847848854
237.125    0.591847848854
237.25    0.591387038666
237.375    0.591387038666
237.5    0.58309245528
237.625    0.58309245528
237.75    0.58309245528
237.875    0.58309245528
238.0    0.601420133216
238.125    0.579657324787
238.25    0.578610028905
238.375    0.578610028905
238.5    0.583050563445
238.625    0.583532319551
238.75    0.583260022622
238.875    0.58336475221
239.0    0.574923547401
239.125    0.574923547401
239.25    0.574923547401
239.375    0.574923547401
240.0    0.59348163043
240.125    0.59348163043
240.25    0.59348163043
240.375    0.592999874325
240.5    0.582945833857
240.625    0.582945833857
240.75    0.582945833857
240.875    0.583113401198
241.0    0.574064764777
241.125    0.575028276989
241.25    0.598760001676
241.375    0.598760001676
241.5    0.580055297223
241.625    0.580055297223
241.75    0.580474215575
241.875    0.580474215575
242.0    0.580641782917
242.125    0.580641782917
242.25    0.580641782917
242.375    0.580997863516
242.5    0.569393825143
242.625    0.569435716979
242.75    0.583301914457
242.875    0.56960328432
243.0    0.583699886892
243.125    0.583699886892
243.25    0.583699886892
243.375    0.583699886892
243.5    0.580306648234
243.625    0.580683674752
243.75    0.580683674752
243.875    0.580683674752
244.0    0.586464748021
244.125    0.586464748021
244.25    0.586590423526
244.375    0.586590423526
244.5    0.568933014955
244.625    0.568639772108
244.75    0.605274182062
244.875    0.605274182062
245.0    0.579657324787
245.125    0.579887729881
245.25    0.579489757446
245.375    0.580767458422
245.5    0.595848519124
245.625    0.595848519124
245.75    0.586632315362
245.875    0.586611369444
246.0    0.579657324787
246.125    0.579657324787
246.25    0.581647186963
246.375    0.58185664614
246.5    0.576829625906
246.625    0.576829625906
246.75    0.577185706506
246.875    0.577290436094
247.0    0.563696535545
247.125    0.563696535545
247.25    0.563885048804
247.375    0.563885048804
247.5    0.582987725692
247.625    0.582987725692
247.75    0.582987725692
247.875    0.582987725692
248.0    0.574546520883
248.125    0.574546520883
248.25    0.574546520883
248.375    0.574546520883
248.5    0.567864773156
248.625    0.567864773156
248.75    0.56809517825
248.875    0.576997193247
249.0    0.568241799673
249.125    0.568241799673
249.25    0.568241799673
249.375    0.56809517825
249.5    0.582359348163
249.625    0.582359348163
249.75    0.582149888987
249.875    0.582464077751
250.0    0.579657324787
250.125    0.579447865611
250.25    0.579447865611
250.375    0.579824892129
250.5    0.578253948306
250.625    0.578295840141
250.75    0.57749989527
250.875    0.578714758494
251.0    0.58407691341
251.125    0.58407691341
251.25    0.58407691341
251.375    0.584139751163
251.5    0.568304637426
251.625    0.568555988438
251.75    0.568555988438
251.875    0.568555988438
252.0    0.580097189058
252.125    0.584558669515
252.25    0.584600561351
252.375    0.584600561351
252.5    0.574735034142
252.625    0.574735034142
252.75    0.579070839093
252.875    0.579070839093
253.0    0.575405303506
253.125    0.575405303506
253.25    0.575405303506
253.375    0.575405303506
253.5    0.57377152193
253.625    0.571509362825
253.75    0.571509362825
253.875    0.571718822002
254.0    0.578086380964
254.125    0.578107326882
254.25    0.578316786058
254.375    0.578526245235
254.5    0.580139080893
254.625    0.580139080893
254.75    0.580139080893
254.875    0.580160026811
255.0    0.574693142307
255.125    0.574693142307
255.25    0.579133676846
255.375    0.579133676846
255.5    0.573205982154
255.625    0.573205982154
255.75    0.573310711742
255.875    0.577939759541
256.0    0.564387750827
256.125    0.606049181015
256.25    0.572954631142
256.375    0.572787063801
256.5    0.569980310837
256.625    0.569980310837
256.75    0.569980310837
256.875    0.569980310837
257.0    0.57155125466
257.125    0.57155125466
257.25    0.571258011814
257.375    0.572012064849
257.5    0.580620836999
257.625    0.580620836999
257.75    0.576054626953
257.875    0.576075572871
258.0    0.587239746973
258.125    0.588349880608
258.25    0.588349880608
258.375    0.583909346068
258.5    0.565707343639
258.625    0.565707343639
258.75    0.565707343639
258.875    0.565707343639
259.0    0.575279628001
259.125    0.575279628001
259.25    0.575279628001
259.375    0.575279628001
259.5    0.578840433999
259.625    0.578840433999
259.75    0.580118134976
259.875    0.580306648234
260.0    0.582254618575
260.125    0.582254618575
260.25    0.583176238951
260.375    0.582903942022
260.5    0.579154622764
260.625    0.579154622764
260.75    0.579154622764
260.875    0.579154622764
261.0    0.574462737213
261.125    0.574651250471
261.25    0.574651250471
261.375    0.570650580202
261.5    0.564848561015
261.625    0.564953290604
261.75    0.564953290604
261.875    0.565204641615
262.0    0.569393825143
262.125    0.569393825143
262.25    0.569393825143
262.375    0.59304176616
262.5    0.579426919693
262.625    0.579468811529
262.75    0.579468811529
262.875    0.578610028905
263.0    0.575761384106
263.125    0.585333668468
263.25    0.585333668468
263.375    0.585354614386
263.5    0.572012064849
263.625    0.572242469943
263.75    0.572242469943
263.875    0.572682334213
264.0    0.575845167777
264.125    0.575845167777
264.25    0.575845167777
264.375    0.575719492271
264.5    0.558816136735
264.625    0.558816136735
264.75    0.558816136735
264.875    0.558627623476
265.0    0.580264756399
265.125    0.580327594152
265.25    0.580222864564
265.375    0.580453269658
265.5    0.572158686272
265.625    0.572158686272
265.75    0.572158686272
265.875    0.572284361778
266.0    0.569582338402
266.125    0.569582338402
266.25    0.564974236521
266.375    0.564639101839
266.5    0.575468141259
266.625    0.575468141259
266.75    0.575468141259
266.875    0.575468141259
267.0    0.56595869465
267.125    0.56595869465
267.25    0.566461396674
267.375    0.566293829333
267.5    0.571593146496
267.625    0.571593146496
267.75    0.571509362825
267.875    0.571509362825
268.0    0.576913409576
268.125    0.576913409576
268.25    0.577332327929
268.375    0.577101922835
268.5    0.557245192912
268.625    0.557245192912
268.75    0.557245192912
268.875    0.55655397763
269.0    0.576012735118
269.125    0.576012735118
269.25    0.575321519836
269.375    0.576180302459
269.5    0.579971513552
269.625    0.57999245947
269.75    0.57999245947
269.875    0.57999245947
270.0    0.556239788865
270.125    0.55921410917
270.25    0.557308030665
270.375    0.557308030665
270.5    0.572158686272
270.625    0.572158686272
270.75    0.576599220812
270.875    0.576599220812
271.0    0.576452599388
271.125    0.576515437141
271.25    0.576515437141
271.375    0.576515437141
271.5    0.604143102509
271.625    0.604143102509
271.75    0.599576892464
271.875    0.581207322693
272.0    0.576934355494
272.125    0.576934355494
272.25    0.576934355494
272.375    0.576934355494
272.5    0.574651250471
272.625    0.574651250471
272.75    0.574651250471
272.875    0.574651250471
273.0    0.559591135688
273.125    0.559842486699
273.25    0.560156675464
273.375    0.560156675464
273.5    0.562712077416
273.625    0.562712077416
273.75    0.562712077416
273.875    0.562649239663
274.0    0.572828955637
274.125    0.572933685225
274.25    0.573373549495
274.375    0.573373549495
274.5    0.565099912027
274.625    0.565099912027
274.75    0.565099912027
274.875    0.565099912027
275.0    0.57341544133
275.125    0.57341544133
275.25    0.573394495413
275.375    0.573394495413
275.5    0.570273553684
275.625    0.570273553684
275.75    0.569917473085
275.875    0.569917473085
276.0    0.549851283985
276.125    0.550228310502
276.25    0.550228310502
276.375    0.550228310502
276.5    0.567885719073
276.625    0.568618826191
276.75    0.570713417955
276.875    0.570713417955
277.0    0.560470864229
277.125    0.560889782581
277.25    0.560408026476
277.375    0.561329646852
277.5    0.551987767584
277.625    0.551987767584
277.75    0.551987767584
277.875    0.551987767584
278.0    0.555360060324
278.125    0.555360060324
278.25    0.555360060324
278.375    0.555360060324
278.5    0.550186418667
278.625    0.550291148255
278.75    0.550291148255
278.875    0.550291148255
279.0    0.569184365967
279.125    0.569184365967
279.25    0.569289095555
279.375    0.569289095555
279.5    0.551694524737
279.625    0.551694524737
279.75    0.551694524737
279.875    0.574525574965
280.0    0.566000586486
280.125    0.566105316074
280.25    0.566126261992
280.375    0.566126261992
280.5    0.565225587533
280.625    0.565330317121
280.75    0.565455992627
280.875    0.556239788865
281.0    0.566922206862
281.125    0.566922206862
281.25    0.566922206862
281.375    0.566964098697
281.5    0.556009383771
281.625    0.556135059277
281.75    0.555820870512
281.875    0.555590465418
282.0    0.574797871895
282.125    0.574797871895
282.25    0.57039922919
282.375    0.570001256755
282.5    0.56516274978
282.625    0.56516274978
282.75    0.56516274978
282.875    0.56516274978
283.0    0.569980310837
283.125    0.569980310837
283.25    0.570085040426
283.375    0.570210715931
283.5    0.552134389008
283.625    0.552134389008
283.75    0.552134389008
283.875    0.552071551255
284.0    0.555653303171
284.125    0.560219513217
284.25    0.54652088308
284.375    0.575049222906
284.5    0.560952620334
284.625    0.560051945876
284.75    0.566084370156
284.875    0.566440450756
285.0    0.575489087177
285.125    0.575593816765
285.25    0.575593816765
285.375    0.575593816765
285.5    0.558522893888
285.625    0.558962758158
285.75    0.558166813288
285.875    0.557412760253
286.0    0.562984374345
286.125    0.562984374345
286.25    0.562984374345
286.375    0.562816807004
286.5    0.571404633237
286.625    0.571530308743
286.75    0.571593146496
286.875    0.554019521595
287.0    0.5569938419
287.125    0.5569938419
287.25    0.5569938419
287.375    0.5569938419
287.5    0.559276946923
287.625    0.559276946923
287.75    0.559276946923
287.875    0.559276946923
288.0    0.557433706171
288.125    0.557433706171
288.25    0.557433706171
288.375    0.557433706171
288.5    0.547023585103
288.625    0.547086422856
288.75    0.547526287127
288.875    0.576180302459
289.0    0.566838423191
289.125    0.566838423191
289.25    0.566838423191
289.375    0.566838423191
289.5    0.557140463324
289.625    0.557140463324
289.75    0.557140463324
289.875    0.566147207909
290.0    0.574064764777
290.125    0.573813413766
290.25    0.573813413766
290.375    0.573813413766
290.5    0.557957354112
290.625    0.553076955301
290.75    0.553202630807
290.875    0.553244522643
291.0    0.57067152612
291.125    0.557328976582
291.25    0.5577060031
291.375    0.5580620837
291.5    0.572849901554
291.625    0.572849901554
291.75    0.572849901554
291.875    0.568325583344
292.0    0.554270872607
292.125    0.554270872607
292.25    0.554270872607
292.375    0.554270872607
292.5    0.550018851326
292.625    0.550018851326
292.75    0.550416823761
292.875    0.55104520129
293.0    0.553370198148
293.125    0.553370198148
293.25    0.553370198148
293.375    0.55290938796
293.5    0.553453981819
293.625    0.553453981819
293.75    0.553453981819
293.875    0.553412089984
294.0    0.568032340497
294.125    0.568032340497
294.25    0.568074232332
294.375    0.568074232332
294.5    0.548489799338
294.625    0.548594528926
294.75    0.548594528926
294.875    0.548364123832
295.0    0.577897867706
295.125    0.577583678941
295.25    0.577583678941
295.375    0.577583678941
295.5    0.550165472749
295.625    0.550165472749
295.75    0.550165472749
295.875    0.550165472749
296.0    0.548112772821
296.125    0.548447907503
296.25    0.548573583009
296.375    0.577981651376
296.5    0.558606677559
296.625    0.558606677559
296.75    0.558606677559
296.875    0.558669515311
297.0    0.565183695698
297.125    0.565183695698
297.25    0.565183695698
297.375    0.564115453898
297.5    0.558920866323
297.625    0.558962758158
297.75    0.559109379582
297.875    0.559235055088
298.0    0.562795861087
298.125    0.563843156969
298.25    0.563843156969
298.375    0.562565455993
298.5    0.551170876796
298.625    0.551170876796
298.75    0.551170876796
298.875    0.551170876796
299.0    0.560491810146
299.125    0.560491810146
299.25    0.560491810146
299.375    0.561266809099
300.0    0.559674919358
300.125    0.559653973441
300.25    0.559653973441
300.375    0.559653973441
300.5    0.548971555444
300.625    0.548971555444
300.75    0.548971555444
300.875    0.551547903314
301.0    0.564052616145
301.125    0.564241129404
301.25    0.564052616145
301.375    0.564492480416
301.5    0.555904654183
301.625    0.555904654183
301.75    0.555904654183
301.875    0.555904654183
302.0    0.563361400863
302.125    0.563361400863
302.25    0.563361400863
302.375    0.558711407147
302.5    0.559256001005
302.625    0.558753298982
302.75    0.558753298982
302.875    0.558753298982
303.0    0.551275606384
303.125    0.551275606384
303.25    0.549222906456
303.375    0.549222906456
303.5    0.55548573583
303.625    0.55548573583
303.75    0.555862762348
303.875    0.555862762348
304.0    0.556868166394
304.125    0.556868166394
304.25    0.557224246994
304.375    0.557224246994
304.5    0.552699928784
304.625    0.552699928784
304.75    0.552699928784
304.875    0.554962087889
305.0    0.565455992627
305.125    0.564597210004
305.25    0.564283021239
305.375    0.564283021239
305.5    0.558732353064
305.625    0.558732353064
305.75    0.558732353064
305.875    0.559109379582
306.0    0.559549243852
306.125    0.559653973441
306.25    0.559633027523
306.375    0.559633027523
306.5    0.554249926689
306.625    0.554480331783
306.75    0.554480331783
306.875    0.554480331783
307.0    0.554208034854
307.125    0.554249926689
307.25    0.554249926689
307.375    0.554249926689
307.5    0.568283691509
307.625    0.568011394579
307.75    0.559297892841
307.875    0.559256001005
308.0    0.544928993339
308.125    0.544928993339
308.25    0.544928993339
308.375    0.544803317833
308.5    0.559088433664
308.625    0.559088433664
308.75    0.559046541829
308.875    0.559088433664
309.0    0.552678982866
309.125    0.552678982866
309.25    0.553139793054
309.375    0.553244522643
309.5    0.564576264086
309.625    0.564576264086
309.75    0.564680993674
309.875    0.564471534498
310.0    0.553495873654
310.125    0.553495873654
310.25    0.552595199196
310.375    0.552595199196
310.5    0.557873570441
310.625    0.558208705123
310.75    0.571781659755
310.875    0.57190733526
311.0    0.548699258515
311.125    0.548783042185
311.25    0.54882493402
311.375    0.54882493402
311.5    0.555799924595
311.625    0.555799924595
311.75    0.554983033807
311.875    0.555653303171
312.0    0.549599932973
312.125    0.549599932973
312.25    0.549306690126
312.375    0.549055339114
312.5    0.563256671275
312.625    0.563256671275
312.75    0.563256671275
312.875    0.572158686272
313.0    0.572116794437
313.125    0.572116794437
313.25    0.572116794437
313.375    0.572116794437
313.5    0.568849231285
313.625    0.568472204767
313.75    0.568744501697
313.875    0.568430312932
314.0    0.549327636044
314.125    0.558481002053
314.25    0.557873570441
314.375    0.557873570441
314.5    0.563193833522
314.625    0.563193833522
314.75    0.563193833522
314.875    0.563193833522
315.0    0.553474927737
315.125    0.553474927737
315.25    0.553474927737
315.375    0.555988437853
315.5    0.562753969251
315.625    0.561978970299
315.75    0.561978970299
315.875    0.561978970299
316.0    0.562167483557
316.125    0.562125591722
316.25    0.562188429475
316.375    0.56250261824
316.5    0.551966821666
316.625    0.551966821666
316.75    0.551966821666
316.875    0.551966821666
317.0    0.552134389008
317.125    0.552511415525
