0.0    0.21263289556
0.125    0.214163457424
0.25    0.212501234324
0.375    0.211908758764
0.5    0.214706560021
0.625    0.214624271749
0.75    0.214838221257
0.875    0.215134459037
1.0    0.21444323755
1.125    0.21444323755
1.25    0.21444323755
1.375    0.214360949278
1.5    0.215348408545
1.625    0.215940884105
1.75    0.215875053487
1.875    0.215875053487
2.0    0.215019255456
2.125    0.216171291268
2.25    0.216171291268
2.375    0.216171291268
2.5    0.214541983477
2.625    0.214788848293
2.75    0.214788848293
2.875    0.214788848293
3.0    0.203334320793
3.125    0.203334320793
3.25    0.203334320793
3.375    0.204519271913
3.5    0.216006714723
3.625    0.216006714723
3.75    0.216072545341
3.875    0.216072545341
4.0    0.21865639709
4.125    0.21865639709
4.25    0.21865639709
4.375    0.21865639709
4.5    0.214690102367
4.625    0.214690102367
4.75    0.214690102367
4.875    0.214690102367
5.0    0.214673644712
5.125    0.214673644712
5.25    0.214673644712
5.375    0.214723017676
5.5    0.215628188671
5.625    0.215628188671
5.75    0.21444323755
5.875    0.21444323755
6.0    0.219232414996
6.125    0.219380533886
6.25    0.219380533886
6.375    0.219380533886
6.5    0.215249662618
6.625    0.215249662618
6.75    0.215249662618
6.875    0.215348408545
7.0    0.215611731016
7.125    0.215611731016
7.25    0.215611731016
7.375    0.215545900398
7.5    0.211020045423
7.625    0.211020045423
7.75    0.211020045423
7.875    0.210921299496
8.0    0.208600770218
8.125    0.208600770218
8.25    0.207218327244
8.375    0.207218327244
8.5    0.206806885883
8.625    0.206806885883
8.75    0.206806885883
8.875    0.207234784898
9.0    0.216451071393
9.125    0.216451071393
9.25    0.216451071393
9.375    0.216451071393
9.5    0.202873506468
9.625    0.202873506468
9.75    0.202873506468
9.875    0.207037293045
10.0    0.21625357954
10.125    0.216237121885
10.25    0.205358612291
10.375    0.217125835226
10.5    0.220038840065
10.625    0.220038840065
10.75    0.216665020901
10.875    0.216665020901
11.0    0.207860175768
11.125    0.207860175768
11.25    0.207860175768
11.375    0.207860175768
11.5    0.207432276752
11.625    0.207432276752
11.75    0.207432276752
11.875    0.207432276752
12.0    0.207613310951
12.125    0.207613310951
12.25    0.207613310951
12.375    0.207613310951
12.5    0.209538856522
12.625    0.209538856522
12.75    0.209538856522
12.875    0.209538856522
13.0    0.210246535664
13.125    0.20886409269
13.25    0.20886409269
13.375    0.20886409269
13.5    0.209654060103
13.625    0.209654060103
13.75    0.209654060103
13.875    0.209654060103
14.0    0.218014548567
14.125    0.217487903624
14.25    0.217487903624
14.375    0.217487903624
14.5    0.210444027517
14.625    0.209407195287
14.75    0.209407195287
14.875    0.209407195287
15.0    0.209933840229
15.125    0.209933840229
15.25    0.209933840229
15.375    0.209933840229
15.5    0.209538856522
15.625    0.209538856522
15.75    0.209588229486
15.875    0.209588229486
16.0    0.210460485172
16.125    0.210460485172
16.25    0.210460485172
16.375    0.210460485172
16.5    0.209473025904
16.625    0.209473025904
16.75    0.209473025904
16.875    0.209473025904
17.0    0.212715183832
17.125    0.212764556795
17.25    0.212764556795
17.375    0.212846845068
17.5    0.213933050262
17.625    0.213933050262
17.75    0.213933050262
17.875    0.213933050262
18.0    0.211678351601
18.125    0.211678351601
18.25    0.211151706659
18.375    0.211299825549
18.5    0.212879760377
18.625    0.213027879267
18.75    0.213027879267
18.875    0.213027879267
19.0    0.211003587769
19.125    0.211003587769
19.25    0.211003587769
19.375    0.211003587769
19.5    0.210723807643
19.625    0.210871926533
19.75    0.21067443468
19.875    0.210592146407
20.0    0.213620354827
20.125    0.213620354827
20.25    0.213620354827
20.375    0.213620354827
20.5    0.212073335308
20.625    0.212073335308
20.75    0.212073335308
20.875    0.212073335308
21.0    0.211826470491
21.125    0.211826470491
21.25    0.211826470491
21.375    0.211826470491
21.5    0.209538856522
21.625    0.209802178993
21.75    0.209802178993
21.875    0.212813929759
22.0    0.208995753925
22.125    0.208995753925
22.25    0.208995753925
22.375    0.208995753925
22.5    0.208222244166
22.625    0.208222244166
22.75    0.209999670847
22.875    0.209999670847
23.0    0.213027879267
23.125    0.213027879267
23.25    0.213027879267
23.375    0.213027879267
23.5    0.210575688753
23.625    0.210575688753
23.75    0.210575688753
23.875    0.210575688753
24.0    0.210773180606
24.125    0.21082255357
24.25    0.21082255357
24.375    0.21082255357
24.5    0.206625851684
24.625    0.206625851684
24.75    0.206625851684
24.875    0.206625851684
25.0    0.210937757151
25.125    0.210937757151
25.25    0.210937757151
25.375    0.210937757151
25.5    0.213620354827
25.625    0.213620354827
25.75    0.213768473717
25.875    0.213768473717
26.0    0.214838221257
26.125    0.214838221257
26.25    0.214838221257
26.375    0.214838221257
26.5    0.204305322405
26.625    0.204305322405
26.75    0.204305322405
26.875    0.204305322405
27.0    0.203169744248
27.125    0.203169744248
27.25    0.203070998321
27.375    0.201672097693
27.5    0.210773180606
27.625    0.210773180606
27.75    0.211020045423
27.875    0.212402488397
28.0    0.211299825549
28.125    0.211151706659
28.25    0.211250452586
28.375    0.211250452586
28.5    0.21082255357
28.625    0.21082255357
28.75    0.211810012837
28.875    0.211810012837
29.0    0.216072545341
29.125    0.216072545341
29.25    0.216072545341
29.375    0.216072545341
29.5    0.211974589382
29.625    0.211974589382
29.75    0.211974589382
29.875    0.213653270136
30.0    0.216648563247
30.125    0.207926006386
30.25    0.208320990093
30.375    0.208320990093
30.5    0.213126625193
30.625    0.213126625193
30.75    0.213126625193
30.875    0.210114874428
31.0    0.207695599223
31.125    0.207695599223
31.25    0.207695599223
31.375    0.20764622626
31.5    0.212369573088
31.625    0.212369573088
31.75    0.212369573088
31.875    0.212369573088
32.0    0.216516902011
32.125    0.216516902011
32.25    0.216632105592
32.375    0.216632105592
32.5    0.211991047036
32.625    0.211991047036
32.75    0.211991047036
32.875    0.21111879135
33.0    0.206987920082
33.125    0.206987920082
33.25    0.206856258846
33.375    0.207629768605
33.5    0.210690892334
33.625    0.210690892334
33.75    0.210690892334
33.875    0.210690892334
34.0    0.212912675685
34.125    0.212962048649
34.25    0.212962048649
34.375    0.212830387413
34.5    0.208732431454
34.625    0.208732431454
34.75    0.208732431454
34.875    0.208732431454
35.0    0.213060794576
35.125    0.213060794576
35.25    0.213060794576
35.375    0.213060794576
35.5    0.212534149633
35.625    0.212534149633
35.75    0.212534149633
35.875    0.212534149633
36.0    0.211151706659
36.125    0.210921299496
36.25    0.210921299496
36.375    0.211069418387
36.5    0.209143872815
36.625    0.209143872815
36.75    0.209143872815
36.875    0.209143872815
37.0    0.208979296271
37.125    0.208979296271
37.25    0.208979296271
37.375    0.208979296271
37.5    0.208650143182
37.625    0.208650143182
37.75    0.208650143182
37.875    0.208650143182
38.0    0.206247325631
38.125    0.206444817485
38.25    0.213949507916
38.375    0.213653270136
38.5    0.208633685527
38.625    0.208633685527
38.75    0.208633685527
38.875    0.208633685527
39.0    0.208929923307
39.125    0.208929923307
39.25    0.208929923307
39.375    0.208929923307
39.5    0.209357822323
39.625    0.209555314177
39.75    0.209242618742
39.875    0.209242618742
40.0    0.211793555183
40.125    0.211793555183
40.25    0.211694809256
40.375    0.209143872815
40.5    0.20657647872
40.625    0.206691682301
40.75    0.206691682301
40.875    0.206839801192
41.0    0.212254369507
41.125    0.212254369507
41.25    0.212451861361
41.375    0.212550607287
41.5    0.207465192061
41.625    0.207317073171
41.75    0.207317073171
41.875    0.20779434515
42.0    0.213850761989
42.125    0.213850761989
42.25    0.214492610513
42.375    0.214492610513
42.5    0.211003587769
42.625    0.210756722952
42.75    0.210756722952
42.875    0.210756722952
43.0    0.20990092492
43.125    0.20990092492
43.25    0.209950297884
43.375    0.213455778282
43.5    0.212649353214
43.625    0.212649353214
43.75    0.212451861361
43.875    0.212649353214
44.0    0.213505151246
44.125    0.213505151246
44.25    0.212204996544
44.375    0.212204996544
44.5    0.21580922287
44.625    0.21610546065
44.75    0.216302952503
44.875    0.216302952503
45.0    0.211546690366
45.125    0.211546690366
45.25    0.211546690366
45.375    0.211546690366
45.5    0.208979296271
45.625    0.208946380962
45.75    0.208946380962
45.875    0.208946380962
46.0    0.20901221158
46.125    0.20901221158
46.25    0.20901221158
46.375    0.21067443468
46.5    0.209473025904
46.625    0.209473025904
46.75    0.209259076396
46.875    0.208074125276
47.0    0.21171126691
47.125    0.21171126691
47.25    0.212106250617
47.375    0.21248477667
47.5    0.209407195287
47.625    0.208189328857
47.75    0.209505941213
47.875    0.209505941213
48.0    0.208172871202
48.125    0.208172871202
48.25    0.208222244166
48.375    0.208222244166
48.5    0.204206576479
48.625    0.204585102531
48.75    0.204585102531
48.875    0.204585102531
49.0    0.211398571476
49.125    0.209835094302
49.25    0.209621144794
49.375    0.209621144794
49.5    0.206642309338
49.625    0.206642309338
49.75    0.206642309338
49.875    0.206642309338
50.0    0.21126691024
50.125    0.21126691024
50.25    0.21126691024
50.375    0.21126691024
50.5    0.203334320793
50.625    0.202824133505
50.75    0.202824133505
50.875    0.202824133505
51.0    0.207926006386
51.125    0.207926006386
51.25    0.207926006386
51.375    0.207926006386
51.5    0.207053750699
51.625    0.206856258846
51.75    0.208172871202
51.875    0.206856258846
52.0    0.207136038972
52.125    0.207382903789
52.25    0.207168954281
52.375    0.207168954281
52.5    0.214328033969
52.625    0.214328033969
52.75    0.214328033969
52.875    0.214328033969
53.0    0.203663473882
53.125    0.203614100918
53.25    0.203614100918
53.375    0.203614100918
53.5    0.205013001547
53.625    0.205243408709
53.75    0.205243408709
53.875    0.205375069945
54.0    0.208798262072
54.125    0.208798262072
54.25    0.208798262072
54.375    0.208798262072
54.5    0.209259076396
54.625    0.209522398868
54.75    0.209522398868
54.875    0.209522398868
55.0    0.209275534051
55.125    0.209275534051
55.25    0.208962838616
55.375    0.208962838616
55.5    0.204601560186
55.625    0.204585102531
55.75    0.204585102531
55.875    0.204585102531
56.0    0.209538856522
56.125    0.209538856522
56.25    0.209538856522
56.375    0.209538856522
56.5    0.213834304335
56.625    0.213834304335
56.75    0.209802178993
56.875    0.209802178993
57.0    0.200339027682
57.125    0.200339027682
57.25    0.201705013002
57.375    0.201705013002
57.5    0.202017708436
57.625    0.202017708436
57.75    0.202017708436
57.875    0.202083539054
58.0    0.207136038972
58.125    0.207136038972
58.25    0.207136038972
58.375    0.207136038972
58.5    0.206230867977
58.625    0.206230867977
58.75    0.206230867977
58.875    0.207070208354
59.0    0.206230867977
59.125    0.206230867977
59.25    0.206230867977
59.375    0.206230867977
59.5    0.206016918469
59.625    0.206016918469
59.75    0.206016918469
59.875    0.206016918469
60.0    0.206329613903
60.125    0.206329613903
60.25    0.205753595998
60.375    0.205753595998
60.5    0.203630558573
60.625    0.204206576479
60.75    0.203992626971
60.875    0.204223034133
61.0    0.201112537441
61.125    0.201096079787
61.25    0.201096079787
61.375    0.201096079787
61.5    0.21141502913
61.625    0.211497317402
61.75    0.211497317402
61.875    0.211497317402
62.0    0.206477732794
62.125    0.206230867977
62.25    0.210493400481
62.375    0.206477732794
62.5    0.209028669234
62.625    0.206362529212
62.75    0.212534149633
62.875    0.212435403706
63.0    0.210756722952
63.125    0.210756722952
63.25    0.211365656167
63.375    0.211365656167
63.5    0.203317863138
63.625    0.203926796353
63.75    0.203926796353
63.875    0.205375069945
64.0    0.207020835391
64.125    0.207020835391
64.25    0.211530232711
64.375    0.212517691979
64.5    0.208715973799
64.625    0.208715973799
64.75    0.208518481946
64.875    0.208518481946
65.0    0.209621144794
65.125    0.203597643264
65.25    0.203597643264
65.375    0.203597643264
65.5    0.206230867977
65.625    0.206230867977
65.75    0.206230867977
65.875    0.206230867977
66.0    0.209703433067
66.125    0.210592146407
66.25    0.210592146407
66.375    0.210592146407
66.5    0.202873506468
66.625    0.202873506468
66.75    0.202873506468
66.875    0.204255949442
67.0    0.210789638261
67.125    0.210394654554
67.25    0.210394654554
67.375    0.209061584543
67.5    0.203926796353
67.625    0.203926796353
67.75    0.204239491788
67.875    0.204239491788
68.0    0.20749810737
68.125    0.207465192061
68.25    0.207613310951
68.375    0.211464402093
68.5    0.209489483559
68.625    0.210509858135
68.75    0.209489483559
68.875    0.209736348376
69.0    0.209686975412
69.125    0.209686975412
69.25    0.209686975412
69.375    0.209686975412
69.5    0.210657977025
69.625    0.210657977025
69.75    0.210411112208
69.875    0.210444027517
70.0    0.210081959119
70.125    0.210081959119
70.25    0.210081959119
70.375    0.210032586156
70.5    0.208765346763
70.625    0.209110957506
70.75    0.209110957506
70.875    0.209078042197
71.0    0.211777097528
71.125    0.211777097528
71.25    0.211168164313
71.375    0.210789638261
71.5    0.20838682071
71.625    0.20838682071
71.75    0.20838682071
71.875    0.20838682071
72.0    0.202494980415
72.125    0.202248115599
72.25    0.202281030907
72.375    0.204963628584
72.5    0.199993416938
72.625    0.200273197064
72.75    0.200355485336
72.875    0.197096869754
73.0    0.206049833778
73.125    0.206049833778
73.25    0.205226951055
73.375    0.205226951055
73.5    0.212418946052
73.625    0.212418946052
73.75    0.212418946052
73.875    0.212468319015
74.0    0.214097626806
74.125    0.213603897173
74.25    0.213603897173
74.375    0.213603897173
74.5    0.205128205128
74.625    0.201408775221
74.75    0.201260656331
74.875    0.204074915243
75.0    0.217981633258
75.125    0.218557651164
75.25    0.20265955696
75.375    0.20265955696
75.5    0.200766926698
75.625    0.200766926698
75.75    0.200766926698
75.875    0.216961258681
76.0    0.204683848458
76.125    0.207744972187
76.25    0.207744972187
76.375    0.204585102531
76.5    0.20325203252
76.625    0.203038083012
76.75    0.204371153023
76.875    0.203038083012
77.0    0.206230867977
77.125    0.204881340311
77.25    0.204881340311
77.375    0.204881340311
77.5    0.207136038972
77.625    0.20749810737
77.75    0.20779434515
77.875    0.207547480333
78.0    0.205111747474
78.125    0.205111747474
78.25    0.20642835983
78.375    0.20642835983
78.5    0.21580922287
78.625    0.214525525822
78.75    0.202988710049
78.875    0.204041999934
79.0    0.199993416938
79.125    0.215792765215
79.25    0.216615647938
79.375    0.21761956486
79.5    0.204535729568
79.625    0.204535729568
79.75    0.204535729568
79.875    0.204535729568
80.0    0.196191698759
80.125    0.216599190283
80.25    0.21625357954
80.375    0.216237121885
80.5    0.207580395642
80.625    0.207580395642
80.75    0.207580395642
80.875    0.2085349396
81.0    0.207415819097
81.125    0.204404068332
81.25    0.206181495013
81.375    0.206263783286
81.5    0.208041209967
81.625    0.207975379349
81.75    0.208024752312
81.875    0.207744972187
82.0    0.203778677463
82.125    0.203778677463
82.25    0.203778677463
82.375    0.20657647872
82.5    0.206197952668
82.625    0.206477732794
82.75    0.206477732794
82.875    0.20402554228
83.0    0.208485566637
83.125    0.208485566637
83.25    0.2085349396
83.375    0.210509858135
83.5    0.204683848458
83.625    0.205704223034
83.75    0.207020835391
83.875    0.203696389191
84.0    0.204305322405
84.125    0.206477732794
84.25    0.20553964649
84.375    0.205243408709
84.5    0.206823343537
84.625    0.206790428228
84.75    0.206987920082
84.875    0.206987920082
85.0    0.206313156249
85.125    0.205506731181
85.25    0.205852341924
85.375    0.206642309338
85.5    0.204009084625
85.625    0.204009084625
85.75    0.204305322405
85.875    0.204305322405
86.0    0.20236331918
86.125    0.203235574866
86.25    0.203235574866
86.375    0.20417366117
86.5    0.210065501465
86.625    0.209670517758
86.75    0.212649353214
86.875    0.21233665778
87.0    0.209966755538
87.125    0.20960468714
87.25    0.20960468714
87.375    0.206543563411
87.5    0.204831967348
87.625    0.204831967348
87.75    0.205424442908
87.875    0.208485566637
88.0    0.20642835983
88.125    0.206543563411
88.25    0.206938547118
88.375    0.206839801192
88.5    0.206987920082
88.625    0.206987920082
88.75    0.207037293045
88.875    0.207086666008
89.0    0.204716763767
89.125    0.20779434515
89.25    0.207712056878
89.375    0.207317073171
89.5    0.205473815872
89.625    0.203959711662
89.75    0.202429149798
89.875    0.203959711662
90.0    0.208880550344
90.125    0.208880550344
90.25    0.206658766993
90.375    0.208913465653
90.5    0.212369573088
90.625    0.212715183832
90.75    0.209654060103
90.875    0.19782100655
91.0    0.203416609065
91.125    0.203416609065
91.25    0.203120371285
91.375    0.203120371285
91.5    0.210954214805
91.625    0.207037293045
91.75    0.206527105757
91.875    0.205391527599
92.0    0.206560021066
92.125    0.206592936375
92.25    0.211168164313
92.375    0.209341364669
92.5    0.210806095915
92.625    0.21126691024
92.75    0.207728514532
92.875    0.208600770218
93.0    0.21004904381
93.125    0.210081959119
93.25    0.21034528159
93.375    0.21004904381
93.5    0.208304532438
93.625    0.206708139956
93.75    0.207152496626
93.875    0.204223034133
94.0    0.203202659557
94.125    0.204864882657
94.25    0.204980086238
94.375    0.203268490175
94.5    0.204239491788
94.625    0.206905631809
94.75    0.202017708436
94.875    0.202429149798
95.0    0.205802968961
95.125    0.205802968961
95.25    0.205802968961
95.375    0.205802968961
95.5    0.208946380962
95.625    0.209061584543
95.75    0.20901221158
95.875    0.208979296271
96.0    0.210147789737
96.125    0.208995753925
96.25    0.208995753925
96.375    0.212698726178
96.5    0.204749679076
96.625    0.204272407097
96.75    0.204782594385
96.875    0.205901714888
97.0    0.207843718113
97.125    0.20779434515
97.25    0.207843718113
97.375    0.208041209967
97.5    0.208320990093
97.625    0.208617227873
97.75    0.207317073171
97.875    0.209143872815
98.0    0.207119581317
98.125    0.215315493236
98.25    0.21141502913
98.375    0.214525525822
98.5    0.211513775057
98.625    0.209983213192
98.75    0.209983213192
98.875    0.211546690366
99.0    0.202708929923
99.125    0.198528685692
99.25    0.202116454363
99.375    0.202116454363
99.5    0.201606267075
99.625    0.221618774892
99.75    0.205720680689
99.875    0.205918172542
100.0    0.205375069945
100.125    0.204864882657
100.25    0.201902504855
100.375    0.203433066719
100.5    0.209094499852
100.625    0.209094499852
100.75    0.209374279978
100.875    0.210888384187
101.0    0.215118001382
101.125    0.215118001382
101.25    0.215118001382
101.375    0.215118001382
101.5    0.211760639874
101.625    0.211760639874
101.75    0.211678351601
101.875    0.211678351601
102.0    0.204223034133
102.125    0.204223034133
102.25    0.204239491788
102.375    0.204716763767
102.5    0.211201079622
102.625    0.207843718113
102.75    0.20720186959
102.875    0.20720186959
103.0    0.20672459761
103.125    0.207744972187
103.25    0.20764622626
103.375    0.207037293045
103.5    0.216335867812
103.625    0.216335867812
103.75    0.216335867812
103.875    0.212254369507
104.0    0.21171126691
104.125    0.21171126691
104.25    0.211760639874
104.375    0.208008294658
104.5    0.202692472269
104.625    0.202445607452
104.75    0.202445607452
104.875    0.202445607452
105.0    0.201096079787
105.125    0.199417399032
105.25    0.201161910405
105.375    0.224614068003
105.5    0.213883677298
105.625    0.214015338534
105.75    0.212797472104
105.875    0.202198742635
106.0    0.206329613903
106.125    0.206148579704
106.25    0.203169744248
106.375    0.202708929923
106.5    0.211628978638
106.625    0.211579605675
106.75    0.209670517758
106.875    0.213752016063
107.0    0.207843718113
107.125    0.207843718113
107.25    0.207975379349
107.375    0.207975379349
107.5    0.211546690366
107.625    0.211497317402
107.75    0.211497317402
107.875    0.211447944439
108.0    0.201787301274
108.125    0.208699516145
108.25    0.210016128501
108.375    0.208798262072
108.5    0.203383693756
108.625    0.204700306112
108.75    0.189411145124
108.875    0.209719890721
109.0    0.215052170765
109.125    0.214936967183
109.25    0.215183832
109.375    0.215183832
109.5    0.207613310951
109.625    0.207596853296
109.75    0.207317073171
109.875    0.207712056878
110.0    0.191781047365
110.125    0.193114117376
110.25    0.184704255949
110.375    0.18422698397
110.5    0.206444817485
110.625    0.204996543893
110.75    0.206543563411
110.875    0.206543563411
111.0    0.196076495178
111.125    0.196998123827
111.25    0.196998123827
111.375    0.196998123827
111.5    0.20901221158
111.625    0.20901221158
111.75    0.209061584543
111.875    0.209061584543
112.0    0.208370363056
112.125    0.208353905401
112.25    0.208847635035
112.375    0.208666600836
112.5    0.213538066555
112.625    0.212731641486
112.75    0.212731641486
112.875    0.212715183832
113.0    0.205045916856
113.125    0.205045916856
113.25    0.205045916856
113.375    0.203482439683
113.5    0.218425989928
113.625    0.218179125111
113.75    0.206033376123
113.875    0.207415819097
114.0    0.208666600836
114.125    0.208567854909
114.25    0.208666600836
114.375    0.206411902176
114.5    0.208222244166
114.625    0.208205786511
114.75    0.207695599223
114.875    0.207876633422
115.0    0.214015338534
115.125    0.214212830387
115.25    0.214048253843
115.375    0.216138375959
115.5    0.208222244166
115.625    0.208222244166
115.75    0.208370363056
115.875    0.206806885883
116.0    0.199713636812
116.125    0.2037293045
116.25    0.201853131892
116.375    0.201853131892
116.5    0.207909548731
116.625    0.207909548731
116.75    0.207909548731
116.875    0.205654850071
117.0    0.208551397255
117.125    0.209259076396
117.25    0.20794246404
117.375    0.208485566637
117.5    0.214459695204
117.625    0.214179915079
117.75    0.202330403871
117.875    0.202330403871
118.0    0.20764622626
118.125    0.208222244166
118.25    0.208222244166
118.375    0.208222244166
118.5    0.207136038972
118.625    0.207136038972
118.75    0.206839801192
118.875    0.207086666008
119.0    0.211892301109
119.125    0.207876633422
119.25    0.211727724565
119.375    0.211727724565
120.0    0.214048253843
120.125    0.210361739245
120.25    0.213439320628
120.375    0.213653270136
120.5    0.221059214641
120.625    0.217603107205
120.75    0.219364076232
120.875    0.215496527435
121.0    0.207761429841
121.125    0.207761429841
121.25    0.207761429841
121.375    0.211826470491
121.5    0.207020835391
121.625    0.207168954281
121.75    0.206806885883
121.875    0.209917382575
122.0    0.198643889273
122.125    0.202708929923
122.25    0.202857048813
122.375    0.202857048813
122.5    0.208502024292
122.625    0.208502024292
122.75    0.205276324018
122.875    0.205276324018
123.0    0.215644646325
123.125    0.215644646325
123.25    0.207432276752
123.375    0.215085086074
123.5    0.204996543893
123.625    0.204996543893
123.75    0.204996543893
123.875    0.20720186959
124.0    0.206230867977
124.125    0.206230867977
124.25    0.205934630197
124.375    0.20583588427
124.5    0.21278101445
124.625    0.209127415161
124.75    0.212945590994
124.875    0.212945590994
125.0    0.203284947829
125.125    0.203284947829
125.25    0.203284947829
125.375    0.203268490175
125.5    0.211628978638
125.625    0.207580395642
125.75    0.208123498239
125.875    0.206675224647
126.0    0.210509858135
126.125    0.211151706659
126.25    0.211151706659
126.375    0.211233994931
126.5    0.210707349988
126.625    0.211052960732
126.75    0.211052960732
126.875    0.211052960732
127.0    0.204930713275
127.125    0.205391527599
127.25    0.205654850071
127.375    0.205177578092
127.5    0.211892301109
127.625    0.211892301109
127.75    0.211892301109
127.875    0.211892301109
128.0    0.209176788124
128.125    0.209176788124
128.25    0.209176788124
128.375    0.209374279978
128.5    0.204864882657
128.625    0.204799052039
128.75    0.205654850071
128.875    0.205852341924
129.0    0.204058457589
129.125    0.204058457589
129.25    0.209522398868
129.375    0.205440900563
129.5    0.207218327244
129.625    0.210378196899
129.75    0.204897797966
129.875    0.205901714888
130.0    0.209571771831
130.125    0.209719890721
130.25    0.209719890721
130.375    0.209917382575
130.5    0.204749679076
130.625    0.203301405484
130.75    0.204749679076
130.875    0.205770053652
131.0    0.213159540502
131.125    0.213850761989
131.25    0.213603897173
131.375    0.213603897173
131.5    0.213900134953
131.625    0.213900134953
131.75    0.213900134953
131.875    0.213900134953
132.0    0.211299825549
132.125    0.202692472269
132.25    0.20265955696
132.375    0.20340015141
132.5    0.203070998321
132.625    0.203070998321
132.75    0.203070998321
132.875    0.203202659557
133.0    0.196734801356
133.125    0.197047496791
133.25    0.197360192225
133.375    0.195928376288
133.5    0.211661893947
133.625    0.203070998321
133.75    0.203416609065
133.875    0.207448734406
134.0    0.211661893947
134.125    0.211513775057
134.25    0.211513775057
134.375    0.211513775057
134.5    0.213307659392
134.625    0.213060794576
134.75    0.21307725223
134.875    0.21307725223
135.0    0.20764622626
135.125    0.20764622626
135.25    0.20764622626
135.375    0.20764622626
135.5    0.207860175768
135.625    0.212583522596
135.75    0.212583522596
135.875    0.196241071722
136.0    0.191879793292
136.125    0.199944043975
136.25    0.200816299661
136.375    0.200684638425
136.5    0.201128995096
136.625    0.201277113986
136.75    0.209802178993
136.875    0.209637602449
137.0    0.201688555347
137.125    0.205654850071
137.25    0.205457358217
137.375    0.204568644877
137.5    0.202988710049
137.625    0.20340015141
137.75    0.203926796353
137.875    0.203926796353
138.0    0.208995753925
138.125    0.20916033047
138.25    0.20916033047
138.375    0.20916033047
138.5    0.210756722952
138.625    0.210756722952
138.75    0.210592146407
138.875    0.210592146407
139.0    0.209226161088
139.125    0.193509101083
139.25    0.191962081564
139.375    0.207777887495
139.5    0.206049833778
139.625    0.205753595998
139.75    0.205918172542
139.875    0.206263783286
140.0    0.208304532438
140.125    0.208304532438
140.25    0.208304532438
140.375    0.208304532438
140.5    0.20402554228
140.625    0.205013001547
140.75    0.205013001547
140.875    0.205013001547
141.0    0.208288074784
141.125    0.208288074784
141.25    0.21337349001
141.375    0.209736348376
141.5    0.210773180606
141.625    0.21067443468
141.75    0.210476942826
141.875    0.20720186959
142.0    0.194661136895
142.125    0.210460485172
142.25    0.210559231098
142.375    0.210559231098
142.5    0.209522398868
142.625    0.209522398868
142.75    0.209522398868
142.875    0.205292781673
143.0    0.208502024292
143.125    0.206527105757
143.25    0.206527105757
143.375    0.206527105757
143.5    0.204930713275
143.625    0.204436983641
143.75    0.204436983641
143.875    0.205095289819
144.0    0.213258286429
144.125    0.213110167539
144.25    0.213110167539
144.375    0.213110167539
144.5    0.206790428228
144.625    0.206790428228
144.75    0.206790428228
144.875    0.207053750699
145.0    0.206560021066
145.125    0.205605477107
145.25    0.207284157862
145.375    0.206971462427
145.5    0.210542773444
145.625    0.210542773444
145.75    0.210690892334
145.875    0.208123498239
146.0    0.212106250617
146.125    0.210954214805
146.25    0.207382903789
146.375    0.207596853296
146.5    0.198397024456
146.625    0.199137618907
146.75    0.199285737797
146.875    0.201277113986
147.0    0.204864882657
147.125    0.204864882657
147.25    0.204864882657
147.375    0.204864882657
147.5    0.21200750469
147.625    0.210460485172
147.75    0.210065501465
147.875    0.211447944439
148.0    0.209374279978
148.125    0.209357822323
148.25    0.209209703433
148.375    0.209357822323
148.5    0.199549060268
148.625    0.198166617294
148.75    0.198578058655
148.875    0.200174451137
149.0    0.202264573253
149.125    0.202264573253
149.25    0.201277113986
149.375    0.202264573253
149.5    0.207020835391
149.625    0.208370363056
149.75    0.2068727165
149.875    0.2068727165
150.0    0.203120371285
150.125    0.210065501465
150.25    0.209670517758
150.375    0.207004377736
150.5    0.198726177545
150.625    0.198759092854
150.75    0.199993416938
150.875    0.200042789902
151.0    0.20838682071
151.125    0.20838682071
151.25    0.208255159475
151.375    0.208189328857
151.5    0.200750469043
151.625    0.200437773609
151.75    0.200437773609
151.875    0.200454231263
152.0    0.198759092854
152.125    0.198874296435
152.25    0.195895460979
152.375    0.211810012837
152.5    0.199516144959
152.625    0.200750469043
152.75    0.19859451631
152.875    0.201705013002
153.0    0.196998123827
153.125    0.196998123827
153.25    0.196998123827
153.375    0.196998123827
153.5    0.205243408709
153.625    0.205243408709
153.75    0.205572561798
153.875    0.206000460814
154.0    0.203005167704
154.125    0.203268490175
154.25    0.20325203252
154.375    0.198923669399
154.5    0.202231657944
154.625    0.202692472269
154.75    0.202544353379
154.875    0.202346861525
155.0    0.198100786676
155.125    0.197788091241
155.25    0.198183074948
155.375    0.198051413713
155.5    0.200750469043
155.625    0.2020670814
155.75    0.2020670814
155.875    0.202560811033
156.0    0.208913465653
156.125    0.210246535664
156.25    0.2101971627
156.375    0.210246535664
156.5    0.202050623745
156.625    0.203679931536
156.75    0.192044369836
156.875    0.203959711662
157.0    0.203597643264
157.125    0.203515354992
157.25    0.20310391363
157.375    0.203614100918
157.5    0.200371942991
157.625    0.199022415325
157.75    0.195944833942
157.875    0.200306112373
158.0    0.201194825713
158.125    0.201194825713
158.25    0.203515354992
158.375    0.199664263849
158.5    0.199647806195
158.625    0.199647806195
158.75    0.212287284816
158.875    0.211875843455
159.0    0.200388400645
159.125    0.201540436457
159.25    0.201063164478
159.375    0.200799842007
159.5    0.196784174319
159.625    0.196784174319
159.75    0.196882920246
159.875    0.196882920246
160.0    0.201096079787
160.125    0.201672097693
160.25    0.197919752477
160.375    0.20158980942
160.5    0.202379776834
160.625    0.198643889273
160.75    0.198643889273
160.875    0.197244988644
161.0    0.204486356604
161.125    0.206049833778
161.25    0.206049833778
161.375    0.204288864751
161.5    0.197014581482
161.625    0.196767716665
161.75    0.196767716665
161.875    0.197475395807
162.0    0.196339817649
162.125    0.196339817649
162.25    0.196323359995
162.375    0.197656430006
162.5    0.192357065271
162.625    0.192719133669
162.75    0.201211283368
162.875    0.200915045588
163.0    0.200898587933
163.125    0.201063164478
163.25    0.201079622132
163.375    0.19992758632
163.5    0.200717553734
163.625    0.200717553734
163.75    0.200799842007
163.875    0.200799842007
164.0    0.200256739409
164.125    0.199861755703
164.25    0.200141535828
164.375    0.200092162865
164.5    0.21429511866
164.625    0.212073335308
164.75    0.196092952832
164.875    0.196092952832
165.0    0.197788091241
165.125    0.197771633587
165.25    0.197277903953
165.375    0.199384483723
165.5    0.191912708601
165.625    0.19194562391
165.75    0.192126658109
165.875    0.198545143346
166.0    0.200174451137
166.125    0.200223824101
166.25    0.20007570521
166.375    0.200108620519
166.5    0.206000460814
166.625    0.206000460814
166.75    0.206000460814
166.875    0.206000460814
167.0    0.206987920082
167.125    0.207777887495
167.25    0.207777887495
167.375    0.207777887495
167.5    0.207415819097
167.625    0.207415819097
167.75    0.2085349396
167.875    0.2085349396
168.0    0.20129357164
168.125    0.201112537441
168.25    0.200865672624
168.375    0.200865672624
168.5    0.196850004937
168.625    0.197047496791
168.75    0.19811724433
168.875    0.198874296435
169.0    0.199845298048
169.125    0.199845298048
169.25    0.199845298048
169.375    0.198676804582
169.5    0.196866462592
169.625    0.197244988644
169.75    0.197146242717
169.875    0.205737138343
170.0    0.207267700207
170.125    0.207267700207
170.25    0.205226951055
170.375    0.20158980942
170.5    0.204815509694
170.625    0.200882130279
170.75    0.203910338699
170.875    0.202857048813
171.0    0.198775550509
171.125    0.199170534215
171.25    0.198676804582
171.375    0.198462855074
171.5    0.204700306112
171.625    0.192850794905
171.75    0.204683848458
171.875    0.204683848458
172.0    0.199203449524
172.125    0.198907211744
172.25    0.195747342089
172.375    0.197129785063
172.5    0.200816299661
172.625    0.200618807808
172.75    0.200816299661
172.875    0.201112537441
173.0    0.197294361608
173.125    0.196915835555
173.25    0.19571442678
173.375    0.196257529377
173.5    0.207893091077
173.625    0.207893091077
173.75    0.207893091077
173.875    0.20598400316
174.0    0.199730094467
174.125    0.199878213357
174.25    0.199878213357
174.375    0.199878213357
174.5    0.198726177545
174.625    0.198726177545
174.75    0.202330403871
174.875    0.198726177545
175.0    0.199351568414
175.125    0.199351568414
175.25    0.1987426352
175.375    0.1987426352
175.5    0.204963628584
175.625    0.204897797966
175.75    0.204930713275
175.875    0.204930713275
176.0    0.196800631974
176.125    0.196273987031
176.25    0.196273987031
176.375    0.194957374675
176.5    0.201063164478
176.625    0.202313946216
176.75    0.202560811033
176.875    0.202560811033
177.0    0.200421315954
177.125    0.200125078174
177.25    0.200125078174
177.375    0.200125078174
177.5    0.198578058655
177.625    0.198578058655
177.75    0.198578058655
177.875    0.198150159639
178.0    0.200865672624
178.125    0.190217570192
178.25    0.190217570192
178.375    0.19028340081
178.5    0.202692472269
178.625    0.202840591159
178.75    0.202577268688
178.875    0.20310391363
179.0    0.20568776538
179.125    0.206378986867
179.25    0.206378986867
179.375    0.19722853099
180.0    0.200651723116
180.125    0.200651723116
180.25    0.198495770383
180.375    0.198429939765
180.5    0.204074915243
180.625    0.203449524374
180.75    0.192768506632
180.875    0.196882920246
181.0    0.202824133505
181.125    0.202824133505
181.25    0.19903887298
181.375    0.19903887298
181.5    0.204799052039
181.625    0.204799052039
181.75    0.201935420164
181.875    0.202330403871
182.0    0.201836674237
182.125    0.201836674237
182.25    0.202544353379
182.375    0.198462855074
182.5    0.191501267239
182.625    0.203350778447
182.75    0.203778677463
182.875    0.192455811198
183.0    0.200256739409
183.125    0.200256739409
183.25    0.200256739409
183.375    0.202099996708
183.5    0.210987130114
183.625    0.21082255357
183.75    0.210394654554
183.875    0.211645436292
184.0    0.203498897337
184.125    0.203498897337
184.25    0.203696389191
184.375    0.205210493401
184.5    0.201474605839
184.625    0.201474605839
184.75    0.201474605839
184.875    0.201573351766
185.0    0.210987130114
185.125    0.206395444521
185.25    0.206889174155
185.375    0.203350778447
185.5    0.198479312728
185.625    0.198479312728
185.75    0.199828840394
185.875    0.199581975577
186.0    0.203959711662
186.125    0.204947170929
186.25    0.203449524374
186.375    0.203630558573
186.5    0.200766926698
186.625    0.200766926698
186.75    0.204782594385
186.875    0.192143115763
187.0    0.2037293045
187.125    0.2037293045
187.25    0.2037293045
187.375    0.18799578684
187.5    0.197623514697
187.625    0.19737664988
187.75    0.19752476877
187.875    0.197590599388
188.0    0.20672459761
188.125    0.20657647872
188.25    0.206773970574
188.375    0.207251242553
188.5    0.201754385965
188.625    0.201655640038
188.75    0.201277113986
188.875    0.199318653106
189.0    0.211826470491
189.125    0.211546690366
189.25    0.211036503078
189.375    0.211283367894
189.5    0.209933840229
189.625    0.208600770218
189.75    0.208600770218
189.875    0.197607057042
190.0    0.206625851684
190.125    0.191221487114
190.25    0.187041242882
190.375    0.203433066719
190.5    0.197656430006
190.625    0.197656430006
190.75    0.197656430006
190.875    0.198462855074
191.0    0.204601560186
191.125    0.188357855238
191.25    0.18847305882
191.375    0.184292814588
191.5    0.208551397255
191.625    0.208551397255
191.75    0.208847635035
191.875    0.210164247391
192.0    0.202198742635
192.125    0.202198742635
192.25    0.197689345315
192.375    0.201244198677
192.5    0.196718343702
192.625    0.2004048583
192.75    0.196273987031
192.875    0.197442480498
193.0    0.204371153023
193.125    0.20325203252
193.25    0.20325203252
193.375    0.207300615516
193.5    0.207958921694
193.625    0.207958921694
193.75    0.204223034133
193.875    0.205161120437
194.0    0.204420525987
194.125    0.206987920082
194.25    0.205737138343
194.375    0.207860175768
194.5    0.204815509694
194.625    0.200816299661
194.75    0.200865672624
194.875    0.200487146572
195.0    0.202643099305
195.125    0.204124288206
195.25    0.205292781673
195.375    0.206444817485
195.5    0.200355485336
195.625    0.199269280142
195.75    0.208403278365
195.875    0.208946380962
196.0    0.203926796353
196.125    0.204223034133
196.25    0.204223034133
196.375    0.204387610678
196.5    0.202708929923
196.625    0.202379776834
196.75    0.202379776834
196.875    0.200882130279
197.0    0.193163490339
197.125    0.213406405319
197.25    0.213834304335
197.375    0.213834304335
197.5    0.20583588427
197.625    0.20583588427
197.75    0.20583588427
197.875    0.206049833778
198.0    0.188719923636
198.125    0.189114907343
198.25    0.189114907343
198.375    0.202708929923
198.5    0.205424442908
198.625    0.205424442908
198.75    0.204371153023
198.875    0.205523188835
199.0    0.202149369672
199.125    0.202149369672
199.25    0.202149369672
199.375    0.202297488562
199.5    0.201770843619
199.625    0.201886047201
199.75    0.201935420164
199.875    0.202692472269
200.0    0.193821796518
200.125    0.193821796518
200.25    0.193821796518
200.375    0.193821796518
200.5    0.196142325796
200.625    0.19527007011
200.75    0.19527007011
200.875    0.19527007011
201.0    0.207037293045
201.125    0.207037293045
201.25    0.207037293045
201.375    0.216665020901
201.5    0.196027122215
201.625    0.195763799743
201.75    0.195829630361
201.875    0.195829630361
202.0    0.204272407097
202.125    0.204272407097
202.25    0.203070998321
202.375    0.201984793127
202.5    0.200898587933
202.625    0.192752048978
202.75    0.196520851848
202.875    0.196422105921
203.0    0.192505184161
203.125    0.192357065271
203.25    0.190974622297
203.375    0.192357065271
203.5    0.2020670814
203.625    0.20417366117
203.75    0.203070998321
203.875    0.203070998321
204.0    0.187452684243
204.125    0.186251275468
204.25    0.186860208683
204.375    0.187222277081
204.5    0.194562390968
204.625    0.196092952832
204.75    0.196224614068
204.875    0.196043579869
205.0    0.191435436622
205.125    0.191435436622
205.25    0.191188571805
205.375    0.191435436622
205.5    0.203136828939
205.625    0.203136828939
205.75    0.202939337086
205.875    0.203433066719
206.0    0.197179158026
206.125    0.197179158026
206.25    0.197179158026
206.375    0.197179158026
206.5    0.197277903953
206.625    0.217191665844
206.75    0.209423652941
206.875    0.209423652941
207.0    0.187864125605
207.125    0.192027912182
207.25    0.192027912182
207.375    0.180918995425
207.5    0.192603930088
207.625    0.192603930088
207.75    0.192965998486
207.875    0.205506731181
208.0    0.199960501629
208.125    0.21595734176
208.25    0.216121918304
208.375    0.209555314177
208.5    0.19767288766
208.625    0.195237154801
208.75    0.198495770383
208.875    0.198989500016
209.0    0.196323359995
209.125    0.196323359995
209.25    0.196339817649
209.375    0.196339817649
209.5    0.193064744413
209.625    0.193311609229
209.75    0.193196405648
209.875    0.208995753925
210.0    0.198002040749
210.125    0.194990289984
210.25    0.19479279813
210.375    0.198298278529
210.5    0.198232447912
210.625    0.197985583095
210.75    0.198248905566
210.875    0.206444817485
211.0    0.19660314012
211.125    0.19660314012
211.25    0.19630690234
211.375    0.196701886047
211.5    0.199022415325
211.625    0.199022415325
211.75    0.198857838781
211.875    0.200520061881
212.0    0.201211283368
212.125    0.201392317567
212.25    0.200256739409
212.375    0.201573351766
212.5    0.199154076561
212.625    0.199351568414
212.75    0.201523978803
212.875    0.201523978803
213.0    0.196323359995
213.125    0.196323359995
213.25    0.193311609229
213.375    0.196323359995
213.5    0.197146242717
213.625    0.197244988644
213.75    0.195928376288
213.875    0.196208156414
214.0    0.200520061881
214.125    0.200289654718
214.25    0.200289654718
214.375    0.199845298048
214.5    0.201277113986
214.625    0.201655640038
214.75    0.201655640038
214.875    0.201655640038
215.0    0.201787301274
215.125    0.201770843619
215.25    0.201770843619
215.375    0.201770843619
215.5    0.196652513084
215.625    0.196652513084
215.75    0.193163490339
215.875    0.193163490339
216.0    0.195730884434
216.125    0.195944833942
216.25    0.195467561963
216.375    0.195467561963
216.5    0.194381356769
216.625    0.193064744413
216.75    0.198166617294
216.875    0.198166617294
217.0    0.194266153188
217.125    0.194266153188
217.25    0.208650143182
217.375    0.194990289984
217.5    0.200470688917
217.625    0.200470688917
217.75    0.19889075409
217.875    0.199219907179
218.0    0.201655640038
218.125    0.201655640038
218.25    0.202116454363
218.375    0.202248115599
218.5    0.209670517758
218.625    0.197343734571
218.75    0.198034956058
218.875    0.198034956058
219.0    0.197294361608
219.125    0.197590599388
219.25    0.198150159639
219.375    0.198248905566
219.5    0.208913465653
219.625    0.209127415161
219.75    0.185049866693
219.875    0.184984036075
220.0    0.191632928475
220.125    0.191632928475
220.25    0.19992758632
220.375    0.19992758632
220.5    0.198627431618
220.625    0.198676804582
220.75    0.198676804582
220.875    0.198331193838
221.0    0.192225404035
221.125    0.192225404035
221.25    0.192225404035
221.375    0.192340607617
221.5    0.191879793292
221.625    0.191978539219
221.75    0.19660314012
221.875    0.194331983806
222.0    0.202034166091
222.125    0.202034166091
222.25    0.202034166091
222.375    0.202034166091
222.5    0.197755175932
222.625    0.185905664725
222.75    0.197755175932
222.875    0.197755175932
223.0    0.194430729732
223.125    0.19449656035
223.25    0.19449656035
223.375    0.194315526151
223.5    0.198067871367
223.625    0.198067871367
223.75    0.198067871367
223.875    0.198067871367
224.0    0.194085118989
224.125    0.193887627135
224.25    0.194726967513
224.375    0.194726967513
224.5    0.198413482111
224.625    0.198709719891
224.75    0.206708139956
224.875    0.206806885883
225.0    0.199911128666
225.125    0.200207366446
225.25    0.199763009776
225.375    0.19601066456
225.5    0.200569434844
225.625    0.197212073335
225.75    0.197212073335
225.875    0.200717553734
226.0    0.199055330634
226.125    0.198479312728
226.25    0.198676804582
226.375    0.199055330634
226.5    0.198166617294
226.625    0.198166617294
226.75    0.198166617294
226.875    0.198660346927
227.0    0.194381356769
227.125    0.198759092854
227.25    0.198512228037
227.375    0.198561601001
227.5    0.199713636812
227.625    0.199713636812
227.75    0.199466771996
227.875    0.199516144959
228.0    0.200915045588
228.125    0.197689345315
228.25    0.197689345315
228.375    0.197442480498
228.5    0.192422895889
228.625    0.192422895889
228.75    0.192422895889
228.875    0.192916625523
229.0    0.194825713439
229.125    0.194825713439
229.25    0.194973832329
229.375    0.194973832329
229.5    0.198133701985
229.625    0.202182284981
229.75    0.202889964122
229.875    0.199005957671
230.0    0.195023205293
230.125    0.195418189
230.25    0.195253612455
230.375    0.196060037523
230.5    0.194726967513
230.625    0.198495770383
230.75    0.198495770383
230.875    0.196471478885
231.0    0.197623514697
231.125    0.197623514697
231.25    0.19767288766
231.375    0.19767288766
231.5    0.200026332247
231.625    0.200026332247
231.75    0.200026332247
231.875    0.200026332247
232.0    0.201655640038
232.125    0.201655640038
232.25    0.201655640038
232.375    0.201655640038
232.5    0.195747342089
232.625    0.195747342089
232.75    0.195747342089
232.875    0.195928376288
233.0    0.201161910405
233.125    0.201458148185
233.25    0.201458148185
233.375    0.201458148185
233.5    0.204831967348
233.625    0.201672097693
233.75    0.205506731181
233.875    0.200602350153
234.0    0.19963134854
234.125    0.195780257398
234.25    0.195780257398
234.375    0.195780257398
234.5    0.201622724729
234.625    0.201622724729
234.75    0.201622724729
234.875    0.201622724729
235.0    0.202593726342
235.125    0.202593726342
235.25    0.202593726342
235.375    0.194990289984
235.5    0.198693262236
235.625    0.198693262236
235.75    0.198693262236
235.875    0.198693262236
236.0    0.197310819262
236.125    0.197426022843
236.25    0.197426022843
236.375    0.197426022843
236.5    0.196290444686
236.625    0.196487936539
236.75    0.192965998486
236.875    0.195220697146
237.0    0.19527007011
237.125    0.19527007011
237.25    0.19527007011
237.375    0.197936210131
237.5    0.200322570027
237.625    0.200322570027
237.75    0.200207366446
237.875    0.200207366446
238.0    0.195829630361
238.125    0.195829630361
238.25    0.195829630361
238.375    0.195829630361
238.5    0.201705013002
238.625    0.201705013002
238.75    0.202034166091
238.875    0.202034166091
239.0    0.1920937428
239.125    0.18031006221
239.25    0.19615878345
239.375    0.19615878345
240.0    0.199911128666
240.125    0.196981666173
240.25    0.196734801356
240.375    0.196981666173
240.5    0.196965208518
240.625    0.196965208518
240.75    0.196965208518
240.875    0.196965208518
241.0    0.195697969125
241.125    0.194694052204
241.25    0.196471478885
241.375    0.196422105921
241.5    0.197870379514
241.625    0.197870379514
241.75    0.197870379514
241.875    0.197870379514
242.0    0.1970804121
242.125    0.1970804121
242.25    0.197212073335
242.375    0.197212073335
242.5    0.2020670814
242.625    0.2020670814
242.75    0.2020670814
242.875    0.190629011553
243.0    0.203614100918
243.125    0.203614100918
243.25    0.199861755703
243.375    0.199861755703
243.5    0.194331983806
243.625    0.194331983806
243.75    0.194331983806
243.875    0.194331983806
244.0    0.199713636812
244.125    0.199713636812
244.25    0.199713636812
244.375    0.199664263849
244.5    0.196504394194
244.625    0.196504394194
244.75    0.197195615681
244.875    0.196339817649
245.0    0.191632928475
245.125    0.191632928475
245.25    0.191336690695
245.375    0.183387643593
245.5    0.194150949607
245.625    0.194150949607
245.75    0.194150949607
245.875    0.194759882822
246.0    0.201211283368
246.125    0.201112537441
246.25    0.202297488562
246.375    0.202297488562
246.5    0.201063164478
246.625    0.201063164478
246.75    0.201063164478
246.875    0.201968335473
247.0    0.201836674237
247.125    0.201836674237
247.25    0.201836674237
247.375    0.201836674237
247.5    0.192176031072
247.625    0.193196405648
247.75    0.194858628748
247.875    0.195023205293
248.0    0.193657219973
248.125    0.193657219973
248.25    0.193657219973
248.375    0.193657219973
248.5    0.195994206906
248.625    0.195994206906
248.75    0.195994206906
248.875    0.195994206906
249.0    0.195434646654
249.125    0.195434646654
249.25    0.196027122215
249.375    0.195467561963
249.5    0.193723050591
249.625    0.19360784701
249.75    0.194167407261
249.875    0.195204239492
250.0    0.191056910569
250.125    0.191056910569
250.25    0.191056910569
250.375    0.191056910569
250.5    0.202297488562
250.625    0.202297488562
250.75    0.198545143346
250.875    0.198545143346
251.0    0.195500477272
251.125    0.195500477272
251.25    0.195895460979
251.375    0.195961291597
251.5    0.197919752477
251.625    0.197870379514
251.75    0.197870379514
251.875    0.199252822488
252.0    0.198331193838
252.125    0.198331193838
252.25    0.198331193838
252.375    0.198183074948
252.5    0.201194825713
252.625    0.201194825713
252.75    0.201194825713
252.875    0.201194825713
253.0    0.19479279813
253.125    0.19479279813
253.25    0.19479279813
253.375    0.19479279813
253.5    0.201721470656
253.625    0.201721470656
253.75    0.201721470656
253.875    0.201721470656
254.0    0.192208946381
254.125    0.192801421941
254.25    0.192850794905
254.375    0.192850794905
254.5    0.19117211415
254.625    0.19117211415
254.75    0.19117211415
254.875    0.19117211415
255.0    0.196866462592
255.125    0.196817089628
255.25    0.196882920246
255.375    0.197277903953
255.5    0.198545143346
255.625    0.198446397419
255.75    0.206033376123
255.875    0.206115664396
256.0    0.193772423554
256.125    0.194315526151
256.25    0.194315526151
256.375    0.194315526151
256.5    0.195484019618
256.625    0.195484019618
256.75    0.195484019618
256.875    0.195484019618
257.0    0.194364899115
257.125    0.194364899115
257.25    0.194364899115
257.375    0.194364899115
257.5    0.196504394194
257.625    0.196389190613
257.75    0.196389190613
257.875    0.197788091241
258.0    0.201606267075
258.125    0.201606267075
258.25    0.201606267075
258.375    0.202198742635
258.5    0.203844508081
258.625    0.203844508081
258.75    0.203844508081
258.875    0.203844508081
259.0    0.192817879596
259.125    0.192817879596
259.25    0.192817879596
259.375    0.192817879596
259.5    0.196405648267
259.625    0.196405648267
259.75    0.19660314012
259.875    0.19660314012
260.0    0.19752476877
260.125    0.19571442678
260.25    0.19571442678
260.375    0.196339817649
260.5    0.185395477437
260.625    0.185395477437
260.75    0.185395477437
260.875    0.201211283368
261.0    0.199516144959
261.125    0.199516144959
261.25    0.199302195451
261.375    0.199302195451
261.5    0.194118034298
261.625    0.194118034298
261.75    0.193953457753
261.875    0.193953457753
262.0    0.189970705375
262.125    0.202462065106
262.25    0.202462065106
262.375    0.198413482111
262.5    0.190069451302
262.625    0.191731674402
262.75    0.190201112537
262.875    0.189855501794
263.0    0.188637635364
263.125    0.188637635364
263.25    0.188637635364
263.375    0.188637635364
263.5    0.198232447912
263.625    0.198824923472
263.75    0.198824923472
263.875    0.198528685692
264.0    0.191550640203
264.125    0.191600013166
264.25    0.191600013166
264.375    0.191600013166
264.5    0.195401731345
264.625    0.195401731345
264.75    0.195401731345
264.875    0.195401731345
265.0    0.188670550673
265.125    0.188654093019
265.25    0.188654093019
265.375    0.188654093019
265.5    0.19238998058
265.625    0.188407228202
265.75    0.188407228202
265.875    0.188687008328
266.0    0.187814752641
266.125    0.186234817814
266.25    0.187584345479
266.375    0.187584345479
266.5    0.188719923636
266.625    0.188719923636
266.75    0.188670550673
266.875    0.189114907343
267.0    0.190711299826
267.125    0.191896250946
267.25    0.191896250946
267.375    0.191896250946
267.5    0.195171324183
267.625    0.195171324183
267.75    0.195171324183
267.875    0.195171324183
268.0    0.194940917021
268.125    0.194940917021
268.25    0.194940917021
268.375    0.194216780224
268.5    0.186136071887
268.625    0.186465224976
268.75    0.187814752641
268.875    0.187814752641
269.0    0.191781047365
269.125    0.191781047365
269.25    0.191781047365
269.375    0.191665843784
269.5    0.194183864916
269.625    0.194183864916
269.75    0.194183864916
269.875    0.194183864916
270.0    0.185494223363
270.125    0.185494223363
270.25    0.186119614233
270.375    0.186103156578
270.5    0.198841381126
270.625    0.198841381126
270.75    0.200273197064
270.875    0.200174451137
271.0    0.192998913795
271.125    0.192998913795
271.25    0.192998913795
271.375    0.193311609229
271.5    0.189888417103
271.625    0.189888417103
271.75    0.189888417103
271.875    0.192011454528
272.0    0.191287317731
272.125    0.191287317731
272.25    0.191287317731
272.375    0.191287317731
272.5    0.190250485501
272.625    0.190250485501
272.75    0.190250485501
272.875    0.190250485501
273.0    0.203416609065
273.125    0.203614100918
273.25    0.203614100918
273.375    0.191567097857
273.5    0.195187781837
273.625    0.195187781837
273.75    0.195187781837
273.875    0.195187781837
274.0    0.195994206906
274.125    0.196092952832
274.25    0.196092952832
274.375    0.196092952832
274.5    0.193262236266
274.625    0.193262236266
274.75    0.193805338863
274.875    0.193805338863
275.0    0.20007570521
275.125    0.20007570521
275.25    0.200256739409
275.375    0.200256739409
275.5    0.195204239492
275.625    0.195204239492
275.75    0.195204239492
275.875    0.195204239492
276.0    0.201277113986
276.125    0.201277113986
276.25    0.197327276916
276.375    0.197327276916
276.5    0.194578848623
276.625    0.19479279813
276.75    0.19479279813
276.875    0.195780257398
277.0    0.191929166255
277.125    0.190332773773
277.25    0.186284190777
277.375    0.186284190777
277.5    0.195944833942
277.625    0.200092162865
277.75    0.200487146572
277.875    0.20055297719
278.0    0.201161910405
278.125    0.201128995096
278.25    0.201096079787
278.375    0.201342944604
278.5    0.195730884434
278.625    0.195730884434
278.75    0.195730884434
278.875    0.195730884434
279.0    0.198841381126
279.125    0.19903887298
279.25    0.199433856687
279.375    0.199812382739
279.5    0.19903887298
279.625    0.19903887298
279.75    0.19903887298
279.875    0.195072578256
280.0    0.196389190613
280.125    0.2004048583
280.25    0.2004048583
280.375    0.2004048583
280.5    0.202857048813
280.625    0.202857048813
280.75    0.202708929923
280.875    0.20251143807
281.0    0.193377439847
281.125    0.195237154801
281.25    0.195237154801
281.375    0.195237154801
281.5    0.200108620519
281.625    0.200108620519
281.75    0.200108620519
281.875    0.200108620519
282.0    0.205572561798
282.125    0.202297488562
282.25    0.202198742635
282.375    0.202198742635
282.5    0.201951877818
282.625    0.201951877818
282.75    0.202099996708
282.875    0.201951877818
283.0    0.201063164478
283.125    0.201935420164
283.25    0.201935420164
283.375    0.201935420164
283.5    0.195977749251
283.625    0.196850004937
283.75    0.196850004937
283.875    0.196850004937
284.0    0.209621144794
284.125    0.209423652941
284.25    0.207514565024
284.375    0.199894671012
284.5    0.199911128666
284.625    0.200009874593
284.75    0.200009874593
284.875    0.200009874593
285.0    0.206049833778
285.125    0.206049833778
285.25    0.205720680689
285.375    0.205720680689
285.5    0.205325696982
285.625    0.205325696982
285.75    0.205194035746
285.875    0.205325696982
286.0    0.201672097693
286.125    0.201853131892
286.25    0.2020670814
286.375    0.202478522761
286.5    0.210954214805
286.625    0.209736348376
286.75    0.206378986867
286.875    0.209390737632
287.0    0.2037293045
287.125    0.2037293045
287.25    0.203828050426
287.375    0.203828050426
287.5    0.207893091077
287.625    0.207893091077
287.75    0.207893091077
287.875    0.207893091077
288.0    0.207465192061
288.125    0.206708139956
288.25    0.206510648102
288.375    0.207531022679
288.5    0.205375069945
288.625    0.205556104144
288.75    0.205556104144
288.875    0.205605477107
289.0    0.202889964122
289.125    0.202889964122
289.25    0.202889964122
289.375    0.202889964122
289.5    0.204568644877
289.625    0.204568644877
289.75    0.205078832165
289.875    0.205292781673
290.0    0.211530232711
290.125    0.211497317402
290.25    0.211497317402
290.375    0.211678351601
290.5    0.20158980942
290.625    0.201128995096
290.75    0.201836674237
290.875    0.202396234489
291.0    0.215726934597
291.125    0.216418156084
291.25    0.216418156084
291.375    0.212896218031
291.5    0.207168954281
291.625    0.208403278365
291.75    0.208139955894
291.875    0.208139955894
292.0    0.209094499852
292.125    0.209094499852
292.25    0.209621144794
292.375    0.209818636648
292.5    0.216089002995
292.625    0.215134459037
292.75    0.215134459037
292.875    0.215134459037
293.0    0.198578058655
293.125    0.200125078174
293.25    0.200092162865
293.375    0.200322570027
293.5    0.212830387413
293.625    0.212830387413
293.75    0.21337349001
293.875    0.21337349001
294.0    0.206494190448
294.125    0.206494190448
294.25    0.207514565024
294.375    0.211875843455
294.5    0.211464402093
294.625    0.211464402093
294.75    0.21156314802
294.875    0.21126691024
295.0    0.203334320793
295.125    0.204799052039
295.25    0.204799052039
295.375    0.204799052039
295.5    0.216089002995
295.625    0.215628188671
295.75    0.215628188671
295.875    0.212089792963
296.0    0.223396201573
296.125    0.219989467101
296.25    0.219693229321
296.375    0.219989467101
296.5    0.220137585991
296.625    0.221997300945
296.75    0.218607024127
296.875    0.218755143017
297.0    0.214311576314
297.125    0.215694019288
297.25    0.215694019288
297.375    0.215694019288
297.5    0.208798262072
297.625    0.219495737468
297.75    0.218047463875
297.875    0.218047463875
298.0    0.216648563247
298.125    0.216648563247
298.25    0.216648563247
298.375    0.216648563247
298.5    0.207251242553
298.625    0.225634442579
298.75    0.224021592443
298.875    0.227346038643
299.0    0.218376616965
299.125    0.217932260294
299.25    0.219199499687
299.375    0.218031006221
300.0    0.215644646325
300.125    0.219495737468
300.25    0.219067838452
300.375    0.219396991541
300.5    0.223626608736
300.625    0.223626608736
300.75    0.223626608736
300.875    0.223626608736
301.0    0.218886804253
301.125    0.217553734242
301.25    0.217553734242
301.375    0.217553734242
301.5    0.21473947533
301.625    0.213208913466
301.75    0.213110167539
301.875    0.211102333695
302.0    0.215447154472
302.125    0.215447154472
302.25    0.206510648102
302.375    0.206510648102
302.5    0.212748099141
302.625    0.206247325631
302.75    0.206247325631
302.875    0.2037293045
303.0    0.204354695369
303.125    0.204255949442
303.25    0.205342154636
303.375    0.225404035417
303.5    0.216681478556
303.625    0.216681478556
303.75    0.21292913334
303.875    0.214492610513
304.0    0.21171126691
304.125    0.21171126691
304.25    0.212682268523
304.375    0.213110167539
304.5    0.219331160923
304.625    0.219380533886
304.75    0.219133669069
304.875    0.219331160923
305.0    0.215776307561
305.125    0.212418946052
305.25    0.212221454198
305.375    0.212221454198
305.5    0.203449524374
305.625    0.201721470656
305.75    0.197936210131
305.875    0.197936210131
306.0    0.211793555183
306.125    0.211596063329
306.25    0.211596063329
306.375    0.211596063329
306.5    0.209341364669
306.625    0.208781804417
306.75    0.208781804417
306.875    0.208781804417
307.0    0.208683058491
307.125    0.208288074784
307.25    0.210262993318
307.375    0.209324907014
307.5    0.202791218196
307.625    0.204009084625
307.75    0.204140745861
307.875    0.20387742339
308.0    0.200059247556
308.125    0.200059247556
308.25    0.199697179158
308.375    0.199697179158
308.5    0.209045126889
308.625    0.212715183832
308.75    0.212715183832
308.875    0.20886409269
309.0    0.212583522596
309.125    0.21473947533
309.25    0.21399888088
309.375    0.213702643099
309.5    0.211382113821
309.625    0.211382113821
309.75    0.207679141569
309.875    0.209209703433
310.0    0.2101971627
310.125    0.207136038972
310.25    0.208255159475
310.375    0.208255159475
310.5    0.215562358053
310.625    0.214048253843
310.75    0.214048253843
310.875    0.214048253843
311.0    0.219364076232
311.125    0.219364076232
311.25    0.219364076232
311.375    0.219215957342
311.5    0.212369573088
311.625    0.212369573088
311.75    0.212369573088
311.875    0.212830387413
312.0    0.214229288042
312.125    0.214229288042
312.25    0.210954214805
312.375    0.210954214805
312.5    0.214015338534
312.625    0.210904841842
312.75    0.211365656167
312.875    0.211020045423
313.0    0.208584312564
313.125    0.208584312564
313.25    0.208584312564
313.375    0.209719890721
313.5    0.206313156249
313.625    0.205144662783
313.75    0.204568644877
313.875    0.204897797966
314.0    0.204041999934
314.125    0.203959711662
314.25    0.204074915243
314.375    0.204354695369
314.5    0.212369573088
314.625    0.212369573088
314.75    0.20945656825
314.875    0.20945656825
315.0    0.210937757151
315.125    0.210937757151
315.25    0.210937757151
315.375    0.210295908627
315.5    0.208962838616
315.625    0.209571771831
315.75    0.211283367894
315.875    0.21067443468
316.0    0.210542773444
316.125    0.208337447747
316.25    0.210411112208
316.375    0.211793555183
316.5    0.206741055265
316.625    0.206741055265
316.75    0.206741055265
316.875    0.206741055265
317.0    0.214163457424
317.125    0.214163457424
