0.0    0.26044176124
0.125    0.245624473921
0.25    0.259861260268
0.375    0.263939279598
0.5    0.261428612893
0.625    0.244869822657
0.75    0.256058978899
0.875    0.251908396947
1.0    0.243897483528
1.125    0.250587757234
1.25    0.250065306359
1.375    0.262923402897
1.5    0.230792674078
1.625    0.22497315183
1.75    0.261152874931
1.875    0.241125591385
2.0    0.244681159841
2.125    0.220343656576
2.25    0.220445244246
2.375    0.243055757118
2.5    0.248309290918
2.625    0.242126955563
2.75    0.235857545061
2.875    0.237163672249
3.0    0.234464342728
3.125    0.219458392593
3.25    0.242547818768
3.375    0.233419440978
3.5    0.268641337474
3.625    0.258061707253
3.75    0.250297506748
3.875    0.248265753345
4.0    0.245160073143
4.125    0.241967317795
4.25    0.247177314022
4.375    0.252604998113
4.5    0.258482570458
4.625    0.258395495312
4.75    0.244594084695
4.875    0.235465706905
5.0    0.241938292747
5.125    0.227382230865
5.25    0.242881606827
5.375    0.221040257742
5.5    0.238948712739
5.625    0.236365483412
5.75    0.247351464314
5.875    0.228165907178
6.0    0.23379676661
6.125    0.234057992047
6.25    0.234812643311
6.375    0.233956404377
6.5    0.233274315734
6.625    0.231982701071
6.75    0.231619887963
6.875    0.219821205701
7.0    0.24983310597
7.125    0.249847618495
7.25    0.225727803094
7.375    0.228020781935
7.5    0.213667895394
7.625    0.233608103794
7.75    0.252532435492
7.875    0.237758685746
8.0    0.245290685862
8.125    0.244884335181
8.25    0.245769599164
8.375    0.250616782283
8.5    0.236858909239
8.625    0.223013961048
8.75    0.222738223087
8.875    0.21688967579
9.0    0.257626331524
9.125    0.249107479755
9.25    0.250021768786
9.375    0.254099788117
9.5    0.250239456651
9.625    0.250224944127
9.75    0.246074362175
9.875    0.244623109744
10.0    0.214219371317
10.125    0.234536905349
10.25    0.236539633704
10.375    0.214393521609
10.5    0.253911125301
10.625    0.23116999971
10.75    0.216033436856
10.875    0.218805328999
11.0    0.245943749456
11.125    0.247249876644
11.25    0.230197660581
11.375    0.229979972716
11.5    0.231300612429
11.625    0.230487911067
11.75    0.231126462137
11.875    0.202827039735
12.0    0.242983194497
12.125    0.22402983775
12.25    0.260093460657
12.375    0.240922416045
12.5    0.235567294575
12.625    0.239688851479
12.75    0.233027602821
12.875    0.225321452413
13.0    0.233230778162
13.125    0.244289321685
13.25    0.246872551012
13.375    0.232679302238
13.5    0.222157722114
13.625    0.228064319508
13.75    0.22045975677
13.875    0.245000435376
14.0    0.217513714335
14.125    0.217803964822
14.25    0.218195802978
14.375    0.229022146112
14.5    0.223275186486
14.625    0.222491510173
14.75    0.223971787653
14.875    0.225219864743
15.0    0.246335587612
15.125    0.246422662758
15.25    0.245087510522
15.375    0.243723333237
15.5    0.228020781935
15.625    0.246524250428
15.75    0.246422662758
15.875    0.250239456651
16.0    0.254114300641
16.125    0.251371433547
16.25    0.253330624329
16.375    0.237540997881
16.5    0.231097437088
16.625    0.249484805387
16.75    0.231460250196
16.875    0.232664789714
17.0    0.232403564276
17.125    0.246858038487
17.25    0.238687487302
17.375    0.222302847357
17.5    0.221054770267
17.625    0.226511479407
17.75    0.224262038139
17.875    0.222767248135
18.0    0.252009984617
18.125    0.226308304066
18.25    0.219589005312
18.375    0.246350100136
18.5    0.213188982092
18.625    0.211911879952
18.75    0.2476417148
18.875    0.224958639306
19.0    0.253127448988
19.125    0.248019040432
19.25    0.250021768786
19.375    0.223260673962
19.5    0.228630307956
19.625    0.249992743738
19.75    0.246379125185
19.875    0.236060720402
20.0    0.242025367892
20.125    0.260630424056
20.25    0.261762400952
20.375    0.24302673207
20.5    0.232838940005
20.625    0.252721098308
20.75    0.231111949613
20.875    0.212144080341
21.0    0.238861637593
21.125    0.224450700955
21.25    0.235930107683
21.375    0.226409891737
21.5    0.245987287029
21.625    0.219081066961
21.75    0.220038893565
21.875    0.205990770035
22.0    0.210866978202
22.125    0.214915972484
22.25    0.206484195861
22.375    0.216076974429
22.5    0.233767741561
22.625    0.226787217369
22.75    0.251327895974
22.875    0.242228543233
23.0    0.249673468203
23.125    0.25111020811
23.25    0.233172728064
23.375    0.224581313674
23.5    0.218935941718
23.625    0.215423910835
23.75    0.220038893565
23.875    0.220024381041
24.0    0.219429367544
24.125    0.224145937944
24.25    0.221330508229
24.375    0.233593591269
24.5    0.198371694773
24.625    0.218050677735
24.75    0.218993991815
24.875    0.200664673613
25.0    0.240791803326
25.125    0.201172611964
25.25    0.20031637303
25.375    0.222752735611
25.5    0.251269845877
25.625    0.257408643659
25.75    0.236423533509
25.875    0.250195919078
26.0    0.252329260151
26.125    0.234159579717
26.25    0.236481583607
26.375    0.226453429309
26.5    0.229631672133
26.625    0.247496589557
26.75    0.246567788001
26.875    0.231053899515
27.0    0.243113807216
27.125    0.266464458828
27.25    0.228702870577
27.375    0.248526978783
27.5    0.255144689867
27.625    0.217368589092
27.75    0.220851594926
27.875    0.220750007256
28.0    0.222375409979
28.125    0.226990392709
28.25    0.221054770267
28.375    0.205758569646
28.5    0.23777319827
28.625    0.237294284968
28.75    0.237947348562
28.875    0.255028589673
29.0    0.220982207645
29.125    0.222665660465
29.25    0.22288334833
29.375    0.233840304183
29.5    0.223536411924
29.625    0.216642962877
29.75    0.219269729777
29.875    0.221112820364
30.0    0.228252982324
30.125    0.228964096015
30.25    0.246814500914
30.375    0.239442138566
30.5    0.254897976954
30.625    0.25404173802
30.75    0.240211302354
30.875    0.242068905465
31.0    0.242663918962
31.125    0.242794531681
31.25    0.245232635765
31.375    0.245363248483
31.5    0.239427626041
31.625    0.221040257742
31.75    0.220271093954
31.875    0.225016689403
32.0    0.248657591501
32.125    0.226221228921
32.25    0.229747772328
32.375    0.234798130787
32.5    0.244086146344
32.625    0.267712535918
32.75    0.275883087104
32.875    0.241169128958
33.0    0.245160073143
33.125    0.227019417758
33.25    0.231750500682
33.375    0.232127826314
33.5    0.219777668128
33.625    0.216555887731
33.75    0.227483818535
33.875    0.22968972223
34.0    0.251385946071
34.125    0.232258439033
34.25    0.247801352567
34.375    0.261414100369
34.5    0.221620758715
34.625    0.225219864743
34.75    0.22056134444
34.875    0.21783298987
35.0    0.233825791658
35.125    0.234275679912
35.25    0.233738716512
35.375    0.240733753229
35.5    0.22433460076
35.625    0.248947841988
35.75    0.254564188895
35.875    0.223594462021
36.0    0.229152758831
36.125    0.225974516007
36.25    0.210300989754
36.375    0.230357298348
36.5    0.218732766377
36.625    0.218558616086
36.75    0.233956404377
36.875    0.246190462369
37.0    0.23399994195
37.125    0.233608103794
37.25    0.235059356224
37.375    0.235378631759
37.5    0.255275302586
37.625    0.255783240937
37.75    0.244797260035
37.875    0.234464342728
38.0    0.241778654979
38.125    0.247235364119
38.25    0.235843032537
38.375    0.235552782051
38.5    0.243099294691
38.625    0.23777319827
38.75    0.243171857313
38.875    0.24039996517
39.0    0.244942385278
39.125    0.245043972949
39.25    0.245261660813
39.375    0.231228049807
39.5    0.232998577773
39.625    0.231910138449
39.75    0.237947348562
39.875    0.253054886367
40.0    0.238484311961
40.125    0.237918323513
40.25    0.248236728297
40.375    0.240675703132
40.5    0.25592836618
40.625    0.250050793835
40.75    0.25751023133
40.875    0.255609090645
41.0    0.25077642005
41.125    0.243795895858
41.25    0.247496589557
41.375    0.245174585667
41.5    0.237482947784
41.625    0.223434824253
41.75    0.230516936116
41.875    0.234188604766
42.0    0.243955533626
42.125    0.263518416393
42.25    0.244623109744
42.375    0.245174585667
42.5    0.258975996285
42.625    0.258598670653
42.75    0.251052158012
42.875    0.250645807332
43.0    0.262937915421
43.125    0.263141090761
43.25    0.269657214176
43.375    0.267277160189
43.5    0.251269845877
43.625    0.251545583839
43.75    0.268917075436
43.875    0.24679998839
44.0    0.248643078977
44.125    0.247873915189
44.25    0.226032566105
44.375    0.252329260151
44.5    0.270527965634
44.625    0.242388181
44.75    0.253243549183
44.875    0.253446724523
45.0    0.258729283372
45.125    0.257611819
45.25    0.257423156184
45.375    0.25057324471
45.5    0.258250370069
45.625    0.255841291034
45.75    0.253185499086
45.875    0.23672829652
46.0    0.256291179288
46.125    0.23389835428
46.25    0.234057992047
46.375    0.248744666647
46.5    0.261443125417
46.625    0.265825907758
46.75    0.267277160189
46.875    0.262865352799
47.0    0.249905668592
47.125    0.250399094418
47.25    0.249441267814
47.375    0.250863495196
47.5    0.239050300409
47.625    0.240646678083
47.75    0.240574115462
47.875    0.239833976722
48.0    0.26128348765
48.125    0.257263518416
48.25    0.256508867152
48.375    0.265303456883
48.5    0.254651264041
48.625    0.254506138798
48.75    0.256784605114
48.875    0.256697529968
49.0    0.271471279714
49.125    0.270963341364
49.25    0.270876266218
49.375    0.236031695353
49.5    0.249615418106
49.625    0.249615418106
49.75    0.2502684817
49.875    0.250094331408
50.0    0.259643572403
50.125    0.269657214176
50.25    0.244434446928
50.375    0.238295649145
50.5    0.235218993992
50.625    0.236409020985
50.75    0.23703305953
50.875    0.249383217717
51.0    0.23619133312
51.125    0.241996342844
51.25    0.252779148405
51.375    0.237308797492
51.5    0.263532928918
51.625    0.263300728529
51.75    0.26421501756
51.875    0.256886192784
52.0    0.256349229385
52.125    0.248860766842
52.25    0.252024497141
52.375    0.269628189127
52.5    0.251124720634
52.625    0.250805445099
52.75    0.250689344905
52.875    0.25508663977
53.0    0.253475749572
53.125    0.253591849766
53.25    0.272530693989
53.375    0.255014077149
53.5    0.253519287145
53.625    0.251095695585
53.75    0.251023132964
53.875    0.25383856268
54.0    0.207978985865
54.125    0.228093344556
54.25    0.243897483528
54.375    0.227832119119
54.5    0.250892520245
54.625    0.251545583839
54.75    0.251951934519
54.875    0.251385946071
55.0    0.265201869213
55.125    0.244942385278
55.25    0.268394624561
55.375    0.265463094651
55.5    0.262633152411
55.625    0.255391402781
55.75    0.25478187676
55.875    0.252126084811
56.0    0.245668011494
56.125    0.248425391113
56.25    0.247148288973
56.375    0.248614053929
56.5    0.256146054045
56.625    0.25896148376
56.75    0.231706963109
56.875    0.242054392941
57.0    0.245043972949
57.125    0.243476620323
57.25    0.24312831974
57.375    0.244405421879
57.5    0.239529213711
57.625    0.214349984036
57.75    0.215075610252
57.875    0.22854323281
58.0    0.239790439149
58.125    0.239093837982
58.25    0.236496096131
58.375    0.238252111572
58.5    0.248323803442
58.625    0.228877020869
58.75    0.224378138333
58.875    0.228601282907
59.0    0.230589498737
59.125    0.233274315734
59.25    0.22487156416
59.375    0.214320958988
59.5    0.226395379212
59.625    0.235494731954
59.75    0.229167271355
59.875    0.229573622036
60.0    0.22780309407
60.125    0.226598554553
60.25    0.232403564276
60.375    0.222259309784
60.5    0.217107363655
60.625    0.216236612196
60.75    0.216381737439
60.875    0.216091486953
61.0    0.228920558442
61.125    0.228078832032
61.25    0.221257945607
61.375    0.237265259919
61.5    0.228615795431
61.625    0.226467941834
61.75    0.214915972484
61.875    0.209386700723
62.0    0.23251966447
62.125    0.238165036426
62.25    0.237178184773
62.375    0.238760049923
62.5    0.242126955563
62.625    0.223725074739
62.75    0.224639363771
62.875    0.228964096015
63.0    0.222781760659
63.125    0.200548573419
63.25    0.200403448176
63.375    0.199968072447
63.5    0.222070646968
63.625    0.222723710562
63.75    0.217702377151
63.875    0.20954633849
64.0    0.204713667895
64.125    0.219385829971
64.25    0.212942269178
64.375    0.216193074623
64.5    0.222128697066
64.625    0.221722346385
64.75    0.220314631527
64.875    0.220372681624
65.0    0.217339564044
65.125    0.221083795315
65.25    0.222941398427
65.375    0.219081066961
65.5    0.191057382521
65.625    0.190883232229
65.75    0.203364003135
65.875    0.20294313993
66.0    0.206890546542
66.125    0.209183525382
66.25    0.185600673381
66.375    0.189635155139
66.5    0.226482454358
66.625    0.227266130671
66.75    0.227628943778
66.875    0.226337329115
67.0    0.237540997881
67.125    0.233114677967
67.25    0.234232142339
67.375    0.23430470496
67.5    0.218021652686
67.625    0.21783298987
67.75    0.216105999478
67.875    0.214175833745
68.0    0.210765390532
68.125    0.191855571358
68.25    0.192900473108
68.375    0.191463733202
68.5    0.221432095899
68.625    0.239848489246
68.75    0.195149914376
68.875    0.195614315154
69.0    0.206222970423
69.125    0.207383972368
69.25    0.209183525382
69.375    0.205700519548
69.5    0.20786288567
69.625    0.207050184309
69.75    0.207035671785
69.875    0.206498708385
70.0    0.182494993179
70.125    0.183017444054
70.25    0.221112820364
70.375    0.221359533277
70.5    0.20954633849
70.625    0.191202507764
70.75    0.209386700723
70.875    0.2151046353
71.0    0.219980843468
71.125    0.220125968711
71.25    0.219545467739
71.375    0.216396249964
71.5    0.216076974429
71.625    0.182074129974
71.75    0.20472818042
71.875    0.208544974313
72.0    0.21793457754
72.125    0.213435695005
72.25    0.214538646852
72.375    0.21416132122
72.5    0.231329637477
72.625    0.232969552724
72.75    0.214379009085
72.875    0.192058746698
73.0    0.200722723711
73.125    0.197471918265
73.25    0.196064203408
73.375    0.199939047398
73.5    0.208283748875
73.625    0.215859286564
73.75    0.215510985981
73.875    0.236133283023
74.0    0.200606623516
74.125    0.222738223087
74.25    0.204118654399
74.375    0.201129074391
74.5    0.201811163034
74.625    0.204118654399
74.75    0.18845964067
74.875    0.191768496212
75.0    0.195120889327
75.125    0.197442893217
75.25    0.197776681276
75.375    0.213972658404
75.5    0.227686993876
75.625    0.228209444751
75.75    0.230284735727
75.875    0.224929614257
76.0    0.186500449888
76.125    0.169070908194
76.25    0.169970684701
76.375    0.173540765681
76.5    0.201666037791
76.625    0.202768989638
76.75    0.212739093838
76.875    0.192494122428
77.0    0.211142716164
77.125    0.209981714219
77.25    0.210750878008
77.375    0.196180303602
77.5    0.210431602473
77.625    0.212608481119
77.75    0.22130148318
77.875    0.217557251908
78.0    0.207398484892
78.125    0.207412997417
78.25    0.207804835573
78.375    0.206861521493
78.5    0.215989899283
78.625    0.20745653499
78.75    0.211403941602
78.875    0.209560851014
79.0    0.19287144806
79.125    0.192044234174
79.25    0.196209328651
79.375    0.20702115926
79.5    0.228078832032
79.625    0.209575363539
79.75    0.209822076452
79.875    0.209604388587
80.0    0.21133137898
80.125    0.211636141991
80.25    0.208835224799
80.375    0.208878762372
80.5    0.20189823818
80.625    0.20031637303
80.75    0.202536789249
80.875    0.201970800801
81.0    0.191115432618
81.125    0.192218384466
81.25    0.192087771747
81.375    0.196165791078
81.5    0.220271093954
81.625    0.197341305547
81.75    0.195570777581
81.875    0.197225205352
82.0    0.194903201463
82.125    0.197733143703
82.25    0.210271964706
82.375    0.200156735263
82.5    0.222839810757
82.625    0.210562215192
82.75    0.209415725771
82.875    0.209401213247
83.0    0.216497837634
83.125    0.217150901228
83.25    0.217136388703
83.375    0.21688967579
83.5    0.204670130322
83.625    0.201709575364
83.75    0.208994862566
83.875    0.205990770035
84.0    0.211142716164
84.125    0.203944504107
84.25    0.204539517604
84.375    0.182669143471
84.5    0.215670623748
84.625    0.216062461905
84.75    0.194075987577
84.875    0.189794792906
85.0    0.22328969901
85.125    0.217208951325
85.25    0.225785853191
85.375    0.234986793603
85.5    0.19590456564
85.625    0.192929498157
85.75    0.192755347865
85.875    0.193132673497
86.0    0.198502307491
86.125    0.199779409631
86.25    0.200229297884
86.375    0.199735872058
86.5    0.194046962529
86.625    0.187327663774
86.75    0.178083185789
86.875    0.178228311032
87.0    0.221228920558
87.125    0.215902824137
87.25    0.217078338606
87.375    0.21678808812
87.5    0.216309174818
87.625    0.209488288393
87.75    0.20934316315
87.875    0.193205236119
88.0    0.213029344324
88.125    0.204437929934
88.25    0.206643833628
88.375    0.185034684933
88.5    0.206092357705
88.625    0.215293298116
88.75    0.21426290889
88.875    0.214915972484
89.0    0.196093228456
89.125    0.215162685398
89.25    0.19600615331
89.375    0.196673729428
89.5    0.223159086291
89.625    0.223173598816
89.75    0.222651147941
89.875    0.220300119003
90.0    0.203233390416
90.125    0.207224334601
90.25    0.19327779874
90.375    0.217412126665
90.5    0.226279279018
90.625    0.225684265521
90.75    0.227774069022
90.875    0.222476997649
91.0    0.219110092009
91.125    0.213043856848
91.25    0.195512727484
91.375    0.195556265057
91.5    0.206063332656
91.625    0.198981220794
91.75    0.176660958407
91.875    0.218428003367
92.0    0.222056134444
92.125    0.22234638493
92.25    0.227150030476
92.375    0.221548196093
92.5    0.207688735379
92.625    0.204960380809
92.75    0.204641105274
92.875    0.219429367544
93.0    0.20419121702
93.125    0.177255971904
93.25    0.178068673265
93.375    0.179418338026
93.5    0.226888805039
93.625    0.220909645024
93.75    0.218500565988
93.875    0.222462485125
94.0    0.202725452065
94.125    0.195657852727
94.25    0.20419121702
94.375    0.222839810757
94.5    0.21405973355
94.625    0.191217020289
94.75    0.192537660001
94.875    0.218021652686
95.0    0.205149043625
95.125    0.202086900996
95.25    0.198778045453
95.375    0.198618407686
95.5    0.215510985981
95.625    0.19853133254
95.75    0.202246538763
95.875    0.198647432734
96.0    0.197036542536
96.125    0.21153455432
96.25    0.211345891504
96.375    0.211940905001
96.5    0.216846138217
96.625    0.197370330595
96.75    0.198183031957
96.875    0.202725452065
97.0    0.193655124372
97.125    0.196397991467
97.25    0.193393898935
97.375    0.194946739036
97.5    0.220532319392
97.625    0.22160624619
97.75    0.200708211186
97.875    0.212593968595
98.0    0.203581690999
98.125    0.20031637303
98.25    0.205715032073
98.375    0.184962122312
98.5    0.218790816475
98.625    0.221127332888
98.75    0.214509621804
98.875    0.213043856848
99.0    0.213885583258
99.125    0.208240211302
99.25    0.209430238296
99.375    0.227483818535
99.5    0.210373552376
99.625    0.21217310539
99.75    0.212260180536
99.875    0.213725945491
100.0    0.20607784518
100.125    0.199895509825
100.25    0.219081066961
100.375    0.211868342379
100.5    0.206498708385
100.625    0.202957652454
100.75    0.202652889444
100.875    0.225945490959
101.0    0.193350361362
101.125    0.182930368908
101.25    0.206019795083
101.375    0.217121876179
101.5    0.194134037675
101.625    0.194206600296
101.75    0.199068295939
101.875    0.204365367312
102.0    0.208980350042
102.125    0.210039764317
102.25    0.210910515775
102.375    0.210228427133
102.5    0.221112820364
102.625    0.220953182597
102.75    0.22140307085
102.875    0.221214408034
103.0    0.204510492555
103.125    0.194409775636
103.25    0.194308187966
103.375    0.194525875831
103.5    0.211839317331
103.625    0.211955417525
103.75    0.186311787072
103.875    0.202188488666
104.0    0.213987170929
104.125    0.214320958988
104.25    0.213667895394
104.375    0.213551795199
104.5    0.195977128262
104.625    0.204220242069
104.75    0.201433837402
104.875    0.216381737439
105.0    0.213464720053
105.125    0.218224828027
105.25    0.210460627522
105.375    0.210866978202
105.5    0.191318607959
105.625    0.213247032189
105.75    0.228964096015
105.875    0.214422546658
106.0    0.213493745102
106.125    0.213595332772
106.25    0.21321800714
106.375    0.213232519664
106.5    0.20146286245
106.625    0.200592110992
106.75    0.201927263228
106.875    0.201651525266
107.0    0.204205729545
107.125    0.205207093722
107.25    0.205178068673
107.375    0.204655617798
107.5    0.203726816242
107.625    0.204902330711
107.75    0.204945868284
107.875    0.206353583142
108.0    0.190128580965
108.125    0.190563956695
108.25    0.202391664006
108.375    0.195715902824
108.5    0.207732272952
108.625    0.204800743041
108.75    0.205047455954
108.875    0.205860157316
109.0    0.193829274664
109.125    0.19223289699
109.25    0.192929498157
109.375    0.194903201463
109.5    0.219734130555
109.625    0.219110092009
109.75    0.216222099672
109.875    0.215888311613
110.0    0.199939047398
110.125    0.173903578788
110.25    0.200882361478
110.375    0.201825675558
110.5    0.216962238412
110.625    0.213609845296
110.75    0.200635648565
110.875    0.203102777697
111.0    0.213072881897
111.125    0.212187617914
111.25    0.212231155487
111.375    0.193219748643
111.5    0.216222099672
111.625    0.217542739384
111.75    0.216831625693
111.875    0.209009375091
112.0    0.204974893333
112.125    0.200693698662
112.25    0.205294168868
112.375    0.209139987809
112.5    0.206339070618
112.625    0.204989405857
112.75    0.201637012742
112.875    0.203552665951
113.0    0.214567671901
113.125    0.214248396366
113.25    0.213871070734
113.375    0.216222099672
113.5    0.192116796796
113.625    0.192073259223
113.75    0.189475517371
113.875    0.197022030012
114.0    0.197312280498
114.125    0.197152642731
114.25    0.200664673613
114.375    0.19789278147
114.5    0.221533683569
114.625    0.229210808928
114.75    0.217223463849
114.875    0.215496473457
115.0    0.192900473108
115.125    0.193306823789
115.25    0.193640611848
115.375    0.194569413404
115.5    0.200708211186
115.625    0.216628450353
115.75    0.220822569878
115.875    0.231968188547
116.0    0.209357675674
116.125    0.205787594694
116.25    0.205294168868
116.375    0.17481786782
116.5    0.197355818071
116.625    0.20944475082
116.75    0.210112326938
116.875    0.190839694656
117.0    0.193611586799
117.125    0.190810669608
117.25    0.191115432618
117.375    0.194816126317
117.5    0.206832496444
117.625    0.197529968363
117.75    0.19947464662
117.875    0.19149275825
118.0    0.193495486605
118.125    0.197878268946
118.25    0.210271964706
118.375    0.202754477114
118.5    0.21793457754
118.625    0.209865614025
118.75    0.210126839462
118.875    0.210721852959
119.0    0.206121382753
119.125    0.207238847125
119.25    0.207137259455
119.375    0.215931849186
120.0    0.20681798392
120.125    0.207500072563
120.25    0.219052041912
120.375    0.223899225031
120.5    0.20597625751
120.625    0.20284155226
120.75    0.20755812266
120.875    0.221794909006
121.0    0.207195309552
121.125    0.186137636781
121.25    0.184425158912
121.375    0.202493251676
121.5    0.206179432851
121.625    0.212100542768
121.75    0.206063332656
121.875    0.203088265173
122.0    0.191304095434
122.125    0.207311409747
122.25    0.206977621688
122.375    0.207137259455
122.5    0.194395263112
122.625    0.19317621107
122.75    0.190114068441
122.875    0.190201143587
123.0    0.1878210896
123.125    0.203291440513
123.25    0.205018430906
123.375    0.203407540708
123.5    0.192465097379
123.625    0.204394392361
123.75    0.20796447334
123.875    0.196920442342
124.0    0.219095579485
124.125    0.21291324413
124.25    0.220532319392
124.375    0.205105506052
124.5    0.207050184309
124.625    0.207035671785
124.75    0.206759933823
124.875    0.208008010913
125.0    0.201346762256
125.125    0.210837953154
125.25    0.210649290338
125.375    0.203175340319
125.5    0.203073752649
125.625    0.204612080225
125.75    0.199953559922
125.875    0.218442515891
126.0    0.204452442458
126.125    0.208356311497
126.25    0.21931326735
126.375    0.205352218965
126.5    0.200432473224
126.625    0.207978985865
126.75    0.207383972368
126.875    0.203465590805
127.0    0.203233390416
127.125    0.203770353815
127.25    0.202856064784
127.375    0.200766261283
127.5    0.203218877892
127.625    0.202464226628
127.75    0.225872928337
127.875    0.219197167155
128.0    0.208690099556
128.125    0.207630685281
128.25    0.203625228572
128.375    0.20462659275
128.5    0.207717760427
128.625    0.208414361594
128.75    0.205192581198
128.875    0.205961744986
129.0    0.209778538879
129.125    0.208951324993
129.25    0.209822076452
129.375    0.207035671785
129.5    0.189939918149
129.625    0.191275070386
129.75    0.191376658056
129.875    0.213174469567
130.0    0.194409775636
130.125    0.195251502046
130.25    0.203291440513
130.375    0.20334949061
130.5    0.201520912548
130.625    0.202319101384
130.75    0.183481844832
130.875    0.184468696485
131.0    0.208457899167
131.125    0.208748149653
131.25    0.209981714219
131.375    0.209067425188
131.5    0.202115926044
131.625    0.202739964589
131.75    0.200606623516
131.875    0.200200272835
132.0    0.225568165327
132.125    0.22696136766
132.25    0.208008010913
132.375    0.208472411691
132.5    0.203160827794
132.625    0.205395756538
132.75    0.204771717993
132.875    0.205294168868
133.0    0.19202972165
133.125    0.194453313209
133.25    0.195236989522
133.375    0.193089135924
133.5    0.193568049226
133.625    0.228789945723
133.75    0.210271964706
133.875    0.213537282675
134.0    0.20210141352
134.125    0.197529968363
134.25    0.176225582678
134.375    0.209299625577
134.5    0.193858299713
134.625    0.194845151366
134.75    0.190781644559
134.875    0.194032450004
135.0    0.185455548138
135.125    0.193263286216
135.25    0.194264650393
135.375    0.201941775752
135.5    0.196601166807
135.625    0.197297767974
135.75    0.197762168752
135.875    0.198023394189
136.0    0.194467825734
136.125    0.206005282559
136.25    0.185237860273
136.375    0.175528981511
136.5    0.204815255566
136.625    0.20115809944
136.75    0.216918700839
136.875    0.206788958871
137.0    0.17680608365
137.125    0.17690767132
137.25    0.180956665602
137.375    0.195861028067
137.5    0.210300989754
137.625    0.205236118771
137.75    0.204815255566
137.875    0.205990770035
138.0    0.19947464662
138.125    0.199344033901
138.25    0.200374423127
138.375    0.211665167039
138.5    0.17272806432
138.625    0.189257829507
138.75    0.189286854555
138.875    0.177836472876
139.0    0.195570777581
139.125    0.195556265057
139.25    0.199851972252
139.375    0.200534060895
139.5    0.20324790294
139.625    0.203523640902
139.75    0.203741328767
139.875    0.204046091777
140.0    0.200229297884
140.125    0.199358546426
140.25    0.200592110992
140.375    0.196833367196
140.5    0.19937305895
140.625    0.185890923867
140.75    0.19967782196
140.875    0.186558499985
141.0    0.194061475053
141.125    0.184280033669
141.25    0.202710939541
141.375    0.20702115926
141.5    0.178953937248
141.625    0.177488172293
141.75    0.179200650161
141.875    0.175572519084
142.0    0.206977621688
142.125    0.188140365135
142.25    0.203480103329
142.375    0.189461004847
142.5    0.210547702667
142.625    0.210721852959
142.75    0.205758569646
142.875    0.207935448292
143.0    0.203131802746
143.125    0.199735872058
143.25    0.200388935651
143.375    0.201390299829
143.5    0.20284155226
143.625    0.202798014687
143.75    0.203102777697
143.875    0.215888311613
144.0    0.20408962935
144.125    0.185353960468
144.25    0.166371578672
144.375    0.220213043857
144.5    0.217339564044
144.625    0.208878762372
144.75    0.212434330828
144.875    0.211636141991
145.0    0.194308187966
145.125    0.194438800685
145.25    0.194424288161
145.375    0.194003424956
145.5    0.194264650393
145.625    0.195628827678
145.75    0.195570777581
145.875    0.192160334369
146.0    0.189272342031
146.125    0.191246045337
146.25    0.197022030012
146.375    0.204945868284
146.5    0.180216526863
146.625    0.1778509854
146.75    0.177125359185
146.875    0.196978492439
147.0    0.205598931878
147.125    0.224697413868
147.25    0.217513714335
147.375    0.214611209474
147.5    0.188924041448
147.625    0.192929498157
147.75    0.194772588744
147.875    0.196688241953
148.0    0.192813397962
148.125    0.190201143587
148.25    0.186543987461
148.375    0.187298638725
148.5    0.211418454126
148.625    0.216875163266
148.75    0.216236612196
148.875    0.216033436856
149.0    0.194554900879
149.125    0.194192087772
149.25    0.18300293153
149.375    0.186529474937
149.5    0.197515455838
149.625    0.200446985749
149.75    0.197660581081
149.875    0.201695062839
150.0    0.189083679215
150.125    0.179592488317
150.25    0.180869590457
150.375    0.179607000842
150.5    0.195933590689
150.625    0.198502307491
150.75    0.194264650393
150.875    0.195048326706
151.0    0.201114561867
151.125    0.187792064552
151.25    0.177067309088
151.375    0.19223289699
151.5    0.19381476214
151.625    0.203030215076
151.75    0.221751371434
151.875    0.214712797144
152.0    0.21931326735
152.125    0.224189475517
152.25    0.219530955214
152.375    0.219052041912
152.5    0.190970307375
152.625    0.21877630395
152.75    0.219589005312
152.875    0.201071024294
153.0    0.197965344092
153.125    0.195614315154
153.25    0.199663309436
153.375    0.199518184193
153.5    0.199910022349
153.625    0.200432473224
153.75    0.200548573419
153.875    0.200563085943
154.0    0.197022030012
154.125    0.190607494268
154.25    0.201695062839
154.375    0.205395756538
154.5    0.22611964125
154.625    0.225800365716
154.75    0.226613067077
154.875    0.226729167271
155.0    0.196136766029
155.125    0.196035178359
155.25    0.211505529272
155.375    0.211940905001
155.5    0.191594345921
155.625    0.19916988361
155.75    0.19485966389
155.875    0.188285490378
156.0    0.207485560038
156.125    0.200490523322
156.25    0.215133660349
156.375    0.201796650509
156.5    0.197428380693
156.625    0.214596696949
156.75    0.202681914492
156.875    0.202057875947
157.0    0.198690970307
157.125    0.198603895162
157.25    0.194845151366
157.375    0.194250137869
157.5    0.197602530984
157.625    0.187182538531
157.75    0.191275070386
157.875    0.190767132035
158.0    0.200577598467
158.125    0.190099555917
158.25    0.186152149305
158.375    0.197863756422
158.5    0.211650654515
158.625    0.211781267234
158.75    0.20462659275
158.875    0.219559980263
159.0    0.186094099208
159.125    0.189315879604
159.25    0.19202972165
159.375    0.191434708153
159.5    0.215583548602
159.625    0.198124981859
159.75    0.19789278147
159.875    0.190331756306
160.0    0.185484573187
160.125    0.200751748759
160.25    0.200664673613
160.375    0.200867848954
160.5    0.215627086175
160.625    0.211563579369
160.75    0.21291324413
160.875    0.194192087772
161.0    0.188909528923
161.125    0.188895016399
161.25    0.188154877659
161.375    0.189896380576
161.5    0.202739964589
161.625    0.210271964706
161.75    0.198618407686
161.875    0.195744927873
162.0    0.187734014454
162.125    0.188503178243
162.25    0.187153513482
162.375    0.204916843236
162.5    0.183989783183
162.625    0.161538908078
162.75    0.188648303486
162.875    0.189344904653
163.0    0.210881490726
163.125    0.210707340435
163.25    0.201651525266
163.375    0.197065567585
163.5    0.191637883493
163.625    0.196615679331
163.75    0.196615679331
163.875    0.193974399907
164.0    0.1878210896
164.125    0.187864627173
164.25    0.191579833396
164.375    0.192958523206
164.5    0.207209822076
164.625    0.19590456564
164.75    0.19580297797
164.875    0.197936319043
165.0    0.19947464662
165.125    0.199285983804
165.25    0.190491394073
165.375    0.190534931646
165.5    0.194134037675
165.625    0.189678692712
165.75    0.191304095434
165.875    0.171915362958
166.0    0.189025629118
166.125    0.182088642498
166.25    0.182378892985
166.375    0.178213798508
166.5    0.189228804458
166.625    0.188270977854
166.75    0.198400719821
166.875    0.177197921807
167.0    0.189156241837
167.125    0.189431979799
167.25    0.190317243781
167.375    0.210228427133
167.5    0.203218877892
167.625    0.198661945259
167.75    0.19967782196
167.875    0.200258322933
168.0    0.195890053116
168.125    0.214814384814
168.25    0.198574870113
168.375    0.200780773808
168.5    0.185382985516
168.625    0.200679186138
168.75    0.201593475169
168.875    0.205540881781
169.0    0.188953066496
169.125    0.192203871941
169.25    0.192885960584
169.375    0.182030592401
169.5    0.201506400023
169.625    0.183017444054
169.75    0.183423794735
169.875    0.183714045221
170.0    0.184497721534
170.125    0.191695933591
170.25    0.207645197806
170.375    0.216846138217
170.5    0.209270600528
170.625    0.20691957159
170.75    0.189040141642
170.875    0.181392041332
171.0    0.212289205584
171.125    0.201796650509
171.25    0.213508257626
171.375    0.213885583258
171.5    0.202609351871
171.625    0.203581690999
171.75    0.203610716048
171.875    0.204510492555
172.0    0.206310045569
172.125    0.206339070618
172.25    0.206629321104
172.375    0.226569529504
172.5    0.226917830087
172.625    0.218311903172
172.75    0.220329144051
172.875    0.209981714219
173.0    0.219501930166
173.125    0.223333236583
173.25    0.225190839695
173.375    0.224987664354
173.5    0.211374916553
173.625    0.212768118887
173.75    0.227875656692
173.875    0.231852088352
174.0    0.20230458886
174.125    0.202391664006
174.25    0.222302847357
174.375    0.222157722114
174.5    0.213508257626
174.625    0.214466084231
174.75    0.214422546658
174.875    0.215815748991
175.0    0.206977621688
175.125    0.210199402084
175.25    0.210199402084
175.375    0.226642092126
175.5    0.22759991873
175.625    0.227512843584
175.75    0.223304211535
175.875    0.223275186486
176.0    0.24774330247
176.125    0.248817229269
176.25    0.233811279134
176.375    0.241328766726
176.5    0.22476997649
176.625    0.244144196442
176.75    0.233927379328
176.875    0.224842539111
177.0    0.215554523554
177.125    0.223913737556
177.25    0.224886076684
177.375    0.215902824137
177.5    0.232998577773
177.625    0.23012509796
177.75    0.253678924912
177.875    0.21604794938
178.0    0.215249760543
178.125    0.215685136273
178.25    0.242460743622
178.375    0.246930601109
178.5    0.210983078397
178.625    0.211563579369
178.75    0.230458886019
178.875    0.234551417874
179.0    0.211113691115
179.125    0.211084666067
179.25    0.205758569646
179.375    0.205352218965
180.0    0.238223086524
180.125    0.234420805155
180.25    0.226888805039
180.375    0.231750500682
180.5    0.219095579485
180.625    0.22130148318
180.75    0.217862014919
180.875    0.210228427133
181.0    0.218021652686
181.125    0.21500304763
181.25    0.218079702784
181.375    0.236975009433
181.5    0.224320088236
181.625    0.247482077032
181.75    0.23746843526
181.875    0.242823556729
182.0    0.236075232926
182.125    0.237453922735
182.25    0.225379502511
182.375    0.247859402665
182.5    0.214233883842
182.625    0.21133137898
182.75    0.199910022349
182.875    0.199779409631
183.0    0.233941891853
183.125    0.234116042144
183.25    0.226453429309
183.375    0.227251618146
183.5    0.242170493136
183.625    0.242838069254
183.75    0.241589992163
183.875    0.222651147941
184.0    0.219269729777
184.125    0.218398978318
184.25    0.225829390764
184.375    0.226642092126
184.5    0.218631178707
184.625    0.218645691232
184.75    0.24144486692
184.875    0.241880242649
185.0    0.232911502627
185.125    0.232926015151
185.25    0.217325051519
185.375    0.217557251908
185.5    0.186137636781
185.625    0.186834237947
185.75    0.208762662177
185.875    0.209531825966
186.0    0.233637128842
186.125    0.224087887847
186.25    0.238223086524
186.375    0.219821205701
186.5    0.210925028299
186.625    0.212506893449
186.75    0.223550924448
186.875    0.219777668128
187.0    0.201912750704
187.125    0.20284155226
187.25    0.214524134328
187.375    0.21008330189
187.5    0.205686007024
187.625    0.20839984907
187.75    0.23063303631
187.875    0.210939540824
188.0    0.191768496212
188.125    0.191710446115
188.25    0.187240588628
188.375    0.188125852611
188.5    0.19842974487
188.625    0.214248396366
188.75    0.22194003425
188.875    0.226105128726
189.0    0.210431602473
189.125    0.206905059066
189.25    0.207050184309
189.375    0.20735494732
189.5    0.196963979915
189.625    0.20934316315
189.75    0.213827533161
189.875    0.213087394421
190.0    0.225843903289
190.125    0.210431602473
190.25    0.21405973355
190.375    0.209299625577
190.5    0.200156735263
190.625    0.209604388587
190.75    0.209705976258
190.875    0.210779903056
191.0    0.23682988419
191.125    0.216642962877
191.25    0.236336458364
191.375    0.232069776217
191.5    0.225597190375
191.625    0.21426290889
191.75    0.218340928221
191.875    0.212027980147
192.0    0.24952834296
192.125    0.257568281427
192.25    0.227251618146
192.375    0.227686993876
192.5    0.213842045685
192.625    0.213696920442
192.75    0.21479987229
192.875    0.214553159377
193.0    0.208414361594
193.125    0.20974951383
193.25    0.213827533161
193.375    0.212158592866
193.5    0.205961744986
193.625    0.207761298
193.75    0.2030447276
193.875    0.18185644211
194.0    0.185673236003
194.125    0.182030592401
194.25    0.186660087656
194.375    0.184454183961
194.5    0.220938670072
194.625    0.195890053116
194.75    0.198357182248
194.875    0.199706847009
195.0    0.205410269062
195.125    0.205090993527
195.25    0.208994862566
195.375    0.202623864395
195.5    0.215365860738
195.625    0.215365860738
195.75    0.213943633356
195.875    0.213740458015
196.0    0.191841058834
196.125    0.191913621455
196.25    0.189838330479
196.375    0.191217020289
196.5    0.205337706441
196.625    0.189881868052
196.75    0.191623370969
196.875    0.191594345921
197.0    0.202798014687
197.125    0.214306446463
197.25    0.212739093838
197.375    0.214103271123
197.5    0.196572141758
197.625    0.192987548254
197.75    0.216497837634
197.875    0.215989899283
198.0    0.19192813398
198.125    0.189794792906
198.25    0.191333120483
198.375    0.195933590689
198.5    0.173076364903
198.625    0.173889066264
198.75    0.174629205004
198.875    0.190099555917
199.0    0.219951818419
199.125    0.220038893565
199.25    0.221011232694
199.375    0.221170870461
199.5    0.185107247555
199.625    0.212361768206
199.75    0.219864743273
199.875    0.205265143819
200.0    0.196586654283
200.125    0.201753112936
200.25    0.19674629205
200.375    0.193669636897
200.5    0.195817490494
200.625    0.195483702435
200.75    0.203436565756
200.875    0.199822947203
201.0    0.192581197574
201.125    0.193495486605
201.25    0.189693205236
201.375    0.193031085827
201.5    0.187429251444
201.625    0.184918584739
201.75    0.183133544249
201.875    0.184483209009
202.0    0.192174846893
202.125    0.196485066612
202.25    0.19391634981
202.375    0.212245668011
202.5    0.186602037558
202.625    0.168824195281
202.75    0.183119031724
202.875    0.176559370737
203.0    0.196209328651
203.125    0.193684149421
203.25    0.192944010681
203.375    0.189664180187
203.5    0.188895016399
203.625    0.189388442226
203.75    0.185063709982
203.875    0.200490523322
204.0    0.207195309552
204.125    0.19967782196
204.25    0.200040635068
204.375    0.199924534874
204.5    0.191971671553
204.625    0.211461991699
204.75    0.207775810524
204.875    0.19391634981
205.0    0.188836966302
205.125    0.181479116478
205.25    0.183975270659
205.375    0.184439671436
205.5    0.188633790962
205.625    0.189141729312
205.75    0.234580442922
205.875    0.193060110876
206.0    0.196630191856
206.125    0.215931849186
206.25    0.19644152904
206.375    0.214944997533
206.5    0.192682785244
206.625    0.197558993411
206.75    0.193858299713
206.875    0.194409775636
207.0    0.188111340086
207.125    0.206150407802
207.25    0.18771950193
207.375    0.184468696485
207.5    0.195382114765
207.625    0.205308681392
207.75    0.205236118771
207.875    0.182393405509
208.0    0.174367979566
208.125    0.167169767509
208.25    0.175093605782
208.375    0.190520419122
208.5    0.197529968363
208.625    0.193843787188
208.75    0.196804342147
208.875    0.196165791078
209.0    0.209996226744
209.125    0.198197544481
209.25    0.207746785476
209.375    0.204641105274
209.5    0.209560851014
209.625    0.22968972223
209.75    0.214654747047
209.875    0.215075610252
210.0    0.186297274548
210.125    0.190810669608
210.25    0.20860302441
210.375    0.205540881781
210.5    0.177125359185
210.625    0.181232403564
210.75    0.182175717644
210.875    0.182756218617
211.0    0.178039648216
211.125    0.178533074043
211.25    0.178170260935
211.375    0.178707224335
211.5    0.186631062607
211.625    0.186631062607
211.75    0.205715032073
211.875    0.195483702435
212.0    0.182132180071
212.125    0.179839201231
212.25    0.178924912199
212.375    0.178576611616
212.5    0.169027370621
212.625    0.169651409166
212.75    0.193480974081
212.875    0.171291324413
213.0    0.169535308972
213.125    0.16966592169
213.25    0.178663686762
213.375    0.169520796447
213.5    0.196659216904
213.625    0.196876904769
213.75    0.196368966418
213.875    0.193843787188
214.0    0.196528604185
214.125    0.204046091777
214.25    0.205061968479
214.375    0.204699155371
214.5    0.177284996952
214.625    0.177488172293
214.75    0.219559980263
214.875    0.18919977941
215.0    0.195832003019
215.125    0.194888688939
215.25    0.19654311671
215.375    0.19654311671
215.5    0.188720866107
215.625    0.188053289989
215.75    0.190534931646
215.875    0.190360781354
216.0    0.195469189911
216.125    0.195759440397
216.25    0.195672365251
216.375    0.195672365251
216.5    0.188633790962
216.625    0.188009752416
216.75    0.188270977854
216.875    0.188735378632
217.0    0.180085914144
217.125    0.181450091429
217.25    0.185441035614
217.375    0.18562969843
217.5    0.192987548254
217.625    0.216236612196
217.75    0.219734130555
217.875    0.219661567933
218.0    0.18478797202
218.125    0.185295910371
218.25    0.184758946971
218.375    0.18488955969
218.5    0.188169390184
218.625    0.189069166691
218.75    0.189257829507
218.875    0.185586160857
219.0    0.186050561635
219.125    0.18552811076
219.25    0.187255101152
219.375    0.186311787072
219.5    0.21658491278
219.625    0.190012480771
219.75    0.189925405625
219.875    0.2051345311
220.0    0.18404783328
220.125    0.180390677154
220.25    0.187124488434
220.375    0.184076858329
220.5    0.188488665719
220.625    0.184875047166
220.75    0.184875047166
220.875    0.185557135808
221.0    0.196731779526
221.125    0.184294546193
221.25    0.195091864279
221.375    0.19590456564
221.5    0.192798885438
221.625    0.189461004847
221.75    0.189562592517
221.875    0.189562592517
222.0    0.181841929585
222.125    0.185905436392
222.25    0.196296403796
222.375    0.196963979915
222.5    0.178518561519
222.625    0.197747656227
222.75    0.20503294343
222.875    0.193684149421
223.0    0.207877398195
223.125    0.20839984907
223.25    0.208457899167
223.375    0.208066061011
223.5    0.207732272952
223.625    0.207209822076
223.75    0.195628827678
223.875    0.211694192088
224.0    0.183264156967
224.125    0.184700896874
224.25    0.18478797202
224.375    0.189272342031
224.5    0.186834237947
224.625    0.187080950861
224.75    0.190912257278
224.875    0.187182538531
225.0    0.193422923983
225.125    0.199532696717
225.25    0.193002060778
225.375    0.190128580965
225.5    0.180332627057
225.625    0.180332627057
225.75    0.180855077932
225.875    0.183612457551
226.0    0.194279162918
226.125    0.19422111282
226.25    0.192798885438
226.375    0.194163062723
226.5    0.187530839114
226.625    0.210460627522
226.75    0.210678315386
226.875    0.199939047398
227.0    0.189910893101
227.125    0.205366731489
227.25    0.197950831568
227.375    0.198255594578
227.5    0.199518184193
227.625    0.195207964473
227.75    0.199227933707
227.875    0.196485066612
228.0    0.172220125969
228.125    0.168098569065
228.25    0.191594345921
228.375    0.187284126201
228.5    0.189997968247
228.625    0.189344904653
228.75    0.19014309349
228.875    0.212434330828
229.0    0.186282762024
229.125    0.182016079877
229.25    0.181885467158
229.375    0.18290134386
229.5    0.1810147157
229.625    0.182843293763
229.75    0.183728557745
229.875    0.19485966389
230.0    0.191057382521
230.125    0.172699039271
230.25    0.17272806432
230.375    0.17272806432
230.5    0.184497721534
230.625    0.184309058718
230.75    0.18866281601
230.875    0.185266885322
231.0    0.18856122834
231.125    0.188938553972
231.25    0.18856122834
231.375    0.192523147476
231.5    0.172916727136
231.625    0.17397614141
231.75    0.174411517139
231.875    0.173439178011
232.0    0.192494122428
232.125    0.196180303602
232.25    0.197312280498
232.375    0.197544480887
232.5    0.180332627057
232.625    0.18017298929
232.75    0.184439671436
232.875    0.180869590457
233.0    0.193568049226
233.125    0.196891417293
233.25    0.197413868168
233.375    0.197907293995
233.5    0.18960613009
233.625    0.19192813398
233.75    0.188300002902
233.875    0.189228804458
234.0    0.169245058485
234.125    0.16915798334
234.25    0.172873189563
234.375    0.18792267727
234.5    0.174759817723
234.625    0.174266391896
234.75    0.173947116361
234.875    0.173947116361
235.0    0.186819725423
235.125    0.168606507416
235.25    0.16474617595
235.375    0.164833251096
235.5    0.181043740748
235.625    0.185063709982
235.75    0.185049197457
235.875    0.207746785476
236.0    0.189373929701
236.125    0.186137636781
236.25    0.186398862218
236.375    0.18647142484
236.5    0.191565320872
236.625    0.187763039503
236.75    0.187661451833
236.875    0.187545351638
237.0    0.183235131919
237.125    0.18290134386
237.25    0.183989783183
237.375    0.183583432502
237.5    0.187124488434
237.625    0.183322207065
237.75    0.183133544249
237.875    0.186834237947
238.0    0.187835602125
238.125    0.188358053
238.25    0.184076858329
238.375    0.18458479668
238.5    0.187646939309
238.625    0.188285490378
238.75    0.188546715816
238.875    0.188546715816
239.0    0.175499956462
239.125    0.171625112472
239.25    0.171625112472
239.375    0.172365251212
240.0    0.187588889211
240.125    0.190810669608
240.25    0.183685020172
240.375    0.186935825617
240.5    0.223333236583
240.625    0.230937799321
240.75    0.216468812585
240.875    0.217673352103
241.0    0.178736249383
241.125    0.186456912315
241.25    0.187342176298
241.375    0.188169390184
241.5    0.199445621571
241.625    0.177604272487
241.75    0.200171247787
241.875    0.200171247787
242.0    0.185368472992
242.125    0.185412010565
242.25    0.185063709982
242.375    0.184816997068
242.5    0.206948596639
242.625    0.207050184309
242.75    0.208022523438
242.875    0.196470554088
243.0    0.190259193684
243.125    0.171407424607
243.25    0.164165674978
243.375    0.168911270426
243.5    0.189780280382
243.625    0.189243316983
243.75    0.190360781354
243.875    0.190360781354
244.0    0.177226946855
244.125    0.176980233942
244.25    0.178866862102
244.375    0.213174469567
244.5    0.181798392012
244.625    0.181377528807
244.75    0.17481786782
244.875    0.182422430558
245.0    0.186790700374
245.125    0.187893652222
245.25    0.191695933591
245.375    0.190883232229
245.5    0.175717644327
245.625    0.176283632775
245.75    0.176283632775
245.875    0.179244187734
246.0    0.181624241721
246.125    0.181827417061
246.25    0.182436943082
246.375    0.181174353467
246.5    0.198661945259
246.625    0.194932226511
246.75    0.198865120599
246.875    0.198792557978
247.0    0.196963979915
247.125    0.197341305547
247.25    0.205395756538
247.375    0.205395756538
247.5    0.171929875483
247.625    0.17323600267
247.75    0.169288596058
247.875    0.165718515078
248.0    0.191870083882
248.125    0.192581197574
248.25    0.188517690767
248.375    0.187937189795
248.5    0.193582561751
248.625    0.188416103097
248.75    0.188416103097
248.875    0.189925405625
249.0    0.184236496096
249.125    0.183699532697
249.25    0.184178445999
249.375    0.184309058718
249.5    0.185252372798
249.625    0.180622877543
249.75    0.178228311032
249.875    0.163091748179
250.0    0.173511740632
250.125    0.173714915972
250.25    0.169854584506
250.375    0.170144834993
250.5    0.176530345688
250.625    0.176167532581
250.75    0.173090877427
250.875    0.172553914028
251.0    0.176240095202
251.125    0.172075000726
251.25    0.177763910255
251.375    0.177183409282
251.5    0.173381127913
251.625    0.16946274635
251.75    0.172162075871
251.875    0.173148927524
252.0    0.172844164514
252.125    0.195861028067
252.25    0.192682785244
252.375    0.196891417293
252.5    0.190070530868
252.625    0.190709081938
252.75    0.190709081938
252.875    0.18425100862
253.0    0.194729051171
253.125    0.194932226511
253.25    0.1909848199
253.375    0.17963602589
253.5    0.184439671436
253.625    0.180637390068
253.75    0.180709952689
253.875    0.180927640554
254.0    0.177633297536
254.125    0.17754622239
254.25    0.179142600064
254.375    0.179244187734
254.5    0.18919977941
254.625    0.20607784518
254.75    0.206237482948
254.875    0.192000696601
255.0    0.170696310916
255.125    0.169230545961
255.25    0.170043247322
255.375    0.193321336313
255.5    0.187501814066
255.625    0.187545351638
255.75    0.186427887267
255.875    0.186950338142
256.0    0.164484950512
256.125    0.168287231881
256.25    0.167982468871
256.375    0.166865004499
256.5    0.181304966186
256.625    0.181072765797
256.75    0.181841929585
256.875    0.182030592401
257.0    0.183133544249
257.125    0.183090006676
257.25    0.183090006676
257.375    0.18488955969
257.5    0.210097814414
257.625    0.183525382405
257.75    0.183554407454
257.875    0.191971671553
258.0    0.182204742693
258.125    0.181566191623
258.25    0.182596580849
258.375    0.167039154791
258.5    0.187675964357
258.625    0.165515339738
258.75    0.161713058369
258.875    0.180884102981
259.0    0.205003918382
259.125    0.197733143703
259.25    0.197733143703
259.375    0.216773575596
259.5    0.180521289873
259.625    0.188967579021
259.75    0.182088642498
259.875    0.182045104926
260.0    0.183075494151
260.125    0.183075494151
260.25    0.18236438046
260.375    0.187501814066
260.5    0.174992018112
260.625    0.174992018112
260.75    0.175383856268
260.875    0.173787478594
261.0    0.194569413404
261.125    0.197080080109
261.25    0.195353089716
261.375    0.195280527095
261.5    0.173831016167
261.625    0.174498592285
261.75    0.174759817723
261.875    0.174759817723
262.0    0.181159840943
262.125    0.181130815894
262.25    0.1810147157
262.375    0.181885467158
262.5    0.194743563695
262.625    0.194192087772
262.75    0.194192087772
262.875    0.1851943227
263.0    0.200664673613
263.125    0.200664673613
263.25    0.202057875947
263.375    0.200925899051
263.5    0.18761791426
263.625    0.187429251444
263.75    0.187748526979
263.875    0.187937189795
264.0    0.171392912083
264.125    0.17512263083
264.25    0.17512263083
264.375    0.175427393841
264.5    0.199793922155
264.625    0.160871331959
264.75    0.179882738804
264.875    0.168882245378
265.0    0.179679563463
265.125    0.179302237831
265.25    0.179752126085
265.375    0.179694075988
265.5    0.206977621688
265.625    0.207035671785
265.75    0.188067802514
265.875    0.19014309349
266.0    0.179577975793
266.125    0.181029228224
266.25    0.180971178127
266.375    0.180971178127
266.5    0.208341798973
266.625    0.208341798973
266.75    0.212100542768
266.875    0.197617043509
267.0    0.187675964357
267.125    0.187748526979
267.25    0.183801120367
267.375    0.184381621339
267.5    0.176312657824
267.625    0.177314022001
267.75    0.177314022001
267.875    0.179099062491
268.0    0.184933097263
268.125    0.184962122312
268.25    0.183017444054
268.375    0.180216526863
268.5    0.181188865991
268.625    0.185310422895
268.75    0.18562969843
268.875    0.159129829042
269.0    0.178460511421
269.125    0.183235131919
269.25    0.179679563463
269.375    0.202899602357
269.5    0.192479609903
269.625    0.192769860389
269.75    0.188590253389
269.875    0.188590253389
270.0    0.186935825617
270.125    0.187139000958
270.25    0.187226076104
270.375    0.189431979799
270.5    0.191768496212
270.625    0.19213130932
270.75    0.19243607233
270.875    0.190389806403
271.0    0.162917597887
271.125    0.1705076481
271.25    0.18290134386
271.375    0.172133050823
271.5    0.176443270542
271.625    0.187385713871
271.75    0.187342176298
271.875    0.188372565524
272.0    0.193945374858
272.125    0.193974399907
272.25    0.191594345921
272.375    0.19223289699
272.5    0.201956288277
272.625    0.200983949148
272.75    0.228485182713
272.875    0.229443009317
273.0    0.186297274548
273.125    0.185803848721
273.25    0.216410762488
273.375    0.214393521609
273.5    0.176820596174
273.625    0.173410152962
273.75    0.173555278205
273.875    0.174730792674
274.0    0.182625605898
274.125    0.171509012278
274.25    0.172379763736
274.375    0.1705076481
274.5    0.181595216672
274.625    0.181246916089
274.75    0.185774823673
274.875    0.185441035614
275.0    0.185441035614
275.125    0.177836472876
275.25    0.178010623168
275.375    0.178605636664
275.5    0.21857312861
275.625    0.218645691232
275.75    0.218210315502
275.875    0.218210315502
276.0    0.193959887383
276.125    0.204017066729
276.25    0.202493251676
276.375    0.20230458886
276.5    0.180622877543
276.625    0.182103155023
276.75    0.182422430558
276.875    0.182291817839
277.0    0.18488955969
277.125    0.184904072214
277.25    0.185702261051
277.375    0.183554407454
277.5    0.183612457551
277.625    0.185586160857
277.75    0.189330392128
277.875    0.186123124256
278.0    0.160842306911
278.125    0.161219632543
278.25    0.16474617595
278.375    0.157127100688
278.5    0.177778422779
278.625    0.178112210838
278.75    0.178431486373
278.875    0.179244187734
279.0    0.181159840943
279.125    0.177589759963
279.25    0.177589759963
279.375    0.178112210838
279.5    0.18027457696
279.625    0.208573999361
279.75    0.210097814414
279.875    0.213900095783
280.0    0.175790206949
280.125    0.176559370737
280.25    0.180942153078
280.375    0.195585290105
280.5    0.194192087772
280.625    0.221374045802
280.75    0.217571764433
280.875    0.214741822193
281.0    0.197863756422
281.125    0.193843787188
281.25    0.190041505819
281.375    0.190041505819
281.5    0.171233274316
281.625    0.179011987345
281.75    0.179026499869
281.875    0.179070037442
282.0    0.171813775288
282.125    0.173148927524
282.25    0.179853713755
282.375    0.179839201231
282.5    0.161640495748
282.625    0.162627347401
282.75    0.161742083418
282.875    0.170043247322
283.0    0.180797027835
283.125    0.181914492207
283.25    0.181537166575
283.375    0.173918091313
283.5    0.184657359301
283.625    0.185499085711
283.75    0.18552811076
283.875    0.186398862218
284.0    0.182524018228
284.125    0.182524018228
284.25    0.20850143674
284.375    0.208588511886
284.5    0.168679070037
284.625    0.174658230053
284.75    0.174498592285
284.875    0.174498592285
285.0    0.184860534641
285.125    0.184599309204
285.25    0.161785620991
285.375    0.163585174005
285.5    0.186587525034
285.625    0.186384349694
285.75    0.187022900763
285.875    0.190825182132
286.0    0.173831016167
286.125    0.174324441993
286.25    0.174455054712
286.375    0.171204249267
286.5    0.195004789133
286.625    0.172466838882
286.75    0.172466838882
286.875    0.172466838882
287.0    0.163251385946
287.125    0.163251385946
287.25    0.163178823325
287.375    0.163381998665
287.5    0.176138507532
287.625    0.176138507532
287.75    0.176182045105
287.875    0.174309929469
288.0    0.169622384117
288.125    0.169622384117
288.25    0.17407772908
288.375    0.173511740632
288.5    0.196412503991
288.625    0.196427016515
288.75    0.196557629234
288.875    0.199561721766
289.0    0.182596580849
289.125    0.183351232113
289.25    0.183351232113
289.375    0.182524018228
289.5    0.197355818071
289.625    0.198241082054
289.75    0.198066931762
289.875    0.175790206949
290.0    0.177589759963
290.125    0.173061852379
290.25    0.17333759034
290.375    0.174411517139
290.5    0.201637012742
290.625    0.199024758366
290.75    0.179853713755
290.875    0.176254607726
291.0    0.167169767509
291.125    0.171131686646
291.25    0.171117174121
291.375    0.193756712043
291.5    0.175703131803
291.625    0.175645081706
291.75    0.175978869765
291.875    0.176588395786
292.0    0.173714915972
292.125    0.173918091313
292.25    0.174005166459
292.375    0.17020288509
292.5    0.192348997185
292.625    0.173468203059
292.75    0.199880997301
292.875    0.19213130932
293.0    0.191971671553
293.125    0.191681421066
293.25    0.19192813398
293.375    0.191913621455
293.5    0.19485966389
293.625    0.183583432502
293.75    0.183133544249
293.875    0.184541259107
294.0    0.183177081822
294.125    0.183975270659
294.25    0.180187501814
294.375    0.180187501814
294.5    0.183481844832
294.625    0.179461875599
294.75    0.183409282211
294.875    0.182524018228
295.0    0.194061475053
295.125    0.183728557745
295.25    0.183568919978
295.375    0.190607494268
295.5    0.171784750239
295.625    0.173090877427
295.75    0.17293123966
295.875    0.169172495864
296.0    0.179476388123
296.125    0.177676835109
296.25    0.178895887151
296.375    0.178953937248
296.5    0.167169767509
296.625    0.167097204888
296.75    0.169549821496
296.875    0.169883609555
297.0    0.175848257046
297.125    0.17229268859
297.25    0.172539401503
297.375    0.175688619278
297.5    0.198908658172
297.625    0.183960758134
297.75    0.18236438046
297.875    0.182538530752
298.0    0.179011987345
298.125    0.159303979334
298.25    0.159173366615
298.375    0.159782892636
298.5    0.179490900647
298.625    0.179345775404
298.75    0.182988419006
298.875    0.182843293763
299.0    0.209154500334
299.125    0.209981714219
299.25    0.210576727716
299.375    0.199634284387
300.0    0.185455548138
300.125    0.178112210838
300.25    0.182567555801
300.375    0.180332627057
300.5    0.165500827214
300.625    0.166168403332
300.75    0.166023278089
300.875    0.196354453894
301.0    0.173323077816
301.125    0.174832380344
301.25    0.174730792674
301.375    0.175137143355
301.5    0.19233448466
301.625    0.184004295707
301.75    0.184367108815
301.875    0.181899979682
302.0    0.178997474821
302.125    0.181566191623
302.25    0.181624241721
302.375    0.17943285055
302.5    0.182756218617
302.625    0.18007140162
302.75    0.180202014338
302.875    0.179824688706
303.0    0.19883609555
303.125    0.195657852727
303.25    0.184454183961
303.375    0.184816997068
303.5    0.205395756538
303.625    0.209865614025
303.75    0.20934316315
303.875    0.209720488782
304.0    0.170478623052
304.125    0.170014222274
304.25    0.169985197225
304.375    0.170623748295
304.5    0.192174846893
304.625    0.192885960584
304.75    0.192421559806
304.875    0.192929498157
305.0    0.18236438046
305.125    0.184555771631
305.25    0.183481844832
305.375    0.18320610687
305.5    0.169187008388
305.625    0.165384727019
305.75    0.165297651874
305.875    0.190854207181
306.0    0.192624735146
306.125    0.199358546426
306.25    0.191753983688
306.375    0.191042869997
306.5    0.201767625461
306.625    0.201506400023
306.75    0.179476388123
306.875    0.232331001654
307.0    0.172016950628
307.125    0.171813775288
307.25    0.175238731025
307.375    0.170957536354
307.5    0.177372072098
307.625    0.176617420834
307.75    0.175253243549
307.875    0.178939424724
308.0    0.167619655763
308.125    0.165602414884
308.25    0.166545728964
308.375    0.166400603721
308.5    0.189388442226
308.625    0.166690854207
308.75    0.18940295475
308.875    0.188924041448
309.0    0.172060488201
309.125    0.171857312861
309.25    0.17272806432
309.375    0.169085420718
309.5    0.176138507532
309.625    0.176138507532
309.75    0.17660290831
309.875    0.17774939773
310.0    0.204104141874
310.125    0.204481467506
310.25    0.214756334717
310.375    0.199764897106
310.5    0.172568426552
310.625    0.172989289757
310.75    0.172916727136
310.875    0.174019678983
311.0    0.176283632775
311.125    0.165312164398
311.25    0.165341189447
311.375    0.165268626825
311.5    0.172887702087
311.625    0.172786114417
311.75    0.177038284039
311.875    0.176994746466
312.0    0.208138623632
312.125    0.208211186254
312.25    0.21584477404
312.375    0.215873799089
312.5    0.161901721185
312.625    0.18866281601
312.75    0.180855077932
312.875    0.181058253273
313.0    0.171189736743
313.125    0.168142106638
313.25    0.16925957101
313.375    0.168446869649
313.5    0.187356688822
313.625    0.187661451833
313.75    0.188198415232
313.875    0.166676341683
314.0    0.175601544133
314.125    0.179447363074
314.25    0.178678199286
314.375    0.178968449772
314.5    0.177241459379
314.625    0.175456418889
314.75    0.176849621223
314.875    0.176762546077
315.0    0.168490407221
315.125    0.172510376455
315.25    0.17219110092
315.375    0.172800626941
315.5    0.166908542072
315.625    0.171320349462
315.75    0.171465474705
315.875    0.17471628015
316.0    0.174803355296
316.125    0.176225582678
316.25    0.172524888979
316.375    0.172524888979
316.5    0.176414245494
316.625    0.176457783067
316.75    0.176820596174
316.875    0.173308565292
317.0    0.170377035382
317.125    0.17417931675
