0.0    0.142091195724
0.125    0.148925273283
0.25    0.140034570509
0.375    0.13679358525
0.5    0.139530417247
0.625    0.141579040028
0.75    0.144139818505
0.875    0.144956066644
1.0    0.145476224772
1.125    0.145812326947
1.25    0.146276468046
1.375    0.14582032938
1.5    0.144099806341
1.625    0.138162001248
1.75    0.146348489941
1.875    0.145548246667
2.0    0.145652278293
2.125    0.143035482787
2.25    0.14065075783
2.375    0.145356188281
2.5    0.147820937565
2.625    0.139338358861
2.75    0.146364494806
2.875    0.145836334246
3.0    0.14833309326
3.125    0.14205118356
3.25    0.140346665386
3.375    0.142595348986
3.5    0.134664938141
3.625    0.147428818361
3.75    0.142707383044
3.875    0.137209711752
4.0    0.145572253965
4.125    0.14573230262
4.25    0.143235543605
4.375    0.1397144732
4.5    0.142251244378
4.625    0.146076407228
4.75    0.146740609145
4.875    0.138266032874
5.0    0.143963764985
5.125    0.144539940142
5.25    0.139506409949
5.375    0.139370368592
5.5    0.14406779661
5.625    0.143987772283
5.75    0.144075799043
5.875    0.144307869592
6.0    0.143723692002
6.125    0.143755701733
6.25    0.143515628751
6.375    0.144403898785
6.5    0.143059490085
6.625    0.145700292889
6.75    0.144611962036
6.875    0.142963460892
7.0    0.145356188281
7.125    0.144683983931
7.25    0.145004081241
7.375    0.145404202878
7.5    0.142371280869
7.625    0.145084105568
7.75    0.147356796466
7.875    0.146892655367
8.0    0.142259246811
8.125    0.142939453594
8.25    0.135329140059
8.375    0.139506409949
8.5    0.139650453738
8.625    0.140594740801
8.75    0.140826811351
8.875    0.136497495239
9.0    0.144731998528
9.125    0.144595957171
9.25    0.145404202878
9.375    0.1469006578
9.5    0.139986555913
9.625    0.143451609289
9.75    0.143147516845
9.875    0.143291560634
10.0    0.147764920536
10.125    0.145252156656
10.25    0.139586434276
10.375    0.142435300331
10.5    0.156815671964
10.625    0.146412509403
10.75    0.148717210032
10.875    0.146204446152
11.0    0.148925273283
11.125    0.150165650358
11.25    0.140978857573
11.375    0.13889822506
11.5    0.143667674973
11.625    0.14447592068
11.75    0.143691682271
11.875    0.143187529009
12.0    0.143723692002
12.125    0.14415582337
12.25    0.143339575231
12.375    0.144075799043
12.5    0.14482802772
12.625    0.133000432131
12.75    0.147084713753
12.875    0.13796194043
13.0    0.143843728493
13.125    0.144571949873
13.25    0.144123813639
13.375    0.133736655943
13.5    0.144619964469
13.625    0.144699988797
13.75    0.142083193291
13.875    0.142115203022
14.0    0.141354971911
14.125    0.139666458603
14.25    0.140594740801
14.375    0.140266641059
14.5    0.130199580673
14.625    0.145084105568
14.75    0.145076103135
14.875    0.143731694435
15.0    0.142435300331
15.125    0.142779404939
15.25    0.142843424401
15.375    0.143371584962
15.5    0.132936412669
15.625    0.133936716762
15.75    0.132664329956
15.875    0.133624621885
16.0    0.14842112002
16.125    0.148781229494
16.25    0.147516845121
16.375    0.147988988653
16.5    0.148277076231
16.625    0.145620268562
16.75    0.134336838399
16.875    0.145564251532
17.0    0.143499623886
17.125    0.143587650646
17.25    0.146180438853
17.375    0.14707671132
17.5    0.143123509547
17.625    0.143635665242
17.75    0.14973351899
17.875    0.142483314928
18.0    0.140890830813
18.125    0.141779100847
18.25    0.139498407516
18.375    0.139506409949
18.5    0.143363582529
18.625    0.143579648213
18.75    0.143139514412
18.875    0.142867431699
19.0    0.143155519278
19.125    0.143099502249
19.25    0.143115507114
19.375    0.142587346553
19.5    0.143755701733
19.625    0.14605239993
19.75    0.146092412093
19.875    0.1455562491
20.0    0.144283862294
20.125    0.144659976633
20.25    0.145036090972
20.375    0.145212144492
20.5    0.142915446296
20.625    0.142611353852
20.75    0.143507626318
20.875    0.142371280869
21.0    0.147012691858
21.125    0.136665546326
21.25    0.135233110866
21.375    0.145924361006
21.5    0.140266641059
21.625    0.14070677486
21.75    0.142475312495
21.875    0.143811718763
22.0    0.134881003825
22.125    0.133944719195
22.25    0.1459963829
22.375    0.134568908948
22.5    0.133952721627
22.625    0.134152782446
22.75    0.134168787311
22.875    0.140490709176
23.0    0.14532417855
23.125    0.141635057057
23.25    0.141771098414
23.375    0.142971463325
23.5    0.141002864871
23.625    0.141587042461
23.75    0.143179526576
23.875    0.146740609145
24.0    0.141523022999
24.125    0.141707078952
24.25    0.141795105712
24.375    0.140938845409
24.5    0.143619660377
24.625    0.149285382756
24.75    0.149429426546
24.875    0.149741521423
25.0    0.136777580384
25.125    0.134696947872
25.25    0.135289127895
25.375    0.143051487652
25.5    0.144179830669
25.625    0.142787407372
25.75    0.142659368448
25.875    0.144259854996
26.0    0.146268465614
26.125    0.144844032586
26.25    0.140610745667
26.375    0.144099806341
26.5    0.1424032906
26.625    0.144187833101
26.75    0.140834813783
26.875    0.143059490085
27.0    0.144267857429
27.125    0.141306957315
27.25    0.141651061923
27.375    0.143587650646
27.5    0.142371280869
27.625    0.143227541173
27.75    0.142771402506
27.875    0.141867127607
28.0    0.141803108145
28.125    0.142171220051
28.25    0.143643667675
28.375    0.141354971911
28.5    0.136673548759
28.625    0.137921928266
28.75    0.130391639058
28.875    0.131592003969
29.0    0.146996686993
29.125    0.134328835966
29.25    0.146972679695
29.375    0.146972679695
29.5    0.138650149645
29.625    0.139338358861
29.75    0.138610137482
29.875    0.138210015845
30.0    0.136609529297
30.125    0.138426081529
30.25    0.147228757542
30.375    0.139026263984
30.5    0.132280213185
30.625    0.146220451017
30.75    0.149493446008
30.875    0.148661193003
31.0    0.137721867448
31.125    0.135057057345
31.25    0.135617227637
31.375    0.135697251965
31.5    0.144107808774
31.625    0.144251852563
31.75    0.143627662809
31.875    0.143643667675
32.0    0.1446519742
32.125    0.145596261263
32.25    0.145188137194
32.375    0.146308477777
32.5    0.148957283014
32.625    0.148237064067
32.75    0.136609529297
32.875    0.136345449017
33.0    0.135313135193
33.125    0.135337142491
33.25    0.136401466046
33.375    0.1361213809
33.5    0.136265424689
33.625    0.133008434564
33.75    0.136065363871
33.875    0.133816680271
34.0    0.145764312351
34.125    0.146276468046
34.25    0.146668587251
34.375    0.146468526432
34.5    0.141763095981
34.625    0.139506409949
34.75    0.133520590259
34.875    0.133848690002
35.0    0.142155215185
35.125    0.140850818649
35.25    0.142083193291
35.375    0.141034874602
35.5    0.138210015845
35.625    0.127526768138
35.75    0.138418079096
35.875    0.13854611802
36.0    0.14546822234
36.125    0.136825594981
36.25    0.139810502393
36.375    0.140050575375
36.5    0.144163825803
36.625    0.137793889342
36.75    0.138674156944
36.875    0.138650149645
37.0    0.134112770282
37.125    0.13822602071
37.25    0.138418079096
37.375    0.138178006114
37.5    0.143619660377
37.625    0.143835726061
37.75    0.142107200589
37.875    0.142147212753
38.0    0.137393767705
38.125    0.139034266417
38.25    0.148277076231
38.375    0.150909876602
38.5    0.132976424833
38.625    0.13355259999
38.75    0.138706166675
38.875    0.134985035451
39.0    0.139346361294
39.125    0.139170307774
39.25    0.139466397785
39.375    0.139522414814
39.5    0.132896400506
39.625    0.131199884765
39.75    0.132608312927
39.875    0.136769577952
40.0    0.148797234359
40.125    0.145956370737
40.25    0.145956370737
40.375    0.140098589971
40.5    0.141162913526
40.625    0.14097085514
40.75    0.141619052192
40.875    0.14281141467
41.0    0.140378675117
41.125    0.140378675117
41.25    0.141082889198
41.375    0.141082889198
41.5    0.141002864871
41.625    0.13872217154
41.75    0.13872217154
41.875    0.140194619164
42.0    0.137297738513
42.125    0.137121684992
42.25    0.140274643492
42.375    0.141619052192
42.5    0.137945935564
42.625    0.150853859573
42.75    0.141475008403
42.875    0.151326003105
43.0    0.147972983787
43.125    0.148181047038
43.25    0.148141034875
43.375    0.136785582817
43.5    0.138210015845
43.625    0.150157647925
43.75    0.147020694291
43.875    0.145676285591
44.0    0.141619052192
44.125    0.139610441574
44.25    0.139722475633
44.375    0.141282950017
44.5    0.143675677406
44.625    0.138650149645
44.75    0.137681855284
44.875    0.150237672252
45.0    0.140274643492
45.125    0.1388101983
45.25    0.139090283446
45.375    0.144964069077
45.5    0.140914838111
45.625    0.140514716474
45.75    0.139706470767
45.875    0.136641539028
46.0    0.136929626606
46.125    0.140922840544
46.25    0.137849906372
46.375    0.142779404939
46.5    0.1397144732
46.625    0.140434692146
46.75    0.133592612154
46.875    0.129271298475
47.0    0.13930634913
47.125    0.139930538884
47.25    0.140394679983
47.375    0.140362670252
47.5    0.145572253965
47.625    0.139474400218
47.75    0.139610441574
47.875    0.139618444007
48.0    0.142587346553
48.125    0.143323570365
48.25    0.143283558202
48.375    0.141563035163
48.5    0.140482706743
48.625    0.132072149934
48.75    0.139914534018
48.875    0.140946847842
49.0    0.142755397641
49.125    0.137505801764
49.25    0.134408860294
49.375    0.134464877323
49.5    0.146396504537
49.625    0.146012387766
49.75    0.146284470479
49.875    0.146764616443
50.0    0.138266032874
50.125    0.13889822506
50.25    0.135817288456
50.375    0.143955762552
50.5    0.14707671132
50.625    0.127318704886
50.75    0.143603655511
50.875    0.145012083673
51.0    0.141018869736
51.125    0.142851426834
51.25    0.134432867592
51.375    0.13553720331
51.5    0.144571949873
51.625    0.145212144492
51.75    0.145596261263
51.875    0.145868343977
52.0    0.136633536595
52.125    0.136609529297
52.25    0.139562426978
52.375    0.128198972488
52.5    0.139202317505
52.625    0.135409164386
52.75    0.141451001104
52.875    0.138482098558
53.0    0.137257726349
53.125    0.134688945439
53.25    0.135329140059
53.375    0.141410988941
53.5    0.142195227349
53.625    0.13419279461
53.75    0.14307549495
53.875    0.135833293321
54.0    0.140538723772
54.125    0.141699076519
54.25    0.143787711464
54.375    0.130527680415
54.5    0.144507930411
54.625    0.144731998528
54.75    0.144179830669
54.875    0.143699684704
55.0    0.140898833245
55.125    0.141010867304
55.25    0.141010867304
55.375    0.141314959748
55.5    0.142539331957
55.625    0.142795409805
55.75    0.142651366015
55.875    0.142275251677
56.0    0.142419295466
56.125    0.142483314928
56.25    0.140258638626
56.375    0.140762791889
56.5    0.128214977353
56.625    0.131175877467
56.75    0.131223892063
56.875    0.129751444439
57.0    0.138930234791
57.125    0.142803412237
57.25    0.134264816504
57.375    0.127222675693
57.5    0.138498103423
57.625    0.139562426978
57.75    0.126214369168
57.875    0.130975816648
58.0    0.128070933564
58.125    0.131527984507
58.25    0.131551991806
58.375    0.132064147501
58.5    0.137625838255
58.625    0.137361757974
58.75    0.137249723916
58.875    0.13688161201
59.0    0.130591699877
59.125    0.130655719339
59.25    0.131375938285
59.375    0.130975816648
59.5    0.147300779437
59.625    0.144691986364
59.75    0.143699684704
59.875    0.132088154799
60.0    0.142387285735
60.125    0.142875434132
60.25    0.142891438997
60.375    0.142763400074
60.5    0.138674156944
60.625    0.138890222628
60.75    0.141619052192
60.875    0.140362670252
61.0    0.138186008547
61.125    0.136633536595
61.25    0.137369760407
61.375    0.138306045038
61.5    0.14029865079
61.625    0.140498711608
61.75    0.140978857573
61.875    0.140626750532
62.0    0.13720170932
62.125    0.137705862582
62.25    0.146612570221
62.375    0.141258942719
62.5    0.141426993806
62.625    0.137777884477
62.75    0.140338662954
62.875    0.138170003681
63.0    0.130703733935
63.125    0.141042877035
63.25    0.138594132616
63.375    0.133408556201
63.5    0.140962852707
63.625    0.140434692146
63.75    0.140554728638
63.875    0.140538723772
64.0    0.131824074519
64.125    0.133432563499
64.25    0.141947151934
64.375    0.14380371633
64.5    0.13004753445
64.625    0.145716297755
64.75    0.146116419391
64.875    0.135585217906
65.0    0.130215585538
65.125    0.130847777724
65.25    0.135185096269
65.375    0.130823770426
65.5    0.145188137194
65.625    0.145252156656
65.75    0.145164129895
65.875    0.146852643204
66.0    0.131295913958
66.125    0.129159264416
66.25    0.132048142635
66.375    0.131760055057
66.5    0.131832076951
66.625    0.143179526576
66.75    0.14187513004
66.875    0.142067188425
67.0    0.142059185993
67.125    0.144131816072
67.25    0.142203229782
67.375    0.136521502537
67.5    0.145964373169
67.625    0.146084409661
67.75    0.132688337255
67.875    0.144611962036
68.0    0.134072758118
68.125    0.140826811351
68.25    0.143739696868
68.375    0.144211840399
68.5    0.142099198156
68.625    0.141603047326
68.75    0.140050575375
68.875    0.142435300331
69.0    0.146596565356
69.125    0.135297130328
69.25    0.14114690866
69.375    0.141306957315
69.5    0.140266641059
69.625    0.142755397641
69.75    0.140330660521
69.875    0.141210928122
70.0    0.135697251965
70.125    0.13652950497
70.25    0.136593524431
70.375    0.136865607145
70.5    0.137073670396
70.625    0.137865911237
70.75    0.137769882044
70.875    0.137761879611
71.0    0.136313439286
71.125    0.136137385765
71.25    0.136809590115
71.375    0.136777580384
71.5    0.146644579952
71.625    0.134344840832
71.75    0.14541220531
71.875    0.144019782014
72.0    0.146188441286
72.125    0.14339559226
72.25    0.142283254109
72.375    0.137809894208
72.5    0.133944719195
72.625    0.145244154223
72.75    0.135289127895
72.875    0.146516541028
73.0    0.13705766553
73.125    0.137137689858
73.25    0.146412509403
73.375    0.143355580096
73.5    0.139378371025
73.625    0.138266032874
73.75    0.137385765273
73.875    0.137297738513
74.0    0.135121076807
74.125    0.134848994094
74.25    0.135065059778
74.375    0.146284470479
74.5    0.135721259263
74.625    0.136337446584
74.75    0.13378467054
74.875    0.131728045326
75.0    0.13472095517
75.125    0.136505497671
75.25    0.135481186281
75.375    0.135417166819
75.5    0.134552904083
75.625    0.134520894352
75.75    0.134696947872
75.875    0.134985035451
76.0    0.138602135049
76.125    0.130847777724
76.25    0.135417166819
76.375    0.136041356572
76.5    0.132328227781
76.625    0.13127190666
76.75    0.132664329956
76.875    0.138346057201
77.0    0.137993950161
77.125    0.138442086394
77.25    0.13980249996
77.375    0.138210015845
77.5    0.137889918535
77.625    0.137857908804
77.75    0.142563339255
77.875    0.13629743442
78.0    0.13396072406
78.125    0.132736351851
78.25    0.13144796018
78.375    0.136921624174
78.5    0.128142955458
78.625    0.128543077095
78.75    0.135497191146
78.875    0.136185400362
79.0    0.13530513276
79.125    0.135233110866
79.25    0.135865303052
79.375    0.134736960036
79.5    0.133016436997
79.625    0.13328851971
79.75    0.131031833677
79.875    0.130615707175
80.0    0.134312831101
80.125    0.129103247387
80.25    0.133896704598
80.375    0.134096765417
80.5    0.119156223492
80.625    0.13103983611
80.75    0.132752356716
80.875    0.133440565932
81.0    0.135153086538
81.125    0.135113074375
81.25    0.13597733711
81.375    0.135097069509
81.5    0.13220819129
81.625    0.12300539364
81.75    0.134312831101
81.875    0.13378467054
82.0    0.133664634049
82.125    0.144683983931
82.25    0.132680334822
82.375    0.133432563499
82.5    0.136201405227
82.625    0.135785278725
82.75    0.136937629039
82.875    0.137625838255
83.0    0.138129991517
83.125    0.139362366159
83.25    0.13913029561
83.375    0.138770186137
83.5    0.138081976921
83.625    0.135017045182
83.75    0.136281429555
83.875    0.136953633905
84.0    0.140522718907
84.125    0.139506409949
84.25    0.140218626462
84.375    0.137537811495
84.5    0.133336534306
84.625    0.139186312639
84.75    0.136105376034
84.875    0.136089371169
85.0    0.137673852851
85.125    0.135017045182
85.25    0.130495670684
85.375    0.132064147501
85.5    0.145284166387
85.625    0.131752052624
85.75    0.132040140203
85.875    0.140186616731
86.0    0.135873305485
86.125    0.133728653511
86.25    0.13445687489
86.375    0.133944719195
86.5    0.130591699877
86.625    0.133088458892
86.75    0.129847473632
86.875    0.130999823946
87.0    0.132848385909
87.125    0.134128775148
87.25    0.128335013844
87.375    0.136929626606
87.5    0.135001040316
87.625    0.134400857861
87.75    0.134520894352
87.875    0.128919191434
88.0    0.141314959748
88.125    0.141330964613
88.25    0.141539027864
88.375    0.141795105712
88.5    0.129623405515
88.625    0.129623405515
88.75    0.138153998816
88.875    0.138153998816
89.0    0.132648325091
89.125    0.133088458892
89.25    0.133088458892
89.375    0.13270434212
89.5    0.133328531874
89.625    0.133560602423
89.75    0.131952113442
89.875    0.131912101279
90.0    0.138186008547
90.125    0.138186008547
90.25    0.134848994094
90.375    0.134768969767
90.5    0.132456266705
90.625    0.141250940286
90.75    0.132360237512
90.875    0.132432259407
91.0    0.135201101135
91.125    0.135553208175
91.25    0.135209103567
91.375    0.138362062067
91.5    0.15040572334
91.625    0.139106288312
91.75    0.137617835822
91.875    0.139050271282
92.0    0.146156431555
92.125    0.147628879179
92.25    0.138145996383
92.375    0.146436516701
92.5    0.132960419968
92.625    0.133160480786
92.75    0.133208495383
92.875    0.133272514845
93.0    0.138578127751
93.125    0.131287911525
93.25    0.131287911525
93.375    0.128711128183
93.5    0.133776668107
93.625    0.133688641347
93.75    0.134216801908
93.875    0.133848690002
94.0    0.134945023287
94.125    0.135025047614
94.25    0.135385157088
94.375    0.135281125462
94.5    0.139410380756
94.625    0.139858516989
94.75    0.139826507258
94.875    0.137969942863
95.0    0.128166962757
95.125    0.128583089259
95.25    0.129687424977
95.375    0.129967510123
95.5    0.135497191146
95.625    0.137217714185
95.75    0.137625838255
95.875    0.136393463613
96.0    0.138418079096
96.125    0.136201405227
96.25    0.137881916103
96.375    0.137137689858
96.5    0.13603335414
96.625    0.136057361438
96.75    0.134792977065
96.875    0.136585521999
97.0    0.136873609577
97.125    0.120628671116
97.25    0.131223892063
97.375    0.137577823658
97.5    0.140602743234
97.625    0.137417775004
97.75    0.137945935564
97.875    0.136961636337
98.0    0.13603335414
98.125    0.1365615147
98.25    0.135585217906
98.375    0.136657543893
98.5    0.135825290888
98.625    0.137505801764
98.75    0.136953633905
98.875    0.135257118164
99.0    0.138922232359
99.125    0.138986251821
99.25    0.137161697156
99.375    0.138562122885
99.5    0.136377458747
99.625    0.136377458747
99.75    0.136449480642
99.875    0.138882220195
100.0    0.129951505258
100.125    0.127414734079
100.25    0.128447047903
100.375    0.128447047903
100.5    0.136937629039
100.625    0.137081672829
100.75    0.136721563355
100.875    0.148573166243
101.0    0.149565467902
101.125    0.139810502393
101.25    0.13895424209
101.375    0.139122293177
101.5    0.14213921032
101.625    0.133664634049
101.75    0.13772986988
101.875    0.138113986652
102.0    0.131471967478
102.125    0.130839775292
102.25    0.128407035739
102.375    0.137601830957
102.5    0.137257726349
102.625    0.138194010979
102.75    0.137257726349
102.875    0.142907443863
103.0    0.141771098414
103.125    0.141795105712
103.25    0.141795105712
103.375    0.141170915958
103.5    0.132688337255
103.625    0.135425169251
103.75    0.136009346841
103.875    0.136009346841
104.0    0.134344840832
104.125    0.134768969767
104.25    0.134752964901
104.375    0.132000128039
104.5    0.134128775148
104.625    0.134120772715
104.75    0.134120772715
104.875    0.134304828668
105.0    0.135641234935
105.125    0.135265120597
105.25    0.136009346841
105.375    0.141755093548
105.5    0.136185400362
105.625    0.135017045182
105.75    0.136713560923
105.875    0.136801587683
106.0    0.135601222772
106.125    0.1361213809
106.25    0.13652950497
106.375    0.136945631472
106.5    0.129159264416
106.625    0.129263296042
106.75    0.12946335686
106.875    0.130183575807
107.0    0.123613578528
107.125    0.14123493542
107.25    0.132760359149
107.375    0.141202925689
107.5    0.129527376322
107.625    0.132264208319
107.75    0.137913925833
107.875    0.133720651078
108.0    0.13536114979
108.125    0.135369152222
108.25    0.135289127895
108.375    0.124229765849
108.5    0.128991213329
108.625    0.123541556633
108.75    0.123229461756
108.875    0.123661593124
109.0    0.138962244522
109.125    0.132712344553
109.25    0.133752660809
109.375    0.141018869736
109.5    0.13404875082
109.625    0.135473183848
109.75    0.135145084106
109.875    0.1347769722
110.0    0.139018261552
110.125    0.141939149501
110.25    0.142099198156
110.375    0.142331268706
110.5    0.135513196012
110.625    0.135513196012
110.75    0.135337142491
110.875    0.135417166819
111.0    0.13369664378
111.125    0.134088762984
111.25    0.134056753253
111.375    0.134096765417
111.5    0.138594132616
111.625    0.130127558778
111.75    0.138626142347
111.875    0.138626142347
112.0    0.136457483075
112.125    0.137041660665
112.25    0.137041660665
112.375    0.136673548759
112.5    0.129047230358
112.625    0.124429826667
112.75    0.13504105248
112.875    0.136249419824
113.0    0.137089675261
113.125    0.138594132616
113.25    0.138914229926
113.375    0.137121684992
113.5    0.134913013556
113.625    0.134921015989
113.75    0.135601222772
113.875    0.137329748243
114.0    0.127494758407
114.125    0.129159264416
114.25    0.129159264416
114.375    0.140074582673
114.5    0.130239592836
114.625    0.127494758407
114.75    0.126766537027
114.875    0.125382116163
115.0    0.137265728782
115.125    0.137185704454
115.25    0.137185704454
115.375    0.13720170932
115.5    0.132040140203
115.625    0.132040140203
115.75    0.132104159665
115.875    0.134216801908
116.0    0.134985035451
116.125    0.135177093837
116.25    0.135593220339
116.375    0.13536114979
116.5    0.140290648357
116.625    0.126542468911
116.75    0.136833597414
116.875    0.132248203454
117.0    0.137345753109
117.125    0.134648933276
117.25    0.134648933276
117.375    0.134648933276
117.5    0.132904402938
117.625    0.12744674381
117.75    0.133000432131
117.875    0.13229621805
118.0    0.135649237368
118.125    0.135649237368
118.25    0.134688945439
118.375    0.135057057345
118.5    0.136369456315
118.625    0.136113378467
118.75    0.136769577952
118.875    0.136769577952
119.0    0.138354059634
119.125    0.138354059634
119.25    0.13872217154
119.375    0.138930234791
120.0    0.131383940718
120.125    0.12008450569
120.25    0.120228549479
120.375    0.120492629759
120.5    0.139026263984
120.625    0.138578127751
120.75    0.138498103423
120.875    0.134816984363
121.0    0.127174661097
121.125    0.136521502537
121.25    0.124157743954
121.375    0.121789023863
121.5    0.131952113442
121.625    0.132448264272
121.75    0.13220819129
121.875    0.132200188857
122.0    0.138802195868
122.125    0.138802195868
122.25    0.138802195868
122.375    0.137137689858
122.5    0.139834509691
122.625    0.125798242666
122.75    0.126142347274
122.875    0.126326403227
123.0    0.126206366736
123.125    0.137505801764
123.25    0.139466397785
123.375    0.139154302908
123.5    0.125598181847
123.625    0.125598181847
123.75    0.125598181847
123.875    0.125662201309
124.0    0.133528592692
124.125    0.131736047759
124.25    0.13261631536
124.375    0.13068772907
124.5    0.13544917655
124.625    0.135393159521
124.75    0.135393159521
124.875    0.135641234935
125.0    0.141154911093
125.125    0.141154911093
125.25    0.139586434276
125.375    0.140050575375
125.5    0.128367023575
125.625    0.128639106288
125.75    0.127334709752
125.875    0.128687120885
126.0    0.137489796898
126.125    0.137609833389
126.25    0.135665242234
126.375    0.133912709464
126.5    0.130431651222
126.625    0.130983819081
126.75    0.132760359149
126.875    0.132856388342
127.0    0.138210015845
127.125    0.138145996383
127.25    0.139770490229
127.375    0.140362670252
127.5    0.152702421536
127.625    0.138594132616
127.75    0.138650149645
127.875    0.135913317649
128.0    0.121717001969
128.125    0.121717001969
128.25    0.127254685424
128.375    0.123189449593
128.5    0.127102639202
128.625    0.126718522431
128.75    0.126822554056
128.875    0.126374417823
129.0    0.127790848418
129.125    0.130791760695
129.25    0.131023831245
129.375    0.135737264128
129.5    0.122869352283
129.625    0.128895184136
129.75    0.130207583105
129.875    0.136177397929
130.0    0.136137385765
130.125    0.135817288456
130.25    0.135817288456
130.375    0.13661753173
130.5    0.131487972344
130.625    0.131592003969
130.75    0.131399945583
130.875    0.131463965045
131.0    0.135233110866
131.125    0.134784974632
131.25    0.134608921112
131.375    0.135081064644
131.5    0.131592003969
131.625    0.131399945583
131.75    0.128695123317
131.875    0.128695123317
132.0    0.12519806021
132.125    0.125214065076
132.25    0.125494150222
132.375    0.125342104
132.5    0.143923752821
132.625    0.143419599558
132.75    0.143995774716
132.875    0.14114690866
133.0    0.138250028009
133.125    0.138250028009
133.25    0.136905619308
133.375    0.136569517133
133.5    0.138938237224
133.625    0.139362366159
133.75    0.140082585106
133.875    0.139818504825
134.0    0.137969942863
134.125    0.13638546118
134.25    0.138418079096
134.375    0.138578127751
134.5    0.132456266705
134.625    0.132456266705
134.75    0.130703733935
134.875    0.132072149934
135.0    0.13095180935
135.125    0.129911493094
135.25    0.129911493094
135.375    0.127910884909
135.5    0.128383028441
135.625    0.125654198876
135.75    0.12753477057
135.875    0.124821945872
136.0    0.132056145068
136.125    0.132144171828
136.25    0.129175269282
136.375    0.141835117876
136.5    0.141274947584
136.625    0.140834813783
136.75    0.140954850274
136.875    0.143755701733
137.0    0.130831772859
137.125    0.130871785023
137.25    0.130871785023
137.375    0.130919799619
137.5    0.12861509899
137.625    0.12861509899
137.75    0.12861509899
137.875    0.128743137914
138.0    0.130335622029
138.125    0.130751748532
138.25    0.130399641491
138.375    0.129407339831
138.5    0.127638802196
138.625    0.138938237224
138.75    0.139610441574
138.875    0.138554120453
139.0    0.129831468766
139.125    0.129911493094
139.25    0.125790240233
139.375    0.126078327812
139.5    0.128991213329
139.625    0.128999215762
139.75    0.128991213329
139.875    0.128991213329
140.0    0.123277476353
140.125    0.123253469055
140.25    0.131904098846
140.375    0.131968118308
140.5    0.129831468766
140.625    0.130519677982
140.75    0.130327619596
140.875    0.130239592836
141.0    0.134104767849
141.125    0.133304524575
141.25    0.131495974776
141.375    0.131976120741
141.5    0.128551079528
141.625    0.128783150078
141.75    0.128783150078
141.875    0.129327315504
142.0    0.129919495527
142.125    0.141218930555
142.25    0.141218930555
142.375    0.128463052768
142.5    0.134152782446
142.625    0.134152782446
142.75    0.136401466046
142.875    0.136817592548
143.0    0.135089067076
143.125    0.135193098702
143.25    0.134977033018
143.375    0.135337142491
143.5    0.132984427266
143.625    0.131375938285
143.75    0.131551991806
143.875    0.131575999104
144.0    0.126990605144
144.125    0.126630495671
144.25    0.130399641491
144.375    0.129951505258
144.5    0.13185608425
144.625    0.131936108577
144.75    0.131936108577
144.875    0.140594740801
145.0    0.122717306061
145.125    0.122717306061
145.25    0.123573566364
145.375    0.123565563931
145.5    0.127750836254
145.625    0.127750836254
145.75    0.127750836254
145.875    0.127750836254
146.0    0.13378467054
146.125    0.132848385909
146.25    0.132848385909
146.375    0.132848385909
146.5    0.131680030729
146.625    0.132160176694
146.75    0.131632016133
146.875    0.13135993342
147.0    0.128415038172
147.125    0.128519069797
147.25    0.128519069797
147.375    0.128519069797
147.5    0.130591699877
147.625    0.130799763128
147.75    0.13068772907
147.875    0.131319921256
148.0    0.131672028297
148.125    0.141827115443
148.25    0.141883132472
148.375    0.1424032906
148.5    0.133472575663
148.625    0.133472575663
148.75    0.133472575663
148.875    0.130735743666
149.0    0.131223892063
149.125    0.131223892063
149.25    0.130991821514
149.375    0.131343928554
149.5    0.133688641347
149.625    0.1338726973
149.75    0.128238984651
149.875    0.131055840976
150.0    0.131888093981
150.125    0.130983819081
150.25    0.130983819081
150.375    0.130519677982
150.5    0.130383636626
150.625    0.125102031017
150.75    0.124581872889
150.875    0.125438133193
151.0    0.131688033162
151.125    0.131688033162
151.25    0.131704038028
151.375    0.131704038028
151.5    0.136929626606
151.625    0.131287911525
151.75    0.122813335254
151.875    0.12843904547
152.0    0.126270386197
152.125    0.129223283878
152.25    0.129247291177
152.375    0.129295305773
152.5    0.131600006402
152.625    0.132160176694
152.75    0.133176485652
152.875    0.133616619452
153.0    0.137345753109
153.125    0.137169699589
153.25    0.137305740945
153.375    0.134664938141
153.5    0.12843904547
153.625    0.12843904547
153.75    0.12843904547
153.875    0.128631103856
154.0    0.134032745955
154.125    0.138626142347
154.25    0.134800979498
154.375    0.134080760551
154.5    0.131559994238
154.625    0.131608008835
154.75    0.129279300907
154.875    0.129127254685
155.0    0.132728349418
155.125    0.133216497815
155.25    0.134352843264
155.375    0.134024743522
155.5    0.129279300907
155.625    0.129159264416
155.75    0.129639410381
155.875    0.129639410381
156.0    0.139370368592
156.125    0.138298042605
156.25    0.13845809126
156.375    0.135769273859
156.5    0.13378467054
156.625    0.134008738657
156.75    0.119972471631
156.875    0.134128775148
157.0    0.12686256622
157.125    0.127214673261
157.25    0.115755189578
157.375    0.115539123894
157.5    0.130479665818
157.625    0.130567692579
157.75    0.130567692579
157.875    0.127846865447
158.0    0.132392247243
158.125    0.132248203454
158.25    0.132288215618
158.375    0.1325282886
158.5    0.138129991517
158.625    0.136409468478
158.75    0.137697860149
158.875    0.136937629039
159.0    0.131784062355
159.125    0.13180006722
159.25    0.132024135337
159.375    0.133440565932
159.5    0.133600614587
159.625    0.133856692435
159.75    0.1338726973
159.875    0.128303004113
160.0    0.129215281446
160.125    0.128687120885
160.25    0.128687120885
160.375    0.128743137914
160.5    0.126702517565
160.625    0.126982602711
160.75    0.127670811927
160.875    0.125654198876
161.0    0.131848081817
161.125    0.131888093981
161.25    0.131888093981
161.375    0.131888093981
161.5    0.134184792177
161.625    0.130039532018
161.75    0.13095180935
161.875    0.13229621805
162.0    0.132672332389
162.125    0.132232198588
162.25    0.133360541605
162.375    0.133616619452
162.5    0.129815463901
162.625    0.129815463901
162.75    0.129575390919
162.875    0.129639410381
163.0    0.131632016133
163.125    0.131688033162
163.25    0.131896096413
163.375    0.133008434564
163.5    0.129447351995
163.625    0.128831164674
163.75    0.129807461468
163.875    0.129807461468
164.0    0.127958899505
164.125    0.12785486788
164.25    0.127574782734
164.375    0.126574478642
164.5    0.13185608425
164.625    0.13185608425
164.75    0.13144796018
164.875    0.132024135337
165.0    0.137601830957
165.125    0.129039227925
165.25    0.129183271715
165.375    0.12969542741
165.5    0.136105376034
165.625    0.136105376034
165.75    0.133344536739
165.875    0.133344536739
166.0    0.134312831101
166.125    0.134688945439
166.25    0.134688945439
166.375    0.134744962469
166.5    0.134408860294
166.625    0.134704950305
166.75    0.134496887054
166.875    0.133168483219
167.0    0.131239896929
167.125    0.131223892063
167.25    0.13103983611
167.375    0.131191882332
167.5    0.121532946016
167.625    0.121404907092
167.75    0.120964773291
167.875    0.121717001969
168.0    0.13077575583
168.125    0.130783758263
168.25    0.130831772859
168.375    0.130831772859
168.5    0.124285782878
168.625    0.124373809638
168.75    0.124133736656
168.875    0.132784366447
169.0    0.132240201021
169.125    0.132592308062
169.25    0.120748707607
169.375    0.121228853571
169.5    0.123805636914
169.625    0.124197756118
169.75    0.12417374882
169.875    0.124205758551
170.0    0.127878875178
170.125    0.127878875178
170.25    0.128551079528
170.375    0.128551079528
170.5    0.135513196012
170.625    0.135785278725
170.75    0.135673244666
170.875    0.135585217906
171.0    0.133016436997
171.125    0.133000432131
171.25    0.133184488084
171.375    0.133256509979
171.5    0.130223587971
171.625    0.130423648789
171.75    0.130567692579
171.875    0.130567692579
172.0    0.137249723916
172.125    0.134536899217
172.25    0.13346457323
172.375    0.135217106
172.5    0.125622189146
172.625    0.125766232935
172.75    0.125622189146
172.875    0.124061714761
173.0    0.131247899361
173.125    0.132888398073
173.25    0.131976120741
173.375    0.13127190666
173.5    0.122565259839
173.625    0.13112786287
173.75    0.121668987372
173.875    0.123045405803
174.0    0.13711368256
174.125    0.12034858597
174.25    0.124949984795
174.375    0.122245162529
174.5    0.12659848594
174.625    0.127838863014
174.75    0.127750836254
174.875    0.127598790032
175.0    0.131511979642
175.125    0.1316240137
175.25    0.131656023431
175.375    0.120676685712
175.5    0.124181751252
175.625    0.124181751252
175.75    0.124245770714
175.875    0.123909668539
176.0    0.126974600279
176.125    0.128222979786
176.25    0.128487060066
176.375    0.128295001681
176.5    0.13320049295
176.625    0.132600310494
176.75    0.138658152078
176.875    0.133312527008
177.0    0.131848081817
177.125    0.131848081817
177.25    0.132088154799
177.375    0.131960115875
177.5    0.132224196156
177.625    0.132240201021
177.75    0.131479969911
177.875    0.120140522719
178.0    0.127486755974
178.125    0.127550775436
178.25    0.127550775436
178.375    0.126358412958
178.5    0.128367023575
178.625    0.128391030873
178.75    0.128166962757
178.875    0.12884716954
179.0    0.13378467054
179.125    0.131263904227
179.25    0.132224196156
179.375    0.132376242378
180.0    0.137161697156
180.125    0.136777580384
180.25    0.124141739089
180.375    0.123077415534
180.5    0.135217106
180.625    0.135161088971
180.75    0.134504889486
180.875    0.134520894352
181.0    0.123349498247
181.125    0.124693906948
181.25    0.125254077239
181.375    0.125254077239
181.5    0.1217490117
181.625    0.130119556345
181.75    0.130199580673
181.875    0.121725004401
182.0    0.129999519854
182.125    0.129999519854
182.25    0.129999519854
182.375    0.129999519854
182.5    0.128671116019
182.625    0.128679118452
182.75    0.129991517421
182.875    0.130351626895
183.0    0.127494758407
183.125    0.127494758407
183.25    0.127550775436
183.375    0.127654807061
183.5    0.126990605144
183.625    0.127254685424
183.75    0.128174965189
183.875    0.127478753541
184.0    0.127542773003
184.125    0.110609625326
184.25    0.115595140923
184.375    0.115467101999
184.5    0.127406731646
184.625    0.12753477057
184.75    0.12753477057
184.875    0.127382724348
185.0    0.131311918823
185.125    0.131439957747
185.25    0.128679118452
185.375    0.128679118452
185.5    0.129047230358
185.625    0.126158352139
185.75    0.126158352139
185.875    0.12636641539
186.0    0.127726828956
186.125    0.127726828956
186.25    0.12946335686
186.375    0.129655415246
186.5    0.121652982507
186.625    0.130823770426
186.75    0.131319921256
186.875    0.122989388774
187.0    0.127582785167
187.125    0.127694819225
187.25    0.128991213329
187.375    0.125134040748
187.5    0.129367327668
187.625    0.129991517421
187.75    0.129991517421
187.875    0.124381812071
188.0    0.128719130616
188.125    0.128735135481
188.25    0.128983210896
188.375    0.129031225493
188.5    0.132544293465
188.625    0.132584305629
188.75    0.132240201021
188.875    0.126854563787
189.0    0.132544293465
189.125    0.131287911525
189.25    0.13346457323
189.375    0.133952721627
189.5    0.124293785311
189.625    0.124357804773
189.75    0.124357804773
189.875    0.124301787743
190.0    0.131503977209
190.125    0.131567996671
190.25    0.131567996671
190.375    0.131415950449
190.5    0.129967510123
190.625    0.129447351995
190.75    0.129911493094
190.875    0.130527680415
191.0    0.127718826523
191.125    0.127718826523
191.25    0.127718826523
191.375    0.127750836254
191.5    0.138562122885
191.625    0.137681855284
191.75    0.138330052336
191.875    0.130303612298
192.0    0.130207583105
192.125    0.129263296042
192.25    0.129471359293
192.375    0.130303612298
192.5    0.125662201309
192.625    0.126174357005
192.75    0.125886269426
192.875    0.125622189146
193.0    0.128519069797
193.125    0.12870312575
193.25    0.127254685424
193.375    0.128871176838
193.5    0.131055840976
193.625    0.131055840976
193.75    0.13112786287
193.875    0.131720042893
194.0    0.127606792465
194.125    0.128671116019
194.25    0.130127558778
194.375    0.128238984651
194.5    0.131776059922
194.625    0.131704038028
194.75    0.131704038028
194.875    0.131407948016
195.0    0.131984123173
195.125    0.132104159665
195.25    0.130295609865
195.375    0.130431651222
195.5    0.129087242522
195.625    0.12946335686
195.75    0.129663417679
195.875    0.129679422544
196.0    0.136481490373
196.125    0.130871785023
196.25    0.130871785023
196.375    0.13112786287
196.5    0.131143867736
196.625    0.131383940718
196.75    0.131255901794
196.875    0.131327923689
197.0    0.13144796018
197.125    0.131696035595
197.25    0.131744050191
197.375    0.131768057489
197.5    0.123229461756
197.625    0.1235335542
197.75    0.132136169395
197.875    0.132136169395
198.0    0.129847473632
198.125    0.129967510123
198.25    0.130287607433
198.375    0.130799763128
198.5    0.12884716954
198.625    0.129391334966
198.75    0.129759446872
198.875    0.13045565852
199.0    0.130423648789
199.125    0.12946335686
199.25    0.12946335686
199.375    0.140762791889
199.5    0.129255293609
199.625    0.129343320369
199.75    0.135089067076
199.875    0.135281125462
200.0    0.12470190938
200.125    0.124189753685
200.25    0.124189753685
200.375    0.124413821802
200.5    0.125214065076
200.625    0.125014004257
200.75    0.125070021286
200.875    0.126078327812
201.0    0.127414734079
201.125    0.127470751108
201.25    0.127470751108
201.375    0.127638802196
201.5    0.12610233511
201.625    0.12785486788
201.75    0.127702821658
201.875    0.128511067364
202.0    0.12645444215
202.125    0.12645444215
202.25    0.12645444215
202.375    0.115843216338
202.5    0.127014612442
202.625    0.126758534595
202.75    0.126790544325
202.875    0.126942590548
203.0    0.115923240665
203.125    0.116139306349
203.25    0.116635457179
203.375    0.127630799763
203.5    0.129175269282
203.625    0.130711736368
203.75    0.13045565852
203.875    0.130743746099
204.0    0.133392551336
204.125    0.133184488084
204.25    0.130495670684
204.375    0.133808677838
204.5    0.133168483219
204.625    0.133216497815
204.75    0.131167875034
204.875    0.134945023287
205.0    0.122941374178
205.125    0.122941374178
205.25    0.122941374178
205.375    0.123109425265
205.5    0.127894880044
205.625    0.127518765705
205.75    0.126670507834
205.875    0.128559081961
206.0    0.131279909092
206.125    0.128927193867
206.25    0.13077575583
206.375    0.131031833677
206.5    0.12753477057
206.625    0.12835101871
206.75    0.128639106288
206.875    0.128286999248
207.0    0.129823466334
207.125    0.129887485796
207.25    0.129887485796
207.375    0.130719738801
207.5    0.134088762984
207.625    0.125614186713
207.75    0.126270386197
207.875    0.126350410525
208.0    0.137985947728
208.125    0.137865911237
208.25    0.138482098558
208.375    0.138482098558
208.5    0.131143867736
208.625    0.131559994238
208.75    0.129383332533
208.875    0.129943502825
209.0    0.136985643636
209.125    0.136985643636
209.25    0.137073670396
209.375    0.136401466046
209.5    0.129015220627
209.625    0.128959203598
209.75    0.129407339831
209.875    0.129703429843
210.0    0.119860437573
210.125    0.120900753829
210.25    0.120900753829
210.375    0.121012787888
210.5    0.134176789744
210.625    0.134176789744
210.75    0.13369664378
210.875    0.134296826235
211.0    0.120556649221
211.125    0.120676685712
211.25    0.120868744098
211.375    0.120876746531
211.5    0.127366719483
211.625    0.13004753445
211.75    0.130111553912
211.875    0.130151566076
212.0    0.130031529585
212.125    0.130679726637
212.25    0.130327619596
212.375    0.130439653655
212.5    0.129447351995
212.625    0.129447351995
212.75    0.130223587971
212.875    0.129271298475
213.0    0.131191882332
213.125    0.131303916391
213.25    0.13086378259
213.375    0.12870312575
213.5    0.13620940766
213.625    0.125838254829
213.75    0.131487972344
213.875    0.125966293753
214.0    0.132112162097
214.125    0.132128166963
214.25    0.131936108577
214.375    0.13068772907
214.5    0.11617131608
214.625    0.11649141339
214.75    0.11701957395
214.875    0.117003569085
215.0    0.132560298331
215.125    0.132320225349
215.25    0.132584305629
215.375    0.132696339687
215.5    0.125854259695
215.625    0.120204542181
215.75    0.120276564075
215.875    0.119236247819
216.0    0.120324578672
216.125    0.131519982075
216.25    0.132048142635
216.375    0.130535682848
216.5    0.126094332677
216.625    0.126910580817
216.75    0.126286391063
216.875    0.127054624606
217.0    0.123349498247
217.125    0.124597877755
217.25    0.124629887486
217.375    0.124629887486
217.5    0.122237160097
217.625    0.133536595125
217.75    0.132976424833
217.875    0.124661897217
218.0    0.127662809494
218.125    0.12727069029
218.25    0.127486755974
218.375    0.122285174693
218.5    0.133640626751
218.625    0.133424561067
218.75    0.133504585394
218.875    0.133792672973
219.0    0.120244554345
219.125    0.120772714905
219.25    0.122589267137
219.375    0.122405211184
219.5    0.118307965622
219.625    0.117763800195
219.75    0.118179926698
219.875    0.11698756422
220.0    0.132152174261
220.125    0.132272210752
220.25    0.137889918535
220.375    0.131696035595
220.5    0.121965077384
220.625    0.11935628431
220.75    0.119276259983
220.875    0.119428306205
221.0    0.127830860582
221.125    0.128062931131
221.25    0.127030617308
221.375    0.116011267425
221.5    0.120108512988
221.625    0.120692690578
221.75    0.116275347706
221.875    0.117619756406
222.0    0.133304524575
222.125    0.133512587827
222.25    0.133976728926
222.375    0.135313135193
222.5    0.12610233511
222.625    0.126134344841
222.75    0.126302395928
222.875    0.1257822378
223.0    0.124925977497
223.125    0.125822249964
223.25    0.125310094269
223.375    0.124221763416
223.5    0.13279236888
223.625    0.132808373746
223.75    0.132888398073
223.875    0.129047230358
224.0    0.127014612442
224.125    0.125798242666
224.25    0.125750228069
224.375    0.125750228069
224.5    0.12426177558
224.625    0.124237768282
224.75    0.125622189146
224.875    0.125686208607
225.0    0.121797026296
225.125    0.121773018998
225.25    0.117507722348
225.375    0.120364590836
225.5    0.125182055345
225.625    0.125182055345
225.75    0.125102031017
225.875    0.12475792641
226.0    0.122397208751
226.125    0.12233318929
226.25    0.122797330388
226.375    0.126350410525
226.5    0.130799763128
226.625    0.12969542741
226.75    0.131295913958
226.875    0.124573870457
227.0    0.123989692867
227.125    0.124925977497
227.25    0.123965685568
227.375    0.123989692867
227.5    0.12502200669
227.625    0.12452585586
227.75    0.124653894784
227.875    0.125574174549
228.0    0.134344840832
228.125    0.134328835966
228.25    0.128775147645
228.375    0.127926889774
228.5    0.133592612154
228.625    0.132944415102
228.75    0.121893055489
228.875    0.122797330388
229.0    0.127974904371
229.125    0.124101726925
229.25    0.125422128327
229.375    0.125486147789
229.5    0.120964773291
229.625    0.120212544614
229.75    0.118492021575
229.875    0.118492021575
230.0    0.122565259839
230.125    0.122565259839
230.25    0.122701301196
230.375    0.132912405371
230.5    0.128359021142
230.625    0.128951201165
230.75    0.12951937389
230.875    0.129567388486
231.0    0.121284870601
231.125    0.118988172404
231.25    0.119020182135
231.375    0.119036187001
231.5    0.125366111298
231.625    0.125366111298
231.75    0.125542164818
231.875    0.125502152654
232.0    0.126838558922
232.125    0.126886573518
232.25    0.126886573518
232.375    0.125766232935
232.5    0.123653590692
232.625    0.123653590692
232.75    0.123701605288
232.875    0.123813639346
233.0    0.119700388918
233.125    0.125558169684
233.25    0.128567084394
233.375    0.124557865591
233.5    0.12528608697
233.625    0.124749923977
233.75    0.119196235656
233.875    0.119220242954
234.0    0.125006001825
234.125    0.128254989517
234.25    0.12826299195
234.375    0.12826299195
234.5    0.123253469055
234.625    0.123285478786
234.75    0.123253469055
234.875    0.122725308494
235.0    0.126174357005
235.125    0.127478753541
235.25    0.126606488372
235.375    0.126878571086
235.5    0.127118644068
235.625    0.127078631904
235.75    0.127646804629
235.875    0.127126646501
236.0    0.126998607577
236.125    0.116075286887
236.25    0.119012179703
236.375    0.119020182135
236.5    0.129423344697
236.625    0.129423344697
236.75    0.129847473632
236.875    0.129319313071
237.0    0.118403994814
237.125    0.118403994814
237.25    0.118468014276
237.375    0.118403994814
237.5    0.1289351963
237.625    0.129119252253
237.75    0.120860741665
237.875    0.121284870601
238.0    0.129087242522
238.125    0.129647412813
238.25    0.129471359293
238.375    0.128126950593
238.5    0.125894271859
238.625    0.119116211328
238.75    0.119900449737
238.875    0.119772410813
239.0    0.125638194011
239.125    0.125678206175
239.25    0.126166354572
239.375    0.126286391063
240.0    0.122549254974
240.125    0.122821337687
240.25    0.12160496791
240.375    0.124149741521
240.5    0.129815463901
240.625    0.129879483363
240.75    0.12969542741
240.875    0.130319617164
241.0    0.128879179271
241.125    0.129335317937
241.25    0.130503673117
241.375    0.127278692723
241.5    0.121532946016
241.625    0.121989084682
241.75    0.122981386341
241.875    0.122453225781
242.0    0.124805941006
242.125    0.13068772907
242.25    0.130263600134
242.375    0.130495670684
242.5    0.126734527296
242.625    0.129655415246
242.75    0.129535378755
242.875    0.129631407948
243.0    0.12794289464
243.125    0.128487060066
243.25    0.128551079528
243.375    0.128551079528
243.5    0.123781629615
243.625    0.123861653943
243.75    0.12493397993
243.875    0.133560602423
244.0    0.132816376178
244.125    0.123693602855
244.25    0.124997999392
244.375    0.134120772715
244.5    0.131752052624
244.625    0.131752052624
244.75    0.130839775292
244.875    0.129255293609
245.0    0.116467406091
245.125    0.116963556921
245.25    0.116867527728
245.375    0.116995566652
245.5    0.127518765705
245.625    0.127702821658
245.75    0.128142955458
245.875    0.128567084394
246.0    0.128719130616
246.125    0.128719130616
246.25    0.115010963333
246.375    0.128687120885
246.5    0.126974600279
246.625    0.127046622173
246.75    0.128879179271
246.875    0.128631103856
247.0    0.125070021286
247.125    0.124293785311
247.25    0.124901970199
247.375    0.124901970199
247.5    0.130263600134
247.625    0.128335013844
247.75    0.127870872745
247.875    0.125070021286
248.0    0.126382420256
248.125    0.126446439718
248.25    0.126438437285
248.375    0.126486451881
248.5    0.128751140347
248.625    0.12902322306
248.75    0.128823162241
248.875    0.129863478497
249.0    0.130959811783
249.125    0.119780413246
249.25    0.11999647893
249.375    0.12879115251
249.5    0.131880091548
249.625    0.132944415102
249.75    0.133472575663
249.875    0.133472575663
250.0    0.13004753445
250.125    0.13004753445
250.25    0.130215585538
250.375    0.129863478497
250.5    0.126478449449
250.625    0.126430434852
250.75    0.124637889919
250.875    0.129303308206
251.0    0.13121588963
251.125    0.131367935852
251.25    0.127598790032
251.375    0.127614794898
251.5    0.119212240521
251.625    0.119396296474
251.75    0.121524943583
251.875    0.120908756262
252.0    0.12125286087
252.125    0.1199404619
252.25    0.1199404619
252.375    0.128158960324
252.5    0.1280309214
252.625    0.128078935997
252.75    0.128054928698
252.875    0.128078935997
253.0    0.129487364159
253.125    0.13004753445
253.25    0.128359021142
253.375    0.129815463901
253.5    0.130479665818
253.625    0.130383636626
253.75    0.130559690146
253.875    0.130423648789
254.0    0.120212544614
254.125    0.119476320802
254.25    0.11941230134
254.375    0.120028488661
254.5    0.130399641491
254.625    0.129775451737
254.75    0.129775451737
254.875    0.130335622029
255.0    0.131744050191
255.125    0.129487364159
255.25    0.130487668251
255.375    0.13001552472
255.5    0.127462748676
255.625    0.127574782734
255.75    0.127470751108
255.875    0.127414734079
256.0    0.128687120885
256.125    0.129183271715
256.25    0.129183271715
256.375    0.129183271715
256.5    0.126822554056
256.625    0.127158656232
256.75    0.128006914102
256.875    0.127742833821
257.0    0.128407035739
257.125    0.129719434708
257.25    0.129007218194
257.375    0.136521502537
257.5    0.137177702021
257.625    0.137593828524
257.75    0.131495974776
257.875    0.131199884765
258.0    0.115267041181
258.125    0.112674252973
258.25    0.110121476929
258.375    0.109905411245
258.5    0.123885661241
258.625    0.123957683136
258.75    0.123613578528
258.875    0.123997695299
259.0    0.137697860149
259.125    0.137633840688
259.25    0.126398425121
259.375    0.135385157088
259.5    0.124589875322
259.625    0.124589875322
259.75    0.125094028585
259.875    0.133944719195
260.0    0.117955858581
260.125    0.118179926698
260.25    0.118516028873
260.375    0.118267953458
260.5    0.131664025864
260.625    0.132360237512
260.75    0.120916758695
260.875    0.120972775724
261.0    0.12286134985
261.125    0.122981386341
261.25    0.123277476353
261.375    0.122613274435
261.5    0.121941070085
261.625    0.121989084682
261.75    0.119204238088
261.875    0.11900417727
262.0    0.101574878763
262.125    0.12134088763
262.25    0.130527680415
262.375    0.119164225925
262.5    0.120572654087
262.625    0.134696947872
262.75    0.122789327956
262.875    0.122901362014
263.0    0.120356588403
263.125    0.113682559498
263.25    0.115467101999
263.375    0.116331364735
263.5    0.125494150222
263.625    0.125358108865
263.75    0.124717914246
263.875    0.124797938573
264.0    0.123549559066
264.125    0.12367759799
264.25    0.12367759799
264.375    0.134808981931
264.5    0.129655415246
264.625    0.129271298475
264.75    0.129487364159
264.875    0.129839471199
265.0    0.120596661385
265.125    0.120596661385
265.25    0.120388598134
265.375    0.120412605432
265.5    0.123477537171
265.625    0.123341495815
265.75    0.12134088763
265.875    0.130671724204
266.0    0.130999823946
266.125    0.130999823946
266.25    0.123797634481
266.375    0.121044797618
266.5    0.128182967622
266.625    0.127582785167
266.75    0.127894880044
266.875    0.127910884909
267.0    0.127302700021
267.125    0.127638802196
267.25    0.12785486788
267.375    0.127022614875
267.5    0.128431043037
267.625    0.126678510267
267.75    0.127382724348
267.875    0.128254989517
268.0    0.125390118596
268.125    0.126254381332
268.25    0.125942286455
268.375    0.125638194011
268.5    0.119348281878
268.625    0.119348281878
268.75    0.120100510555
268.875    0.12066868328
269.0    0.127334709752
269.125    0.127774843552
269.25    0.128959203598
269.375    0.129455354428
269.5    0.126494454314
269.625    0.124909972632
269.75    0.136489492806
269.875    0.126998607577
270.0    0.124797938573
270.125    0.124917975064
270.25    0.125142043181
270.375    0.125142043181
270.5    0.120868744098
270.625    0.120892751396
270.75    0.120124517853
270.875    0.129247291177
271.0    0.125726220771
271.125    0.123029400938
271.25    0.12943134713
271.375    0.123325490949
271.5    0.131968118308
271.625    0.143459611722
271.75    0.14056273107
271.875    0.129295305773
272.0    0.122229157664
272.125    0.122325186857
272.25    0.13063171204
272.375    0.13086378259
272.5    0.125342104
272.625    0.125342104
272.75    0.126438437285
272.875    0.126502456747
273.0    0.126982602711
273.125    0.127518765705
273.25    0.12762279733
273.375    0.127926889774
273.5    0.122565259839
273.625    0.122541252541
273.75    0.122893359581
273.875    0.123317488517
274.0    0.132376242378
274.125    0.132416254541
274.25    0.126894575951
274.375    0.135409164386
274.5    0.134024743522
274.625    0.134824986796
274.75    0.135113074375
274.875    0.132560298331
275.0    0.129831468767
275.125    0.131471967478
275.25    0.123901666107
275.375    0.124285782878
275.5    0.130063539316
275.625    0.131119860438
275.75    0.128375026008
275.875    0.128375026008
276.0    0.129359325235
276.125    0.129359325235
276.25    0.127630799763
276.375    0.136001344409
276.5    0.131047838543
276.625    0.136809590115
276.75    0.136809590115
276.875    0.136777580384
277.0    0.125390118596
277.125    0.125774235368
277.25    0.126798546758
277.375    0.126798546758
277.5    0.132872393208
277.625    0.132872393208
277.75    0.133280517277
277.875    0.130903794754
278.0    0.127198668395
278.125    0.135681247099
278.25    0.135489188713
278.375    0.127582785167
278.5    0.12695059298
278.625    0.127382724348
278.75    0.123885661241
278.875    0.132432259407
279.0    0.136801587683
279.125    0.136081368736
279.25    0.136345449017
279.375    0.136009346841
279.5    0.121500936285
279.625    0.133232502681
279.75    0.138746178838
279.875    0.133272514845
280.0    0.133256509979
280.125    0.12826299195
280.25    0.133944719195
280.375    0.131191882332
280.5    0.132960419968
280.625    0.133304524575
280.75    0.134088762984
280.875    0.133408556201
281.0    0.138434083962
281.125    0.129911493094
281.25    0.129927497959
281.375    0.129847473632
281.5    0.13270434212
281.625    0.133056449161
281.75    0.130559690146
281.875    0.138866215329
282.0    0.129831468767
282.125    0.130095549047
282.25    0.130351626895
282.375    0.130567692579
282.5    0.128679118452
282.625    0.128679118452
282.75    0.128679118452
282.875    0.129071237656
283.0    0.132432259407
283.125    0.132816376178
283.25    0.134848994094
283.375    0.135273123029
283.5    0.116099294185
283.625    0.130095549047
283.75    0.133624621885
283.875    0.131263904227
284.0    0.132464269138
284.125    0.132712344553
284.25    0.131888093981
284.375    0.131888093981
284.5    0.126854563787
284.625    0.133312527008
284.75    0.132064147501
284.875    0.132232198588
285.0    0.120476624894
285.125    0.121276868168
285.25    0.120876746531
285.375    0.121084809782
285.5    0.134024743522
285.625    0.134120772715
285.75    0.133568604856
285.875    0.134120772715
286.0    0.133408556201
286.125    0.130575695011
286.25    0.131672028297
286.375    0.132272210752
286.5    0.123293481218
286.625    0.134592916247
286.75    0.135249115731
286.875    0.134856996527
287.0    0.12233318929
287.125    0.121965077384
287.25    0.121997087114
287.375    0.122053104144
287.5    0.133928714329
287.625    0.13486499896
287.75    0.13486499896
287.875    0.130719738801
288.0    0.121084809782
288.125    0.121268865735
288.25    0.101494854436
288.375    0.101654903091
288.5    0.133392551336
288.625    0.133392551336
288.75    0.134208799475
288.875    0.133728653511
289.0    0.129487364159
289.125    0.129623405515
289.25    0.127350714617
289.375    0.127470751108
289.5    0.120092508122
289.625    0.12058065652
289.75    0.120324578672
289.875    0.120396600567
290.0    0.129143259551
290.125    0.138025959892
290.25    0.121308877899
290.375    0.128727133048
290.5    0.110849698308
290.625    0.130623709608
290.75    0.116731486372
290.875    0.116531425553
291.0    0.133008434564
291.125    0.133440565932
291.25    0.130711736368
291.375    0.130711736368
291.5    0.118668075095
291.625    0.121452921688
291.75    0.118780109153
291.875    0.118492021575
292.0    0.127318704886
292.125    0.127318704886
292.25    0.127150653799
292.375    0.127150653799
292.5    0.127398729214
292.625    0.136729565788
292.75    0.137105680127
292.875    0.137617835822
293.0    0.127846865447
293.125    0.129399337399
293.25    0.128543077095
293.375    0.12727069029
293.5    0.128991213329
293.625    0.129319313071
293.75    0.129863478497
293.875    0.127278692723
294.0    0.130079544181
294.125    0.129447351995
294.25    0.130079544181
294.375    0.130079544181
294.5    0.118668075095
294.625    0.119116211328
294.75    0.118868135913
294.875    0.118988172404
295.0    0.126486451881
295.125    0.126542468911
295.25    0.127078631904
295.375    0.123997695299
295.5    0.126166354572
295.625    0.126166354572
295.75    0.126158352139
295.875    0.119652374322
296.0    0.12987148093
296.125    0.129943502825
296.25    0.128559081961
296.375    0.135569213041
296.5    0.12943134713
296.625    0.129479361726
296.75    0.129031225493
296.875    0.126670507834
297.0    0.127510763272
297.125    0.128102943295
297.25    0.128158960324
297.375    0.127574782734
297.5    0.129631407948
297.625    0.129639410381
297.75    0.129591395784
297.875    0.129591395784
298.0    0.131495974776
298.125    0.131495974776
298.25    0.132592308062
298.375    0.132592308062
298.5    0.118692082393
298.625    0.118732094557
298.75    0.117619756406
298.875    0.116179318513
299.0    0.126438437285
299.125    0.126806549191
299.25    0.12703861974
299.375    0.126806549191
300.0    0.128759142779
300.125    0.12969542741
300.25    0.121260863302
300.375    0.12169299467
300.5    0.121324882764
300.625    0.129863478497
300.75    0.121540948448
300.875    0.121620972776
301.0    0.119580352427
301.125    0.119604359725
301.25    0.119612362158
301.375    0.119484323234
301.5    0.129407339831
301.625    0.129191274147
301.75    0.129191274147
301.875    0.118251948592
302.0    0.129751444439
302.125    0.129487364159
302.25    0.119540340263
302.375    0.125814247531
302.5    0.12116483411
302.625    0.12116483411
302.75    0.121612970343
302.875    0.121821033594
303.0    0.122741313359
303.125    0.122637281734
303.25    0.123413517709
303.375    0.12344552744
303.5    0.129511371457
303.625    0.129719434708
303.75    0.12718266353
303.875    0.126910580817
304.0    0.108569004978
304.125    0.111545909957
304.25    0.137073670396
304.375    0.133080456459
304.5    0.130623709608
304.625    0.129495366591
304.75    0.130111553912
304.875    0.130335622029
305.0    0.128719130616
305.125    0.129415342264
305.25    0.129415342264
305.375    0.128823162241
305.5    0.13180006722
305.625    0.132272210752
305.75    0.132368239945
305.875    0.132168179126
306.0    0.133384548903
306.125    0.125310094269
306.25    0.133792672973
306.375    0.125134040748
306.5    0.12659848594
306.625    0.126734527296
306.75    0.126734527296
306.875    0.127550775436
307.0    0.125206062643
307.125    0.123437525008
307.25    0.118436004545
307.375    0.129767449305
307.5    0.130495670684
307.625    0.130943806917
307.75    0.131063843408
307.875    0.112466189722
308.0    0.122741313359
308.125    0.122653286599
308.25    0.12411773179
308.375    0.12411773179
308.5    0.127422736512
308.625    0.127470751108
308.75    0.127318704886
308.875    0.129055232791
309.0    0.126502456747
309.125    0.126430434852
309.25    0.12659848594
309.375    0.12735871705
309.5    0.126294393496
309.625    0.126294393496
309.75    0.125670203742
309.875    0.125958291321
310.0    0.130831772859
310.125    0.131487972344
310.25    0.13086378259
310.375    0.128343016277
310.5    0.1293753301
310.625    0.129671420112
310.75    0.130039532018
310.875    0.126214369168
311.0    0.130231590403
311.125    0.130991821514
311.25    0.130223587971
311.375    0.130111553912
311.5    0.12058065652
311.625    0.120972775724
311.75    0.118003873177
311.875    0.11818792913
312.0    0.130031529585
312.125    0.130031529585
312.25    0.129999519854
312.375    0.13095180935
312.5    0.127414734079
312.625    0.126910580817
312.75    0.126910580817
312.875    0.126910580817
313.0    0.133912709464
313.125    0.128230982219
313.25    0.122349194155
313.375    0.123197452025
313.5    0.129319313071
313.625    0.129319313071
313.75    0.129103247387
313.875    0.129415342264
314.0    0.121684992238
314.125    0.121116819513
314.25    0.121965077384
314.375    0.121260863302
314.5    0.122445223348
314.625    0.122445223348
314.75    0.123293481218
314.875    0.137209711752
315.0    0.133496582961
315.125    0.133496582961
315.25    0.13238424481
315.375    0.131071845841
315.5    0.130279605
315.625    0.130335622029
315.75    0.130583697444
315.875    0.130479665818
316.0    0.116779500968
316.125    0.128078935997
316.25    0.127238680559
316.375    0.127654807061
316.5    0.118075895072
316.625    0.118564043469
316.75    0.118532033738
316.875    0.118548038604
317.0    0.128303004113
317.125    0.12811894816
