0.0    0.119959484769
0.125    0.113643313076
0.25    0.125654550319
0.375    0.122912127814
0.5    0.121431028552
0.625    0.108827351603
0.75    0.113146428162
0.875    0.11779039101
1.0    0.12349501204
1.125    0.122319688109
1.25    0.120437258724
1.375    0.118984825899
1.5    0.111273554256
1.625    0.119290601231
1.75    0.114598860987
1.875    0.121937468945
2.0    0.12091503268
2.125    0.121469250468
2.25    0.121488361426
2.375    0.12005503956
2.5    0.131512059015
2.625    0.108196689982
2.75    0.12940985361
2.875    0.121201697053
3.0    0.11725528418
3.125    0.12833963995
3.25    0.113748423346
3.375    0.117245728701
3.5    0.109515346099
3.625    0.115649963689
3.75    0.116758399266
3.875    0.132066276803
4.0    0.113671979513
4.125    0.120819477889
4.25    0.120733478577
4.375    0.120313037496
4.5    0.118784160838
4.625    0.119481710813
4.75    0.122424798379
4.875    0.120685701181
5.0    0.126762985896
5.125    0.129132744716
5.25    0.119453044376
5.375    0.116471734893
5.5    0.115602186294
5.625    0.11564040821
5.75    0.119739708749
5.875    0.117389060888
6.0    0.117599281428
6.125    0.119395711501
6.25    0.118726827963
6.375    0.118000611551
6.5    0.117694836219
6.625    0.125205442801
6.75    0.116414402018
6.875    0.11488552536
7.0    0.118631273172
7.125    0.118096166342
7.25    0.116739288308
7.375    0.116844398578
7.5    0.113633757597
7.625    0.12865497076
7.75    0.123552344915
7.875    0.116634178038
8.0    0.121067920346
8.125    0.12209991209
8.25    0.125587661965
8.375    0.12618010167
8.5    0.120188816267
8.625    0.123055460001
8.75    0.12682987425
8.875    0.119749264228
9.0    0.118507051944
9.125    0.124116118182
9.25    0.118593051256
9.375    0.122873905898
9.5    0.124125673661
9.625    0.121153919658
9.75    0.123313457937
9.875    0.121364140198
10.0    0.116701066391
10.125    0.113127317204
10.25    0.122721018232
10.375    0.122749684669
10.5    0.125262775676
10.625    0.124689446929
10.75    0.117847723885
10.875    0.116423957497
11.0    0.12435500516
11.125    0.123237014104
11.25    0.121937468945
11.375    0.12123036349
11.5    0.121106142262
11.625    0.121899247028
11.75    0.122252799755
11.875    0.122357910026
12.0    0.123953675037
12.125    0.126046324963
12.25    0.124708557887
12.375    0.12327523602
12.5    0.123112792875
12.625    0.123533233956
12.75    0.124689446929
12.875    0.126027214005
13.0    0.128502083094
13.125    0.120217482705
13.25    0.12994496044
13.375    0.129572296755
13.5    0.12080036693
13.625    0.124163895578
13.75    0.118077055384
13.875    0.123313457937
14.0    0.120895921722
14.125    0.120513702557
14.25    0.117943278676
14.375    0.120895921722
14.5    0.13704468142
14.625    0.118774605359
14.75    0.118354164278
14.875    0.125358330467
15.0    0.123963230516
15.125    0.123858120246
15.25    0.120714367618
15.375    0.119739708749
15.5    0.121316362802
15.625    0.123409012728
15.75    0.128186752284
15.875    0.121947024424
16.0    0.122157244964
16.125    0.12306501548
16.25    0.12048503612
16.375    0.119978595727
16.5    0.119806597103
16.625    0.119758819707
16.75    0.119433933417
16.875    0.122606352483
17.0    0.117857279364
17.125    0.120179260788
17.25    0.124689446929
17.375    0.123657455185
17.5    0.11768528074
17.625    0.118889271108
17.75    0.114895080839
17.875    0.115525742461
18.0    0.132983602798
18.125    0.126237434545
18.25    0.125855215381
18.375    0.126896762604
18.5    0.12801475366
18.625    0.126466766044
18.75    0.123533233956
18.875    0.12478500172
19.0    0.123303902458
19.125    0.120867255284
19.25    0.120647479265
19.375    0.129658296067
19.5    0.125367885946
19.625    0.1202652601
19.75    0.118898826587
19.875    0.116758399266
20.0    0.110184229637
20.125    0.116385735581
20.25    0.116462179414
20.375    0.109056683102
20.5    0.126151435233
20.625    0.121727248404
20.75    0.121402362114
20.875    0.124718113366
21.0    0.12360012231
21.125    0.109276459122
21.25    0.127240759852
21.375    0.112181324772
21.5    0.123657455185
21.625    0.126820318771
21.75    0.123504567519
21.875    0.123084126438
22.0    0.110451783052
22.125    0.113041317892
22.25    0.131578947368
22.375    0.122549019608
22.5    0.122386576463
22.625    0.126361655773
22.75    0.12704009479
22.875    0.128482972136
23.0    0.122491686733
23.125    0.126027214005
23.25    0.102606734702
23.375    0.11295531858
23.5    0.122319688109
23.625    0.119634598479
23.75    0.122921683293
23.875    0.120179260788
24.0    0.124670335971
24.125    0.125377441425
24.25    0.124039674349
24.375    0.124230783932
24.5    0.126638764668
24.625    0.121067920346
24.75    0.121469250468
24.875    0.122176355922
25.0    0.118831938233
25.125    0.119653709437
25.25    0.119711042312
25.375    0.128846080342
25.5    0.120150594351
25.625    0.122405687421
25.75    0.125797882506
25.875    0.128043420097
26.0    0.128425639262
26.125    0.124718113366
26.25    0.124765890762
26.375    0.122023468257
26.5    0.127355425601
26.625    0.128072086534
26.75    0.125052555135
26.875    0.131082062455
27.0    0.122405687421
27.125    0.122233688797
27.25    0.122233688797
27.375    0.122319688109
27.5    0.118679050568
27.625    0.119185490961
27.75    0.119433933417
27.875    0.120016817643
28.0    0.122615907962
28.125    0.122654129878
28.25    0.123753009976
28.375    0.123284791499
28.5    0.120676145702
28.625    0.12145013951
28.75    0.121832358674
28.875    0.116748843787
29.0    0.114904636318
29.125    0.122119023048
29.25    0.123332568895
29.375    0.123791231892
29.5    0.11574551848
29.625    0.123131903834
29.75    0.121583916218
29.875    0.121173030616
30.0    0.120867255284
30.125    0.122080801131
30.25    0.121583916218
30.375    0.120198371746
30.5    0.120389481329
30.625    0.123581011352
30.75    0.120628368306
30.875    0.115047968505
31.0    0.110298895387
31.125    0.110088674846
31.25    0.10993578718
31.375    0.12145013951
31.5    0.120666590223
31.625    0.121259029928
31.75    0.121564805259
31.875    0.121048809387
32.0    0.112429767229
32.125    0.115583075335
32.25    0.112162213813
32.375    0.122138134006
32.5    0.123514122998
32.625    0.124880556511
32.75    0.12532010855
32.875    0.116223292436
33.0    0.121631693613
33.125    0.12112525322
33.25    0.122625463441
33.375    0.123915453121
33.5    0.116681955433
33.625    0.117513282116
33.75    0.116576845163
33.875    0.117293506096
34.0    0.114904636318
34.125    0.117484615679
34.25    0.117694836219
34.375    0.10574093185
34.5    0.115372854795
34.625    0.116251958873
34.75    0.111846883003
34.875    0.119844819019
35.0    0.117283950617
35.125    0.117045063639
35.25    0.113347093223
35.375    0.114837747965
35.5    0.115544853419
35.625    0.115774184918
35.75    0.11574551848
35.875    0.110595115239
36.0    0.117838168406
36.125    0.118860604671
36.25    0.116529067767
36.375    0.116337958185
36.5    0.118956159462
36.625    0.116729732829
36.75    0.114503306196
36.875    0.113394870619
37.0    0.126705653021
37.125    0.125014333219
37.25    0.125549440049
37.375    0.119768375186
37.5    0.120217482705
37.625    0.119099491649
37.75    0.119720597791
37.875    0.12037037037
38.0    0.116615067079
38.125    0.11586018423
38.25    0.121067920346
38.375    0.112343767917
38.5    0.119051714253
38.625    0.117197951305
38.75    0.125673661277
38.875    0.125759660589
39.0    0.114216641822
39.125    0.117283950617
39.25    0.117379505408
39.375    0.115583075335
39.5    0.121001031992
39.625    0.117207506784
39.75    0.115927072583
39.875    0.119156824523
40.0    0.113184650078
40.125    0.1166055116
40.25    0.115898406146
40.375    0.12327523602
40.5    0.113203761037
40.625    0.109735122119
40.75    0.107604250277
40.875    0.113461758973
41.0    0.113834422658
41.125    0.11478041509
41.25    0.118086610863
41.375    0.115869739709
41.5    0.120934143638
41.625    0.118258609487
41.75    0.12166991553
41.875    0.119711042312
42.0    0.117341283492
42.125    0.109677789244
42.25    0.113404426098
42.375    0.115888850667
42.5    0.122558575087
42.625    0.12876008103
42.75    0.128750525551
42.875    0.12575010511
43.0    0.117857279364
43.125    0.118583495776
43.25    0.118354164278
43.375    0.121325918282
43.5    0.122883461377
43.625    0.121870580591
43.75    0.117064174598
43.875    0.1217750258
44.0    0.121201697053
44.125    0.12155524978
44.25    0.123676566143
44.375    0.121717692925
44.5    0.120246149142
44.625    0.121087031304
44.75    0.125281886634
44.875    0.121966135382
45.0    0.117608836907
45.125    0.124498337347
45.25    0.113853533616
45.375    0.113136872683
45.5    0.119605932041
45.625    0.121392806635
45.75    0.110212896075
45.875    0.1202652601
46.0    0.123638344227
46.125    0.115219967129
46.25    0.126409433169
46.375    0.122663685357
46.5    0.118822382754
46.625    0.117991056072
46.75    0.118449719069
46.875    0.117006841723
47.0    0.122912127814
47.125    0.124622558575
47.25    0.138181783435
47.375    0.115611741773
47.5    0.114789970569
47.625    0.120609257348
47.75    0.12844475022
47.875    0.120771700493
48.0    0.117494171158
48.125    0.123590566831
48.25    0.114092420594
48.375    0.12414478462
48.5    0.117561059512
48.625    0.117991056072
48.75    0.118057944425
48.875    0.118421052632
49.0    0.117283950617
49.125    0.122061690173
49.25    0.123743454497
49.375    0.120867255284
49.5    0.122329243588
49.625    0.118573940297
49.75    0.118908382066
49.875    0.116949508848
50.0    0.119768375186
50.125    0.119672820395
50.25    0.126084546879
50.375    0.116987730765
50.5    0.122835683981
50.625    0.118669495088
50.75    0.119070825211
50.875    0.118621717693
51.0    0.121039253908
51.125    0.121249474449
51.25    0.118851049192
51.375    0.109601345411
51.5    0.120064595039
51.625    0.120580590911
51.75    0.120121927913
51.875    0.105559377747
52.0    0.115544853419
52.125    0.115974849979
52.25    0.117742613615
52.375    0.118659939609
52.5    0.113824867179
52.625    0.112869319268
52.75    0.112983985017
52.875    0.119701486833
53.0    0.129314298819
53.125    0.114474639758
53.25    0.126676986584
53.375    0.110881779612
53.5    0.108894239957
53.625    0.108750907771
53.75    0.108980239269
53.875    0.120953254596
54.0    0.110346672782
54.125    0.10929557008
54.25    0.111092000153
54.375    0.110394450178
54.5    0.107594694798
54.625    0.107833581776
54.75    0.121087031304
54.875    0.120227038184
55.0    0.113433092535
55.125    0.122510797691
55.25    0.108072468754
55.375    0.118679050568
55.5    0.112066659022
55.625    0.109878454306
55.75    0.110117341283
55.875    0.110308450866
56.0    0.109696900203
56.125    0.118191721133
56.25    0.117694836219
56.375    0.120293926537
56.5    0.118994381378
56.625    0.119328823147
56.75    0.118937048504
56.875    0.118478385506
57.0    0.115363299316
57.125    0.114742193174
57.25    0.114092420594
57.375    0.116318847227
57.5    0.121832358674
57.625    0.121459694989
57.75    0.122864350419
57.875    0.122549019608
58.0    0.115019302068
58.125    0.11402553224
58.25    0.115869739709
58.375    0.116509956809
58.5    0.114971524672
58.625    0.113968199366
58.75    0.112219546688
58.875    0.114359974009
59.0    0.116643733517
59.125    0.11531552192
59.25    0.113509536368
59.375    0.115449298628
59.5    0.117981500592
59.625    0.114426862363
59.75    0.116681955433
59.875    0.11725528418
60.0    0.11908038069
60.125    0.119367045064
60.25    0.121966135382
60.375    0.119281045752
60.5    0.11338531514
60.625    0.120465925161
60.75    0.125291442113
60.875    0.11273554256
61.0    0.11499063563
61.125    0.115554408898
61.25    0.116051293812
61.375    0.117561059512
61.5    0.119596376562
61.625    0.118851049192
61.75    0.119749264228
61.875    0.119223712877
62.0    0.134923365058
62.125    0.125348774988
62.25    0.125377441425
62.375    0.127775866682
62.5    0.1144555288
62.625    0.117991056072
62.75    0.118287275924
62.875    0.117838168406
63.0    0.112936207621
63.125    0.119281045752
63.25    0.120313037496
63.375    0.120379925849
63.5    0.121087031304
63.625    0.122271910714
63.75    0.120637923786
63.875    0.119424377938
64.0    0.10628559416
64.125    0.106476703742
64.25    0.119166380002
64.375    0.116443068455
64.5    0.12435500516
64.625    0.121316362802
64.75    0.118851049192
64.875    0.12134502924
65.0    0.117618392386
65.125    0.118182165654
65.25    0.106562703054
65.375    0.11543018767
65.5    0.11768528074
65.625    0.117131062952
65.75    0.121335473761
65.875    0.113805756221
66.0    0.116108626687
66.125    0.119491266292
66.25    0.114637082903
66.375    0.120504147078
66.5    0.120227038184
66.625    0.119691931353
66.75    0.118698161526
66.875    0.125950770172
67.0    0.121392806635
67.125    0.119453044376
67.25    0.120341703933
67.375    0.120169705309
67.5    0.11865038413
67.625    0.1166055116
67.75    0.118373275236
67.875    0.11919504644
68.0    0.118526162902
68.125    0.119242823835
68.25    0.119156824523
68.375    0.11876504988
68.5    0.117350838971
68.625    0.120284371058
68.75    0.119969040248
68.875    0.120953254596
69.0    0.121144364178
69.125    0.121259029928
69.25    0.122052134694
69.375    0.118965714941
69.5    0.125023888698
69.625    0.123733899018
69.75    0.121115697741
69.875    0.123810342851
70.0    0.117838168406
70.125    0.112219546688
70.25    0.119739708749
70.375    0.123475901082
70.5    0.122214577839
70.625    0.103791614112
70.75    0.125845659901
70.875    0.127212093414
71.0    0.114111531552
71.125    0.111894660398
71.25    0.10843557696
71.375    0.108416466002
71.5    0.123657455185
71.625    0.1260749914
71.75    0.126791652333
71.875    0.127546535183
72.0    0.124804112678
72.125    0.126218323587
72.25    0.124345449681
72.375    0.12736498108
72.5    0.123026793563
72.625    0.124240339411
72.75    0.126782096854
72.875    0.12360012231
73.0    0.113050873371
73.125    0.113538202806
73.25    0.126313878378
73.375    0.124832779116
73.5    0.117102396514
73.625    0.11854527386
73.75    0.128043420097
73.875    0.124536559263
74.0    0.12661009823
74.125    0.128205863242
74.25    0.128368306387
74.375    0.128416083782
74.5    0.12747009135
74.625    0.127269426289
74.75    0.127880976952
74.875    0.12500477774
75.0    0.115697741085
75.125    0.114121087031
75.25    0.12413522914
75.375    0.111588885067
75.5    0.116242403394
75.625    0.119233268356
75.75    0.120857699805
75.875    0.122424798379
76.0    0.125100332531
76.125    0.125396552383
76.25    0.124976111302
76.375    0.121536138822
76.5    0.124068340787
76.625    0.125205442801
76.75    0.123581011352
76.875    0.124039674349
77.0    0.118182165654
77.125    0.112716431602
77.25    0.117083285556
77.375    0.119472155334
77.5    0.119739708749
77.625    0.122730573711
77.75    0.122568130566
77.875    0.122749684669
78.0    0.118038833467
78.125    0.106362037993
78.25    0.116939953369
78.375    0.117236173222
78.5    0.119672820395
78.625    0.109152237893
78.75    0.107804915338
78.875    0.107843137255
79.0    0.127412758476
79.125    0.120647479265
79.25    0.122195466881
79.375    0.113652868555
79.5    0.108789129687
79.625    0.105760042809
79.75    0.109123571456
79.875    0.120685701181
80.0    0.117293506096
80.125    0.117350838971
80.25    0.117933723197
80.375    0.117618392386
80.5    0.115774184918
80.625    0.115258189046
80.75    0.114073309636
80.875    0.125597217444
81.0    0.11639529106
81.125    0.124641669533
81.25    0.117713947177
81.375    0.116041738333
81.5    0.117608836907
81.625    0.116385735581
81.75    0.115248633566
81.875    0.115095745901
82.0    0.103466727822
82.125    0.105502044873
82.25    0.117293506096
82.375    0.116787065703
82.5    0.117293506096
82.625    0.120121927913
82.75    0.118487940985
82.875    0.116920842411
83.0    0.114742193174
83.125    0.123112792875
83.25    0.112668654206
83.375    0.111703550816
83.5    0.116557734205
83.625    0.11639529106
83.75    0.116978175286
83.875    0.116127737645
84.0    0.11897527042
84.125    0.120379925849
84.25    0.12037037037
84.375    0.120150594351
84.5    0.121163475137
84.625    0.122558575087
84.75    0.120924588159
84.875    0.117780835531
85.0    0.11414019799
85.125    0.113480869931
85.25    0.114598860987
85.375    0.113968199366
85.5    0.119758819707
85.625    0.119089936169
85.75    0.120074150518
85.875    0.120943699117
86.0    0.116127737645
86.125    0.116156404082
86.25    0.116844398578
86.375    0.112372434354
86.5    0.112534877499
86.625    0.112687765165
86.75    0.113098650766
86.875    0.113557313764
87.0    0.117694836219
87.125    0.11908038069
87.25    0.115879295188
87.375    0.115726407522
87.5    0.099978977946
87.625    0.10015097657
87.75    0.104154722318
87.875    0.117341283492
88.0    0.106342927034
88.125    0.106677368803
88.25    0.106543592096
88.375    0.113853533616
88.5    0.115716852043
88.625    0.107107365363
88.75    0.10704047701
88.875    0.101651186791
89.0    0.112257768605
89.125    0.112821541872
89.25    0.112152658334
89.375    0.112238657646
89.5    0.114942858235
89.625    0.114981080151
89.75    0.113299315828
89.875    0.0927550357375
90.0    0.111512441234
90.125    0.111913771357
90.25    0.111579329588
90.375    0.112209991209
90.5    0.112057103543
90.625    0.111904215877
90.75    0.110977334404
90.875    0.111044222757
91.0    0.115344188358
91.125    0.115344188358
91.25    0.113824867179
91.375    0.114226197302
91.5    0.11252532202
91.625    0.112850208309
91.75    0.113738867867
91.875    0.116806176662
92.0    0.106362037993
92.125    0.105215380499
92.25    0.120704812139
92.375    0.108789129687
92.5    0.0994343156366
92.625    0.118029277988
92.75    0.105731376371
92.875    0.114684860299
93.0    0.115669074647
93.125    0.116557734205
93.25    0.114770859611
93.375    0.106333371555
93.5    0.119548599167
93.625    0.119042158774
93.75    0.115955739021
93.875    0.109916676222
94.0    0.11080533578
94.125    0.10886557352
94.25    0.108903795436
94.375    0.107699805068
94.5    0.112467989145
94.625    0.111636662462
94.75    0.115611741773
94.875    0.114684860299
95.0    0.112802430914
95.125    0.113805756221
95.25    0.120571035432
95.375    0.118287275924
95.5    0.109247792684
95.625    0.11543018767
95.75    0.115391965753
95.875    0.112209991209
96.0    0.112601765853
96.125    0.118879715629
96.25    0.118946603983
96.375    0.118994381378
96.5    0.115382410274
96.625    0.114627527424
96.75    0.1159652945
96.875    0.112315101479
97.0    0.102788288805
97.125    0.110174674158
97.25    0.109696900203
97.375    0.12306501548
97.5    0.111025111799
97.625    0.112639987769
97.75    0.113968199366
97.875    0.107986469442
98.0    0.116548178726
98.125    0.116079960249
98.25    0.113337537744
98.375    0.115707296564
98.5    0.11005045293
98.625    0.109171348851
98.75    0.108082024233
98.875    0.107948247525
99.0    0.10929557008
99.125    0.118917937545
99.25    0.109276459122
99.375    0.116137293124
99.5    0.105244046937
99.625    0.105416045561
99.75    0.11629018079
99.875    0.116194625999
100.0    0.119529488209
100.125    0.119586821083
100.25    0.120274815579
100.375    0.119051714253
100.5    0.116987730765
100.625    0.114732637694
100.75    0.114369529488
100.875    0.11994037381
101.0    0.115841073271
101.125    0.113624202118
101.25    0.116213736957
101.375    0.115669074647
101.5    0.10886557352
101.625    0.109429346787
101.75    0.109429346787
101.875    0.111779994649
102.0    0.119863929977
102.125    0.110327561824
102.25    0.109171348851
102.375    0.109553568016
102.5    0.113194205557
102.625    0.122606352483
102.75    0.113910866491
102.875    0.113729312388
103.0    0.116443068455
103.125    0.116013071895
103.25    0.116013071895
103.375    0.116003516416
103.5    0.115468409586
103.625    0.115525742461
103.75    0.116462179414
103.875    0.113413981577
104.0    0.113977754845
104.125    0.11392042197
104.25    0.114359974009
104.375    0.114359974009
104.5    0.10456560792
104.625    0.110853113175
104.75    0.10833046669
104.875    0.115716852043
105.0    0.105970263349
105.125    0.115038413026
105.25    0.117111951993
105.375    0.114044643198
105.5    0.108598020105
105.625    0.110346672782
105.75    0.116873065015
105.875    0.112066659022
106.0    0.0962236746551
106.125    0.111713106295
106.25    0.113566869243
106.375    0.111617551504
106.5    0.112668654206
106.625    0.112859763789
106.75    0.110786224821
106.875    0.11123533234
107.0    0.109811565952
107.125    0.111302220693
107.25    0.108034246837
107.375    0.111330887131
107.5    0.106763368115
107.625    0.110614226197
107.75    0.116261514352
107.875    0.116204181478
108.0    0.114961969193
108.125    0.11617551504
108.25    0.112907541184
108.375    0.109773344035
108.5    0.111560218629
108.625    0.111569774108
108.75    0.116433512976
108.875    0.116443068455
109.0    0.120714367618
109.125    0.116863509536
109.25    0.117647058824
109.375    0.116787065703
109.5    0.114961969193
109.625    0.119185490961
109.75    0.117866834843
109.875    0.117866834843
110.0    0.113585980201
110.125    0.111082444674
110.25    0.108636242021
110.375    0.110423116615
110.5    0.118984825899
110.625    0.11284065283
110.75    0.113232427474
110.875    0.111942437794
111.0    0.112553988457
111.125    0.11252532202
111.25    0.112582654894
111.375    0.112582654894
111.5    0.114168864427
111.625    0.114035087719
111.75    0.114522417154
111.875    0.113901311012
112.0    0.107374918778
112.125    0.113824867179
112.25    0.121889691549
112.375    0.124909222948
112.5    0.11607040477
112.625    0.116251958873
112.75    0.115258189046
112.875    0.115477965065
113.0    0.114770859611
113.125    0.114799526048
113.25    0.117694836219
113.375    0.117752169094
113.5    0.110939112487
113.625    0.112381989833
113.75    0.115200856171
113.875    0.116032182854
114.0    0.118841493713
114.125    0.121947024424
114.25    0.122119023048
114.375    0.119242823835
114.5    0.101498299125
114.625    0.104708940106
114.75    0.0957554561786
114.875    0.101890073768
115.0    0.113624202118
115.125    0.113480869931
115.25    0.113461758973
115.375    0.114665749341
115.5    0.112601765853
115.625    0.112678209685
115.75    0.112601765853
115.875    0.116127737645
116.0    0.115697741085
116.125    0.115573519856
116.25    0.115974849979
116.375    0.115917517104
116.5    0.106753812636
116.625    0.101823185415
116.75    0.10348583878
116.875    0.103294729198
117.0    0.103418950426
117.125    0.118984825899
117.25    0.106696479761
117.375    0.106677368803
117.5    0.115076634942
117.625    0.115363299316
117.75    0.115200856171
117.875    0.114952413714
118.0    0.115563964377
118.125    0.116357069143
118.25    0.116748843787
118.375    0.116701066391
118.5    0.116003516416
118.625    0.115879295188
118.75    0.109849787868
118.875    0.112964874059
119.0    0.111818216565
119.125    0.113089095287
119.25    0.112133547376
119.375    0.112878874747
120.0    0.114235752781
120.125    0.114541528112
120.25    0.114359974009
120.375    0.114474639758
120.5    0.114522417154
120.625    0.114627527424
120.75    0.114656193862
120.875    0.113251538432
121.0    0.11617551504
121.125    0.116165959561
121.25    0.116452623935
121.375    0.116433512976
121.5    0.107183809196
121.625    0.107709360547
121.75    0.119959484769
121.875    0.119921262852
122.0    0.108120246149
122.125    0.10488093873
122.25    0.10811069067
122.375    0.108254022857
122.5    0.109324236517
122.625    0.109448457746
122.75    0.10950579062
122.875    0.121755914842
123.0    0.113614646638
123.125    0.113949088407
123.25    0.113834422658
123.375    0.112649543248
123.5    0.112295990521
123.625    0.106448037305
123.75    0.107317585904
123.875    0.115391965753
124.0    0.113089095287
124.125    0.11564040821
124.25    0.115955739021
124.375    0.10692581126
124.5    0.114617971945
124.625    0.1174750602
124.75    0.117427282804
124.875    0.116767954745
125.0    0.107374918778
125.125    0.113452203493
125.25    0.113404426098
125.375    0.113452203493
125.5    0.115621297252
125.625    0.103476283301
125.75    0.10983067691
125.875    0.109649122807
126.0    0.113853533616
126.125    0.114054198678
126.25    0.113681534992
126.375    0.11424530826
126.5    0.100991858732
126.625    0.118268164966
126.75    0.121870580591
126.875    0.118621717693
127.0    0.108387799564
127.125    0.108521576272
127.25    0.112601765853
127.375    0.114732637694
127.5    0.118354164278
127.625    0.118163054696
127.75    0.118411497152
127.875    0.118640828651
128.0    0.10854068723
128.125    0.108980239269
128.25    0.121316362802
128.375    0.109563123495
128.5    0.109754233077
128.625    0.109763788556
128.75    0.116271069831
128.875    0.103896724382
129.0    0.106247372243
129.125    0.105693154455
129.25    0.115764629439
129.375    0.11574551848
129.5    0.111684439858
129.625    0.111799105607
129.75    0.114761304132
129.875    0.114856858923
130.0    0.118239498528
130.125    0.118344608799
130.25    0.114551083591
130.375    0.114742193174
130.5    0.113289760349
130.625    0.113337537744
130.75    0.115678630127
130.875    0.114044643198
131.0    0.115248633566
131.125    0.115544853419
131.25    0.115669074647
131.375    0.116710621871
131.5    0.107824026297
131.625    0.10919045981
131.75    0.109161793372
131.875    0.108913350915
132.0    0.116777510224
132.125    0.111168443986
132.25    0.111206665902
132.375    0.108187134503
132.5    0.111177999465
132.625    0.11424530826
132.75    0.10101096969
132.875    0.113184650078
133.0    0.11672017735
133.125    0.110652448114
133.25    0.110652448114
133.375    0.108741352291
133.5    0.10832091121
133.625    0.107059587968
133.75    0.117866834843
133.875    0.118287275924
134.0    0.107585139319
134.125    0.107929136567
134.25    0.107747582464
134.375    0.120456369682
134.5    0.108129801628
134.625    0.108015135879
134.75    0.108062913274
134.875    0.107728471506
135.0    0.101096969002
135.125    0.103619615488
135.25    0.10369605932
135.375    0.117054619119
135.5    0.110929557008
135.625    0.111378664526
135.75    0.111426441922
135.875    0.11155066315
136.0    0.0999407560295
136.125    0.102224515537
136.25    0.101421855292
136.375    0.10176585254
136.5    0.117217062264
136.625    0.117819057448
136.75    0.11553529794
136.875    0.117981500592
137.0    0.111856438482
137.125    0.112085769981
137.25    0.111999770669
137.375    0.1107957803
137.5    0.104622940794
137.625    0.104785383939
137.75    0.105186714062
137.875    0.105014715438
138.0    0.103237396323
138.125    0.105874708558
138.25    0.106142261973
138.375    0.107212475634
138.5    0.106983144135
138.625    0.107260253029
138.75    0.119902151894
138.875    0.121698581967
139.0    0.112181324772
139.125    0.112429767229
139.25    0.119109047128
139.375    0.11295531858
139.5    0.111885104919
139.625    0.111684439858
139.75    0.112907541184
139.875    0.111894660398
140.0    0.109104460498
140.125    0.109286014601
140.25    0.109314681038
140.375    0.10950579062
140.5    0.11144555288
140.625    0.118268164966
140.75    0.113566869243
140.875    0.112372434354
141.0    0.106992699614
141.125    0.106037151703
141.25    0.105014715438
141.375    0.107852692734
141.5    0.109916676222
141.625    0.110060008409
141.75    0.110327561824
141.875    0.110824446738
142.0    0.110021786492
142.125    0.110595115239
142.25    0.10886557352
142.375    0.11284065283
142.5    0.108951572832
142.625    0.108636242021
142.75    0.109209570768
142.875    0.109544012537
143.0    0.105320490769
143.125    0.108617131063
143.25    0.121994801819
143.375    0.106266483201
143.5    0.108311355731
143.625    0.107833581776
143.75    0.107833581776
143.875    0.108062913274
144.0    0.105941596912
144.125    0.105836486641
144.25    0.11005045293
144.375    0.0994343156366
144.5    0.107279363987
144.625    0.107155142759
144.75    0.110079119367
144.875    0.109429346787
145.0    0.11026067347
145.125    0.110232007033
145.25    0.112458433666
145.375    0.111158888507
145.5    0.108636242021
145.625    0.109773344035
145.75    0.106782479074
145.875    0.109897565264
146.0    0.105836486641
146.125    0.115497076023
146.25    0.11553529794
146.375    0.11564040821
146.5    0.105301379811
146.625    0.105052937354
146.75    0.105215380499
146.875    0.105177158583
147.0    0.112362878875
147.125    0.112783319956
147.25    0.106524481137
147.375    0.109630011849
147.5    0.109381569392
147.625    0.108578909147
147.75    0.109849787868
147.875    0.109706455682
148.0    0.109429346787
148.125    0.109266903643
148.25    0.108798685166
148.375    0.109305125559
148.5    0.109840232389
148.625    0.111092000153
148.75    0.110986889883
148.875    0.111025111799
149.0    0.11048044949
149.125    0.110212896075
149.25    0.111254443298
149.375    0.111177999465
149.5    0.106075373619
149.625    0.105893819516
149.75    0.0935385850247
149.875    0.109066238581
150.0    0.0988132094943
150.125    0.0995107594695
150.25    0.108875128999
150.375    0.109171348851
150.5    0.105167603104
150.625    0.114111531552
150.75    0.113767534304
150.875    0.11457019455
151.0    0.107499140007
151.125    0.107078698926
151.25    0.106677368803
151.375    0.109467568704
151.5    0.10972556664
151.625    0.110031341972
151.75    0.110576004281
151.875    0.109859343347
152.0    0.106849367427
152.125    0.107288919466
152.25    0.106180483889
152.375    0.108445132439
152.5    0.106992699614
152.625    0.104059167527
152.75    0.104374498337
152.875    0.106371593472
153.0    0.110728891947
153.125    0.111158888507
153.25    0.111244887819
153.375    0.111311776172
153.5    0.111808661086
153.625    0.113471314452
153.75    0.108578909147
153.875    0.108454687918
154.0    0.09681611436
154.125    0.102988953866
154.25    0.102807399763
154.375    0.102893399075
154.5    0.108617131063
154.625    0.111760883691
154.75    0.111760883691
154.875    0.110537782364
155.0    0.106553147575
155.125    0.106428926346
155.25    0.104594274357
155.375    0.104680273669
155.5    0.109802010473
155.625    0.109180904331
155.75    0.108636242021
155.875    0.111741772733
156.0    0.108464243397
156.125    0.112238657646
156.25    0.112401100791
156.375    0.112353323396
156.5    0.112802430914
156.625    0.11284065283
156.75    0.112649543248
156.875    0.111541107671
157.0    0.113213316516
157.125    0.11338531514
157.25    0.104364942858
157.375    0.113480869931
157.5    0.110107785804
157.625    0.110107785804
157.75    0.110490004969
157.875    0.109716011161
158.0    0.106983144135
158.125    0.11058555976
158.25    0.109152237893
158.375    0.108999350227
158.5    0.10553071131
158.625    0.107690249589
158.75    0.10606581814
158.875    0.106247372243
159.0    0.110499560448
159.125    0.113652868555
159.25    0.107193364675
159.375    0.11026067347
159.5    0.112104880939
159.625    0.11349042541
159.75    0.112487100103
159.875    0.109591789932
160.0    0.111168443986
160.125    0.111273554256
160.25    0.112123991897
160.375    0.111330887131
160.5    0.108521576272
160.625    0.109419791308
160.75    0.108674463938
160.875    0.108158468066
161.0    0.0966154492986
161.125    0.0962714520506
161.25    0.097160111608
161.375    0.115669074647
161.5    0.105502044873
161.625    0.105052937354
161.75    0.114608416466
161.875    0.105349157207
162.0    0.110298895387
162.125    0.108607575584
162.25    0.107546917402
162.375    0.109716011161
162.5    0.104412720254
162.625    0.105196269541
162.75    0.105511600352
162.875    0.105368268165
163.0    0.10821580094
163.125    0.111053778236
163.25    0.101689408707
163.375    0.10531093529
163.5    0.10563582158
163.625    0.105836486641
163.75    0.106018040745
163.875    0.106132706494
164.0    0.110776669342
164.125    0.112544432978
164.25    0.112917096663
164.375    0.112219546688
164.5    0.106371593472
164.625    0.109219126247
164.75    0.103896724382
164.875    0.103982723694
165.0    0.111139777548
165.125    0.120322592975
165.25    0.111541107671
165.375    0.108903795436
165.5    0.106323816076
165.625    0.108961128311
165.75    0.109219126247
165.875    0.10929557008
166.0    0.103524060696
166.125    0.103648281925
166.25    0.0978289951458
166.375    0.097590108168
166.5    0.104622940794
166.625    0.107910025609
166.75    0.108961128311
166.875    0.108043802316
167.0    0.0983736574552
167.125    0.0984501012881
167.25    0.101756297061
167.375    0.098870542369
167.5    0.105760042809
167.625    0.108836907083
167.75    0.109152237893
167.875    0.109257348163
168.0    0.104068723006
168.125    0.104756717502
168.25    0.108015135879
168.375    0.0990807629095
168.5    0.10832091121
168.625    0.101966517601
168.75    0.102415625119
168.875    0.101737186103
169.0    0.104431831212
169.125    0.100189198486
169.25    0.0998356457593
169.375    0.100265642319
169.5    0.106906700302
169.625    0.106161372931
169.75    0.107174253717
169.875    0.107193364675
170.0    0.106400259909
170.125    0.106811145511
170.25    0.117608836907
170.375    0.106467148263
170.5    0.108454687918
170.625    0.108550242709
170.75    0.108483354355
170.875    0.109219126247
171.0    0.100456751902
171.125    0.113041317892
171.25    0.113232427474
171.375    0.11349042541
171.5    0.105674043497
171.625    0.105788709246
171.75    0.106199594848
171.875    0.100313419715
172.0    0.107451362611
172.125    0.10747047357
172.25    0.112496655582
172.375    0.112964874059
172.5    0.0992240950961
172.625    0.0988132094943
172.75    0.0991954286588
172.875    0.109161793372
173.0    0.10144096625
173.125    0.102004739518
173.25    0.102539846348
173.375    0.103839391507
173.5    0.0984501012881
173.625    0.0986889882659
173.75    0.0985934334748
173.875    0.0964625616328
174.0    0.0996063142606
174.125    0.102386958682
174.25    0.103180063448
174.375    0.104087833964
174.5    0.101393188855
174.625    0.101641631311
174.75    0.101087413523
174.875    0.104068723006
175.0    0.112936207621
175.125    0.101593853916
175.25    0.102033405955
175.375    0.102176738142
175.5    0.103122730574
175.625    0.102664067576
175.75    0.108846462562
175.875    0.101135190918
176.0    0.107288919466
176.125    0.106362037993
176.25    0.107298474946
176.375    0.107537361923
176.5    0.115879295188
176.625    0.103667392883
176.75    0.103600504529
176.875    0.103600504529
177.0    0.101928295685
177.125    0.101861407331
177.25    0.10348583878
177.375    0.103294729198
177.5    0.099042540993
177.625    0.099386538241
177.75    0.100160532049
177.875    0.0997592019264
178.0    0.0994247601575
178.125    0.0997496464473
178.25    0.100819860108
178.375    0.100819860108
178.5    0.102578068264
178.625    0.102721400451
178.75    0.0995680923442
178.875    0.101784963498
179.0    0.0959083438444
179.125    0.0958319000115
179.25    0.105024270917
179.375    0.102167182663
180.0    0.096902113672
180.125    0.0907197186867
180.25    0.0913312693499
180.375    0.0914937124948
180.5    0.106084929098
180.625    0.10477582846
180.75    0.103399839468
180.875    0.10326606276
181.0    0.100170087528
181.125    0.0999503115086
181.25    0.109888009785
181.375    0.107288919466
181.5    0.0970167794213
181.625    0.0959752321981
181.75    0.0996158697397
181.875    0.095363681535
182.0    0.0867446393762
182.125    0.0863624202118
182.25    0.0869357489585
182.375    0.0905668310209
182.5    0.100466307381
182.625    0.100561862172
182.75    0.0916657111188
182.875    0.0927072583419
183.0    0.0941979130834
183.125    0.100294308757
183.25    0.0878435194741
183.375    0.0908821618316
183.5    0.0987367656614
183.625    0.0999312005504
183.75    0.100571417651
183.875    0.0974658869396
184.0    0.0775522684708
184.125    0.079625807438
184.25    0.0781351526966
184.375    0.0938634713145
184.5    0.104173833276
184.625    0.0940928028131
184.75    0.0955547911172
184.875    0.0952299048274
185.0    0.0912070481214
185.125    0.0884837365746
185.25    0.0931945877766
185.375    0.0874326338723
185.5    0.0915701563276
185.625    0.0924779268433
185.75    0.0804953560372
185.875    0.0803902457669
186.0    0.0881301838474
186.125    0.090662385812
186.25    0.0937583610442
186.375    0.089209952987
186.5    0.0835722203111
186.625    0.0863050873371
186.75    0.0884837365746
186.875    0.0892768413408
187.0    0.0954114589306
187.125    0.0929365898406
187.25    0.0936723617322
187.375    0.0926117035508
187.5    0.0873753009976
187.625    0.0882257386385
187.75    0.088521958491
187.875    0.0893628406528
188.0    0.0931468103811
188.125    0.0921530405535
188.25    0.0915510453694
188.375    0.0893628406528
188.5    0.0901559454191
188.625    0.0903088330849
188.75    0.086983526354
188.875    0.0807055765776
189.0    0.0924301494477
189.125    0.0978672170623
189.25    0.0978194396667
189.375    0.0970932232542
189.5    0.0900699461071
189.625    0.0844513243894
189.75    0.0862573099415
189.875    0.0861044222758
190.0    0.0724018652295
190.125    0.075268508963
190.25    0.0889232886137
190.375    0.0879104078278
190.5    0.0838588846845
190.625    0.0874899667469
190.75    0.0848335435539
190.875    0.0822631196728
191.0    0.0670890188434
191.125    0.0716852042962
191.25    0.0956790123457
191.375    0.0793773649811
191.5    0.0849959866988
191.625    0.0851393188855
191.75    0.0850628750526
191.875    0.086295531858
192.0    0.0780300424263
192.125    0.0776956006574
192.25    0.0776287123036
192.375    0.0724209761878
192.5    0.0757367274395
192.625    0.0729083056224
192.75    0.0736345220349
192.875    0.0878052975576
193.0    0.0805431334327
193.125    0.0813553491572
193.25    0.0820146772159
193.375    0.0821580094026
193.5    0.0742174062608
193.625    0.0740454076368
193.75    0.0746091809043
193.875    0.0817853457173
194.0    0.0735389672438
194.125    0.0704429920116
194.25    0.0675190154034
194.375    0.0740358521576
194.5    0.0759947253755
194.625    0.0754691740244
194.75    0.0752780644422
194.875    0.0758896151053
195.0    0.081508236823
195.125    0.0780109314681
195.25    0.0782020410503
195.375    0.0774662691587
195.5    0.0662576921607
195.625    0.0660665825785
195.75    0.0661812483278
195.875    0.0678534571724
196.0    0.0737491877843
196.125    0.0740454076368
196.25    0.0747047356955
196.375    0.0752398425257
196.5    0.0608684019417
196.625    0.0741027405114
196.75    0.0733765240989
196.875    0.0719718686695
197.0    0.0769216068494
197.125    0.0770267171196
197.25    0.0639548216948
197.375    0.0626648320147
197.5    0.0762431678324
197.625    0.0766253869969
197.75    0.0702709933876
197.875    0.0777338225739
198.0    0.0644230401712
198.125    0.0641650422352
198.25    0.0644517066086
198.375    0.0620532813515
198.5    0.0719240912739
198.625    0.0693918893093
198.75    0.0691625578107
198.875    0.0554504452853
199.0    0.0561766616978
199.125    0.0582884225815
199.25    0.0571704315254
199.375    0.0609352902955
199.5    0.0599988533425
199.625    0.0603046286741
199.75    0.0606486259221
199.875    0.0612601765853
200.0    0.0638306004663
200.125    0.0653116997286
200.25    0.0645185949624
200.375    0.0651205901464
200.5    0.0727363069985
200.625    0.067050796927
200.75    0.0668023544701
200.875    0.0659996942247
201.0    0.0723827542713
201.125    0.0823491189848
201.25    0.0819860107786
201.375    0.0636108244468
201.5    0.0656748079349
201.625    0.0669074647403
201.75    0.0727936398731
201.875    0.0645950387953
202.0    0.0586228643504
202.125    0.0629132744716
202.25    0.0617761724573
202.375    0.0709589878837
202.5    0.0555268891182
202.625    0.0556128884302
202.75    0.0559473301991
202.875    0.0563773267592
203.0    0.0644517066086
203.125    0.0611168443986
203.25    0.059951075947
203.375    0.0617092841035
203.5    0.077064939036
203.625    0.0892577303826
203.75    0.0800653594771
203.875    0.0766636089134
204.0    0.0682738982533
204.125    0.0777051561365
204.25    0.0779058211979
204.375    0.0750296219853
204.5    0.0777338225739
204.625    0.0748098459657
204.75    0.0764056109773
204.875    0.0726694186447
205.0    0.0641172648397
205.125    0.0673183503421
205.25    0.0647765928984
205.375    0.0647383709819
205.5    0.0749818445897
205.625    0.0750678439017
205.75    0.0752493980048
205.875    0.0724209761878
206.0    0.071073653633
206.125    0.0726598631656
206.25    0.0736154110767
206.375    0.0709685433628
206.5    0.0739594083247
206.625    0.0760711692084
206.75    0.0725451974162
206.875    0.0811069067003
207.0    0.0776191568245
207.125    0.0753353973168
207.25    0.0692867790391
207.375    0.0816706799679
207.5    0.070643657073
207.625    0.0706054351565
207.75    0.0744180713221
207.875    0.0748671788404
208.0    0.0744658487177
208.125    0.0738351870963
208.25    0.0590337499522
208.375    0.0654454764362
208.5    0.0755265068991
208.625    0.0683598975653
208.75    0.0777624890112
208.875    0.0794824752513
209.0    0.0800844704354
209.125    0.0829320032106
209.25    0.0830753353973
209.375    0.0833524442916
209.5    0.0892195084662
209.625    0.0756220616902
209.75    0.0890188434048
209.875    0.089802392692
210.0    0.0792626992317
210.125    0.0800462485189
210.25    0.0679203455261
210.375    0.0668883537821
210.5    0.0772369376601
210.625    0.0803615793296
210.75    0.0845468791805
210.875    0.0859419791309
211.0    0.083734663456
211.125    0.0806577991821
211.25    0.0818713450292
211.375    0.0819860107786
211.5    0.0817184573635
211.625    0.0816037916141
211.75    0.0815464587395
211.875    0.0856839811948
212.0    0.0825975614417
212.125    0.082272675152
212.25    0.0825402285671
212.375    0.0795493636051
212.5    0.0822917861102
212.625    0.0763291671445
212.75    0.0847284332837
212.875    0.0841073271414
213.0    0.0647383709819
213.125    0.0686083400222
213.25    0.0657894736842
213.375    0.0696976646409
213.5    0.0814986813439
213.625    0.08304666896
213.75    0.0908630508734
213.875    0.0879486297443
214.0    0.0899075029622
214.125    0.0896686159844
214.25    0.0905859419791
214.375    0.0843939915147
214.5    0.0843366586401
214.625    0.0839831059129
214.75    0.0806386882238
214.875    0.0810113519092
215.0    0.0811451286168
215.125    0.0813744601154
215.25    0.0874039674349
215.375    0.0839162175591
215.5    0.0931276994229
215.625    0.0920670412415
215.75    0.0906337193747
215.875    0.0913503803081
216.0    0.0857699805068
216.125    0.0841359935787
216.25    0.0806386882238
216.375    0.0831231127929
216.5    0.088263960555
216.625    0.0917899323472
216.75    0.0903661659596
216.875    0.0871364140198
217.0    0.086897527042
217.125    0.0921721515117
217.25    0.0929557007989
217.375    0.0925257042388
217.5    0.0911401597676
217.625    0.0911592707258
217.75    0.0873561900394
217.875    0.0888277338226
218.0    0.0864484195238
218.125    0.098268547185
218.25    0.0917039330352
218.375    0.0878626304323
218.5    0.090490387188
218.625    0.0896495050262
218.75    0.0879008523487
218.875    0.087833963995
219.0    0.0926403699882
219.125    0.0892577303826
219.25    0.0898501700875
219.375    0.0895826166724
219.5    0.106782479074
219.625    0.0883595153461
219.75    0.0732045254749
219.875    0.0729656384971
220.0    0.0854259832588
220.125    0.0850055421779
220.25    0.0964338951955
220.375    0.0965198945075
220.5    0.0876046324963
220.625    0.0866490845851
220.75    0.0878817413905
220.875    0.087919963307
221.0    0.0921052631579
221.125    0.0923345946566
221.25    0.0926499254673
221.375    0.0889423995719
221.5    0.0914937124948
221.625    0.0912930474334
221.75    0.0892386194244
221.875    0.0912739364752
222.0    0.0971123342125
222.125    0.0849004319077
222.25    0.0973703321485
222.375    0.0975709972098
222.5    0.0887895119061
222.625    0.0895635057142
222.75    0.0899361693996
222.875    0.0886844016359
223.0    0.0870790811451
223.125    0.0977238848756
223.25    0.0849386538241
223.375    0.088091961931
223.5    0.0888946221764
223.625    0.101268967626
223.75    0.10047586286
223.875    0.100552306693
224.0    0.0909586056645
224.125    0.0913121583916
224.25    0.0910063830601
224.375    0.0909203837481
224.5    0.0726025302909
224.625    0.0825975614417
224.75    0.0840595497458
224.875    0.083734663456
225.0    0.0888946221764
225.125    0.0897641707755
225.25    0.0901081680235
225.375    0.0904999426671
225.5    0.0909586056645
225.625    0.0911401597676
225.75    0.0910923823721
225.875    0.0948381301839
226.0    0.0952967931812
226.125    0.0958223445324
226.25    0.0961281198639
226.375    0.096472117112
226.5    0.0955261246799
226.625    0.0954783472843
226.75    0.093309253526
226.875    0.0964052287582
227.0    0.0972938883156
227.125    0.0947999082674
227.25    0.0941979130834
227.375    0.0936723617322
227.5    0.0873944119558
227.625    0.0870504147078
227.75    0.0872224133318
227.875    0.08681152773
228.0    0.0932710316095
228.125    0.0962332301342
228.25    0.0932805870887
228.375    0.0930894775064
228.5    0.093653250774
228.625    0.0937583610442
228.75    0.0941883576043
228.875    0.0942648014371
229.0    0.0905286091045
229.125    0.0895252837977
229.25    0.0919141535757
229.375    0.0923345946566
229.5    0.0907101632076
229.625    0.0912834919543
229.75    0.0914172686619
229.875    0.0951725719528
230.0    0.0953350150977
230.125    0.0923823720521
230.25    0.0944463555403
230.375    0.0946183541643
230.5    0.0783835951535
230.625    0.0769502732867
230.75    0.0912834919543
230.875    0.0940736918549
231.0    0.0926212590299
231.125    0.0899361693996
231.25    0.0901846118565
231.375    0.0900030577533
231.5    0.0913503803081
231.625    0.0914841570156
231.75    0.0912643809961
231.875    0.0941405802087
232.0    0.101460077208
232.125    0.0996732026144
232.25    0.0875090777052
232.375    0.0997878683637
232.5    0.091254825517
232.625    0.0890092879257
232.75    0.095793678095
232.875    0.0969690020258
233.0    0.0873657455185
233.125    0.0903852769178
233.25    0.0903470550014
233.375    0.0875950770172
233.5    0.0969976684631
233.625    0.0975423307725
233.75    0.0993483163246
233.875    0.0978863280205
234.0    0.0959274548026
234.125    0.0964147842373
234.25    0.0981156595192
234.375    0.0978576615832
234.5    0.0935003631082
234.625    0.0946565760807
234.75    0.0946852425181
234.875    0.0939781370638
235.0    0.098182547873
235.125    0.0987176547032
235.25    0.0956885678248
235.375    0.0939590261056
235.5    0.0930225891526
235.625    0.0905477200627
235.75    0.0930417001108
235.875    0.0965867828613
236.0    0.0963287849253
236.125    0.0955070137217
236.25    0.0945610212896
236.375    0.0948572411421
236.5    0.0914841570156
236.625    0.0922963727401
236.75    0.0923250391775
236.875    0.0924301494477
237.0    0.101345411459
237.125    0.102062072392
237.25    0.102176738142
237.375    0.0902801666476
237.5    0.0946087986852
237.625    0.0978672170623
237.75    0.0866681955433
237.875    0.0857222031113
238.0    0.0920097083668
238.125    0.0932519206513
238.25    0.0934430302336
238.375    0.0927837021748
238.5    0.0962905630088
238.625    0.0971505561289
238.75    0.0972365554409
238.875    0.0983449910179
239.0    0.0965867828613
239.125    0.0965963383404
239.25    0.0967683369644
239.375    0.0971983335245
240.0    0.0938443603562
240.125    0.0939016932309
240.25    0.0943508007492
240.375    0.094847685663
240.5    0.0934908076291
240.625    0.0942361349998
240.75    0.0946374651225
240.875    0.0954783472843
241.0    0.0958892328862
241.125    0.0966727821733
241.25    0.0942170240416
241.375    0.0948667966212
241.5    0.0963383404044
241.625    0.0941405802087
241.75    0.0931945877766
241.875    0.0952394603065
242.0    0.0989852081183
242.125    0.0989183197646
242.25    0.0990903183886
242.375    0.0997209800099
242.5    0.0986316553912
242.625    0.098526545121
242.75    0.0949432404541
242.875    0.0957745671368
243.0    0.0903088330849
243.125    0.0913886022245
243.25    0.0930894775064
243.375    0.0917612659099
243.5    0.0958510109697
243.625    0.0952585712648
243.75    0.0936914726905
243.875    0.0961950082177
244.0    0.0964816725911
244.125    0.0966918931315
244.25    0.0971983335245
244.375    0.0972365554409
244.5    0.0946947979972
244.625    0.095793678095
244.75    0.104928716126
244.875    0.105177158583
245.0    0.098268547185
245.125    0.0949719068914
245.25    0.0961185643848
245.375    0.0964434506746
245.5    0.0987654320988
245.625    0.098612544433
245.75    0.0964434506746
245.875    0.0985361006001
246.0    0.102778733326
246.125    0.103571838092
246.25    0.102864732638
246.375    0.103141841532
246.5    0.0982781026641
246.625    0.0976665520009
246.75    0.0987367656614
246.875    0.0989374307228
247.0    0.0922485953446
247.125    0.0921434850743
247.25    0.0828364484195
247.375    0.092372816573
247.5    0.0831231127929
247.625    0.0805526889118
247.75    0.0940259144594
247.875    0.100485418339
248.0    0.095191682911
248.125    0.0952107938692
248.25    0.0944845774567
248.375    0.0954019034514
248.5    0.0964338951955
248.625    0.0947234644345
248.75    0.096472117112
248.875    0.0964625616328
249.0    0.0971887780453
249.125    0.097332110232
249.25    0.0972556663991
249.375    0.0975423307725
249.5    0.0968543362764
249.625    0.0974849978978
249.75    0.0973225547529
249.875    0.0972747773574
250.0    0.0971410006498
250.125    0.0975709972098
250.25    0.0975805526889
250.375    0.0986412108703
250.5    0.0981347704774
250.625    0.0991572067424
250.75    0.0994629820739
250.875    0.101192523793
251.0    0.095019684287
251.125    0.0948954630585
251.25    0.0949814623705
251.375    0.0948285747047
251.5    0.0982781026641
251.625    0.0985647670374
251.75    0.0988132094943
251.875    0.0988609868899
252.0    0.0996827580935
252.125    0.0997018690517
252.25    0.0993196498873
252.375    0.0996540916562
252.5    0.096644115736
252.625    0.0978385506249
252.75    0.0968352253182
252.875    0.0985934334748
253.0    0.0984214348508
253.125    0.0984309903299
253.25    0.0952490157857
253.375    0.0955834575546
253.5    0.0902610556893
253.625    0.0974945533769
253.75    0.0964338951955
253.875    0.0987463211406
254.0    0.100265642319
254.125    0.10338072851
254.25    0.101364522417
254.375    0.100466307381
254.5    0.0956694568666
254.625    0.0957650116577
254.75    0.0968447807973
254.875    0.0966632266942
255.0    0.0959370102817
255.125    0.0978098841876
255.25    0.0960612315102
255.375    0.0963956732791
255.5    0.0981729923938
255.625    0.0988992088063
255.75    0.0990520964721
255.875    0.0988227649734
256.0    0.0906241638956
256.125    0.0909872721018
256.25    0.0911783816841
256.375    0.0885697358866
256.5    0.0772942705348
256.625    0.0903566104805
256.75    0.091684822077
256.875    0.0932423651722
257.0    0.103524060696
257.125    0.103294729198
257.25    0.10412605588
257.375    0.104192944234
257.5    0.100494973818
257.625    0.101603409395
257.75    0.098010549249
257.875    0.0977429958338
258.0    0.0983258800596
258.125    0.0922294843864
258.25    0.0989374307228
258.375    0.10262584566
258.5    0.0990807629095
258.625    0.098526545121
258.75    0.098784543057
258.875    0.0988227649734
259.0    0.099386538241
259.125    0.100284753278
259.25    0.101374077896
259.375    0.0993960937201
259.5    0.0922485953446
259.625    0.0924779268433
259.75    0.0921434850744
259.875    0.091082826893
260.0    0.0893055077782
260.125    0.0894488399648
260.25    0.0893437296946
260.375    0.0904330543134
260.5    0.0972174444827
260.625    0.0990807629095
260.75    0.0993387608455
260.875    0.0994534265948
261.0    0.0972269999618
261.125    0.0974754424187
261.25    0.0977238848756
261.375    0.0968925581929
261.5    0.0930799220273
261.625    0.0932805870887
261.75    0.0922485953446
261.875    0.0923059282192
262.0    0.101555631999
262.125    0.101555631999
262.25    0.101842296373
262.375    0.101918740206
262.5    0.0949527959332
262.625    0.0949432404541
262.75    0.0953445705768
262.875    0.0926212590299
263.0    0.0999025341131
263.125    0.0937870274816
263.25    0.0941310247296
263.375    0.0944081336238
263.5    0.0936628062531
263.625    0.093997248022
263.75    0.093997248022
263.875    0.094169246646
264.0    0.106553147575
264.125    0.107833581776
264.25    0.107327141383
264.375    0.107327141383
264.5    0.108722241333
264.625    0.0935385850247
264.75    0.0935576959829
264.875    0.110470894011
265.0    0.10144096625
265.125    0.101756297061
265.25    0.102367847724
265.375    0.102281848412
265.5    0.0945419103314
265.625    0.0947234644345
265.75    0.0947139089554
265.875    0.0954687918052
266.0    0.0914937124948
266.125    0.0953159041394
266.25    0.0915223789321
266.375    0.0915223789321
266.5    0.0952490157857
266.625    0.0953827924932
266.75    0.0955261246799
266.875    0.0956503459084
267.0    0.0920383748041
267.125    0.0950674616825
267.25    0.0950387952452
267.375    0.0952681267439
267.5    0.0960612315102
267.625    0.0960230095937
267.75    0.0960230095937
267.875    0.097160111608
268.0    0.0969785575049
268.125    0.104030501089
268.25    0.104221610672
268.375    0.104212055192
268.5    0.0936914726905
268.625    0.094761686351
268.75    0.0931754768184
268.875    0.0931850322975
269.0    0.093567251462
269.125    0.0937105836487
269.25    0.0946661315598
269.375    0.0952490157857
269.5    0.0950674616825
269.625    0.0950101288079
269.75    0.0950101288079
269.875    0.095191682911
270.0    0.0957650116577
270.125    0.0976665520009
270.25    0.0976665520009
270.375    0.095277682223
270.5    0.0977525513129
270.625    0.0977238848756
270.75    0.0978003287085
270.875    0.0974276650231
271.0    0.100886748462
271.125    0.102539846348
271.25    0.102539846348
271.375    0.102816955242
271.5    0.0962045636968
271.625    0.0965485609449
271.75    0.0950579062034
271.875    0.0979723273325
272.0    0.105138936666
272.125    0.0959083438444
272.25    0.0987080992241
272.375    0.0957459006995
272.5    0.0900986125444
272.625    0.0902706111684
272.75    0.09014638994
272.875    0.102539846348
273.0    0.102472957994
273.125    0.105301379811
273.25    0.105301379811
273.375    0.105052937354
273.5    0.0951343500363
273.625    0.095707678783
273.75    0.0956981233039
273.875    0.0956981233039
274.0    0.0981443259565
274.125    0.0982876581432
274.25    0.0995012039904
274.375    0.0994820930322
274.5    0.0943603562283
274.625    0.0943603562283
274.75    0.0948285747047
274.875    0.0981729923938
275.0    0.0975136643351
275.125    0.0978576615832
275.25    0.0979054389787
275.375    0.0979723273325
275.5    0.0896399495471
275.625    0.0896399495471
275.75    0.0897068379009
275.875    0.0899552803578
276.0    0.0961663417804
276.125    0.0961663417804
276.25    0.0962427856133
276.375    0.0974085540649
276.5    0.0962905630088
276.625    0.0962905630088
276.75    0.0962905630088
276.875    0.0963001184879
277.0    0.0935959178993
277.125    0.0937488055651
277.25    0.0935576959829
277.375    0.0935576959829
277.5    0.0934143637962
277.625    0.0940163589803
277.75    0.0942839123954
277.875    0.0947234644345
278.0    0.0920383748041
278.125    0.0919905974086
278.25    0.0919523754921
278.375    0.0921530405535
278.5    0.0942170240416
278.625    0.0944081336238
278.75    0.0940068035011
278.875    0.0936245843367
279.0    0.0972078890036
279.125    0.0965294499866
279.25    0.0967587814853
279.375    0.0960994534266
279.5    0.0964816725911
279.625    0.0940354699385
279.75    0.0940354699385
279.875    0.0963192294462
280.0    0.0933856973589
280.125    0.0936245843367
280.25    0.0938921377518
280.375    0.0939016932309
280.5    0.0973416657111
280.625    0.0972556663991
280.75    0.0977429958338
280.875    0.097332110232
281.0    0.0977429958338
281.125    0.0977907732294
281.25    0.0978098841876
281.375    0.0978098841876
281.5    0.0945610212896
281.625    0.0945610212896
281.75    0.0943221343118
281.875    0.094589687727
282.0    0.0963574513626
282.125    0.0966345602569
282.25    0.0964816725911
282.375    0.0964625616328
282.5    0.100198753966
282.625    0.100447196422
282.75    0.0979341054161
282.875    0.098096548561
283.0    0.0980009937698
283.125    0.0980009937698
283.25    0.0980009937698
283.375    0.0948572411421
283.5    0.0979341054161
283.625    0.100781638191
283.75    0.0979818828116
283.875    0.0979818828116
284.0    0.0974754424187
284.125    0.0978767725414
284.25    0.0978767725414
284.375    0.097762106792
284.5    0.0977525513129
284.625    0.0977525513129
284.75    0.0977525513129
284.875    0.0977525513129
285.0    0.0947043534763
285.125    0.0947043534763
285.25    0.0947330199136
285.375    0.0947330199136
285.5    0.0983354355387
285.625    0.0983354355387
285.75    0.0982494362268
285.875    0.0982494362268
286.0    0.0946565760807
286.125    0.0948190192256
286.25    0.0946565760807
286.375    0.0946565760807
286.5    0.098784543057
286.625    0.098784543057
286.75    0.0987654320988
286.875    0.098698543745
287.0    0.0952490157857
287.125    0.0952012383901
287.25    0.0953923479723
287.375    0.0953923479723
287.5    0.0962523410924
287.625    0.0972556663991
287.75    0.0972556663991
287.875    0.0960898979475
288.0    0.0914077131828
288.125    0.0914077131828
288.25    0.0914077131828
288.375    0.091426824141
288.5    0.0958892328862
288.625    0.0958892328862
288.75    0.0958892328862
288.875    0.0958892328862
289.0    0.0968830027138
289.125    0.097160111608
289.25    0.0960612315102
289.375    0.0962523410924
289.5    0.100131865612
289.625    0.0973034437947
289.75    0.097504108856
289.875    0.097504108856
290.0    0.0971027787333
290.125    0.0971027787333
290.25    0.0971027787333
290.375    0.0971027787333
290.5    0.0963574513626
290.625    0.0962523410924
290.75    0.096472117112
290.875    0.0965007835493
291.0    0.0919141535757
291.125    0.091942820013
291.25    0.091942820013
291.375    0.0920192638459
291.5    0.0969785575049
291.625    0.0970550013378
291.75    0.0974372205023
291.875    0.0973989985858
292.0    0.0974085540649
292.125    0.0978385506249
292.25    0.0978385506249
292.375    0.0978385506249
292.5    0.0979054389787
292.625    0.0979054389787
292.75    0.0979054389787
292.875    0.0978003287085
293.0    0.0978098841876
293.125    0.0978767725414
293.25    0.0977238848756
293.375    0.0978289951458
293.5    0.0979054389787
293.625    0.0978481061041
293.75    0.0978672170623
293.875    0.0977812177503
294.0    0.094761686351
294.125    0.094761686351
294.25    0.0948190192256
294.375    0.0948190192256
294.5    0.0973703321485
294.625    0.0973703321485
294.75    0.0973703321485
294.875    0.0973703321485
295.0    0.0940928028131
295.125    0.100017199862
295.25    0.100064977258
295.375    0.10015097657
295.5    0.0984023238925
295.625    0.0983641019761
295.75    0.0985647670374
295.875    0.0983927684134
296.0    0.1000458663
296.125    0.100227420403
296.25    0.100141421091
296.375    0.100160532049
296.5    0.094933684975
296.625    0.0950865726408
296.75    0.0950865726408
296.875    0.0951439055154
297.0    0.098440545809
297.125    0.0984023238925
297.25    0.0982876581432
297.375    0.0982876581432
297.5    0.0917899323472
297.625    0.0917325994726
297.75    0.0917325994726
297.875    0.0917325994726
298.0    0.0970358903796
298.125    0.097160111608
298.25    0.0945705767687
298.375    0.0946661315598
298.5    0.0971314451707
298.625    0.0971314451707
298.75    0.0971314451707
298.875    0.0979436608952
299.0    0.0983258800596
299.125    0.0983258800596
299.25    0.0983258800596
299.375    0.0983258800596
300.0    0.0951821274319
300.125    0.095105683599
300.25    0.0952681267439
300.375    0.0953445705768
300.5    0.0923823720521
300.625    0.0923632610939
300.75    0.0923154836984
300.875    0.0924301494477
301.0    0.0986889882659
301.125    0.0986889882659
301.25    0.0986889882659
301.375    0.0987080992241
301.5    0.0993100944082
301.625    0.0994247601575
301.75    0.0993769827619
301.875    0.0993769827619
302.0    0.096644115736
302.125    0.0966918931315
302.25    0.0966918931315
302.375    0.0966918931315
302.5    0.0953541260559
302.625    0.0949145740168
302.75    0.0954974582426
302.875    0.0954974582426
303.0    0.0942361349998
303.125    0.0942361349998
303.25    0.094255245958
303.375    0.0943316897909
303.5    0.094675687039
303.625    0.094675687039
303.75    0.094675687039
303.875    0.094675687039
304.0    0.0935576959829
304.125    0.0935863624202
304.25    0.0935863624202
304.375    0.0935863624202
304.5    0.0935099185873
304.625    0.0935099185873
304.75    0.0935099185873
304.875    0.0935099185873
305.0    0.0967778924435
305.125    0.0968447807973
305.25    0.0968065588809
305.375    0.0968065588809
305.5    0.0937010281696
305.625    0.0939303596682
305.75    0.0939303596682
305.875    0.0937583610442
306.0    0.0981634369147
306.125    0.0980487711654
306.25    0.0980487711654
306.375    0.0979245499369
306.5    0.0964243397164
306.625    0.0958701219279
306.75    0.0963956732791
306.875    0.0963956732791
307.0    0.097332110232
307.125    0.0974754424187
307.25    0.0974754424187
307.375    0.0974754424187
307.5    0.094847685663
307.625    0.094847685663
307.75    0.094847685663
307.875    0.094847685663
308.0    0.0962332301342
308.125    0.0986507663494
308.25    0.0986507663494
308.375    0.0986507663494
308.5    0.094847685663
308.625    0.0929365898406
308.75    0.0941405802087
308.875    0.0942265795207
309.0    0.0971887780453
309.125    0.0971887780453
309.25    0.0971887780453
309.375    0.0971887780453
309.5    0.0952967931812
309.625    0.0969212246302
309.75    0.0972365554409
309.875    0.0972938883156
310.0    0.0962236746551
310.125    0.0962523410924
310.25    0.0962523410924
310.375    0.0965198945075
310.5    0.0961472308222
310.625    0.0961472308222
310.75    0.0961472308222
310.875    0.0962523410924
311.0    0.098440545809
311.125    0.098440545809
311.25    0.0953827924932
311.375    0.0981061040401
311.5    0.0965390054658
311.625    0.0968065588809
311.75    0.0968065588809
311.875    0.0969212246302
312.0    0.102740511409
312.125    0.0934716966709
312.25    0.0911879371632
312.375    0.0935194740664
312.5    0.097418109544
312.625    0.0974467759814
312.75    0.0974467759814
312.875    0.0973894431067
313.0    0.0899170584413
313.125    0.0899170584413
313.25    0.0899170584413
313.375    0.102138516225
313.5    0.0970263349004
313.625    0.0990329855139
313.75    0.0980009937698
313.875    0.0992240950961
314.0    0.0976474410427
314.125    0.0976474410427
314.25    0.0976092191263
314.375    0.0958127890533
314.5    0.0974467759814
314.625    0.0974467759814
314.75    0.0976378855636
314.875    0.0976378855636
315.0    0.093825249398
315.125    0.093825249398
315.25    0.093825249398
315.375    0.093825249398
315.5    0.0991572067424
315.625    0.0991572067424
315.75    0.0991572067424
315.875    0.0994629820739
316.0    0.0953827924932
316.125    0.0953827924932
316.25    0.0953827924932
316.375    0.0953827924932
316.5    0.0975805526889
316.625    0.0975805526889
316.75    0.0975805526889
316.875    0.0975805526889
317.0    0.0954019034514
317.125    0.0954401253679
