0.0    0.164506661819
0.125    0.173246240553
0.25    0.160688777498
0.375    0.170791886347
0.5    0.166272757967
0.625    0.167792120095
0.75    0.159338233384
0.875    0.163117159702
1.0    0.170765914344
1.125    0.168025868114
1.25    0.167311638054
1.375    0.168402462146
1.5    0.171804794432
1.625    0.163428823728
1.75    0.162493831649
1.875    0.173791652598
2.0    0.160961483521
2.125    0.167662260084
2.25    0.164065137781
2.375    0.164675479833
2.5    0.163857361764
2.625    0.163857361764
2.75    0.172921590525
2.875    0.171635976417
3.0    0.162896397683
3.125    0.164779367841
3.25    0.177778354933
3.375    0.163597641742
3.5    0.167103862037
3.625    0.159221359375
3.75    0.170090642288
3.875    0.170545152326
4.0    0.171817780433
4.125    0.166883100018
4.25    0.166870114017
4.375    0.167077890035
4.5    0.168714126172
4.625    0.169259538218
4.75    0.166493519985
4.875    0.1726229125
5.0    0.166337687972
5.125    0.166688310002
5.25    0.168298574137
5.375    0.158766849336
5.5    0.162818481677
5.625    0.154481468976
5.75    0.162195153624
5.875    0.16202633561
6.0    0.169038776199
6.125    0.167064904033
6.25    0.171272368387
6.375    0.16345479573
6.5    0.168532322157
6.625    0.170973690362
6.75    0.169025790198
6.875    0.169869880269
7.0    0.155987845103
7.125    0.167999896112
7.25    0.17179180843
7.375    0.172402150482
7.5    0.158987611355
7.625    0.158260395294
7.75    0.158585045321
7.875    0.152053086772
8.0    0.168506350155
8.125    0.168895930187
8.25    0.16868815417
8.375    0.170908760356
8.5    0.169934810275
8.625    0.177583564917
8.75    0.156481313144
8.875    0.1726229125
9.0    0.17154507441
9.125    0.1654806119
9.25    0.165766303924
9.375    0.167220736047
9.5    0.172272290471
9.625    0.167766148092
9.75    0.170675012337
9.875    0.167350596057
10.0    0.170441264317
10.125    0.170726956341
10.25    0.172687842506
10.375    0.170441264317
10.5    0.15737734722
10.625    0.160935511519
10.75    0.173791652598
10.875    0.173505960575
11.0    0.15928628938
11.125    0.1738046386
11.25    0.159727813417
11.375    0.170843830351
11.5    0.176895306859
11.625    0.161052385528
11.75    0.168298574137
11.875    0.161558839571
12.0    0.150196088616
12.125    0.161234189544
12.25    0.167168792042
12.375    0.167870036101
12.5    0.161377035556
12.625    0.16297431369
12.75    0.162052307612
12.875    0.158624003324
13.0    0.167896008103
13.125    0.168467392151
13.25    0.167870036101
13.375    0.170298418305
13.5    0.161169259538
13.625    0.161013427525
13.75    0.160623847492
13.875    0.1607147495
14.0    0.162234111628
14.125    0.164065137781
14.25    0.1571435992
14.375    0.15749422123
14.5    0.170752928343
14.625    0.167506428071
14.75    0.169220580215
14.875    0.171363270395
15.0    0.154026958938
15.125    0.167960938109
15.25    0.177453704906
15.375    0.167311638054
15.5    0.160922525517
15.625    0.160221281459
15.75    0.161156273537
15.875    0.165376723892
16.0    0.170363348311
16.125    0.169025790198
16.25    0.16857128016
16.375    0.161844531595
16.5    0.165441653897
16.625    0.166792198011
16.75    0.152247876789
16.875    0.166922058021
17.0    0.170194530296
17.125    0.164558605823
17.25    0.163623613744
17.375    0.153871126925
17.5    0.180492429161
17.625    0.160987455523
17.75    0.166129911955
17.875    0.158714905332
18.0    0.171324312391
18.125    0.171610004415
18.25    0.172103472457
18.375    0.165013115861
18.5    0.154065916942
18.625    0.156377425136
18.75    0.170687998338
18.875    0.160364127471
19.0    0.175168168714
19.125    0.16476638184
19.25    0.167960938109
19.375    0.170649040335
19.5    0.160104407449
19.625    0.175687608758
19.75    0.157701997247
19.875    0.15274134483
20.0    0.17322026855
20.125    0.173467002571
20.25    0.155052853024
20.375    0.160221281459
20.5    0.15619562112
20.625    0.156416383139
20.75    0.15749422123
20.875    0.15606576111
21.0    0.171051606368
21.125    0.171700906423
21.25    0.160961483521
21.375    0.161182245539
21.5    0.160104407449
21.625    0.159779757422
21.75    0.156104719113
21.875    0.155312573046
22.0    0.160870581513
22.125    0.153507518895
22.25    0.170817858349
22.375    0.171700906423
22.5    0.162208139625
22.625    0.161493909565
22.75    0.162870425681
22.875    0.164688465834
23.0    0.162922369685
23.125    0.162870425681
23.25    0.162831467678
23.375    0.164013193777
23.5    0.17451886866
23.625    0.176116146794
23.75    0.175960314781
23.875    0.164597563826
24.0    0.160558917487
24.125    0.155494377062
24.25    0.163714515752
24.375    0.166688310002
24.5    0.15857205932
24.625    0.162636677661
24.75    0.156883879178
24.875    0.160286211464
25.0    0.180518401164
25.125    0.174012414617
25.25    0.16285743968
25.375    0.159195387372
25.5    0.160195309456
25.625    0.164493675817
25.75    0.178414668987
25.875    0.178025088954
26.0    0.180933953198
26.125    0.173116380542
26.25    0.167298652053
26.375    0.16714282004
26.5    0.165052073864
26.625    0.161338077552
26.75    0.158130535283
26.875    0.167194764044
27.0    0.164909227852
27.125    0.16416902579
27.25    0.16559748591
27.375    0.153182868867
27.5    0.162584733657
27.625    0.162286055632
27.75    0.162467859647
27.875    0.162818481677
28.0    0.164701451835
28.125    0.161805573592
28.25    0.165961093941
28.375    0.160727735501
28.5    0.162325013635
28.625    0.164532633821
28.75    0.162156195621
28.875    0.162234111628
29.0    0.165584499909
29.125    0.165584499909
29.25    0.158520115316
29.375    0.158377269304
29.5    0.170610082331
29.625    0.166999974028
29.75    0.162182167623
29.875    0.16345479573
30.0    0.164324857803
30.125    0.164104095785
30.25    0.160078435447
30.375    0.162312027634
30.5    0.167649274083
30.625    0.174908448692
30.75    0.174830532686
30.875    0.158390255305
31.0    0.165026101862
31.125    0.165389709893
31.25    0.164272913799
31.375    0.164350829805
31.5    0.173285198556
31.625    0.158675947329
31.75    0.158533101317
31.875    0.166298729969
32.0    0.161351063553
32.125    0.157792899255
32.25    0.159558995403
32.375    0.157598109238
32.5    0.158351297302
32.625    0.157208529206
32.75    0.15749422123
32.875    0.158351297302
33.0    0.165065059865
33.125    0.165129989871
33.25    0.16714282004
33.375    0.166467547983
33.5    0.164272913799
33.625    0.167870036101
33.75    0.15892268135
33.875    0.162454873646
34.0    0.16297431369
34.125    0.162221125627
34.25    0.167272680051
34.375    0.167584344077
34.5    0.15880580734
34.625    0.161182245539
34.75    0.161065371529
34.875    0.15868893333
35.0    0.163519725736
35.125    0.175635664753
35.25    0.161247175545
35.375    0.165376723892
35.5    0.154715216996
35.625    0.155078825027
35.75    0.156598187154
35.875    0.155039867023
36.0    0.164207983793
36.125    0.164571591824
36.25    0.164467703815
36.375    0.164117081786
36.5    0.179037997039
36.625    0.178648417006
36.75    0.179375633068
36.875    0.164428745812
37.0    0.169415370231
37.125    0.169727034257
37.25    0.169597174246
37.375    0.169714048256
37.5    0.164350829805
37.625    0.165168947874
37.75    0.164649507831
37.875    0.173207282549
38.0    0.171142508376
38.125    0.171142508376
38.25    0.16762330208
38.375    0.170908760356
38.5    0.166207827961
38.625    0.166207827961
38.75    0.166974002026
38.875    0.166961016025
39.0    0.164117081786
39.125    0.166207827961
39.25    0.166246785965
39.375    0.169778978261
39.5    0.166077967951
39.625    0.166675324001
39.75    0.166350673973
39.875    0.170350362309
40.0    0.165272835883
40.125    0.159740799418
40.25    0.159078513363
40.375    0.160805651508
40.5    0.17119445238
40.625    0.164091109784
40.75    0.160429057476
40.875    0.157987689271
41.0    0.161753629587
41.125    0.161948419604
41.25    0.161727657585
41.375    0.161636755577
41.5    0.160792665507
41.625    0.160429057476
41.75    0.161493909565
41.875    0.168986832195
42.0    0.162545775654
42.125    0.163311949718
42.25    0.161701685583
42.375    0.162792509675
42.5    0.161896475599
42.625    0.157896787263
42.75    0.15820845129
42.875    0.174025400618
43.0    0.162961327689
43.125    0.163363893723
43.25    0.162662649664
43.375    0.166857128016
43.5    0.156247565125
43.625    0.157429291224
43.75    0.156922837182
43.875    0.157104641197
44.0    0.155533335065
44.125    0.152637456822
44.25    0.152442666805
44.375    0.152092044776
44.5    0.144066696102
44.625    0.158533101317
44.75    0.158559073319
44.875    0.158896709347
45.0    0.157559151235
45.125    0.157611095239
45.25    0.158260395294
45.375    0.159130457367
45.5    0.167363582059
45.625    0.178570501
45.75    0.164415759811
45.875    0.164701451835
46.0    0.159558995403
46.125    0.178232864972
46.25    0.163506739735
46.375    0.163506739735
46.5    0.164987143859
46.625    0.162104251617
46.75    0.163376879724
46.875    0.163506739735
47.0    0.166896086019
47.125    0.16774017609
47.25    0.16774017609
47.375    0.166376645976
47.5    0.156831935174
47.625    0.156831935174
47.75    0.15820845129
47.875    0.15559826507
48.0    0.158130535283
48.125    0.161948419604
48.25    0.162714593668
48.375    0.159494065397
48.5    0.163623613744
48.625    0.162805495676
48.75    0.15619562112
48.875    0.167363582059
49.0    0.162273069631
49.125    0.161493909565
49.25    0.150845388671
49.375    0.150754486663
49.5    0.17464872867
49.625    0.164039165779
49.75    0.16357166974
49.875    0.16416902579
50.0    0.165857205932
50.125    0.161987377607
50.25    0.162870425681
50.375    0.16988286627
50.5    0.170168558294
50.625    0.170791886347
50.75    0.158792821339
50.875    0.160857595512
51.0    0.164428745812
51.125    0.152118016778
51.25    0.152455652806
51.375    0.159649897411
51.5    0.16619484196
51.625    0.16571435992
51.75    0.164662493832
51.875    0.165168947874
52.0    0.162701607667
52.125    0.162727579669
52.25    0.163974235774
52.375    0.164558605823
52.5    0.178882165026
52.625    0.179245773057
52.75    0.170337376308
52.875    0.16702594603
53.0    0.157052697192
53.125    0.157052697192
53.25    0.171765836428
53.375    0.156221593123
53.5    0.155637223074
53.625    0.156221593123
53.75    0.156117705114
53.875    0.155182713035
54.0    0.163818403761
54.125    0.163948263772
54.25    0.164194997792
54.375    0.164194997792
54.5    0.149845466587
54.625    0.167883022102
54.75    0.157013739189
54.875    0.158221437291
55.0    0.16809079812
55.125    0.169233566216
55.25    0.170856816352
55.375    0.168415448147
55.5    0.164298885801
55.625    0.15976677142
55.75    0.159818715425
55.875    0.159221359375
56.0    0.156987767187
56.125    0.157156585201
56.25    0.15285821884
56.375    0.152806274836
56.5    0.167155806041
56.625    0.166077967951
56.75    0.16642858998
56.875    0.166792198011
57.0    0.169012804197
57.125    0.164584577825
57.25    0.166753240007
57.375    0.167103862037
57.5    0.176986208867
57.625    0.168973846194
57.75    0.169506272239
57.875    0.168194686128
58.0    0.167558372075
58.125    0.174194218632
58.25    0.16702594603
58.375    0.16809079812
58.5    0.161403007558
58.625    0.161299119549
58.75    0.159935589435
58.875    0.159753785419
59.0    0.167402540062
59.125    0.16048100148
59.25    0.162247097629
59.375    0.162688621666
59.5    0.162117237618
59.625    0.162117237618
59.75    0.16214320962
59.875    0.161922447601
60.0    0.157273459211
60.125    0.161026413526
60.25    0.158740877334
60.375    0.158130535283
60.5    0.161117315534
60.625    0.15463730099
60.75    0.15440355297
60.875    0.167103862037
61.0    0.159455107394
61.125    0.174921434693
61.25    0.163311949718
61.375    0.160740721502
61.5    0.163766459756
61.625    0.164610549827
61.75    0.178245850973
61.875    0.163298963717
62.0    0.162169181622
62.125    0.162584733657
62.25    0.162117237618
62.375    0.163428823728
62.5    0.160169337454
62.625    0.16048100148
62.75    0.165935121939
62.875    0.160584889489
63.0    0.161467937563
63.125    0.161753629587
63.25    0.173363114563
63.375    0.163597641742
63.5    0.18154429525
63.625    0.166753240007
63.75    0.160870581513
63.875    0.17179180843
64.0    0.170558138327
64.125    0.167246708049
64.25    0.16845440615
64.375    0.1642858998
64.5    0.171402228398
64.625    0.162428901644
64.75    0.16262369166
64.875    0.161623769576
65.0    0.165337765888
65.125    0.163662571748
65.25    0.165311793886
65.375    0.170181544295
65.5    0.1761940628
65.625    0.175869412773
65.75    0.176220034802
65.875    0.174505882658
66.0    0.174726644677
66.125    0.174064358621
66.25    0.152832246838
66.375    0.176739474846
66.5    0.177427732904
66.625    0.17440199465
66.75    0.175843440771
66.875    0.174298106641
67.0    0.172532010493
67.125    0.170558138327
67.25    0.171480144404
67.375    0.172363192478
67.5    0.174077344623
67.625    0.175388930733
67.75    0.175622678752
67.875    0.175700594759
68.0    0.170311404306
68.125    0.168818014181
68.25    0.173531932577
68.375    0.176181076799
68.5    0.174661714672
68.625    0.175674622757
68.75    0.175557748747
68.875    0.176025244786
69.0    0.173103394541
69.125    0.172921590525
69.25    0.170908760356
69.375    0.170610082331
69.5    0.186063423629
69.625    0.16166272758
69.75    0.176181076799
69.875    0.173129366543
70.0    0.168610238163
70.125    0.172077500455
70.25    0.172389164481
70.375    0.17988208711
70.5    0.17714204088
70.625    0.177116068878
70.75    0.177297872893
70.875    0.176817390853
71.0    0.174025400618
71.125    0.175077266706
71.25    0.174505882658
71.375    0.174817546685
71.5    0.175012336701
71.625    0.174661714672
71.75    0.174544840662
71.875    0.176271978807
72.0    0.17547983274
72.125    0.175466846739
72.25    0.173077422538
72.375    0.172947562528
72.5    0.181713113264
72.625    0.180648261174
72.75    0.182492273329
72.875    0.175869412773
73.0    0.180219723138
73.125    0.162753551671
73.25    0.175051294704
73.375    0.17237617848
73.5    0.178856193024
73.625    0.173428044568
73.75    0.174804560684
73.875    0.173999428616
74.0    0.173246240553
74.125    0.174220190635
74.25    0.171272368387
74.375    0.175895384775
74.5    0.170843830351
74.625    0.170843830351
74.75    0.172155416461
74.875    0.1738046386
75.0    0.177882242942
75.125    0.16131210555
75.25    0.156468327143
75.375    0.157442277225
75.5    0.174298106641
75.625    0.172051528452
75.75    0.172934576527
75.875    0.172765758512
76.0    0.16416902579
76.125    0.16416902579
76.25    0.165675401917
76.375    0.161286133548
76.5    0.163740487754
76.625    0.188297015817
76.75    0.1773757889
76.875    0.184868711529
77.0    0.178232864972
77.125    0.178141962964
77.25    0.175778510765
77.375    0.174492896657
77.5    0.159961561437
77.625    0.173246240553
77.75    0.176479754824
77.875    0.176999194868
78.0    0.159987533439
78.125    0.158130535283
78.25    0.160974469522
78.375    0.159364205387
78.5    0.161000441524
78.625    0.161675713581
78.75    0.162273069631
78.875    0.173038464535
79.0    0.170649040335
79.125    0.171597018414
79.25    0.171298340389
79.375    0.171635976417
79.5    0.157637067242
79.625    0.158675947329
79.75    0.183673999429
79.875    0.182751993351
80.0    0.172402150482
80.125    0.172687842506
80.25    0.173467002571
80.375    0.159104485365
80.5    0.163532711737
80.625    0.165285821884
80.75    0.164143053788
80.875    0.163714515752
81.0    0.167883022102
81.125    0.170999662364
81.25    0.169246552217
81.375    0.168895930187
81.5    0.157546165234
81.625    0.158364283303
81.75    0.157416305223
81.875    0.168558294159
82.0    0.168792042179
82.125    0.1690517622
82.25    0.168999818196
82.375    0.169298496221
82.5    0.165740331922
82.625    0.169233566216
82.75    0.169194608212
82.875    0.168675168169
83.0    0.167363582059
83.125    0.166779212009
83.25    0.148832558502
83.375    0.142014907929
83.5    0.151351842714
83.625    0.154338622964
83.75    0.150222060619
83.875    0.161493909565
84.0    0.156987767187
84.125    0.157637067242
84.25    0.157663039244
84.375    0.158935667351
84.5    0.156533257149
84.625    0.157208529206
84.75    0.155533335065
84.875    0.157909773264
85.0    0.166415603979
85.125    0.165467625899
85.25    0.151741422746
85.375    0.152118016778
85.5    0.160493987482
85.625    0.160935511519
85.75    0.159026569358
85.875    0.159182401371
86.0    0.160766693504
86.125    0.158143521284
86.25    0.160468015479
86.375    0.161961405605
86.5    0.171558060411
86.625    0.160883567514
86.75    0.164597563826
86.875    0.161000441524
87.0    0.164389787809
87.125    0.160221281459
87.25    0.162688621666
87.375    0.15845518531
87.5    0.161571825572
87.625    0.161104329533
87.75    0.163441809729
87.875    0.159078513363
88.0    0.150248032621
88.125    0.150286990624
88.25    0.150222060619
88.375    0.150663584656
88.5    0.147507986391
88.625    0.149481858556
88.75    0.161896475599
88.875    0.154935979015
89.0    0.150325948627
89.125    0.151131080695
89.25    0.16774017609
89.375    0.166103939953
89.5    0.159740799418
89.625    0.158948653352
89.75    0.159078513363
89.875    0.154832091006
90.0    0.161896475599
90.125    0.161818559593
90.25    0.164156039789
90.375    0.171726878425
90.5    0.145858764252
90.625    0.16011739345
90.75    0.145560086227
90.875    0.145793834247
91.0    0.15677999117
91.125    0.157987689271
91.25    0.156299509129
91.375    0.142066851934
91.5    0.161454951562
91.625    0.1619094616
91.75    0.162195153624
91.875    0.160649819495
92.0    0.1571435992
92.125    0.168259616134
92.25    0.151273926707
92.375    0.168779056177
92.5    0.160221281459
92.625    0.157546165234
92.75    0.161000441524
92.875    0.162831467678
93.0    0.146495078306
93.125    0.158286367296
93.25    0.161377035556
93.375    0.161377035556
93.5    0.153053008856
93.625    0.153507518895
93.75    0.153611406903
93.875    0.153793210919
94.0    0.15071552866
94.125    0.150676570657
94.25    0.163597641742
94.375    0.150936290679
94.5    0.15905254136
94.625    0.158598031322
94.75    0.158078591279
94.875    0.1583383113
95.0    0.160299197465
95.125    0.162221125627
95.25    0.162701607667
95.375    0.173479988572
95.5    0.156831935174
95.625    0.15963691141
95.75    0.157948731268
95.875    0.157948731268
96.0    0.148624782484
96.125    0.149481858556
96.25    0.165337765888
96.375    0.165091031868
96.5    0.16285743968
96.625    0.16285743968
96.75    0.162792509675
96.875    0.16285743968
97.0    0.145767862244
97.125    0.164324857803
97.25    0.164324857803
97.375    0.150105186609
97.5    0.15202711477
97.625    0.149507830559
97.75    0.149507830559
97.875    0.149507830559
98.0    0.158234423292
98.125    0.15654624315
98.25    0.158442199309
98.375    0.16226008363
98.5    0.160675791497
98.625    0.146339246292
98.75    0.157468249227
98.875    0.158585045321
99.0    0.158974625354
99.125    0.158987611355
99.25    0.159312261382
99.375    0.152611484819
99.5    0.145962652261
99.625    0.146118484274
99.75    0.146131470275
99.875    0.146001610264
100.0    0.148118328442
100.125    0.145131548191
100.25    0.166714282004
100.375    0.148871516505
100.5    0.149300054541
100.625    0.149468872555
100.75    0.149468872555
100.875    0.16405215178
101.0    0.153780224918
101.125    0.155195699036
101.25    0.154390566969
101.375    0.164272913799
101.5    0.152429680804
101.625    0.152092044776
101.75    0.150338934628
101.875    0.149676648573
102.0    0.16000051944
102.125    0.160156351453
102.25    0.160169337454
102.375    0.159429135392
102.5    0.160818637509
102.625    0.160571903488
102.75    0.159390177389
102.875    0.159688855414
103.0    0.158598031322
103.125    0.15880580734
103.25    0.158935667351
103.375    0.158935667351
103.5    0.156637145158
103.625    0.156922837182
103.75    0.163376879724
103.875    0.163740487754
104.0    0.154650286991
104.125    0.154598342986
104.25    0.154611328987
104.375    0.164935199855
104.5    0.159662883412
104.625    0.15940316339
104.75    0.159844687427
104.875    0.159039555359
105.0    0.161610783575
105.125    0.161130301535
105.25    0.162337999636
105.375    0.160403085474
105.5    0.159948575436
105.625    0.159948575436
105.75    0.159948575436
105.875    0.158766849336
106.0    0.16059787549
106.125    0.153260784874
106.25    0.164156039789
106.375    0.160558917487
106.5    0.161571825572
106.625    0.1607147495
106.75    0.165779289925
106.875    0.155208685038
107.0    0.166896086019
107.125    0.157078669195
107.25    0.154013972937
107.375    0.154013972937
107.5    0.178440640989
107.625    0.160688777498
107.75    0.159831701426
107.875    0.160935511519
108.0    0.154351608966
108.125    0.154585356985
108.25    0.154793133003
108.375    0.169103706205
108.5    0.160442043477
108.625    0.16035114147
108.75    0.145586058229
108.875    0.145586058229
109.0    0.153611406903
109.125    0.153611406903
109.25    0.153130924863
109.375    0.142079837935
109.5    0.163532711737
109.625    0.162610705659
109.75    0.165818247929
109.875    0.164389787809
110.0    0.165402695894
110.125    0.165506583903
110.25    0.165220891879
110.375    0.165415681895
110.5    0.14988442459
110.625    0.153715294912
110.75    0.1535724489
110.875    0.150338934628
111.0    0.165272835883
111.125    0.165272835883
111.25    0.16500012986
111.375    0.16500012986
111.5    0.14976755058
111.625    0.14928706854
111.75    0.149949354596
111.875    0.15023504662
112.0    0.156169649118
112.125    0.156637145158
112.25    0.156247565125
112.375    0.156650131159
112.5    0.160429057476
112.625    0.164026179778
112.75    0.151988156767
112.875    0.151988156767
113.0    0.155896943095
113.125    0.155896943095
113.25    0.156234579124
113.375    0.156598187154
113.5    0.151988156767
113.625    0.151793366751
113.75    0.152754330831
113.875    0.14952081656
114.0    0.162987299691
114.125    0.163506739735
114.25    0.167103862037
114.375    0.166155883957
114.5    0.160987455523
114.625    0.163675557749
114.75    0.155883957094
114.875    0.156624159156
115.0    0.156754019167
115.125    0.156948809184
115.25    0.15666311716
115.375    0.153065994858
115.5    0.148468950471
115.625    0.164104095785
115.75    0.164182011791
115.875    0.164298885801
116.0    0.156559229151
116.125    0.156741033166
116.25    0.156091733112
116.375    0.156857907176
116.5    0.150183102615
116.625    0.150780458666
116.75    0.168129756123
116.875    0.16774017609
117.0    0.156948809184
117.125    0.15619562112
117.25    0.152923148846
117.375    0.156585201153
117.5    0.166039009947
117.625    0.168428434148
117.75    0.164831311846
117.875    0.16488325585
118.0    0.161987377607
118.125    0.162104251617
118.25    0.162104251617
118.375    0.162104251617
118.5    0.1571435992
118.625    0.1571435992
118.75    0.157195543204
118.875    0.156507285147
119.0    0.150988234683
119.125    0.151507674727
119.25    0.151247954705
119.375    0.151247954705
120.0    0.156455341142
120.125    0.149741578578
120.25    0.153936056931
120.375    0.154325636963
120.5    0.157104641197
120.625    0.157507207231
120.75    0.159792743423
120.875    0.160091421448
121.0    0.154143832948
121.125    0.154299664961
121.25    0.154299664961
121.375    0.164701451835
121.5    0.15523465704
121.625    0.155559307067
121.75    0.155741111082
121.875    0.155767083084
122.0    0.149806508584
122.125    0.149871438589
122.25    0.149871438589
122.375    0.148754642495
122.5    0.155533335065
122.625    0.155494377062
122.75    0.155909929096
122.875    0.155909929096
123.0    0.144391346129
123.125    0.155754097083
123.25    0.154871049009
123.375    0.154247720957
123.5    0.14868971249
123.625    0.149326026543
123.75    0.149326026543
123.875    0.149326026543
124.0    0.153520504896
124.125    0.150884346674
124.25    0.15309196686
124.375    0.151806352752
124.5    0.151689478742
124.625    0.151689478742
124.75    0.166116925954
124.875    0.155857985092
125.0    0.151689478742
125.125    0.152455652806
125.25    0.152455652806
125.375    0.152118016778
125.5    0.152390722801
125.625    0.152416694803
125.75    0.153650364907
125.875    0.151741422746
126.0    0.151988156767
126.125    0.15214398878
126.25    0.15214398878
126.375    0.15214398878
126.5    0.157559151235
126.625    0.15488403501
126.75    0.154000986936
126.875    0.154104874945
127.0    0.151702464743
127.125    0.151702464743
127.25    0.147767706412
127.375    0.147767706412
127.5    0.147988468431
127.625    0.162454873646
127.75    0.162805495676
127.875    0.163350907721
128.0    0.152715372828
128.125    0.153247798873
128.25    0.153260784874
128.375    0.155780069086
128.5    0.160818637509
128.625    0.160610861491
128.75    0.168012882113
128.875    0.166844142015
129.0    0.166051995948
129.125    0.161636755577
129.25    0.153001064852
129.375    0.154390566969
129.5    0.158857751344
129.625    0.158792821339
129.75    0.158792821339
129.875    0.158649975327
130.0    0.153001064852
130.125    0.153014050853
130.25    0.153234812872
130.375    0.153559462899
130.5    0.154715216996
130.625    0.154741188998
130.75    0.154260706958
130.875    0.153962028933
131.0    0.152247876789
131.125    0.152105030777
131.25    0.151170038698
131.375    0.152156974781
131.5    0.153065994858
131.625    0.153065994858
131.75    0.153520504896
131.875    0.153897098927
132.0    0.158883723346
132.125    0.157130613199
132.25    0.157481235228
132.375    0.15892268135
132.5    0.155637223074
132.625    0.155637223074
132.75    0.153065994858
132.875    0.15333870088
133.0    0.153845154923
133.125    0.153182868867
133.25    0.163974235774
133.375    0.163636599745
133.5    0.158766849336
133.625    0.156533257149
133.75    0.158559073319
133.875    0.158779835337
134.0    0.151079136691
134.125    0.152585512817
134.25    0.155065839026
134.375    0.150884346674
134.5    0.156494299146
134.625    0.156948809184
134.75    0.157065683194
134.875    0.158130535283
135.0    0.151273926707
135.125    0.151650520739
135.25    0.151468716723
135.375    0.151416772719
135.5    0.166064981949
135.625    0.155273615043
135.75    0.158870737345
135.875    0.155338545048
136.0    0.149001376516
136.125    0.149494844558
136.25    0.149897410591
136.375    0.149494844558
136.5    0.153975014934
136.625    0.154481468976
136.75    0.154481468976
136.875    0.154585356985
137.0    0.166168869958
137.125    0.166168869958
137.25    0.149274082539
137.375    0.14797548243
137.5    0.148845544503
137.625    0.149261096538
137.75    0.14797548243
137.875    0.14809235644
138.0    0.159117471366
138.125    0.159182401371
138.25    0.159117471366
138.375    0.159117471366
138.5    0.156286523128
138.625    0.156520271148
138.75    0.156598187154
138.875    0.156572215152
139.0    0.155728125081
139.125    0.156130691115
139.25    0.156130691115
139.375    0.145858764252
139.5    0.151715450744
139.625    0.162506817651
139.75    0.162779523673
139.875    0.138300911617
140.0    0.159325247383
140.125    0.158844765343
140.25    0.159104485365
140.375    0.159221359375
140.5    0.154507440979
140.625    0.154416538971
140.75    0.155091811028
140.875    0.154715216996
141.0    0.15726047321
141.125    0.157611095239
141.25    0.157637067242
141.375    0.157805885256
141.5    0.150338934628
141.625    0.150338934628
141.75    0.149871438589
141.875    0.151559618731
142.0    0.140170895774
142.125    0.140144923772
142.25    0.140144923772
142.375    0.140144923772
142.5    0.147637846402
142.625    0.147637846402
142.75    0.144391346129
142.875    0.144469262135
143.0    0.157208529206
143.125    0.158546087318
143.25    0.158909695348
143.375    0.15880580734
143.5    0.154221748955
143.625    0.154221748955
143.75    0.154221748955
143.875    0.154260706958
144.0    0.14202789393
144.125    0.142001921928
144.25    0.152910162844
144.375    0.15309196686
144.5    0.139573539724
144.625    0.152663428824
144.75    0.149339012544
144.875    0.149339012544
145.0    0.143755032075
145.125    0.143819962081
145.25    0.151118094694
145.375    0.151183024699
145.5    0.164961171857
145.625    0.154026958938
145.75    0.154026958938
145.875    0.165909149936
146.0    0.156637145158
146.125    0.153325714879
146.25    0.153325714879
146.375    0.153286756876
146.5    0.148053398436
146.625    0.148170272446
146.75    0.148170272446
146.875    0.14820923045
147.0    0.152715372828
147.125    0.152715372828
147.25    0.152208918786
147.375    0.152182946783
147.5    0.147936524427
147.625    0.148053398436
147.75    0.148988390515
147.875    0.148144300444
148.0    0.144066696102
148.125    0.144209542114
148.25    0.137508765551
148.375    0.156896865179
148.5    0.153182868867
148.625    0.153650364907
148.75    0.153650364907
148.875    0.156818949173
149.0    0.153650364907
149.125    0.15178038075
149.25    0.155338545048
149.375    0.15535153105
149.5    0.151936212763
149.625    0.151897254759
149.75    0.151897254759
149.875    0.15191024076
150.0    0.14892346051
150.125    0.148988390515
150.25    0.149040334519
150.375    0.149494844558
150.5    0.156948809184
150.625    0.156767005168
150.75    0.158156507285
150.875    0.156455341142
151.0    0.157701997247
151.125    0.157481235228
151.25    0.157481235228
151.375    0.156974781186
151.5    0.160143365452
151.625    0.160221281459
151.75    0.162480845648
151.875    0.156728047165
152.0    0.147404098382
152.125    0.154598342986
152.25    0.154845077007
152.375    0.154845077007
152.5    0.152715372828
152.625    0.152884190842
152.75    0.152936134847
152.875    0.152936134847
153.0    0.146806742332
153.125    0.157416305223
153.25    0.157442277225
153.375    0.157442277225
153.5    0.157429291224
153.625    0.156870893177
153.75    0.146482092304
153.875    0.158325325299
154.0    0.159130457367
154.125    0.158909695348
154.25    0.158792821339
154.375    0.155377503052
154.5    0.155299587045
154.625    0.156156663117
154.75    0.156156663117
154.875    0.155793055087
155.0    0.15571513908
155.125    0.155728125081
155.25    0.152910162844
155.375    0.153195854868
155.5    0.151572604732
155.625    0.151403786718
155.75    0.151338856712
155.875    0.151364828715
156.0    0.1571435992
156.125    0.142794067995
156.25    0.143001844012
156.375    0.157637067242
156.5    0.153988000935
156.625    0.154156818949
156.75    0.154481468976
156.875    0.154585356985
157.0    0.159117471366
157.125    0.151793366751
157.25    0.15191024076
157.375    0.151923226762
157.5    0.153351686882
157.625    0.153598420902
157.75    0.152884190842
157.875    0.153299742877
158.0    0.165324779887
158.125    0.143716074072
158.25    0.158260395294
158.375    0.154663272992
158.5    0.151871282757
158.625    0.15202711477
158.75    0.152221904787
158.875    0.151845310755
159.0    0.156702075163
159.125    0.156818949173
159.25    0.156987767187
159.375    0.157325403215
159.5    0.157247487209
159.625    0.157247487209
159.75    0.157234501208
159.875    0.157416305223
160.0    0.156208607122
160.125    0.152871204841
160.25    0.152754330831
160.375    0.153390644885
160.5    0.154468482975
160.625    0.154948965016
160.75    0.154948965016
160.875    0.155896943095
161.0    0.13988520375
161.125    0.154000986936
161.25    0.136015375425
161.375    0.157611095239
161.5    0.153767238916
161.625    0.151260940706
161.75    0.151390800717
161.875    0.154442510973
162.0    0.155663195076
162.125    0.155663195076
162.25    0.154832091006
162.375    0.154832091006
162.5    0.155273615043
162.625    0.156416383139
162.75    0.156416383139
162.875    0.154922993014
163.0    0.157896787263
163.125    0.157091655196
163.25    0.156818949173
163.375    0.156831935174
163.5    0.162779523673
163.625    0.153767238916
163.75    0.154702230995
163.875    0.155195699036
164.0    0.156442355141
164.125    0.156325481131
164.25    0.156767005168
164.375    0.154013972937
164.5    0.157481235228
164.625    0.157364361219
164.75    0.158312339298
164.875    0.158169493286
165.0    0.156260551126
165.125    0.157078669195
165.25    0.157078669195
165.375    0.157689011246
165.5    0.154546398982
165.625    0.15452042698
165.75    0.15452042698
165.875    0.154624314988
166.0    0.15690985118
166.125    0.156767005168
166.25    0.156559229151
166.375    0.159455107394
166.5    0.154338622964
166.625    0.154312650962
166.75    0.155935901099
166.875    0.157182557203
167.0    0.154572370984
167.125    0.143755032075
167.25    0.15048178064
167.375    0.150429836636
167.5    0.146845700335
167.625    0.16131210555
167.75    0.146222372283
167.875    0.148196244448
168.0    0.142910942005
168.125    0.139781315742
168.25    0.139313819702
168.375    0.145469184219
168.5    0.153053008856
168.625    0.155312573046
168.75    0.155883957094
168.875    0.1559488871
169.0    0.143586214061
169.125    0.143897878087
169.25    0.143936836091
169.375    0.146754798327
169.5    0.14392385009
169.625    0.141391579877
169.75    0.142287613952
169.875    0.144988702179
170.0    0.15571513908
170.125    0.156364439135
170.25    0.155013895021
170.375    0.155676181077
170.5    0.149248110537
170.625    0.149585746565
170.75    0.149118250526
170.875    0.166844142015
171.0    0.155650209075
171.125    0.15523465704
171.25    0.15523465704
171.375    0.155247643041
171.5    0.15559826507
171.625    0.155702153079
171.75    0.156585201153
171.875    0.150131158611
172.0    0.148650754487
172.125    0.149728592577
172.25    0.160519959484
172.375    0.146157442277
172.5    0.154364594967
172.625    0.154922993014
172.75    0.157390333221
172.875    0.15666311716
173.0    0.160818637509
173.125    0.160883567514
173.25    0.160519959484
173.375    0.1571435992
173.5    0.147728748409
173.625    0.147754720411
173.75    0.147728748409
173.875    0.158520115316
174.0    0.156390411137
174.125    0.156637145158
174.25    0.157611095239
174.375    0.157169571202
174.5    0.15820845129
174.625    0.155247643041
174.75    0.155974859102
174.875    0.156883879178
175.0    0.158351297302
175.125    0.158299353297
175.25    0.158039633275
175.375    0.158611017323
175.5    0.151559618731
175.625    0.153858140924
175.75    0.153819182921
175.875    0.151533646729
176.0    0.150676570657
176.125    0.149196166532
176.25    0.150702542659
176.375    0.155767083084
176.5    0.147585902397
176.625    0.147585902397
176.75    0.154948965016
176.875    0.154897021011
177.0    0.157286445212
177.125    0.157117627198
177.25    0.157117627198
177.375    0.157896787263
177.5    0.145988624263
177.625    0.145806820248
177.75    0.145806820248
177.875    0.146014596265
178.0    0.159013583357
178.125    0.159117471366
178.25    0.159195387372
178.375    0.15940316339
178.5    0.155650209075
178.625    0.155728125081
178.75    0.156104719113
178.875    0.156364439135
179.0    0.149624704568
179.125    0.149533802561
179.25    0.149533802561
179.375    0.164610549827
180.0    0.156390411137
180.125    0.149819494585
180.25    0.163195075708
180.375    0.161039399527
180.5    0.158013661273
180.625    0.158013661273
180.75    0.158013661273
180.875    0.158312339298
181.0    0.155624237072
181.125    0.157922759266
181.25    0.158714905332
181.375    0.158403241306
181.5    0.162454873646
181.625    0.162273069631
181.75    0.162234111628
181.875    0.162350985637
182.0    0.157727969249
182.125    0.157779913254
182.25    0.158481157312
182.375    0.159143443368
182.5    0.158559073319
182.625    0.159039555359
182.75    0.159377191388
182.875    0.159740799418
183.0    0.149429914552
183.125    0.149429914552
183.25    0.149429914552
183.375    0.160221281459
183.5    0.152312806794
183.625    0.152650442823
183.75    0.152650442823
183.875    0.152351764798
184.0    0.150663584656
184.125    0.143469340051
184.25    0.143287536036
184.375    0.150559696647
184.5    0.151676492741
184.625    0.154377580968
184.75    0.150858374672
184.875    0.151247954705
185.0    0.145650988235
185.125    0.145650988235
185.25    0.145261408202
185.375    0.14583279225
185.5    0.153520504896
185.625    0.153221826871
185.75    0.151118094694
185.875    0.153325714879
186.0    0.153728280913
186.125    0.154130846947
186.25    0.154351608966
186.375    0.155728125081
186.5    0.150157130613
186.625    0.150157130613
186.75    0.150157130613
186.875    0.150689556658
187.0    0.154039944939
187.125    0.153169882866
187.25    0.149585746565
187.375    0.153585434901
187.5    0.153468560891
187.625    0.164156039789
187.75    0.164987143859
187.875    0.153754252915
188.0    0.147352154378
188.125    0.147572916396
188.25    0.1464301483
188.375    0.15762408124
188.5    0.151403786718
188.625    0.149754564579
188.75    0.146456120302
188.875    0.146456120302
189.0    0.145378282212
189.125    0.145871750253
189.25    0.145586058229
189.375    0.146170428278
189.5    0.1488065865
189.625    0.1488065865
189.75    0.148767628496
189.875    0.148975404514
190.0    0.156247565125
190.125    0.157403319222
190.25    0.156143677116
190.375    0.14237851596
190.5    0.148741656494
190.625    0.148741656494
190.75    0.148741656494
190.875    0.148494922474
191.0    0.149377970548
191.125    0.148728670493
191.25    0.148105342441
191.375    0.147482014388
191.5    0.14666389632
191.625    0.150027270602
191.75    0.158351297302
191.875    0.158143521284
192.0    0.156390411137
192.125    0.156754019167
192.25    0.156974781186
192.375    0.156741033166
192.5    0.152429680804
192.625    0.150209074618
192.75    0.150650598655
192.875    0.15071552866
193.0    0.154974937018
193.125    0.154974937018
193.25    0.154974937018
193.375    0.15548139106
193.5    0.148040412435
193.625    0.148300132457
193.75    0.14857283848
193.875    0.149780536582
194.0    0.154429524972
194.125    0.154299664961
194.25    0.146469106303
194.375    0.154260706958
194.5    0.148391034465
194.625    0.14868971249
194.75    0.148378048464
194.875    0.14845596447
195.0    0.158442199309
195.125    0.158390255305
195.25    0.158403241306
195.375    0.154351608966
195.5    0.142313585954
195.625    0.15368932291
195.75    0.157792899255
195.875    0.158325325299
196.0    0.141794145911
196.125    0.153169882866
196.25    0.152105030777
196.375    0.153780224918
196.5    0.156507285147
196.625    0.153728280913
196.75    0.143040802015
196.875    0.158221437291
197.0    0.148871516505
197.125    0.149663662572
197.25    0.14940394255
197.375    0.150390878633
197.5    0.15535153105
197.625    0.15535153105
197.75    0.15535153105
197.875    0.152481624808
198.0    0.154858063008
198.125    0.157507207231
198.25    0.158143521284
198.375    0.152936134847
198.5    0.160818637509
198.625    0.150066228606
198.75    0.151014206685
198.875    0.151962184765
199.0    0.156870893177
199.125    0.157546165234
199.25    0.150728514661
199.375    0.158857751344
199.5    0.150975248682
199.625    0.150520738644
199.75    0.150624626652
199.875    0.150975248682
200.0    0.155507363063
200.125    0.155767083084
200.25    0.155819027089
200.375    0.152312806794
200.5    0.149313040542
200.625    0.149235124536
200.75    0.14928706854
200.875    0.150741500662
201.0    0.1607147495
201.125    0.153520504896
201.25    0.153741266914
201.375    0.151208996702
201.5    0.156117705114
201.625    0.157572137236
201.75    0.131405345038
201.875    0.137560709555
202.0    0.154533412981
202.125    0.154611328987
202.25    0.15511778303
202.375    0.155130769031
202.5    0.150624626652
202.625    0.149910396592
202.75    0.150274004623
202.875    0.157831857258
203.0    0.162506817651
203.125    0.161727657585
203.25    0.163247019713
203.375    0.163441809729
203.5    0.156039789107
203.625    0.156650131159
203.75    0.15737734722
203.875    0.159156429369
204.0    0.156754019167
204.125    0.15642936914
204.25    0.156857907176
204.375    0.157364361219
204.5    0.154858063008
204.625    0.154858063008
204.75    0.154922993014
204.875    0.154806119004
205.0    0.155013895021
205.125    0.154858063008
205.25    0.154650286991
205.375    0.15619562112
205.5    0.155416461055
205.625    0.155416461055
205.75    0.155065839026
205.875    0.155286601044
206.0    0.154507440979
206.125    0.155663195076
206.25    0.155754097083
206.375    0.155364517051
206.5    0.148378048464
206.625    0.149157208529
206.75    0.160273225463
206.875    0.160584889489
207.0    0.153975014934
207.125    0.154494454978
207.25    0.149572760564
207.375    0.14963769057
207.5    0.151793366751
207.625    0.151234968704
207.75    0.154897021011
207.875    0.1559488871
208.0    0.154078902943
208.125    0.154390566969
208.25    0.154585356985
208.375    0.152754330831
208.5    0.156624159156
208.625    0.156624159156
208.75    0.153195854868
208.875    0.153195854868
209.0    0.157351375218
209.125    0.157234501208
209.25    0.139846245747
209.375    0.157312417214
209.5    0.144664052152
209.625    0.144923772174
209.75    0.144806898164
209.875    0.14488481417
210.0    0.157091655196
210.125    0.158948653352
210.25    0.144560164143
210.375    0.144508220139
210.5    0.139067085682
210.625    0.144352388126
210.75    0.138261953614
210.875    0.138300911617
211.0    0.139080071683
211.125    0.139209931694
211.25    0.137404877542
211.375    0.136223151443
211.5    0.149494844558
211.625    0.148365062463
211.75    0.151247954705
211.875    0.150222060619
212.0    0.162454873646
212.125    0.152481624808
212.25    0.152156974781
212.375    0.152689400826
212.5    0.157818871257
212.625    0.155299587045
212.75    0.154234734956
212.875    0.15380619692
213.0    0.155468405059
213.125    0.15571513908
213.25    0.156013817105
213.375    0.156000831104
213.5    0.158961639353
213.625    0.159065527362
213.75    0.159610939407
213.875    0.1571435992
214.0    0.136651689479
214.125    0.13440511129
214.25    0.137223073527
214.375    0.137197101525
214.5    0.15440355297
214.625    0.154961951017
214.75    0.154754174999
214.875    0.155169727034
215.0    0.147469028387
215.125    0.148417006467
215.25    0.149079292523
215.375    0.153117938862
215.5    0.156156663117
215.625    0.156325481131
215.75    0.15606576111
215.875    0.156104719113
216.0    0.150222060619
216.125    0.150962262681
216.25    0.15035192063
216.375    0.150416850635
216.5    0.152105030777
216.625    0.152234890788
216.75    0.142014907929
216.875    0.142066851934
217.0    0.140170895774
217.125    0.140170895774
217.25    0.140820195829
217.375    0.141261719866
217.5    0.151676492741
217.625    0.151676492741
217.75    0.151416772719
217.875    0.151728436745
218.0    0.153247798873
218.125    0.153780224918
218.25    0.154039944939
218.375    0.149105264525
218.5    0.148066384438
218.625    0.148391034465
218.75    0.148404020466
218.875    0.147274238371
219.0    0.144832870166
219.125    0.144845856167
219.25    0.144975716178
219.375    0.144845856167
219.5    0.152689400826
219.625    0.153104952861
219.75    0.154585356985
219.875    0.154585356985
220.0    0.144871828169
220.125    0.144248500117
220.25    0.144248500117
220.375    0.144547178142
220.5    0.144326416123
220.625    0.143962808093
220.75    0.144690024154
220.875    0.143183648027
221.0    0.141053943849
221.125    0.141300677869
221.25    0.140846167831
221.375    0.141209775862
221.5    0.148715684492
221.625    0.148027426434
221.75    0.148417006467
221.875    0.148884502506
222.0    0.140911097837
222.125    0.136833493494
222.25    0.136820507493
222.375    0.137547723554
222.5    0.144845856167
222.625    0.1452354362
222.75    0.144482248137
222.875    0.145586058229
223.0    0.145300366205
223.125    0.144949744176
223.25    0.142417473963
223.375    0.143274550035
223.5    0.152234890788
223.625    0.151442744721
223.75    0.152247876789
223.875    0.152416694803
224.0    0.155078825027
224.125    0.15535153105
224.25    0.154793133003
224.375    0.15488403501
224.5    0.146144456276
224.625    0.145663974236
224.75    0.145663974236
224.875    0.145910708257
225.0    0.13726203153
225.125    0.14928706854
225.25    0.142534347973
225.375    0.141924005922
225.5    0.149183180531
225.625    0.149806508584
225.75    0.149806508584
225.875    0.150624626652
226.0    0.149313040542
226.125    0.149663662572
226.25    0.161026413526
226.375    0.139495623718
226.5    0.147339168376
226.625    0.148378048464
226.75    0.147663818404
226.875    0.147663818404
227.0    0.156624159156
227.125    0.156624159156
227.25    0.156104719113
227.375    0.155286601044
227.5    0.151079136691
227.625    0.151351842714
227.75    0.152572526816
227.875    0.165753317923
228.0    0.15035192063
228.125    0.15035192063
228.25    0.157663039244
228.375    0.150728514661
228.5    0.139781315742
228.625    0.139807287744
228.75    0.138197023609
228.875    0.139028127678
229.0    0.141469495883
229.125    0.144313430122
229.25    0.144339402125
229.375    0.158857751344
229.5    0.145547100226
229.625    0.145871750253
229.75    0.148481936472
229.875    0.148988390515
230.0    0.144832870166
230.125    0.144871828169
230.25    0.14500168818
230.375    0.145053632184
230.5    0.145819806249
230.625    0.14594966626
230.75    0.146378204296
230.875    0.146378204296
231.0    0.153351686882
231.125    0.153468560891
231.25    0.149949354596
231.375    0.150066228606
231.5    0.143949822092
231.625    0.143586214061
231.75    0.144599122146
231.875    0.145157520193
232.0    0.138794379659
232.125    0.139132015687
232.25    0.141352621874
232.375    0.139235903696
232.5    0.142755109991
232.625    0.142755109991
232.75    0.143105732021
232.875    0.143508298055
233.0    0.145456198218
233.125    0.145663974236
233.25    0.145105576189
233.375    0.145326338207
233.5    0.146274316287
233.625    0.146326260291
233.75    0.1488065865
233.875    0.1488065865
234.0    0.160506973483
234.125    0.160896553515
234.25    0.160636833493
234.375    0.143962808093
234.5    0.14631327429
234.625    0.148378048464
234.75    0.14797548243
234.875    0.147702776407
235.0    0.155065839026
235.125    0.147871594421
235.25    0.147871594421
235.375    0.147962496429
235.5    0.15320884087
235.625    0.153819182921
235.75    0.154974937018
235.875    0.154974937018
236.0    0.151157052697
236.125    0.151689478742
236.25    0.153611406903
236.375    0.150494766642
236.5    0.159364205387
236.625    0.159494065397
236.75    0.151286912708
236.875    0.151286912708
237.0    0.14749500039
237.125    0.147676804405
237.25    0.1500012986
237.375    0.149676648573
237.5    0.14178115991
237.625    0.152572526816
237.75    0.1523777368
237.875    0.151962184765
238.0    0.148300132457
238.125    0.148365062463
238.25    0.148365062463
238.375    0.148365062463
238.5    0.147040490351
238.625    0.147196322364
238.75    0.151988156767
238.875    0.150806430668
239.0    0.15333870088
239.125    0.153403630886
239.25    0.153403630886
239.375    0.153936056931
240.0    0.142962886009
240.125    0.143352466042
240.25    0.142820039997
240.375    0.149728592577
240.5    0.153845154923
240.625    0.154065916942
240.75    0.1535724489
240.875    0.153936056931
241.0    0.152455652806
241.125    0.145897722255
241.25    0.145482170221
241.375    0.144819884165
241.5    0.151208996702
241.625    0.152676414825
241.75    0.153027036854
241.875    0.152390722801
242.0    0.163909305768
242.125    0.163922291769
242.25    0.162013349609
242.375    0.155793055087
242.5    0.136885437498
242.625    0.136846479495
242.75    0.136599745474
242.875    0.147313196374
243.0    0.146754798327
243.125    0.147014518349
243.25    0.14702750435
243.375    0.14702750435
243.5    0.152208918786
243.625    0.155403475054
243.75    0.155208685038
243.875    0.152221904787
244.0    0.149975326598
244.125    0.150248032621
244.25    0.139755343739
244.375    0.139690413734
244.5    0.132067631094
244.625    0.136041347427
244.75    0.142690179986
244.875    0.140144923772
245.0    0.146027582266
245.125    0.14594966626
245.25    0.148027426434
245.375    0.145676960237
245.5    0.146391190297
245.625    0.146534036309
245.75    0.14691063034
245.875    0.146767784328
246.0    0.142066851934
246.125    0.142482403969
246.25    0.143742046074
246.375    0.144482248137
246.5    0.145612030231
246.625    0.145638002234
246.75    0.145469184219
246.875    0.146456120302
247.0    0.149442900553
247.125    0.149442900553
247.25    0.149624704568
247.375    0.149624704568
247.5    0.149559774563
247.625    0.145261408202
247.75    0.144897800171
247.875    0.142871984001
248.0    0.148014440433
248.125    0.147806664416
248.25    0.147949510428
248.375    0.147949510428
248.5    0.147404098382
248.625    0.147546944394
248.75    0.133729839233
248.875    0.137326961535
249.0    0.1464301483
249.125    0.145884736254
249.25    0.146443134301
249.375    0.157234501208
249.5    0.150520738644
249.625    0.150858374672
249.75    0.150962262681
249.875    0.151001220684
250.0    0.150793444667
250.125    0.150897332675
250.25    0.150728514661
250.375    0.150728514661
250.5    0.150274004623
250.625    0.150131158611
250.75    0.151001220684
250.875    0.150962262681
251.0    0.152195932784
251.125    0.152195932784
251.25    0.153676336909
251.375    0.14963769057
251.5    0.14237851596
251.625    0.143781004078
251.75    0.146728826325
251.875    0.136417941459
252.0    0.149832480586
252.125    0.149923382594
252.25    0.149923382594
252.375    0.150325948627
252.5    0.146624938316
252.625    0.139326805703
252.75    0.139235903696
252.875    0.139833259746
253.0    0.146598966314
253.125    0.146598966314
253.25    0.146326260291
253.375    0.147118406358
253.5    0.150585668649
253.625    0.150650598655
253.75    0.150572682648
253.875    0.150637612654
254.0    0.150546710646
254.125    0.150637612654
254.25    0.150611640651
254.375    0.151377814716
254.5    0.148910474508
254.625    0.149754564579
254.75    0.14952081656
254.875    0.15345557489
255.0    0.154715216996
255.125    0.156286523128
255.25    0.167168792042
255.375    0.156624159156
255.5    0.14106692985
255.625    0.151806352752
255.75    0.137716541568
255.875    0.146456120302
256.0    0.152650442823
256.125    0.152793288835
256.25    0.152611484819
256.375    0.152598498818
256.5    0.161247175545
256.625    0.161753629587
256.75    0.165675401917
256.875    0.162870425681
257.0    0.15083240267
257.125    0.146728826325
257.25    0.147780692414
257.375    0.147780692414
257.5    0.148261174454
257.625    0.148274160455
257.75    0.148378048464
257.875    0.155572293068
258.0    0.150157130613
258.125    0.152650442823
258.25    0.152650442823
258.375    0.152481624808
258.5    0.151897254759
258.625    0.137508765551
258.75    0.137508765551
258.875    0.1523777368
259.0    0.148131314443
259.125    0.146209386282
259.25    0.150819416669
259.375    0.147131392359
259.5    0.148404020466
259.625    0.149222138535
259.75    0.134989481339
259.875    0.134989481339
260.0    0.147845622419
260.125    0.145417240215
260.25    0.145417240215
260.375    0.145417240215
260.5    0.149326026543
260.625    0.149390956549
260.75    0.149261096538
260.875    0.14868971249
261.0    0.146962574345
261.125    0.146209386282
261.25    0.151403786718
261.375    0.151650520739
261.5    0.147209308366
261.625    0.147209308366
261.75    0.149780536582
261.875    0.131639093058
262.0    0.146793756331
262.125    0.147482014388
262.25    0.151131080695
262.375    0.150936290679
262.5    0.151053164688
262.625    0.150780458666
262.75    0.150780458666
262.875    0.150858374672
263.0    0.152702386827
263.125    0.152897176843
263.25    0.161013427525
263.375    0.153182868867
263.5    0.154026958938
263.625    0.157208529206
263.75    0.154221748955
263.875    0.154754174999
264.0    0.145495156222
264.125    0.140885125834
264.25    0.141768173909
264.375    0.142482403969
264.5    0.155754097083
264.625    0.155754097083
264.75    0.155754097083
264.875    0.141716229904
265.0    0.146495078306
265.125    0.14678077033
265.25    0.146287302288
265.375    0.1464301483
265.5    0.147585902397
265.625    0.155844999091
265.75    0.155844999091
265.875    0.156455341142
266.0    0.151806352752
266.125    0.151819338753
266.25    0.152273848791
266.375    0.152572526816
266.5    0.149131236527
266.625    0.1476248604
266.75    0.149144222528
266.875    0.149351998546
267.0    0.152728358829
267.125    0.153221826871
267.25    0.154715216996
267.375    0.153273770875
267.5    0.150962262681
267.625    0.150936290679
267.75    0.150936290679
267.875    0.136573773472
268.0    0.150299976625
268.125    0.150624626652
268.25    0.135872529413
268.375    0.149533802561
268.5    0.155208685038
268.625    0.154780147002
268.75    0.154793133003
268.875    0.154897021011
269.0    0.149339012544
269.125    0.149507830559
269.25    0.149351998546
269.375    0.150299976625
269.5    0.149663662572
269.625    0.160974469522
269.75    0.158117549282
269.875    0.157935745267
270.0    0.144339402125
270.125    0.145274394203
270.25    0.14571591824
270.375    0.145014674181
270.5    0.160286211464
270.625    0.162597719658
270.75    0.155806041088
270.875    0.162714593668
271.0    0.15166350674
271.125    0.15154663273
271.25    0.151105108693
271.375    0.151923226762
271.5    0.151936212763
271.625    0.150131158611
271.75    0.150546710646
271.875    0.148533880477
272.0    0.158078591279
272.125    0.158520115316
272.25    0.158481157312
272.375    0.157559151235
272.5    0.145495156222
272.625    0.145495156222
272.75    0.141443523881
272.875    0.141573383892
273.0    0.143027816014
273.125    0.161234189544
273.25    0.160987455523
273.375    0.143391424045
273.5    0.159533023401
273.625    0.139755343739
273.75    0.140612419811
273.875    0.141404565878
274.0    0.139028127678
274.125    0.139080071683
274.25    0.136041347427
274.375    0.136236137444
274.5    0.142287613952
274.625    0.145391268213
274.75    0.146754798327
274.875    0.147326182375
275.0    0.154546398982
275.125    0.154429524972
275.25    0.153871126925
275.375    0.154234734956
275.5    0.15048178064
275.625    0.147533958393
275.75    0.150092200608
275.875    0.149832480586
276.0    0.145612030231
276.125    0.14249538997
276.25    0.146417162299
276.375    0.146676882321
276.5    0.145897722255
276.625    0.147897566423
276.75    0.147391112381
276.875    0.147884580422
277.0    0.15166350674
277.125    0.15142975872
277.25    0.151273926707
277.375    0.137417863543
277.5    0.149429914552
277.625    0.149793522583
277.75    0.147352154378
277.875    0.147611874399
278.0    0.149105264525
278.125    0.149715606576
278.25    0.146118484274
278.375    0.146391190297
278.5    0.148378048464
278.625    0.148650754487
278.75    0.148650754487
278.875    0.134470041295
279.0    0.139248889697
279.125    0.139378749708
279.25    0.139378749708
279.375    0.139950133756
279.5    0.151014206685
279.625    0.151014206685
279.75    0.146728826325
279.875    0.146858686336
280.0    0.142949900008
280.125    0.142949900008
280.25    0.142612263979
280.375    0.142547333974
280.5    0.144222528115
280.625    0.144664052152
280.75    0.144741968158
280.875    0.144365374127
281.0    0.143884892086
281.125    0.144625094149
281.25    0.148105342441
281.375    0.148118328442
281.5    0.14249538997
281.625    0.142703165987
281.75    0.142949900008
281.875    0.143079760019
282.0    0.141300677869
282.125    0.142287613952
282.25    0.140092979768
282.375    0.143949822092
282.5    0.148819572501
282.625    0.148832558502
282.75    0.141560397891
282.875    0.142235669948
283.0    0.144378360128
283.125    0.144715996156
283.25    0.123678674389
283.375    0.152728358829
283.5    0.146300288289
283.625    0.146936602343
283.75    0.149222138535
283.875    0.14917019453
284.0    0.139664441732
284.125    0.139469651715
284.25    0.138378827624
284.375    0.137508765551
284.5    0.149975326598
284.625    0.149962340597
284.75    0.135210243358
284.875    0.148417006467
285.0    0.154000986936
285.125    0.152364750799
285.25    0.152156974781
285.375    0.152403708802
285.5    0.152806274836
285.625    0.152806274836
285.75    0.153169882866
285.875    0.153910084928
286.0    0.151832324754
286.125    0.148235202452
286.25    0.148235202452
286.375    0.147352154378
286.5    0.142508375971
286.625    0.140339713789
286.75    0.140885125834
286.875    0.141014985845
287.0    0.142092823936
287.125    0.143417396047
287.25    0.155104797029
287.375    0.143871906085
287.5    0.142949900008
287.625    0.160922525517
287.75    0.142936914007
287.875    0.143651144067
288.0    0.148949432512
288.125    0.148326104459
288.25    0.149676648573
288.375    0.148819572501
288.5    0.142300599953
288.625    0.146274316287
288.75    0.128561410799
288.875    0.142949900008
289.0    0.150650598655
289.125    0.150650598655
289.25    0.150650598655
289.375    0.150650598655
289.5    0.163974235774
289.625    0.15320884087
289.75    0.152442666805
289.875    0.152572526816
290.0    0.148676726489
290.125    0.148585824481
290.25    0.138703477651
290.375    0.138586603641
290.5    0.143235592032
290.625    0.143248578033
290.75    0.143638158066
290.875    0.144573150144
291.0    0.150728514661
291.125    0.151014206685
291.25    0.151598576734
291.375    0.151559618731
291.5    0.140807209828
291.625    0.140807209828
291.75    0.140443601797
291.875    0.140807209828
292.0    0.150663584656
292.125    0.151923226762
292.25    0.152182946783
292.375    0.1535724489
292.5    0.149780536582
292.625    0.150806430668
292.75    0.148559852479
292.875    0.150702542659
293.0    0.137443835545
293.125    0.136158221437
293.25    0.137443835545
293.375    0.134457055294
293.5    0.144910786173
293.625    0.144482248137
293.75    0.144897800171
293.875    0.159727813417
294.0    0.163350907721
294.125    0.15214398878
294.25    0.153832168922
294.375    0.157403319222
294.5    0.136885437498
294.625    0.137469807547
294.75    0.144092668104
294.875    0.140963041841
295.0    0.137638625562
295.125    0.136716619484
295.25    0.138417785627
295.375    0.138482715633
295.5    0.151520660728
295.625    0.14833909046
295.75    0.145183492195
295.875    0.148741656494
296.0    0.13749577955
296.125    0.135327117367
296.25    0.134547957302
296.375    0.135768641405
296.5    0.141612341895
296.625    0.141638313898
296.75    0.143001844012
296.875    0.143183648027
297.0    0.147793678415
297.125    0.146832714334
297.25    0.145248422201
297.375    0.145222450199
297.5    0.148442978469
297.625    0.148261174454
297.75    0.148858530504
297.875    0.148949432512
298.0    0.145508142223
298.125    0.145508142223
298.25    0.146404176298
298.375    0.146572994312
298.5    0.13952159572
298.625    0.13952159572
298.75    0.13952159572
298.875    0.139781315742
299.0    0.146027582266
299.125    0.14606654027
299.25    0.12880814482
299.375    0.136573773472
300.0    0.143131704023
300.125    0.14320962003
300.25    0.143287536036
300.375    0.144092668104
300.5    0.143469340051
300.625    0.13988520375
300.75    0.139729371737
300.875    0.14023582578
301.0    0.142729137989
301.125    0.142884970002
301.25    0.142326571955
301.375    0.142326571955
301.5    0.139417707711
301.625    0.139391735709
301.75    0.139755343739
301.875    0.139534581721
302.0    0.14309274602
302.125    0.14309274602
302.25    0.143157676025
302.375    0.143157676025
302.5    0.138430771628
302.625    0.139820273745
302.75    0.139820273745
302.875    0.139248889697
303.0    0.150364906631
303.125    0.15071552866
303.25    0.144183570111
303.375    0.151611562735
303.5    0.148261174454
303.625    0.150066228606
303.75    0.139067085682
303.875    0.149819494585
304.0    0.148053398436
304.125    0.144456276134
304.25    0.144508220139
304.375    0.148274160455
304.5    0.148429992468
304.625    0.147287224372
304.75    0.14488481417
304.875    0.144741968158
305.0    0.141053943849
305.125    0.141053943849
305.25    0.141157831857
305.375    0.145131548191
305.5    0.140651377815
305.625    0.140651377815
305.75    0.140820195829
305.875    0.140677349817
306.0    0.147170350362
306.125    0.146806742332
306.25    0.158260395294
306.375    0.146962574345
306.5    0.147598888398
306.625    0.147300210373
306.75    0.148040412435
306.875    0.147469028387
307.0    0.145313352206
307.125    0.145313352206
307.25    0.144923772174
307.375    0.145040646183
307.5    0.136638703478
307.625    0.13666467548
307.75    0.137184115523
307.875    0.118821909981
308.0    0.144625094149
308.125    0.144300444121
308.25    0.145248422201
308.375    0.144196556113
308.5    0.150053242604
308.625    0.150053242604
308.75    0.149975326598
308.875    0.149975326598
309.0    0.141326649871
309.125    0.141716229904
309.25    0.142664207984
309.375    0.150014284601
309.5    0.142638235982
309.625    0.142625249981
309.75    0.142625249981
309.875    0.142248655949
310.0    0.146482092304
310.125    0.145443212217
310.25    0.146443134301
310.375    0.146521050308
310.5    0.13963846973
310.625    0.138274939615
310.75    0.138482715633
310.875    0.139093057684
311.0    0.149533802561
311.125    0.164039165779
311.25    0.149572760564
311.375    0.146508064307
311.5    0.139859231748
311.625    0.139859231748
311.75    0.139534581721
311.875    0.139300833701
312.0    0.142391501961
312.125    0.142612263979
312.25    0.14274212399
312.375    0.129535360881
312.5    0.136054333429
312.625    0.13797626159
312.75    0.136846479495
312.875    0.127418642703
313.0    0.144612108147
313.125    0.145858764252
313.25    0.145936680259
313.375    0.146676882321
313.5    0.14440433213
313.625    0.144767940161
313.75    0.144248500117
313.875    0.14309274602
314.0    0.154728202997
314.125    0.157714983248
314.25    0.153884112926
314.375    0.157611095239
314.5    0.144443290133
314.625    0.138287925616
314.75    0.139261875698
314.875    0.139261875698
315.0    0.150975248682
315.125    0.150975248682
315.25    0.151144066696
315.375    0.151183024699
315.5    0.151144066696
315.625    0.151144066696
315.75    0.151144066696
315.875    0.15131288471
316.0    0.141755187907
316.125    0.141975949926
316.25    0.14202789393
316.375    0.14202789393
316.5    0.143287536036
316.625    0.143352466042
316.75    0.143352466042
316.875    0.143482326053
317.0    0.140092979768
317.125    0.154182790951
