0.0    0.192007597146
0.125    0.189701931797
0.25    0.191827934911
0.375    0.191785158188
0.5    0.188153414438
0.625    0.187939530825
0.75    0.188174802799
0.875    0.189449549133
1.0    0.192054651541
1.125    0.192358366271
1.25    0.190797015896
1.375    0.192747634447
1.5    0.19044624677
1.625    0.18986020567
1.75    0.190262306863
1.875    0.189381106377
2.0    0.192443919717
2.125    0.192443919717
2.25    0.188033639615
2.375    0.188033639615
2.5    0.191562719231
2.625    0.191537053197
2.75    0.191537053197
2.875    0.191468610441
3.0    0.187447598515
3.125    0.187447598515
3.25    0.190159642729
3.375    0.190146809712
3.5    0.193025683144
3.625    0.18861112537
3.75    0.190270862208
3.875    0.190617353661
4.0    0.190741406156
4.125    0.190741406156
4.25    0.190707184778
4.375    0.190707184778
4.5    0.192743356775
4.625    0.193154013312
4.75    0.193021405472
4.875    0.193205345379
5.0    0.191408723029
5.125    0.191408723029
5.25    0.191408723029
5.375    0.19112639666
5.5    0.187156716801
5.625    0.187156716801
5.75    0.186968499221
5.875    0.186968499221
6.0    0.1900099242
6.125    0.189607823007
6.25    0.189612100679
6.375    0.189483770511
6.5    0.189654877402
6.625    0.189654877402
6.75    0.189603545335
6.875    0.187554540321
7.0    0.191173451055
7.125    0.191648272676
7.25    0.191408723029
7.375    0.191254726828
7.5    0.187096829389
7.625    0.187237992574
7.75    0.189312663621
7.875    0.189359718016
8.0    0.190420580737
8.125    0.190437691426
8.25    0.190437691426
8.375    0.190437691426
8.5    0.189530824906
8.625    0.188940506134
8.75    0.189466659822
8.875    0.189522269562
9.0    0.190091199973
9.125    0.187960919186
9.25    0.188033639615
9.375    0.188033639615
9.5    0.189351162671
9.625    0.189351162671
9.75    0.189351162671
9.875    0.189351162671
10.0    0.187447598515
10.125    0.187447598515
10.25    0.187516041271
10.375    0.187516041271
10.5    0.186485122256
10.625    0.188281744606
10.75    0.187729924884
10.875    0.187729924884
11.0    0.191874989306
11.125    0.192140204986
11.25    0.188076416337
11.375    0.188016528926
11.5    0.18726793628
11.625    0.187661482128
11.75    0.187704258851
11.875    0.191455777424
12.0    0.18376880037
12.125    0.183760245025
12.25    0.187764146262
12.375    0.183862909159
12.5    0.187349212053
12.625    0.187344934381
12.75    0.187443320843
12.875    0.187443320843
13.0    0.188619680715
13.125    0.189004671218
13.25    0.188700956488
13.375    0.188170525127
13.5    0.189612100679
13.625    0.189714764814
13.75    0.189612100679
13.875    0.189851650326
14.0    0.186023133652
14.125    0.18569803056
14.25    0.185723696593
14.375    0.18636106976
14.5    0.190056978595
14.625    0.1900099242
14.75    0.189911537738
14.875    0.187969474531
15.0    0.18829029995
15.125    0.188268911589
15.25    0.187926697808
15.375    0.188401519429
15.5    0.1876657598
15.625    0.187866810396
15.75    0.188012251253
15.875    0.188247523228
16.0    0.194860804545
16.125    0.190463357459
16.25    0.190463357459
16.375    0.190463357459
16.5    0.190779905207
16.625    0.191096452954
16.75    0.190583132283
16.875    0.182498331708
17.0    0.190027034889
17.125    0.190287972897
17.25    0.186061632702
17.375    0.182673716271
17.5    0.188230412539
17.625    0.188046472631
17.75    0.188371575723
17.875    0.189133001386
18.0    0.188161969783
18.125    0.188136303749
18.25    0.188294577623
18.375    0.187995140564
18.5    0.189192888798
18.625    0.189304108276
18.75    0.189000393546
18.875    0.189419605428
19.0    0.182468388002
19.125    0.190886847013
19.25    0.190998066492
19.375    0.190506134182
19.5    0.190420580737
19.625    0.190441969098
19.75    0.190441969098
19.875    0.190985233475
20.0    0.1870797187
20.125    0.188760843899
20.25    0.188760843899
20.375    0.188760843899
20.5    0.188234690211
20.625    0.189274164571
20.75    0.188234690211
20.875    0.18815769211
21.0    0.189085946991
21.125    0.189085946991
21.25    0.188974727512
21.375    0.189393939394
21.5    0.188722344849
21.625    0.188363020379
21.75    0.188632513731
21.875    0.188645346748
22.0    0.189154389747
22.125    0.188949061479
22.25    0.189162945092
22.375    0.186891501121
22.5    0.189984258166
22.625    0.189988535838
22.75    0.18842290779
22.875    0.188940506134
23.0    0.189693376452
23.125    0.189706209469
23.25    0.189693376452
23.375    0.188709511832
23.5    0.190484745821
23.625    0.190510411854
23.75    0.187105384734
23.875    0.186604897079
24.0    0.188773676916
24.125    0.188893451739
24.25    0.188923395445
24.375    0.188914840101
24.5    0.184761220334
24.625    0.184992214636
24.75    0.184735554301
24.875    0.184478893965
25.0    0.189402494738
25.125    0.189222832503
25.25    0.189043170268
25.375    0.189304108276
25.5    0.188397241757
25.625    0.18897044984
25.75    0.188700956488
25.875    0.188850675017
26.0    0.188666735109
26.125    0.189047447941
26.25    0.188294577623
26.375    0.188294577623
26.5    0.187310713002
26.625    0.18857262632
26.75    0.188739455538
26.875    0.189128723714
27.0    0.187255103263
27.125    0.186622007768
27.25    0.186767448625
27.375    0.192901630649
27.5    0.18789247643
27.625    0.18789247643
27.75    0.187456153859
27.875    0.187456153859
28.0    0.191250449156
28.125    0.191250449156
28.25    0.189137279058
28.375    0.189376828705
28.5    0.188803620622
28.625    0.188803620622
28.75    0.188820731311
28.875    0.188957616823
29.0    0.187682870489
29.125    0.187682870489
29.25    0.187670037472
29.375    0.18736204507
29.5    0.19023664083
29.625    0.190249473846
29.75    0.190245196174
29.875    0.190245196174
30.0    0.189530824906
30.125    0.189154389747
30.25    0.189466659822
30.375    0.189466659822
30.5    0.188692401143
30.625    0.188692401143
30.75    0.188692401143
30.875    0.188692401143
31.0    0.188418630118
31.125    0.188410074774
31.25    0.188974727512
31.375    0.188256078572
31.5    0.190523244871
31.625    0.19050185651
31.75    0.190198141779
31.875    0.190655852711
32.0    0.190091199973
32.125    0.190091199973
32.25    0.190604520644
32.375    0.190685796417
32.5    0.192811799531
32.625    0.188619680715
32.75    0.193500504765
32.875    0.190749961501
33.0    0.188375853396
33.125    0.187978029875
33.25    0.187978029875
33.375    0.188491350547
33.5    0.18982170662
33.625    0.189714764814
33.75    0.189847372654
33.875    0.1900869223
34.0    0.188499905891
34.125    0.188594014681
34.25    0.18879934295
34.375    0.188209024177
34.5    0.188003695909
34.625    0.188063583321
34.75    0.188020806598
34.875    0.187516041271
35.0    0.184085348117
35.125    0.183563472101
35.25    0.192798966514
35.375    0.191832212583
35.5    0.188183358144
35.625    0.188093527026
35.75    0.188093527026
35.875    0.188238967883
36.0    0.19260219359
36.125    0.192982906422
36.25    0.190818404257
36.375    0.190852625635
36.5    0.184778331023
36.625    0.188367298051
36.75    0.188367298051
36.875    0.18821330185
37.0    0.188777954588
37.125    0.188504183563
37.25    0.188983282857
37.375    0.189056003285
37.5    0.189543657923
37.625    0.189633489041
37.75    0.189205721814
37.875    0.18929127526
38.0    0.185086323426
38.125    0.184970826275
38.25    0.189154389747
38.375    0.189180055781
38.5    0.191588385264
38.625    0.191588385264
38.75    0.191370223979
38.875    0.191725270777
39.0    0.189385384049
39.125    0.189385384049
39.25    0.188606847698
39.375    0.188606847698
39.5    0.189885871704
39.625    0.190061256267
39.75    0.190305083586
39.875    0.190249473846
40.0    0.189162945092
40.125    0.189265609226
40.25    0.188996115874
40.375    0.189372551033
40.5    0.19144722208
40.625    0.191383056996
40.75    0.189304108276
40.875    0.189817428948
41.0    0.189659155074
41.125    0.189659155074
41.25    0.189115890697
41.375    0.189192888798
41.5    0.189586434646
41.625    0.189766096881
41.75    0.189843094981
41.875    0.189825984292
42.0    0.189509436545
42.125    0.189479492839
42.25    0.189466659822
42.375    0.189855927998
42.5    0.189890149376
42.625    0.189671988091
42.75    0.189791762914
42.875    0.188636791404
43.0    0.188850675017
43.125    0.189359718016
43.25    0.184898105847
43.375    0.184966548603
43.5    0.185265985661
43.625    0.185364372123
43.75    0.185265985661
43.875    0.185265985661
44.0    0.189530824906
44.125    0.189530824906
44.25    0.189530824906
44.375    0.189530824906
44.5    0.190536077888
44.625    0.184945160242
44.75    0.184945160242
44.875    0.182857656178
45.0    0.189308385949
45.125    0.189043170268
45.25    0.189308385949
45.375    0.189385384049
45.5    0.190065533939
45.625    0.189774652225
45.75    0.189843094981
45.875    0.189218554831
46.0    0.189813151276
46.125    0.189680543435
46.25    0.189671988091
46.375    0.190005646527
46.5    0.189774652225
46.625    0.189774652225
46.75    0.190193864107
46.875    0.190193864107
47.0    0.18573652961
47.125    0.185753640299
47.25    0.186780281642
47.375    0.185826360728
47.5    0.189988535838
47.625    0.189706209469
47.75    0.190296528241
47.875    0.190347860308
48.0    0.190600242972
48.125    0.190788460551
48.25    0.190377804014
48.375    0.190921068391
48.5    0.190416303065
48.625    0.190416303065
48.75    0.190698629434
48.875    0.190416303065
49.0    0.18420512294
49.125    0.184286398713
49.25    0.184491726982
49.375    0.184692777578
49.5    0.185946135551
49.625    0.186874390432
49.75    0.186489399928
49.875    0.186532176651
50.0    0.186900056465
50.125    0.184966548603
50.25    0.184675666889
50.375    0.184936604897
50.5    0.191096452954
50.625    0.191173451055
50.75    0.191336002601
50.875    0.19139161234
51.0    0.185287374023
51.125    0.186981332238
51.25    0.186981332238
51.375    0.186981332238
51.5    0.187999418237
51.625    0.18798658522
51.75    0.187387711103
51.875    0.18815769211
52.0    0.185621032459
52.125    0.184928049553
52.25    0.185342983762
52.375    0.185295929367
52.5    0.188243245555
52.625    0.187451876187
52.75    0.195404068922
52.875    0.185167599199
53.0    0.191874989306
53.125    0.183927074243
53.25    0.19220437007
53.375    0.19171243776
53.5    0.187682870489
53.625    0.1876657598
53.75    0.1876657598
53.875    0.187879643413
54.0    0.185514090652
54.125    0.186010300635
54.25    0.186010300635
54.375    0.186100131752
54.5    0.188217579522
54.625    0.187511763599
54.75    0.18762726075
54.875    0.187593039372
55.0    0.184200845268
55.125    0.192555139195
55.25    0.192576527557
55.375    0.192362643944
55.5    0.18878223226
55.625    0.188696678815
55.75    0.186699005869
55.875    0.18577502866
56.0    0.187990862892
56.125    0.18779836764
56.25    0.18779836764
56.375    0.187926697808
56.5    0.194167821638
56.625    0.186574953373
56.75    0.188645346748
56.875    0.196704481289
57.0    0.184307787075
57.125    0.183841520798
57.25    0.184256455007
57.375    0.184547336721
57.5    0.186403846483
57.625    0.186446623206
57.75    0.186446623206
57.875    0.186574953373
58.0    0.18694711086
58.125    0.186202795887
58.25    0.184940882569
58.375    0.185026436015
58.5    0.186168574508
58.625    0.186185685198
58.75    0.186818780692
58.875    0.186818780692
59.0    0.186065910374
59.125    0.18664339613
59.25    0.186656229146
59.375    0.186626285441
59.5    0.186433790189
59.625    0.187036941978
59.75    0.187413377137
59.875    0.1870797187
60.0    0.188606847698
60.125    0.194865082217
60.25    0.194972024023
60.375    0.182763547388
60.5    0.18488527283
60.625    0.18488527283
60.75    0.184992214636
60.875    0.185107711788
61.0    0.187366322742
61.125    0.187156716801
61.25    0.187456153859
61.375    0.195784781753
61.5    0.185479869274
61.625    0.185552589703
61.75    0.185424259535
61.875    0.185381482812
62.0    0.186035966668
62.125    0.1858306384
62.25    0.18586913745
62.375    0.186091576408
62.5    0.187409099464
62.625    0.186622007768
62.75    0.185586811081
62.875    0.185146210838
63.0    0.186660506819
63.125    0.186091576408
63.25    0.186147186147
63.375    0.186027411324
63.5    0.185539756686
63.625    0.185454203241
63.75    0.185454203241
63.875    0.185599644098
64.0    0.184739831973
64.125    0.184085348117
64.25    0.183952740277
64.375    0.183931351916
64.5    0.186160019164
64.625    0.187302157658
64.75    0.186245572609
64.875    0.186245572609
65.0    0.18618996287
65.125    0.186087298736
65.25    0.186245572609
65.375    0.186245572609
65.5    0.185933302534
65.625    0.18600174529
65.75    0.186429512516
65.875    0.186429512516
66.0    0.183965573294
66.125    0.183965573294
66.25    0.183965573294
66.375    0.184021183033
66.5    0.185971801584
66.625    0.186271238643
66.75    0.1840725151
66.875    0.18443183957
67.0    0.186959943877
67.125    0.186959943877
67.25    0.187143883784
67.375    0.187143883784
67.5    0.184354841469
67.625    0.184354841469
67.75    0.184354841469
67.875    0.184585835772
68.0    0.187593039372
68.125    0.18955649094
68.25    0.189932926099
68.375    0.189616378352
68.5    0.184637167839
68.625    0.184821107746
68.75    0.186801670003
68.875    0.186827336037
69.0    0.184761220334
69.125    0.185026436015
69.25    0.187426210153
69.375    0.185103434115
69.5    0.185822083055
69.625    0.185941857879
69.75    0.185201820577
69.875    0.185355816779
70.0    0.187105384734
70.125    0.18726793628
70.25    0.187233714902
70.375    0.18779836764
70.5    0.189312663621
70.625    0.187336379036
70.75    0.186626285441
70.875    0.187186660507
71.0    0.185227486611
71.125    0.184765498007
71.25    0.185278818678
71.375    0.188487072874
71.5    0.188084971682
71.625    0.188388686412
71.75    0.188388686412
71.875    0.187246547918
72.0    0.184650000856
72.125    0.183584860462
72.25    0.183747412008
72.375    0.181450302004
72.5    0.176530978903
72.625    0.185616754787
72.75    0.185616754787
72.875    0.185693752887
73.0    0.176783361566
73.125    0.185984634601
73.25    0.185984634601
73.375    0.186326848382
73.5    0.185976079257
73.625    0.185646698493
73.75    0.183644747874
73.875    0.184269288024
74.0    0.18112092124
74.125    0.185860582106
74.25    0.18605735503
74.375    0.186031688996
74.5    0.184833940763
74.625    0.184833940763
74.75    0.184957993258
74.875    0.184940882569
75.0    0.178177882723
75.125    0.184585835772
75.25    0.182558219119
75.375    0.18318275927
75.5    0.185941857879
75.625    0.184774053351
75.75    0.184029738378
75.875    0.185133377821
76.0    0.185013602998
76.125    0.184996492309
76.25    0.185043546704
76.375    0.185043546704
76.5    0.186121520114
76.625    0.186074465719
76.75    0.186459456222
76.875    0.1864936776
77.0    0.18556542272
77.125    0.190322194275
77.25    0.185873415122
77.375    0.185599644098
77.5    0.18537720514
77.625    0.185034991359
77.75    0.185334428417
77.875    0.185351539106
78.0    0.183721745975
78.125    0.183187036942
78.25    0.184543059049
78.375    0.184821107746
78.5    0.183751689681
78.625    0.182951764968
78.75    0.18299454169
78.875    0.18344797495
79.0    0.183726023647
79.125    0.184517393015
79.25    0.183991239327
79.375    0.1834094759
79.5    0.184209400613
79.625    0.184192289924
79.75    0.184085348117
79.875    0.184132402512
80.0    0.1876657598
80.125    0.188482795202
80.25    0.187657204456
80.375    0.188752288555
80.5    0.186245572609
80.625    0.185676642198
80.75    0.183683246924
80.875    0.183627637185
81.0    0.188487072874
81.125    0.18808069401
81.25    0.186053077357
81.375    0.183785911059
81.5    0.185325873073
81.625    0.185325873073
81.75    0.185740807282
81.875    0.185663809182
82.0    0.184842496107
82.125    0.184140957856
82.25    0.184401895864
82.375    0.184389062848
82.5    0.178468764437
82.625    0.177801447564
82.75    0.184538781377
82.875    0.176120322365
83.0    0.186964221549
83.125    0.184987936964
83.25    0.184987936964
83.375    0.184953715586
83.5    0.180620433585
83.625    0.180658932635
83.75    0.180218332392
83.875    0.180551990829
84.0    0.191092175282
84.125    0.184256455007
84.25    0.182836267817
84.375    0.183375254522
84.5    0.184389062848
84.625    0.184555892066
84.75    0.184928049553
84.875    0.184671389217
85.0    0.185783584005
85.125    0.189372551033
85.25    0.189603545335
85.375    0.183311089438
85.5    0.185257430317
85.625    0.185518368325
85.75    0.185047824376
85.875    0.185052102048
86.0    0.185116267132
86.125    0.185467036258
86.25    0.185077768082
86.375    0.184756942662
86.5    0.184953715586
86.625    0.180633266602
86.75    0.180701709358
86.875    0.180911315299
87.0    0.182677993943
87.125    0.183986961655
87.25    0.183986961655
87.375    0.183165648581
87.5    0.187618705405
87.625    0.187883921086
87.75    0.187738480229
87.875    0.186895778793
88.0    0.180902759954
88.125    0.184919494208
88.25    0.184919494208
88.375    0.184667111545
88.5    0.177446400767
88.625    0.180825761853
88.75    0.180735930736
88.875    0.180419382989
89.0    0.187960919186
89.125    0.188007973581
89.25    0.188735177866
89.375    0.188534127269
89.5    0.186147186147
89.625    0.186557842684
89.75    0.186356792088
89.875    0.186155741492
90.0    0.180107112913
90.125    0.188247523228
90.25    0.186155741492
90.375    0.184444672587
90.5    0.185749362627
90.625    0.186147186147
90.75    0.185749362627
90.875    0.185749362627
91.0    0.181236418391
91.125    0.182558219119
91.25    0.182434166624
91.375    0.182511164725
91.5    0.186510788289
91.625    0.185740807282
91.75    0.185351539106
91.875    0.181552966138
92.0    0.183636192529
92.125    0.183726023647
92.25    0.178866587958
92.375    0.179140358982
92.5    0.182147562582
92.625    0.182147562582
92.75    0.182571052136
92.875    0.182070564482
93.0    0.185886248139
93.125    0.186031688996
93.25    0.186378180449
93.375    0.185753640299
93.5    0.185864859778
93.625    0.185783584005
93.75    0.185552589703
93.875    0.185817805383
94.0    0.179067638554
94.125    0.18717382749
94.25    0.180791540475
94.375    0.180791540475
94.5    0.180594767551
94.625    0.180757319097
94.75    0.180791540475
94.875    0.178896531663
95.0    0.182703659976
95.125    0.178806700546
95.25    0.178763923823
95.375    0.179217357083
95.5    0.180513491778
95.625    0.180231165409
95.75    0.180513491778
95.875    0.18053488014
96.0    0.183426586589
96.125    0.182224560683
96.25    0.182019232414
96.375    0.182139007238
96.5    0.18785397738
96.625    0.18721232654
96.75    0.18721232654
96.875    0.189590712318
97.0    0.182322947145
97.125    0.182151840255
97.25    0.182648050237
97.375    0.182151840255
97.5    0.182776380405
97.625    0.183345310816
97.75    0.181287750458
97.875    0.180996868744
98.0    0.18178396044
98.125    0.182746436699
98.25    0.182985986346
98.375    0.182553941447
98.5    0.18295604264
98.625    0.183691802269
98.75    0.187528874288
98.875    0.187742757901
99.0    0.186848724398
99.125    0.181895179919
99.25    0.182511164725
99.375    0.183255479698
99.5    0.183268312715
99.625    0.183422308916
99.75    0.183216980648
99.875    0.183328200127
100.0    0.179576681553
100.125    0.17972212241
100.25    0.17837893332
100.375    0.178858032613
100.5    0.188422907791
100.625    0.184333453108
100.75    0.184059682083
100.875    0.181852403196
101.0    0.182387112229
101.125    0.183623359513
101.25    0.183708912958
101.375    0.184145235529
101.5    0.181031090122
101.625    0.18112092124
101.75    0.182267337406
101.875    0.182267337406
102.0    0.181873791558
102.125    0.181809626474
102.25    0.181437468987
102.375    0.181527300104
102.5    0.182793491094
102.625    0.181771127423
102.75    0.183212702976
102.875    0.183191314614
103.0    0.182006399398
103.125    0.181766849751
103.25    0.181852403196
103.375    0.182665160926
103.5    0.179114692949
103.625    0.180342384888
103.75    0.181180808651
103.875    0.180620433585
104.0    0.183362421505
104.125    0.183392365211
104.25    0.183323922454
104.375    0.183721745975
104.5    0.185034991359
104.625    0.189607823007
104.75    0.189338329655
104.875    0.189693376452
105.0    0.185873415122
105.125    0.186254127954
105.25    0.186048799685
105.375    0.186100131752
105.5    0.185514090652
105.625    0.191686771726
105.75    0.185715141249
105.875    0.185787861677
106.0    0.183482196328
106.125    0.183336755471
106.25    0.183610526496
106.375    0.185852026761
106.5    0.185663809182
106.625    0.185847749089
106.75    0.185847749089
106.875    0.186006022963
107.0    0.190300805913
107.125    0.181895179919
107.25    0.186326848382
107.375    0.185877692795
107.5    0.185522645997
107.625    0.185668086854
107.75    0.185890525811
107.875    0.186048799685
108.0    0.186412401827
108.125    0.187220881885
108.25    0.186275516315
108.375    0.186502232945
108.5    0.184496004654
108.625    0.184453227931
108.75    0.185240319628
108.875    0.185488424619
109.0    0.184008350016
109.125    0.183644747874
109.25    0.183649025546
109.375    0.18429923173
109.5    0.191370223979
109.625    0.193684444673
109.75    0.187601594716
109.875    0.191374501651
110.0    0.178271991513
110.125    0.178721147101
110.25    0.179110415276
110.375    0.176406926407
110.5    0.192982906422
110.625    0.185360094451
110.75    0.18550981298
110.875    0.184975103947
111.0    0.184731276629
111.125    0.184859606796
111.25    0.185167599199
111.375    0.185167599199
111.5    0.183948462605
111.625    0.183593415807
111.75    0.184102458806
111.875    0.184371952159
112.0    0.188551237958
112.125    0.188461406841
112.25    0.189265609226
112.375    0.189017504235
112.5    0.186480844584
112.625    0.186664784491
112.75    0.186609174751
112.875    0.185685197543
113.0    0.187678592817
113.125    0.187866810396
113.25    0.187999418237
113.375    0.186335403727
113.5    0.186151463819
113.625    0.186557842684
113.75    0.186566398029
113.875    0.186805947676
114.0    0.184538781377
114.125    0.186840169054
114.25    0.186540731995
114.375    0.187246547918
114.5    0.186540731995
114.625    0.186874390432
114.75    0.186463733895
114.875    0.186489399928
115.0    0.188961894496
115.125    0.18798658522
115.25    0.188859230361
115.375    0.189385384049
115.5    0.18429923173
115.625    0.184320620091
115.75    0.18433773078
115.875    0.18429923173
116.0    0.184513115343
116.125    0.184919494208
116.25    0.185060657393
116.375    0.185030713687
116.5    0.181980733364
116.625    0.188110637715
116.75    0.188234690211
116.875    0.182211727666
117.0    0.183477918656
117.125    0.183554916757
117.25    0.183854353815
117.375    0.184247899663
117.5    0.186112964769
117.625    0.186545009668
117.75    0.186232739592
117.875    0.186006022963
118.0    0.18025255377
118.125    0.180149889636
118.25    0.180162722653
118.375    0.180368050921
118.5    0.183482196328
118.625    0.183803021748
118.75    0.184068237428
118.875    0.190343582636
119.0    0.186942833188
119.125    0.185586811081
119.25    0.18560392177
119.375    0.184076792772
120.0    0.186604897079
120.125    0.183905685882
120.25    0.18246411033
120.375    0.183204147631
120.5    0.188829286655
120.625    0.188149136766
120.75    0.18685300207
120.875    0.185462758585
121.0    0.183747412008
121.125    0.184008350016
121.25    0.184102458806
121.375    0.184183734579
121.5    0.18456444741
121.625    0.184269288024
121.75    0.183862909159
121.875    0.184551614394
122.0    0.184200845268
122.125    0.184354841469
122.25    0.184504559999
122.375    0.183961295621
122.5    0.181933678969
122.625    0.181356193214
122.75    0.181527300104
122.875    0.181788238112
123.0    0.186326848382
123.125    0.186805947676
123.25    0.186018855979
123.375    0.186151463819
123.5    0.18380729942
123.625    0.184051126739
123.75    0.18433773078
123.875    0.183345310816
124.0    0.185954690895
124.125    0.186348236743
124.25    0.186279793987
124.375    0.185792139349
124.5    0.183995516999
124.625    0.183178481597
124.75    0.183892852865
124.875    0.182100508187
125.0    0.181125198912
125.125    0.181865236213
125.25    0.181398969937
125.375    0.182378556884
125.5    0.180162722653
125.625    0.179213079411
125.75    0.173194394538
125.875    0.177382235683
126.0    0.181056756156
126.125    0.183216980648
126.25    0.183944184932
126.375    0.183803021748
126.5    0.183336755471
126.625    0.183097205824
126.75    0.183148537892
126.875    0.185501257636
127.0    0.181694129323
127.125    0.181433191315
127.25    0.181373303903
127.375    0.182177506288
127.5    0.188136303749
127.625    0.185552589703
127.75    0.185646698493
127.875    0.181591465188
128.0    0.185625310131
128.125    0.186061632702
128.25    0.186061632702
128.375    0.186527898978
128.5    0.181313416491
128.625    0.181185086323
128.75    0.181236418391
128.875    0.181373303903
129.0    0.188140581421
129.125    0.185360094451
129.25    0.185578255736
129.375    0.183430864261
129.5    0.181706962339
129.625    0.181095255206
129.75    0.180907037626
129.875    0.181321971836
130.0    0.184162346218
130.125    0.183832965454
130.25    0.183892852865
130.375    0.184012627689
130.5    0.183589138135
130.625    0.183379532194
130.75    0.178990640453
130.875    0.183208425303
131.0    0.182160395599
131.125    0.182284448095
131.25    0.182258782061
131.375    0.182361446195
131.5    0.183328200127
131.625    0.18322125832
131.75    0.183631914857
131.875    0.18361908184
132.0    0.184119569495
132.125    0.181831014835
132.25    0.181882346902
132.375    0.182006399398
132.5    0.180085724552
132.625    0.179225912427
132.75    0.18038516161
132.875    0.179384186301
133.0    0.184111014151
133.125    0.184145235529
133.25    0.184457505604
133.375    0.183734578991
133.5    0.181552966138
133.625    0.181471690365
133.75    0.181848125524
133.875    0.182096230515
134.0    0.18061187824
134.125    0.179820508872
134.25    0.180581934535
134.375    0.182036343104
134.5    0.186305460021
134.625    0.186309737693
134.75    0.186339681399
134.875    0.185864859778
135.0    0.185886248139
135.125    0.183948462605
135.25    0.181369026231
135.375    0.179974505073
135.5    0.177057132591
135.625    0.176963023801
135.75    0.177069965608
135.875    0.183948462605
136.0    0.182130451893
136.125    0.183841520798
136.25    0.179649401981
136.375    0.179302910528
136.5    0.183020207724
136.625    0.180911315299
136.75    0.181980733364
136.875    0.184102458806
137.0    0.181997844053
137.125    0.182374279212
137.25    0.181912290608
137.375    0.18191656828
137.5    0.177899834026
137.625    0.178216381774
137.75    0.178421710042
137.875    0.181749739062
138.0    0.182079119826
138.125    0.182053453793
138.25    0.182322947145
138.375    0.182442721968
138.5    0.179007751142
138.625    0.17900347347
138.75    0.178973529764
138.875    0.179435518368
139.0    0.179426963024
139.125    0.180013004124
139.25    0.1798932293
139.375    0.180008726451
139.5    0.18462005715
139.625    0.184731276629
139.75    0.18420512294
139.875    0.182361446195
140.0    0.182258782061
140.125    0.182695104632
140.25    0.182913265917
140.375    0.18276782506
140.5    0.180115668258
140.625    0.177976832127
140.75    0.178254880824
140.875    0.17845593142
141.0    0.185894803484
141.125    0.18344797495
141.25    0.183794466403
141.375    0.184209400613
141.5    0.17896497442
141.625    0.182613828859
141.75    0.177775781531
141.875    0.178088051606
142.0    0.180564823845
142.125    0.180599045224
142.25    0.18076159677
142.375    0.180680320997
142.5    0.182887599884
142.625    0.18305015143
142.75    0.183520695378
142.875    0.183084372808
143.0    0.180718820047
143.125    0.18066748798
143.25    0.178622760639
143.375    0.174635970091
143.5    0.180718820047
143.625    0.180808651164
143.75    0.180855705559
143.875    0.180907037626
144.0    0.180847150215
144.125    0.183187036942
144.25    0.183045873757
144.375    0.182938931951
144.5    0.184359119142
144.625    0.182429888952
144.75    0.187139606112
144.875    0.183028763068
145.0    0.181013979433
145.125    0.181180808651
145.25    0.181287750458
145.375    0.181270639769
145.5    0.179281522167
145.625    0.175192067485
145.75    0.183118594186
145.875    0.183490751673
146.0    0.178960696747
146.125    0.179024861831
146.25    0.179491128108
146.375    0.178999195798
146.5    0.174948240166
146.625    0.175589891005
146.75    0.175482949198
146.875    0.175063737317
147.0    0.170110192837
147.125    0.170336909467
147.25    0.178806700546
147.375    0.178545762538
147.5    0.181022534777
147.625    0.181937956642
147.75    0.181031090122
147.875    0.180316718854
148.0    0.178810978218
148.125    0.179067638554
148.25    0.179089026915
148.375    0.179123248293
148.5    0.181296305802
148.625    0.183465085639
148.75    0.181450302004
148.875    0.181270639769
149.0    0.179837619561
149.125    0.180034392485
149.25    0.179294355184
149.375    0.179294355184
149.5    0.181416080626
149.625    0.181437468987
149.75    0.181433191315
149.875    0.179255856133
150.0    0.17855004021
150.125    0.178567150899
150.25    0.178639871328
150.375    0.179918895334
150.5    0.181244973735
150.625    0.181244973735
150.75    0.180765874442
150.875    0.185321595401
151.0    0.18416662389
151.125    0.184444672587
151.25    0.184217955957
151.375    0.184217955957
151.5    0.175842273668
151.625    0.175735331862
151.75    0.176060434954
151.875    0.182382834557
152.0    0.179337131906
152.125    0.17410553873
152.25    0.180397994627
152.375    0.182583885153
152.5    0.181843847852
152.625    0.181980733364
152.75    0.182429888952
152.875    0.182280170422
153.0    0.180825761853
153.125    0.180979758055
153.25    0.184149513201
153.375    0.184230788974
153.5    0.180085724552
153.625    0.180205499375
153.75    0.18636106976
153.875    0.18628407166
154.0    0.179623735948
154.125    0.17962801362
154.25    0.180017281796
154.375    0.180090002224
154.5    0.176625087692
154.625    0.176732029499
154.75    0.182870489195
154.875    0.187109662406
155.0    0.176329928306
155.125    0.182716492993
155.25    0.187011275944
155.375    0.176171654433
155.5    0.180338107216
155.625    0.179970227401
155.75    0.179953116712
155.875    0.180038670157
156.0    0.176800472255
156.125    0.175957770819
156.25    0.176920247078
156.375    0.176804749927
156.5    0.17626148555
156.625    0.18061187824
156.75    0.180735930736
156.875    0.180564823845
157.0    0.182233116028
157.125    0.182216005339
157.25    0.183071539791
157.375    0.180988313399
157.5    0.18129202813
157.625    0.18129202813
157.75    0.181304861147
157.875    0.185197542905
158.0    0.182934654279
158.125    0.181086699861
158.25    0.180261109115
158.375    0.180676043324
158.5    0.183062984446
158.625    0.183058706774
158.75    0.183135704875
158.875    0.182951764968
159.0    0.17715124138
159.125    0.177279571548
159.25    0.176749140188
159.375    0.17698013449
159.5    0.181142309601
159.625    0.18093270366
159.75    0.18093270366
159.875    0.180830039526
160.0    0.180423660661
160.125    0.180688876341
160.25    0.181167975634
160.375    0.17527762093
160.5    0.17724535017
160.625    0.177138408364
160.75    0.177108464658
160.875    0.177399346372
161.0    0.17786989032
161.125    0.177360847321
161.25    0.177035744229
161.375    0.176975856818
161.5    0.175679722122
161.625    0.173493831597
161.75    0.183550639084
161.875    0.181805348801
162.0    0.176817582944
162.125    0.177082798624
162.25    0.177082798624
162.375    0.177082798624
162.5    0.181805348801
162.625    0.184384785175
162.75    0.17554283661
162.875    0.181698406995
163.0    0.177121297675
163.125    0.177121297675
163.25    0.176265763222
163.375    0.171534657701
163.5    0.175239121879
163.625    0.175341786014
163.75    0.18161285355
163.875    0.181685573978
164.0    0.177305237582
164.125    0.177232517153
164.25    0.177104186986
164.375    0.177557620245
164.5    0.17537172972
164.625    0.175350341358
164.75    0.17338688979
164.875    0.174507639923
165.0    0.182151840255
165.125    0.182228838355
165.25    0.177236794826
165.375    0.178310490563
165.5    0.178177882723
165.625    0.177929777732
165.75    0.178314768236
165.875    0.178314768236
166.0    0.182074842154
166.125    0.184179456907
166.25    0.184209400613
166.375    0.182160395599
166.5    0.176021935903
166.625    0.17558133566
166.75    0.17531611998
166.875    0.175397395753
167.0    0.182776380405
167.125    0.178584261588
167.25    0.178460209093
167.375    0.176676419759
167.5    0.178678370378
167.625    0.17860564995
167.75    0.177938333077
167.875    0.182904710573
168.0    0.175299009291
168.125    0.175739609534
168.25    0.176171654433
168.375    0.176171654433
168.5    0.174037095974
168.625    0.174002874596
168.75    0.178015331177
168.875    0.184615779477
169.0    0.178498708143
169.125    0.182489776363
169.25    0.17860564995
169.375    0.178614205294
169.5    0.178862310285
169.625    0.179166025016
169.75    0.176813305272
169.875    0.183914241227
170.0    0.178729702445
170.125    0.178900809336
170.25    0.179311465873
170.375    0.179106137604
170.5    0.177946888421
170.625    0.177929777732
170.75    0.183935629588
170.875    0.184055404411
171.0    0.178999195798
171.125    0.179200246394
171.25    0.179298632856
171.375    0.179238745444
171.5    0.174610304057
171.625    0.174768577931
171.75    0.174777133275
171.875    0.174888352754
172.0    0.174533305956
172.125    0.174700135174
172.25    0.174939684821
172.375    0.170747566004
172.5    0.174614581729
172.625    0.174644525435
172.75    0.174439197166
172.875    0.174439197166
173.0    0.185710863576
173.125    0.185937580206
173.25    0.183884297521
173.375    0.177878445665
173.5    0.17707424328
173.625    0.177685950413
173.75    0.177857057304
173.875    0.178002498161
174.0    0.180599045224
174.125    0.179649401981
174.25    0.177694505758
174.375    0.177677395069
174.5    0.175008127577
174.625    0.17537172972
174.75    0.175209178174
174.875    0.175367452047
175.0    0.174986739216
175.125    0.175068014989
175.25    0.174999572233
175.375    0.175132180073
175.5    0.173951542529
175.625    0.178361822631
175.75    0.174019985285
175.875    0.174096983386
176.0    0.173515219958
176.125    0.173515219958
176.25    0.173515219958
176.375    0.173515219958
176.5    0.172954844892
176.625    0.173113118765
176.75    0.173395445135
176.875    0.171406327533
177.0    0.178070940917
177.125    0.17855004021
177.25    0.178627038311
177.375    0.176684975104
177.5    0.179657957326
177.625    0.179884673956
177.75    0.179388463973
177.875    0.176967301473
178.0    0.17936279794
178.125    0.17936279794
178.25    0.179187413377
178.375    0.175196345157
178.5    0.171787040364
178.625    0.177891278682
178.75    0.177343736632
178.875    0.177976832127
179.0    0.177446400767
179.125    0.177065687935
179.25    0.178387488664
179.375    0.177745837825
180.0    0.175923549441
180.125    0.175923549441
180.25    0.176064712626
180.375    0.175867939702
180.5    0.186266960971
180.625    0.186266960971
180.75    0.184136680184
180.875    0.183948462605
181.0    0.178999195798
181.125    0.176937357767
181.25    0.176963023801
181.375    0.176963023801
181.5    0.177467789128
181.625    0.176650753726
181.75    0.177082798624
181.875    0.177215406464
182.0    0.177454956111
182.125    0.177429290078
182.25    0.177275293876
182.375    0.17769878343
182.5    0.177382235683
182.625    0.177382235683
182.75    0.176817582944
182.875    0.177181185086
183.0    0.177087076297
183.125    0.177104186986
183.25    0.177091353969
183.375    0.180941259004
183.5    0.175157846106
183.625    0.175157846106
183.75    0.175453005493
183.875    0.175444450148
184.0    0.174375032083
184.125    0.174452030183
184.25    0.173887377445
184.375    0.173891655117
184.5    0.175038071283
184.625    0.175572780316
184.75    0.177908389371
184.875    0.187738480229
185.0    0.181706962339
185.125    0.177574730934
185.25    0.175525725921
185.375    0.175525725921
185.5    0.181244973735
185.625    0.181347637869
185.75    0.181270639769
185.875    0.179298632856
186.0    0.178053830228
186.125    0.178053830228
186.25    0.178053830228
186.375    0.178053830228
186.5    0.176607977003
186.625    0.176312817617
186.75    0.176312817617
186.875    0.176663586743
187.0    0.176680697432
187.125    0.176757695532
187.25    0.17486268672
187.375    0.175020960594
187.5    0.172903512824
187.625    0.172916345841
187.75    0.172916345841
187.875    0.17298906627
188.0    0.172300361036
188.125    0.172300361036
188.25    0.172330304741
188.375    0.174430641822
188.5    0.172612631111
188.625    0.172672518522
188.75    0.172612631111
188.875    0.172612631111
189.0    0.173861711411
189.125    0.17378471331
189.25    0.174148315453
189.375    0.173741936588
189.5    0.173964375545
189.625    0.173964375545
189.75    0.174101261058
189.875    0.174366476738
190.0    0.175932104786
190.125    0.175991992198
190.25    0.176009102887
190.375    0.176821860616
190.5    0.175790941601
190.625    0.175914994097
190.75    0.176479646835
190.875    0.176496757524
191.0    0.172518522321
191.125    0.172518522321
191.25    0.172963400236
191.375    0.172471467926
191.5    0.171654432524
191.625    0.171487603306
191.75    0.171975257944
191.875    0.171650154852
192.0    0.177061410263
192.125    0.176586588642
192.25    0.176732029499
192.375    0.176757695532
192.5    0.173930154167
192.625    0.173767602621
192.75    0.173810379344
192.875    0.173733381243
193.0    0.172180586212
193.125    0.176633643037
193.25    0.1768860257
193.375    0.176650753726
193.5    0.176950190784
193.625    0.177014355868
193.75    0.17671491881
193.875    0.176693530448
194.0    0.173006176959
194.125    0.173006176959
194.25    0.173006176959
194.375    0.172980510925
194.5    0.179486850435
194.625    0.177309515254
194.75    0.177330903615
194.875    0.173185839194
195.0    0.17541022877
195.125    0.17541022877
195.25    0.17541022877
195.375    0.17541022877
195.5    0.173797546327
195.625    0.17325428195
195.75    0.173942987184
195.875    0.173942987184
196.0    0.1793071882
196.125    0.181523022432
196.25    0.181908012936
196.375    0.181600020533
196.5    0.171774207347
196.625    0.17397293089
196.75    0.175846551341
196.875    0.175846551341
197.0    0.174768577931
197.125    0.174768577931
197.25    0.174798521636
197.375    0.174695857502
197.5    0.175068014989
197.625    0.175607001694
197.75    0.175607001694
197.875    0.175602724022
198.0    0.175328952997
198.125    0.175187789812
198.25    0.175234844207
198.375    0.175341786014
198.5    0.176231541844
198.625    0.176270040895
198.75    0.176270040895
198.875    0.176402648735
199.0    0.173836045378
199.125    0.173836045378
199.25    0.174019985285
199.375    0.173951542529
199.5    0.173716270554
199.625    0.173716270554
199.75    0.173562274353
199.875    0.173562274353
200.0    0.176107489349
200.125    0.17639409339
200.25    0.176193042794
200.375    0.176248652533
200.5    0.173861711411
200.625    0.173861711411
200.75    0.176920247078
200.875    0.176676419759
201.0    0.172569854388
201.125    0.172394469825
201.25    0.172634019472
201.375    0.172681073867
201.5    0.172475745598
201.625    0.172475745598
201.75    0.172475745598
201.875    0.166063514878
202.0    0.175264787913
202.125    0.175264787913
202.25    0.17527762093
202.375    0.175376007392
202.5    0.181309138819
202.625    0.179371353284
202.75    0.179580959225
202.875    0.177275293876
203.0    0.166362951936
203.125    0.166273120819
203.25    0.174721523536
203.375    0.174721523536
203.5    0.174392142772
203.625    0.174392142772
203.75    0.174404975788
203.875    0.174404975788
204.0    0.17486268672
204.125    0.174884075082
204.25    0.174794243964
204.375    0.174798521636
204.5    0.173429666513
204.625    0.173493831597
204.75    0.173553719008
204.875    0.173686326848
205.0    0.175226288863
205.125    0.175226288863
205.25    0.175226288863
205.375    0.175226288863
205.5    0.173036120665
205.625    0.173036120665
205.75    0.173036120665
205.875    0.173036120665
206.0    0.174678746813
206.125    0.174631692418
206.25    0.174973906199
206.375    0.17522201119
206.5    0.174242424242
206.625    0.174413531133
206.75    0.174285200965
206.875    0.174511917595
207.0    0.168737060041
207.125    0.168300737471
207.25    0.168728504697
207.375    0.1768860257
207.5    0.168865390209
207.625    0.168865390209
207.75    0.169562650788
207.875    0.168959498999
208.0    0.16934021183
208.125    0.168638673579
208.25    0.169100662184
208.375    0.173168728505
208.5    0.16926321373
208.625    0.16926321373
208.75    0.169271769074
208.875    0.169276046746
209.0    0.177219684137
209.125    0.177014355868
209.25    0.177219684137
209.375    0.177219684137
209.5    0.171440548911
209.625    0.171440548911
209.75    0.171440548911
209.875    0.169323101141
210.0    0.167291206817
210.125    0.167291206817
210.25    0.167141488288
210.375    0.167141488288
210.5    0.173587940386
210.625    0.17361360642
210.75    0.172809404035
210.875    0.173502386941
211.0    0.168878223226
211.125    0.168878223226
211.25    0.169785089746
211.375    0.169785089746
211.5    0.169160549595
211.625    0.169160549595
211.75    0.169160549595
211.875    0.169293157435
212.0    0.172069366733
212.125    0.172326027069
212.25    0.172069366733
212.375    0.172069366733
212.5    0.17198809096
212.625    0.171042725391
212.75    0.171042725391
212.875    0.171645877179
213.0    0.170768954366
213.125    0.170768954366
213.25    0.1708716185
213.375    0.169904864569
213.5    0.172907790497
213.625    0.172963400236
213.75    0.172146364834
213.875    0.172184863884
214.0    0.169917697586
214.125    0.169917697586
214.25    0.169904864569
214.375    0.169857810174
214.5    0.170298410417
214.625    0.170298410417
214.75    0.170298410417
214.875    0.170345464812
215.0    0.171975257944
215.125    0.172201974574
215.25    0.172492856287
215.375    0.17227041733
215.5    0.17240302517
215.625    0.172779460329
215.75    0.172809404035
215.875    0.172809404035
216.0    0.171359273138
216.125    0.171735708297
216.25    0.171735708297
216.375    0.171838372431
216.5    0.170508016358
216.625    0.170525127047
216.75    0.170850230139
216.875    0.170268466711
217.0    0.170071693787
217.125    0.170131581199
217.25    0.17019146861
217.375    0.170204301627
217.5    0.172124976473
217.625    0.172124976473
217.75    0.16841195695
217.875    0.172163475523
218.0    0.176868915011
218.125    0.176890303373
218.25    0.176903136389
218.375    0.177249627843
218.5    0.173138784799
218.625    0.173138784799
218.75    0.173211505227
218.875    0.172967677908
219.0    0.173078897387
219.125    0.172860736102
219.25    0.173177283849
219.375    0.173177283849
219.5    0.168523176428
219.625    0.176804749927
219.75    0.177215406464
219.875    0.170413907568
220.0    0.16956692846
220.125    0.169357322519
220.25    0.169357322519
220.375    0.169361600192
220.5    0.172492856287
220.625    0.172278972674
220.75    0.172450079565
220.875    0.173078897387
221.0    0.166799274507
221.125    0.166799274507
221.25    0.166799274507
221.375    0.166794996835
221.5    0.1690364971
221.625    0.173309891689
221.75    0.169203326318
221.875    0.168946665982
222.0    0.171252331331
222.125    0.171252331331
222.25    0.171543213045
222.375    0.171577434423
222.5    0.169164827268
222.625    0.169160549595
222.75    0.169280324419
222.875    0.169797922762
223.0    0.178468764437
223.125    0.17868264805
223.25    0.170178635594
223.375    0.170294132745
223.5    0.168125352908
223.625    0.168125352908
223.75    0.167830193522
223.875    0.173874544428
224.0    0.180235443081
224.125    0.180235443081
224.25    0.180235443081
224.375    0.180243998426
224.5    0.171919648204
224.625    0.171919648204
224.75    0.172013756994
224.875    0.172013756994
225.0    0.170174357921
225.125    0.170362575501
225.25    0.170118748182
225.375    0.170259911367
225.5    0.170319798778
225.625    0.170319798778
225.75    0.170354020156
225.875    0.170405352224
226.0    0.167808805161
226.125    0.167911469295
226.25    0.167808805161
226.375    0.167774583782
226.5    0.173643550126
226.625    0.17361360642
226.75    0.173579385042
226.875    0.173630717109
227.0    0.168305015143
227.125    0.168305015143
227.25    0.168193795664
227.375    0.168159574286
227.5    0.168232294715
227.625    0.168228017042
227.75    0.168283626782
227.875    0.168377735571
228.0    0.170717622299
228.125    0.170717622299
228.25    0.170439573602
228.375    0.170893006861
228.5    0.172159197851
228.625    0.172159197851
228.75    0.172159197851
228.875    0.17230891638
229.0    0.172120698801
229.125    0.172120698801
229.25    0.172180586212
229.375    0.172180586212
229.5    0.168707116336
229.625    0.168707116336
229.75    0.166679499683
229.875    0.172749516623
230.0    0.172993343942
230.125    0.170858785483
230.25    0.170858785483
230.375    0.171782762692
230.5    0.171329329432
230.625    0.171102612802
230.75    0.171200999264
230.875    0.17123094297
231.0    0.168724227025
231.125    0.16894238831
231.25    0.168878223226
231.375    0.168878223226
231.5    0.173117396438
231.625    0.167115822254
231.75    0.167085878548
231.875    0.167094433893
232.0    0.17172287528
232.125    0.171748541314
232.25    0.170623513509
232.375    0.170657734887
232.5    0.171239498315
232.625    0.171239498315
232.75    0.171158222542
232.875    0.171158222542
233.0    0.169057885461
233.125    0.169057885461
233.25    0.169040774772
233.375    0.169040774772
233.5    0.173767602621
233.625    0.173767602621
233.75    0.173891655117
233.875    0.174024262957
234.0    0.171932481221
234.125    0.171932481221
234.25    0.17185548312
234.375    0.171876871482
234.5    0.171299385726
234.625    0.171384939172
234.75    0.17100422634
234.875    0.170995670996
235.0    0.169840699485
235.125    0.169840699485
235.25    0.169857810174
235.375    0.169874920863
235.5    0.167205653372
235.625    0.167205653372
235.75    0.167000325103
235.875    0.167209931044
236.0    0.167847304211
236.125    0.167847304211
236.25    0.167847304211
236.375    0.16839484626
236.5    0.167804527488
236.625    0.167804527488
236.75    0.167915746967
236.875    0.167915746967
237.0    0.169305990452
237.125    0.169725202334
237.25    0.169789367418
237.375    0.169789367418
237.5    0.169973307325
237.625    0.169973307325
237.75    0.170131581199
237.875    0.170131581199
238.0    0.169797922762
238.125    0.169797922762
238.25    0.169917697586
238.375    0.169969029653
238.5    0.168386290916
238.625    0.168386290916
238.75    0.168386290916
238.875    0.168253683076
239.0    0.168168129631
239.125    0.168270793765
239.25    0.168206628681
239.375    0.168382013244
240.0    0.169335934158
240.125    0.169288879763
240.25    0.169288879763
240.375    0.168997998049
240.5    0.169032219427
240.625    0.169181937957
240.75    0.169019386411
240.875    0.169160549595
241.0    0.164125729343
241.125    0.16410006331
241.25    0.164613383981
241.375    0.16410006331
241.5    0.170922950567
241.625    0.170922950567
241.75    0.171029892374
241.875    0.171402049861
242.0    0.169053607789
242.125    0.16913060589
242.25    0.16913060589
242.375    0.169057885461
242.5    0.170328354123
242.625    0.170328354123
242.75    0.170328354123
242.875    0.170413907568
243.0    0.168873945554
243.125    0.168925277621
243.25    0.168985165033
243.375    0.168985165033
243.5    0.169151994251
243.625    0.169258936057
243.75    0.169417209931
243.875    0.170105915165
244.0    0.169609705183
244.125    0.169592594494
244.25    0.169481375015
244.375    0.169720924662
244.5    0.168373457899
244.625    0.168390568588
244.75    0.168069743169
244.875    0.168069743169
245.0    0.1696225382
245.125    0.169631093544
245.25    0.169417209931
245.375    0.170281299728
245.5    0.170135858871
245.625    0.170046027754
245.75    0.164121451671
245.875    0.163826292285
246.0    0.172398747498
246.125    0.172445801892
246.25    0.172445801892
246.375    0.172445801892
246.5    0.168300737471
246.625    0.168300737471
246.75    0.168424789966
246.875    0.167855859555
247.0    0.170328354123
247.125    0.170460961963
247.25    0.170460961963
247.375    0.170388241535
247.5    0.164420888729
247.625    0.164420888729
247.75    0.164510719847
247.875    0.164420888729
248.0    0.171444826583
248.125    0.171389216844
248.25    0.169558373116
248.375    0.171799873381
248.5    0.169549817771
248.625    0.17159026744
248.75    0.171128278836
248.875    0.171149667197
249.0    0.169382988553
249.125    0.16926321373
249.25    0.16926321373
249.375    0.169203326318
249.5    0.169729480006
249.625    0.169742313023
249.75    0.169806478107
249.875    0.170905839878
250.0    0.172770904984
250.125    0.173006176959
250.25    0.173309891689
250.375    0.169836421813
250.5    0.168416234622
250.625    0.168416234622
250.75    0.169066440806
250.875    0.168925277621
251.0    0.171748541314
251.125    0.171748541314
251.25    0.171748541314
251.375    0.171748541314
251.5    0.17177848502
251.625    0.171769929675
251.75    0.171564601407
251.875    0.171611655801
252.0    0.17002036172
252.125    0.170097359821
252.25    0.170105915165
252.375    0.170110192837
252.5    0.169425765276
252.625    0.169425765276
252.75    0.169716646989
252.875    0.169827866468
253.0    0.16597368376
253.125    0.166020738155
253.25    0.1660292935
253.375    0.166093458584
253.5    0.165738411786
253.625    0.165738411786
253.75    0.165738411786
253.875    0.165738411786
254.0    0.163954622453
254.125    0.163941789436
254.25    0.165982239105
254.375    0.170135858871
254.5    0.170482350324
254.625    0.170469517307
254.75    0.170469517307
254.875    0.170482350324
255.0    0.170208579299
255.125    0.170640624198
255.25    0.170756121349
255.375    0.170756121349
255.5    0.16152918228
255.625    0.16166179012
255.75    0.165430419383
255.875    0.165430419383
256.0    0.166345841247
256.125    0.166345841247
256.25    0.166345841247
256.375    0.166670944339
256.5    0.169904864569
256.625    0.169917697586
256.75    0.169917697586
256.875    0.170067416115
257.0    0.164788768544
257.125    0.165075372585
257.25    0.165075372585
257.375    0.165156648358
257.5    0.1696225382
257.625    0.169592594494
257.75    0.169819311124
257.875    0.169930530602
258.0    0.166277398491
258.125    0.166277398491
258.25    0.166277398491
258.375    0.166277398491
258.5    0.171256609004
258.625    0.171406327533
258.75    0.171200999264
258.875    0.167124377599
259.0    0.163188919118
259.125    0.163411358075
259.25    0.163723628151
259.375    0.164091507965
259.5    0.166478449087
259.625    0.166649555978
259.75    0.165948017727
259.875    0.165995072122
260.0    0.169288879763
260.125    0.169494208032
260.25    0.169554095443
260.375    0.169857810174
260.5    0.166110569273
260.625    0.16633300823
260.75    0.166076347895
260.875    0.166076347895
261.0    0.166341563575
261.125    0.166461338398
261.25    0.166641000633
261.375    0.166705165717
261.5    0.17338688979
261.625    0.17338688979
261.75    0.172860736102
261.875    0.17060640282
262.0    0.164108618654
262.125    0.164108618654
262.25    0.164164228394
262.375    0.164296836234
262.5    0.166504115121
262.625    0.166504115121
262.75    0.166504115121
262.875    0.166833495885
263.0    0.166525503482
263.125    0.166525503482
263.25    0.166525503482
263.375    0.166504115121
263.5    0.164549218897
263.625    0.164793046216
263.75    0.164793046216
263.875    0.164793046216
264.0    0.167556422497
264.125    0.167556422497
264.25    0.167710418699
264.375    0.167701863354
264.5    0.165361976627
264.625    0.165361976627
264.75    0.16548175145
264.875    0.165571582568
265.0    0.172163475523
265.125    0.172163475523
265.25    0.172197696901
265.375    0.171932481221
265.5    0.16593518471
265.625    0.166777886145
265.75    0.166777886145
265.875    0.165986516777
266.0    0.168886778571
266.125    0.168886778571
266.25    0.168642951252
266.375    0.168570230823
266.5    0.166157623668
266.625    0.166367229608
266.75    0.166367229608
266.875    0.162294885615
267.0    0.165477473778
267.125    0.165477473778
267.25    0.165477473778
267.375    0.165456085417
267.5    0.166273120819
267.625    0.166273120819
267.75    0.166234621768
267.875    0.165627192307
268.0    0.171945314238
268.125    0.171945314238
268.25    0.176218708827
268.375    0.176368427357
268.5    0.166410006331
268.625    0.166410006331
268.75    0.165597248601
268.875    0.165627192307
269.0    0.173900210461
269.125    0.172009479322
269.25    0.172377359136
269.375    0.171893982171
269.5    0.164390945023
269.625    0.164390945023
269.75    0.164369556662
269.875    0.164335335284
270.0    0.168364902555
270.125    0.168159574286
270.25    0.168364902555
270.375    0.168133908252
270.5    0.166551169516
270.625    0.166529781154
270.75    0.166495559776
270.875    0.166495559776
271.0    0.167141488288
271.125    0.167141488288
271.25    0.167124377599
271.375    0.167192820355
271.5    0.166401450986
271.625    0.166401450986
271.75    0.166936160019
271.875    0.168031244118
272.0    0.166696610373
272.125    0.167368204918
272.25    0.167321150523
272.375    0.169323101141
272.5    0.169241825368
272.625    0.169241825368
272.75    0.169070718478
272.875    0.169160549595
273.0    0.168484677378
273.125    0.177048577246
273.25    0.177493455161
273.375    0.163000701538
273.5    0.164745991821
273.625    0.16498981914
273.75    0.165888130315
273.875    0.16584107592
274.0    0.164994096812
274.125    0.165644302996
274.25    0.165563027223
274.375    0.165383364988
274.5    0.162992146194
274.625    0.162850983009
274.75    0.163757849529
274.875    0.163129031706
275.0    0.169412932259
275.125    0.169412932259
275.25    0.167017435792
275.375    0.167077323204
275.5    0.163312971613
275.625    0.163312971613
275.75    0.163424191092
275.875    0.163411358075
276.0    0.165858186609
276.125    0.165751244803
276.25    0.165751244803
276.375    0.165717023425
276.5    0.167376760262
276.625    0.169515596393
276.75    0.169515596393
276.875    0.169515596393
277.0    0.167920024639
277.125    0.165862464281
277.25    0.166410006331
277.375    0.166410006331
277.5    0.161999726229
277.625    0.162119501052
277.75    0.162119501052
277.875    0.161909895111
278.0    0.170311243434
278.125    0.170251356022
278.25    0.170324076451
278.375    0.168698560991
278.5    0.165635747652
278.625    0.165592970929
278.75    0.165592970929
278.875    0.165930907038
279.0    0.165900963332
279.125    0.165900963332
279.25    0.165900963332
279.375    0.165900963332
279.5    0.166833495885
279.625    0.166884827952
279.75    0.167150043632
279.875    0.167252707767
280.0    0.164566329586
280.125    0.164604828636
280.25    0.164587717947
280.375    0.163976010814
280.5    0.166084903239
280.625    0.166516948138
280.75    0.166722276406
280.875    0.166722276406
281.0    0.164356723645
281.125    0.164373834334
281.25    0.164373834334
281.375    0.164420888729
281.5    0.165165203703
281.625    0.165165203703
281.75    0.165165203703
281.875    0.165165203703
282.0    0.167205653372
282.125    0.167205653372
282.25    0.167081600876
282.375    0.166987492086
282.5    0.166709443389
282.625    0.166705165717
282.75    0.1666923327
282.875    0.166568280205
283.0    0.16355252126
283.125    0.162996423866
283.25    0.162996423866
283.375    0.163800626251
283.5    0.169652481905
283.625    0.169459986654
283.75    0.168856834865
283.875    0.168950943654
284.0    0.160921752819
284.125    0.160511096282
284.25    0.160207381551
284.375    0.160275824307
284.5    0.165332032921
284.625    0.164130007015
284.75    0.164236948822
284.875    0.164241226494
285.0    0.16306058895
285.125    0.16306058895
285.25    0.163146142395
285.375    0.163146142395
285.5    0.164378112007
285.625    0.164373834334
285.75    0.164373834334
285.875    0.164335335284
286.0    0.16489571035
286.125    0.16489571035
286.25    0.16489571035
286.375    0.164912821039
286.5    0.167483702069
286.625    0.167928579984
286.75    0.16790291395
286.875    0.167556422497
287.0    0.165182314392
287.125    0.165259312493
287.25    0.165361976627
287.375    0.165417586366
287.5    0.164057286587
287.625    0.164065841931
287.75    0.163766404873
287.875    0.163988843831
288.0    0.161174135482
288.125    0.161152747121
288.25    0.161640401759
288.375    0.161730232876
288.5    0.168082576185
288.625    0.168082576185
288.75    0.168364902555
288.875    0.168364902555
289.0    0.166897660969
289.125    0.166794996835
289.25    0.166628167616
289.375    0.167008880448
289.5    0.16678644149
289.625    0.166290231508
289.75    0.166457060726
289.875    0.165982239105
290.0    0.162350495354
290.125    0.162384716733
290.25    0.162183666136
290.375    0.162478825522
290.5    0.166401450986
290.625    0.164296836234
290.75    0.166144790651
290.875    0.166144790651
291.0    0.168373457899
291.125    0.168283626782
291.25    0.16835634721
291.375    0.166234621768
291.5    0.163749294184
291.625    0.16410006331
291.75    0.163762127201
291.875    0.163762127201
292.0    0.168300737471
292.125    0.166281676163
292.25    0.166174734357
292.375    0.165952295399
292.5    0.164959875434
292.625    0.164574884931
292.75    0.164553496569
292.875    0.164626216998
293.0    0.167299762161
293.125    0.167299762161
293.25    0.167299762161
293.375    0.16723987475
293.5    0.164750269493
293.625    0.164609106309
293.75    0.164716048115
293.875    0.164215560461
294.0    0.164604828636
294.125    0.164604828636
294.25    0.164600550964
294.375    0.164754547166
294.5    0.165905241004
294.625    0.165237924131
294.75    0.165344865938
294.875    0.165524528173
295.0    0.163103365673
295.125    0.163103365673
295.25    0.163180363773
295.375    0.162919425765
295.5    0.164677549065
295.625    0.164865766644
295.75    0.164848655955
295.875    0.165451807744
296.0    0.166790719162
296.125    0.166850606574
296.25    0.156605581507
296.375    0.1654432524
296.5    0.164985541468
296.625    0.16531064456
296.75    0.165374809644
296.875    0.165302089215
297.0    0.162855260681
297.125    0.162641377068
297.25    0.162641377068
297.375    0.162949369471
297.5    0.164433721746
297.625    0.164433721746
297.75    0.164399500368
297.875    0.164399500368
298.0    0.162560101295
298.125    0.162688431463
298.25    0.16260715569
298.375    0.162547268279
298.5    0.156310422121
298.625    0.162906592748
298.75    0.164621939325
298.875    0.164621939325
299.0    0.163864791335
299.125    0.162684153791
299.25    0.163184641446
299.375    0.163184641446
300.0    0.167269818456
300.125    0.165289256198
300.25    0.165541638862
300.375    0.165541638862
300.5    0.165071094913
300.625    0.165105316291
300.75    0.162821039303
300.875    0.163034922916
301.0    0.163240251185
301.125    0.163240251185
301.25    0.163099088
301.375    0.163086254984
301.5    0.166705165717
301.625    0.166538336499
301.75    0.164369556662
301.875    0.164369556662
302.0    0.167791694472
302.125    0.167813082833
302.25    0.167813082833
302.375    0.167787416799
302.5    0.16345841247
302.625    0.163454134798
302.75    0.163454134798
302.875    0.162555823623
303.0    0.16894238831
303.125    0.16894238831
303.25    0.175217733518
303.375    0.17544872782
303.5    0.167338261212
303.625    0.169481375015
303.75    0.169609705183
303.875    0.171735708297
304.0    0.167269818456
304.125    0.167291206817
304.25    0.167291206817
304.375    0.16723987475
304.5    0.16587957497
304.625    0.165755522475
304.75    0.165327755249
304.875    0.166448505381
305.0    0.165297811543
305.125    0.165250757148
305.25    0.165263590165
305.375    0.165263590165
305.5    0.171111168147
305.625    0.172984788597
305.75    0.172984788597
305.875    0.17298906627
306.0    0.168856834865
306.125    0.168856834865
306.25    0.160652259467
306.375    0.160729257567
306.5    0.166923327002
306.625    0.166936160019
306.75    0.166936160019
306.875    0.166482726759
307.0    0.165507417484
307.125    0.163565354277
307.25    0.163223140496
307.375    0.163103365673
307.5    0.166807829851
307.625    0.164463665452
307.75    0.164870044317
307.875    0.164784490871
308.0    0.164493609158
308.125    0.16215372243
308.25    0.162307718632
308.375    0.162286330271
308.5    0.162910870421
308.625    0.162547268279
308.75    0.162457437161
308.875    0.162376161388
309.0    0.168989442705
309.125    0.169062163133
309.25    0.16913060589
309.375    0.168959498999
309.5    0.16188850675
309.625    0.161909895111
309.75    0.162461714833
309.875    0.162388994405
310.0    0.168300737471
310.125    0.168189517992
310.25    0.168172407303
310.375    0.168287904454
310.5    0.163355748336
310.625    0.163235973513
310.75    0.162444604144
310.875    0.162444604144
311.0    0.166670944339
311.125    0.166410006331
311.25    0.168591619185
311.375    0.168591619185
311.5    0.160819088685
311.625    0.166807829851
311.75    0.166765053129
311.875    0.16701315812
312.0    0.166072070222
312.125    0.166072070222
312.25    0.166221788751
312.375    0.166144790651
312.5    0.163984566158
312.625    0.163984566158
312.75    0.163715072806
312.875    0.163826292285
313.0    0.16247454785
313.125    0.162534435262
313.25    0.162525879917
313.375    0.162525879917
313.5    0.166837773557
313.625    0.166996047431
313.75    0.166020738155
313.875    0.166089180911
314.0    0.165284978526
314.125    0.165511695156
314.25    0.165832520576
314.375    0.164814434577
314.5    0.164643327687
314.625    0.164797323888
314.75    0.164797323888
314.875    0.164938487073
315.0    0.162465992506
315.125    0.16283387232
315.25    0.168702838663
315.375    0.162200776825
315.5    0.166003627466
315.625    0.166551169516
315.75    0.16642711702
315.875    0.16642711702
316.0    0.164758824838
316.125    0.164758824838
316.25    0.164758824838
316.375    0.167949968345
316.5    0.162855260681
316.625    0.162855260681
316.75    0.163535410571
316.875    0.163052033605
317.0    0.165691357391
317.125    0.165862464281
