0.0    0.235831407505
0.125    0.247588129562
0.25    0.241792304024
0.375    0.24377315579
0.5    0.241939033785
0.625    0.245809031217
0.75    0.240820219361
0.875    0.241480503283
1.0    0.247368034922
1.125    0.247643153223
1.25    0.250467701111
1.375    0.237830600492
1.5    0.239059462235
1.625    0.239573016397
1.75    0.240875243021
1.875    0.244873628994
2.0    0.245552254136
2.125    0.226165584535
2.25    0.244708558013
2.375    0.24351637871
2.5    0.242159128425
2.625    0.242159128425
2.75    0.240856901801
2.875    0.242874436007
3.0    0.235886431165
3.125    0.225376912072
3.25    0.235134441143
3.375    0.228403213382
3.5    0.255951725909
3.625    0.253420637541
3.75    0.24038003008
3.875    0.24696452808
4.0    0.22788965922
4.125    0.237555482191
4.25    0.23726202267
4.375    0.23726202267
4.5    0.244635193133
4.625    0.242544294046
4.75    0.229522027805
4.875    0.242232493305
5.0    0.24681779832
5.125    0.246597703679
5.25    0.246671068559
5.375    0.247716518103
5.5    0.246616044899
5.625    0.242122445985
5.75    0.242489270386
5.875    0.225376912072
6.0    0.251421444554
6.125    0.251769927736
6.25    0.247551447122
6.375    0.239407945417
6.5    0.239738087378
6.625    0.239903158358
6.75    0.239848134698
6.875    0.248266754705
7.0    0.229081838524
7.125    0.229558710245
7.25    0.23086093687
7.375    0.24674443344
7.5    0.24683613954
7.625    0.247844906643
7.75    0.245093723634
7.875    0.252595282638
8.0    0.244213345072
8.125    0.231392832251
8.25    0.231557903232
8.375    0.230255676608
8.5    0.247881589083
8.625    0.239628040057
8.75    0.224221415209
8.875    0.224148050328
9.0    0.25002751183
9.125    0.232474964235
9.25    0.231264443711
9.375    0.23086093687
9.5    0.227192692858
9.625    0.21838890723
9.75    0.218535636991
9.875    0.240765195701
10.0    0.239628040057
10.125    0.241939033785
10.25    0.241242067422
10.375    0.241920692564
10.5    0.240893584241
10.625    0.241792304024
10.75    0.241076996442
10.875    0.253512343641
11.0    0.242305858186
11.125    0.240269982759
11.25    0.241040314002
11.375    0.241095337662
11.5    0.245625619016
11.625    0.246285902938
11.75    0.228953449983
11.875    0.24668940978
12.0    0.232750082535
12.125    0.231392832251
12.25    0.24063680716
12.375    0.241737280364
12.5    0.228751696563
12.625    0.240875243021
12.75    0.229998899527
12.875    0.226844209677
13.0    0.24371813213
13.125    0.222662411504
13.25    0.240178276659
13.375    0.240159935439
13.5    0.240068229339
13.625    0.240086570559
13.75    0.240306665199
13.875    0.242691023807
14.0    0.219324309453
14.125    0.226110560875
14.25    0.223671178607
14.375    0.226220608195
14.5    0.228843402663
14.625    0.228146436301
14.75    0.228128095081
14.875    0.232805106196
15.0    0.250449359891
15.125    0.247074575401
15.25    0.247918271523
15.375    0.251513150655
15.5    0.230310700268
15.625    0.230072264407
15.75    0.234382451121
15.875    0.250614430872
16.0    0.238766002714
16.125    0.240086570559
16.25    0.223322695426
16.375    0.236968563149
16.5    0.242085763545
16.625    0.243057848208
16.75    0.247239646381
16.875    0.245735666337
17.0    0.233153589377
17.125    0.233171930597
17.25    0.214445544918
17.375    0.231686291772
17.5    0.243387990169
17.625    0.244415098492
17.75    0.243387990169
17.875    0.244635193133
18.0    0.226385679175
18.125    0.225725395253
18.25    0.227009280657
18.375    0.231282784931
18.5    0.252521917758
18.625    0.250779501852
18.75    0.248046660064
18.875    0.243277942849
19.0    0.222552364183
19.125    0.248101683724
19.25    0.255438171747
19.375    0.258372766956
19.5    0.249605663769
19.625    0.252155093357
19.75    0.235537947984
19.875    0.230604159789
20.0    0.227247716518
20.125    0.22790800044
20.25    0.228421554602
20.375    0.227431128719
20.5    0.231429514691
20.625    0.231631268112
20.75    0.232731741315
20.875    0.245955760977
21.0    0.228439895822
21.125    0.228439895822
21.25    0.228715014123
21.375    0.232034774953
21.5    0.247606470782
21.625    0.247844906643
21.75    0.239279556876
21.875    0.251274714794
22.0    0.231246102491
22.125    0.231777997872
22.25    0.235281170903
22.375    0.232401599354
22.5    0.238179083673
22.625    0.238747661494
22.75    0.242636000147
22.875    0.230805913209
23.0    0.23115439639
23.125    0.231888045193
23.25    0.247569788342
23.375    0.256593668611
23.5    0.228458237042
23.625    0.23735372877
23.75    0.237812259271
23.875    0.222387293203
24.0    0.236766809728
24.125    0.246029125857
24.25    0.255126371006
24.375    0.252815377279
24.5    0.227394446279
24.625    0.234529180881
24.75    0.235556289204
24.875    0.252998789479
25.0    0.224074685448
25.125    0.224991746451
25.25    0.224936722791
25.375    0.226000513554
25.5    0.231777997872
25.625    0.230127288067
25.75    0.230182311727
25.875    0.23104434907
26.0    0.234510839661
26.125    0.238692637834
26.25    0.238674296614
26.375    0.222332269543
26.5    0.251494809435
26.625    0.253622390961
26.75    0.239921499578
26.875    0.235758042625
27.0    0.230732548329
27.125    0.231888045193
27.25    0.236124867026
27.375    0.232621693995
27.5    0.233960603059
27.625    0.235134441143
27.75    0.233520413778
27.875    0.233245295477
28.0    0.232034774953
28.125    0.236088184586
28.25    0.233135248157
28.375    0.236253255567
28.5    0.220975019258
28.625    0.233098565717
28.75    0.232676717655
28.875    0.232640035215
29.0    0.238509225634
29.125    0.238509225634
29.25    0.234015626719
29.375    0.234510839661
29.5    0.227431128719
29.625    0.232053116173
29.75    0.227632882139
29.875    0.230732548329
30.0    0.224459851069
30.125    0.249513957668
30.25    0.231814680313
30.375    0.233905579399
30.5    0.230017240747
30.625    0.247899930303
30.75    0.233905579399
30.875    0.232236528374
31.0    0.233685484758
31.125    0.225175158652
31.25    0.229320274385
31.375    0.241590550603
31.5    0.229467004145
31.625    0.225908807454
31.75    0.249293863028
31.875    0.243369648949
32.0    0.228715014123
32.125    0.239903158358
32.25    0.236876857049
32.375    0.236840174608
32.5    0.232273210814
32.625    0.230053923187
32.75    0.229301933165
32.875    0.229613733906
33.0    0.236931880709
33.125    0.232731741315
33.25    0.229833828546
33.375    0.232218187154
33.5    0.223322695426
33.625    0.208466307179
33.75    0.236198231906
33.875    0.225688712813
34.0    0.227504493599
34.125    0.241572209383
34.25    0.239004438575
34.375    0.238637614174
34.5    0.228329848502
34.625    0.241388797183
34.75    0.24041671252
34.875    0.236931880709
35.0    0.238032353912
35.125    0.229191885844
35.25    0.243222919189
35.375    0.242691023807
35.5    0.23407065038
35.625    0.23407065038
35.75    0.233887238179
35.875    0.234639228201
36.0    0.242324199406
36.125    0.235776383845
36.25    0.239591357617
36.375    0.24056344228
36.5    0.216059572283
36.625    0.240966949121
36.75    0.242819412347
36.875    0.243883203111
37.0    0.241150361322
37.125    0.239609698837
37.25    0.238380837093
37.375    0.213968673196
37.5    0.236986904369
37.625    0.234547522101
37.75    0.235116099923
37.875    0.235592971644
38.0    0.237848941712
38.125    0.254759546605
38.25    0.225321888412
38.375    0.238069036352
38.5    0.242305858186
38.625    0.251568174315
38.75    0.238582590514
38.875    0.232676717655
39.0    0.242159128425
39.125    0.242159128425
39.25    0.244965335094
39.375    0.245552254136
39.5    0.229467004145
39.625    0.229485345365
39.75    0.229485345365
39.875    0.229448662925
40.0    0.235171123583
40.125    0.235941454826
40.25    0.236950221929
40.375    0.22161696196
40.5    0.228348189722
40.625    0.232273210814
40.75    0.232181504714
40.875    0.232181504714
41.0    0.234474157221
41.125    0.233960603059
41.25    0.234730934302
41.375    0.234730934302
41.5    0.226073878434
41.625    0.22482667547
41.75    0.227449469939
41.875    0.225597006713
42.0    0.215839477642
42.125    0.211804409229
42.25    0.226110560875
42.375    0.241792304024
42.5    0.233942261839
42.625    0.229356956825
42.75    0.237903965372
42.875    0.237903965372
43.0    0.220754924618
43.125    0.220333076556
43.25    0.220571512417
43.375    0.228751696563
43.5    0.234547522101
43.625    0.236216573126
43.75    0.23097098419
43.875    0.219947910935
44.0    0.238802685155
44.125    0.233832214519
44.25    0.236638421188
44.375    0.236326620447
44.5    0.245497230476
44.625    0.246139173178
44.75    0.234620886981
44.875    0.235024393823
45.0    0.234785957962
45.125    0.232841788636
45.25    0.233263636697
45.375    0.233043542056
45.5    0.236344961667
45.625    0.236895198269
45.75    0.220112981916
45.875    0.238582590514
46.0    0.247184622721
46.125    0.235317853344
46.25    0.235978137266
46.375    0.248816991306
46.5    0.235739701405
46.625    0.218810755291
46.75    0.220076299475
46.875    0.237995671472
47.0    0.237628847071
47.125    0.221158431459
47.25    0.221158431459
47.375    0.238619272954
47.5    0.232841788636
47.625    0.2341806977
47.75    0.235831407505
47.875    0.236179890686
48.0    0.237903965372
48.125    0.232328234474
48.25    0.236381644107
48.375    0.234510839661
48.5    0.23113605517
48.625    0.233813873299
48.75    0.232016433733
48.875    0.22148857342
49.0    0.230163970507
49.125    0.230274017828
49.25    0.231282784931
49.375    0.231612926892
49.5    0.237041928029
49.625    0.225046770111
49.75    0.237738894391
49.875    0.252081728477
50.0    0.220791607058
50.125    0.236069843366
50.25    0.241572209383
50.375    0.224129709108
50.5    0.238784343935
50.625    0.226477385276
50.75    0.256978834232
50.875    0.260060159202
51.0    0.222754117604
51.125    0.22456989839
51.25    0.241627233044
51.375    0.220094640695
51.5    0.2089431789
51.625    0.226605773816
51.75    0.226862550897
51.875    0.224423168629
52.0    0.217196727926
52.125    0.214940757859
52.25    0.21829720113
52.375    0.265305748138
52.5    0.240068229339
52.625    0.239389604196
52.75    0.239279556876
52.875    0.242195810865
53.0    0.230347382708
53.125    0.229301933165
53.25    0.227284398958
53.375    0.230659183449
53.5    0.226477385276
53.625    0.24692784564
53.75    0.247166281501
53.875    0.23720699901
54.0    0.220094640695
54.125    0.221176772679
54.25    0.221763691721
54.375    0.219269285793
54.5    0.224991746451
54.625    0.231282784931
54.75    0.239994864458
54.875    0.255639925168
55.0    0.227211034078
55.125    0.229888852206
55.25    0.233813873299
55.375    0.23095264297
55.5    0.229815487326
55.625    0.225725395253
55.75    0.229815487326
55.875    0.229980558307
56.0    0.224423168629
56.125    0.224258097649
56.25    0.225358570852
56.375    0.225285205972
56.5    0.230530794908
56.625    0.229283591945
56.75    0.238564249294
56.875    0.239921499578
57.0    0.217031656946
57.125    0.217691940868
57.25    0.217967059169
57.375    0.219232603353
57.5    0.243919885551
57.625    0.23091596053
57.75    0.231722974212
57.875    0.230292359048
58.0    0.239738087378
58.125    0.218627343091
58.25    0.218609001871
58.375    0.223799567147
58.5    0.217453505007
58.625    0.217435163787
58.75    0.239646381277
58.875    0.21844393089
59.0    0.224129709108
59.125    0.22460658083
59.25    0.229301933165
59.375    0.231227761271
59.5    0.22792634166
59.625    0.226642456256
59.75    0.227596199699
59.875    0.226055537214
60.0    0.230420747588
60.125    0.23108103151
60.25    0.230732548329
60.375    0.23093430175
60.5    0.242324199406
60.625    0.244341733612
60.75    0.241737280364
60.875    0.216096254723
61.0    0.221745350501
61.125    0.217581893548
61.25    0.217215069146
61.375    0.222368951983
61.5    0.229210227064
61.625    0.23098932541
61.75    0.23098932541
61.875    0.225780418913
62.0    0.223139283225
62.125    0.220956678038
62.25    0.221066725359
62.375    0.221818715381
62.5    0.227027621877
62.625    0.226660797476
62.75    0.241113678882
62.875    0.228458237042
63.0    0.214977440299
63.125    0.21822383625
63.25    0.23104434907
63.375    0.230457430028
63.5    0.234547522101
63.625    0.233960603059
63.75    0.238802685155
63.875    0.234712593082
64.0    0.241535526943
64.125    0.232126481054
64.25    0.224404827409
64.375    0.225193499872
64.5    0.214812369319
64.625    0.236069843366
64.75    0.236161549466
64.875    0.235904772385
65.0    0.227027621877
65.125    0.228843402663
65.25    0.246579362459
65.375    0.226954256997
65.5    0.222350610763
65.625    0.244561828253
65.75    0.245772348777
65.875    0.218040424049
66.0    0.228403213382
66.125    0.228568284362
66.25    0.215692747882
66.375    0.250265947691
66.5    0.219819522395
66.625    0.202725505301
66.75    0.222368951983
66.875    0.225285205972
67.0    0.231924727633
67.125    0.231759656652
67.25    0.232786764976
67.375    0.232401599354
67.5    0.223322695426
67.625    0.22469828693
67.75    0.223047577125
67.875    0.223781225927
68.0    0.227100986758
68.125    0.228825061443
68.25    0.230640842229
68.375    0.226624115036
68.5    0.228935108763
68.625    0.228916767543
68.75    0.229393639265
68.875    0.228439895822
69.0    0.222900847364
69.125    0.224056344228
69.25    0.223891273247
69.375    0.223891273247
69.5    0.22798136532
69.625    0.229081838524
69.75    0.230108946847
69.875    0.229742122446
70.0    0.23091596053
70.125    0.23097098419
70.25    0.22779795312
70.375    0.231227761271
70.5    0.250944572833
70.625    0.239536333957
70.75    0.217783646968
70.875    0.226954256997
71.0    0.231411173471
71.125    0.228201459961
71.25    0.229833828546
71.375    0.230439088808
71.5    0.233263636697
71.625    0.231301126151
71.75    0.23086093687
71.875    0.231282784931
72.0    0.229778804886
72.125    0.229778804886
72.25    0.229778804886
72.375    0.230329041488
72.5    0.218058765269
72.625    0.229301933165
72.75    0.22475331059
72.875    0.225321888412
73.0    0.237115292909
73.125    0.237078610469
73.25    0.23720699901
73.375    0.228384872162
73.5    0.216884927185
73.625    0.217691940868
73.75    0.226605773816
73.875    0.230439088808
74.0    0.224881699131
74.125    0.233593778658
74.25    0.229888852206
74.375    0.230255676608
74.5    0.241902351344
74.625    0.228513260702
74.75    0.241242067422
74.875    0.228494919482
75.0    0.231337808591
75.125    0.252870400939
75.25    0.240159935439
75.375    0.240288323979
75.5    0.221305161219
75.625    0.222442316863
75.75    0.221341843659
75.875    0.231521220792
76.0    0.223671178607
76.125    0.22480833425
76.25    0.231502879572
76.375    0.231851362753
76.5    0.229650416346
76.625    0.225798760134
76.75    0.227247716518
76.875    0.228036388981
77.0    0.237537140971
77.125    0.233428707678
77.25    0.229577051465
77.375    0.207879388137
77.5    0.222845823704
77.625    0.222845823704
77.75    0.223341036646
77.875    0.223396060306
78.0    0.228916767543
78.125    0.227009280657
78.25    0.22798136532
78.375    0.227871318
78.5    0.234565863321
78.625    0.235501265544
78.75    0.226935915777
78.875    0.226110560875
79.0    0.224019661788
79.125    0.224863357911
79.25    0.227266057738
79.375    0.227229375298
79.5    0.235739701405
79.625    0.232126481054
79.75    0.232126481054
79.875    0.228494919482
80.0    0.224276438869
80.125    0.226238949415
80.25    0.229063497304
80.375    0.222809141264
80.5    0.22798136532
80.625    0.226275631855
80.75    0.226807527237
80.875    0.228586625582
81.0    0.224056344228
81.125    0.227467811159
81.25    0.225120134991
81.375    0.222112174902
81.5    0.233171930597
81.625    0.232181504714
81.75    0.228439895822
81.875    0.219966252155
82.0    0.22774292946
82.125    0.228990132424
82.25    0.230695865889
82.375    0.230695865889
82.5    0.225046770111
82.625    0.203587542643
82.75    0.224955064011
82.875    0.225248523532
83.0    0.23742709365
83.125    0.240306665199
83.25    0.235281170903
83.375    0.235207806023
83.5    0.22453321595
83.625    0.22453321595
83.75    0.22453321595
83.875    0.208264553758
84.0    0.229870510986
84.125    0.230622501009
84.25    0.232291552034
84.375    0.230622501009
84.5    0.225560324273
84.625    0.232529987895
84.75    0.232529987895
84.875    0.229888852206
85.0    0.224166391548
85.125    0.226807527237
85.25    0.22798136532
85.375    0.227045963097
85.5    0.226275631855
85.625    0.226330655515
85.75    0.225835442574
85.875    0.225743736473
86.0    0.228549943142
86.125    0.223946296908
86.25    0.223836249587
86.375    0.224038003008
86.5    0.238215766113
86.625    0.229118520964
86.75    0.229558710245
86.875    0.229522027805
87.0    0.206430431752
87.125    0.221323502439
87.25    0.220883313158
87.375    0.220883313158
87.5    0.233758849639
87.625    0.23412567404
87.75    0.231667950552
87.875    0.229100179744
88.0    0.222002127582
88.125    0.221928762701
88.25    0.236950221929
88.375    0.226220608195
88.5    0.212739811452
88.625    0.215894501302
88.75    0.214665639558
88.875    0.213821943436
89.0    0.220149664356
89.125    0.238050695132
89.25    0.220076299475
89.375    0.235409559444
89.5    0.237610505851
89.625    0.229118520964
89.75    0.229081838524
89.875    0.239371262976
90.0    0.226440702836
90.125    0.227339422618
90.25    0.239628040057
90.375    0.241333773523
90.5    0.246597703679
90.625    0.213803602216
90.75    0.213730237335
90.875    0.213785260996
91.0    0.238142401233
91.125    0.232419940574
91.25    0.210942371887
91.375    0.230200652947
91.5    0.244451780932
91.625    0.236088184586
91.75    0.236143208246
91.875    0.244580169473
92.0    0.228696672903
92.125    0.229375298045
92.25    0.229613733906
92.375    0.229613733906
92.5    0.209970287223
92.625    0.209676827703
92.75    0.210172040644
92.875    0.210025310884
93.0    0.228880085103
93.125    0.228843402663
93.25    0.227669564579
93.375    0.228898426323
93.5    0.22462492205
93.625    0.201001430615
93.75    0.211474267268
93.875    0.209034885001
94.0    0.222717435164
94.125    0.222130516122
94.25    0.222130516122
94.375    0.214720663219
94.5    0.207952753017
94.625    0.207237445435
94.75    0.224221415209
94.875    0.229448662925
95.0    0.233538754998
95.125    0.216793221085
95.25    0.2342724038
95.375    0.23423572136
95.5    0.22788965922
95.625    0.228403213382
95.75    0.228715014123
95.875    0.230439088808
96.0    0.226404020395
96.125    0.223762884707
96.25    0.226569091376
96.375    0.226238949415
96.5    0.225156817431
96.625    0.225230182312
96.75    0.225927148674
96.875    0.226275631855
97.0    0.212519716812
97.125    0.239206191996
97.25    0.230659183449
97.375    0.226550750156
97.5    0.227192692858
97.625    0.227192692858
97.75    0.236399985327
97.875    0.231704632992
98.0    0.23117273761
98.125    0.231943068853
98.25    0.23086093687
98.375    0.227339422618
98.5    0.225340229632
98.625    0.225340229632
98.75    0.225780418913
98.875    0.223065918345
99.0    0.228953449983
99.125    0.229797146106
99.25    0.229723781226
99.375    0.22785297678
99.5    0.238894391255
99.625    0.238894391255
99.75    0.239022779795
99.875    0.239774769818
100.0    0.226660797476
100.125    0.226679138696
100.25    0.226624115036
100.375    0.226605773816
100.5    0.235336194564
100.625    0.220241370456
100.75    0.219195920913
100.875    0.216884927185
101.0    0.216939950846
101.125    0.216573126444
101.25    0.231539562012
101.375    0.23100766663
101.5    0.213931990756
101.625    0.213931990756
101.75    0.212574740472
101.875    0.197204798063
102.0    0.217343457687
102.125    0.23113605517
102.25    0.217160045486
102.375    0.229265250724
102.5    0.23410733282
102.625    0.234749275522
102.75    0.237738894391
102.875    0.234969370163
103.0    0.217673599648
103.125    0.212593081692
103.25    0.217288434027
103.375    0.216206302043
103.5    0.239151168336
103.625    0.226440702836
103.75    0.201459961117
103.875    0.225963831114
104.0    0.217435163787
104.125    0.216609808884
104.25    0.217105021826
104.375    0.2150691464
104.5    0.214042038076
104.625    0.229155203404
104.75    0.213418436594
104.875    0.214060379296
105.0    0.218113788929
105.125    0.218113788929
105.25    0.218113788929
105.375    0.218113788929
105.5    0.217875353068
105.625    0.217893694289
105.75    0.219030849932
105.875    0.218609001871
106.0    0.226880892117
106.125    0.226880892117
106.25    0.22798136532
106.375    0.232401599354
106.5    0.222864164924
106.625    0.223487766406
106.75    0.223597813727
106.875    0.223451083966
107.0    0.227596199699
107.125    0.22776127068
107.25    0.226624115036
107.375    0.226825868457
107.5    0.214188767837
107.625    0.214262132717
107.75    0.214262132717
107.875    0.214977440299
108.0    0.219672792634
108.125    0.222900847364
108.25    0.222277245882
108.375    0.21829720113
108.5    0.225083452551
108.625    0.225633689153
108.75    0.225633689153
108.875    0.225633689153
109.0    0.217563552327
109.125    0.217508528667
109.25    0.217490187447
109.375    0.2340889916
109.5    0.223946296908
109.625    0.225431935732
109.75    0.225431935732
109.875    0.225835442574
110.0    0.209676827703
110.125    0.209676827703
110.25    0.210905689446
110.375    0.209493415502
110.5    0.239738087378
110.625    0.233300319137
110.75    0.214867392979
110.875    0.232750082535
111.0    0.219709475074
111.125    0.219709475074
111.25    0.219746157514
111.375    0.219746157514
111.5    0.229155203404
111.625    0.229797146106
111.75    0.23093430175
111.875    0.229870510986
112.0    0.215986207403
112.125    0.216316349364
112.25    0.216242984483
112.375    0.249202156927
112.5    0.217875353068
112.625    0.21837056601
112.75    0.213620190015
112.875    0.223927955688
113.0    0.223029235905
113.125    0.223010894685
113.25    0.222478999303
113.375    0.222478999303
113.5    0.225725395253
113.625    0.213565166355
113.75    0.235684677745
113.875    0.217948717949
114.0    0.219342650673
114.125    0.219397674333
114.25    0.219397674333
114.375    0.219581086534
114.5    0.223707861047
114.625    0.223817908367
114.75    0.224441509849
114.875    0.22477165181
115.0    0.217105021826
115.125    0.217691940868
115.25    0.216884927185
115.375    0.219819522395
115.5    0.214610615898
115.625    0.215839477642
115.75    0.216903268405
115.875    0.213014929753
116.0    0.219526062874
116.125    0.219562745314
116.25    0.220406441436
116.375    0.22150691464
116.5    0.23405230916
116.625    0.234712593082
116.75    0.234657569422
116.875    0.230384065148
117.0    0.218737390411
117.125    0.218737390411
117.25    0.219305968233
117.375    0.220278052896
117.5    0.218095447709
117.625    0.218095447709
117.75    0.216389714244
117.875    0.216187960823
118.0    0.225285205972
118.125    0.226257290635
118.25    0.226202266975
118.375    0.227596199699
118.5    0.219269285793
118.625    0.217691940868
118.75    0.217985400389
118.875    0.216573126444
119.0    0.206265360772
119.125    0.206852279814
119.25    0.219599427754
119.375    0.220333076556
120.0    0.221837056601
120.125    0.226202266975
120.25    0.225065111331
120.375    0.225872125014
120.5    0.221286819999
120.625    0.222442316863
120.75    0.220993360478
120.875    0.221305161219
121.0    0.206155313451
121.125    0.209236638421
121.25    0.223102600785
121.375    0.227376105058
121.5    0.227009280657
121.625    0.235849748725
121.75    0.235868089945
121.875    0.235868089945
122.0    0.219746157514
122.125    0.219911228495
122.25    0.220076299475
122.375    0.220076299475
122.5    0.216774879865
122.625    0.216756538645
122.75    0.2150691464
122.875    0.216939950846
123.0    0.218113788929
123.125    0.219012508712
123.25    0.217545211107
123.375    0.223267671766
123.5    0.214904075419
123.625    0.214904075419
123.75    0.219159238473
123.875    0.219214262133
124.0    0.217013315726
124.125    0.217508528667
124.25    0.218113788929
124.375    0.232346575694
124.5    0.232273210814
124.625    0.232273210814
124.75    0.232896812296
124.875    0.232878471076
125.0    0.222313928323
125.125    0.221048384138
125.25    0.219489380434
125.375    0.218975826272
125.5    0.223616154947
125.625    0.226532408936
125.75    0.223597813727
125.875    0.224294780089
126.0    0.235739701405
126.125    0.219305968233
126.25    0.235629654085
126.375    0.235629654085
126.5    0.22167198562
126.625    0.22167198562
126.75    0.22167198562
126.875    0.22167198562
127.0    0.226917574557
127.125    0.226459044056
127.25    0.225945489894
127.375    0.227559517259
127.5    0.230750889549
127.625    0.228531601922
127.75    0.213033270973
127.875    0.230127288067
128.0    0.210061993324
128.125    0.210061993324
128.25    0.214317156377
128.375    0.214317156377
128.5    0.222644070284
128.625    0.222845823704
128.75    0.222258904662
128.875    0.223267671766
129.0    0.227577858479
129.125    0.227632882139
129.25    0.232805106196
129.375    0.220333076556
129.5    0.216939950846
129.625    0.216921609625
129.75    0.217013315726
129.875    0.217526869887
130.0    0.225982172334
130.125    0.225982172334
130.25    0.225982172334
130.375    0.226018854774
130.5    0.224900040351
130.625    0.225340229632
130.75    0.225560324273
130.875    0.224991746451
131.0    0.222625729063
131.125    0.221140090239
131.25    0.223157624445
131.375    0.240214959099
131.5    0.215986207403
131.625    0.215986207403
131.75    0.215949524962
131.875    0.228770037783
132.0    0.222534022963
132.125    0.222497340523
132.25    0.222497340523
132.375    0.223194306885
132.5    0.222570705403
132.625    0.222809141264
132.75    0.222754117604
132.875    0.222845823704
133.0    0.214940757859
133.125    0.214885734199
133.25    0.213968673196
133.375    0.224203073988
133.5    0.216242984483
133.625    0.216554785224
133.75    0.229375298045
133.875    0.216591467664
134.0    0.223561131286
134.125    0.223561131286
134.25    0.234015626719
134.375    0.23416235648
134.5    0.228146436301
134.625    0.229320274385
134.75    0.228421554602
134.875    0.228329848502
135.0    0.217618575988
135.125    0.218535636991
135.25    0.217967059169
135.375    0.217948717949
135.5    0.223616154947
135.625    0.223689519827
135.75    0.223671178607
135.875    0.223487766406
136.0    0.221910421481
136.125    0.222735776384
136.25    0.227192692858
136.375    0.231484538351
136.5    0.222460658083
136.625    0.219911228495
136.75    0.211364219948
136.875    0.21840724845
137.0    0.22471662815
137.125    0.223616154947
137.25    0.224881699131
137.375    0.224881699131
137.5    0.219874546055
137.625    0.219874546055
137.75    0.219874546055
137.875    0.219837863615
138.0    0.212428010711
138.125    0.225431935732
138.25    0.225431935732
138.375    0.225707054033
138.5    0.241535526943
138.625    0.224441509849
138.75    0.215894501302
138.875    0.229210227064
139.0    0.226128902095
139.125    0.226990939437
139.25    0.225743736473
139.375    0.22779795312
139.5    0.223414401526
139.625    0.223341036646
139.75    0.22139686732
139.875    0.22139686732
140.0    0.226935915777
140.125    0.223065918345
140.25    0.223616154947
140.375    0.223909614468
140.5    0.2215619383
140.625    0.220699900957
140.75    0.220828289498
140.875    0.220828289498
141.0    0.204577968526
141.125    0.204834745607
141.25    0.226532408936
141.375    0.226532408936
141.5    0.228953449983
141.625    0.21215289241
141.75    0.213308389274
141.875    0.213821943436
142.0    0.222112174902
142.125    0.222167198562
142.25    0.221910421481
142.375    0.222845823704
142.5    0.2153442647
142.625    0.21523421738
142.75    0.215839477642
142.875    0.217233410366
143.0    0.221965445141
143.125    0.222002127582
143.25    0.200634606214
143.375    0.196948020982
143.5    0.22158027952
143.625    0.22154359708
143.75    0.22158027952
143.875    0.22158027952
144.0    0.221690326841
144.125    0.222662411504
144.25    0.22150691464
144.375    0.222680752724
144.5    0.219250944573
144.625    0.223579472507
144.75    0.222992553465
144.875    0.223029235905
145.0    0.223065918345
145.125    0.223065918345
145.25    0.223084259565
145.375    0.223267671766
145.5    0.21842558967
145.625    0.220644877297
145.75    0.220644877297
145.875    0.218040424049
146.0    0.223065918345
146.125    0.222955871025
146.25    0.222900847364
146.375    0.222974212245
146.5    0.221250137559
146.625    0.220699900957
146.75    0.221268478779
146.875    0.223487766406
147.0    0.218590660651
147.125    0.218609001871
147.25    0.218829096511
147.375    0.219067532372
147.5    0.220534829977
147.625    0.220644877297
147.75    0.221231796339
147.875    0.220571512417
148.0    0.226385679175
148.125    0.209365026962
148.25    0.226147243315
148.375    0.226147243315
148.5    0.207109056894
148.625    0.212648105352
148.75    0.213014929753
148.875    0.21510582884
149.0    0.220168005576
149.125    0.220149664356
149.25    0.220149664356
149.375    0.228549943142
149.5    0.21512417006
149.625    0.214537251018
149.75    0.21512417006
149.875    0.214959099079
150.0    0.225725395253
150.125    0.224973405231
150.25    0.224973405231
150.375    0.224368144969
150.5    0.220809948278
150.625    0.223414401526
150.75    0.223506107626
150.875    0.21833388357
151.0    0.217875353068
151.125    0.217857011848
151.25    0.218040424049
151.375    0.216022889843
151.5    0.223212648105
151.625    0.222809141264
151.75    0.222809141264
151.875    0.222845823704
152.0    0.222552364183
152.125    0.21842558967
152.25    0.218975826272
152.375    0.218975826272
152.5    0.21519753494
152.625    0.215857818862
152.75    0.216463079124
152.875    0.215362605921
153.0    0.214207109057
153.125    0.217453505007
153.25    0.217746964528
153.375    0.217985400389
153.5    0.219782839955
153.625    0.219709475074
153.75    0.219709475074
153.875    0.219581086534
154.0    0.227302740178
154.125    0.235849748725
154.25    0.231576244452
154.375    0.231557903232
154.5    0.228568284362
154.625    0.228568284362
154.75    0.228568284362
154.875    0.228568284362
155.0    0.229632075126
155.125    0.208447965959
155.25    0.230347382708
155.375    0.22776127068
155.5    0.209254979641
155.625    0.209273320861
155.75    0.209163273541
155.875    0.209658486483
156.0    0.2087597667
156.125    0.19610432486
156.25    0.20892483768
156.375    0.21196948021
156.5    0.223891273247
156.625    0.223616154947
156.75    0.224221415209
156.875    0.224239756429
157.0    0.221213455119
157.125    0.22154359708
157.25    0.219837863615
157.375    0.219672792634
157.5    0.204651333407
157.625    0.217801988188
157.75    0.218664025531
157.875    0.218920802612
158.0    0.219360991893
158.125    0.219360991893
158.25    0.219397674333
158.375    0.22794468288
158.5    0.217985400389
158.625    0.218113788929
158.75    0.22163530318
158.875    0.217306775247
159.0    0.219764498734
159.125    0.220699900957
159.25    0.219746157514
159.375    0.220296394116
159.5    0.203330765563
159.625    0.20555005319
159.75    0.20267048164
159.875    0.202872235061
160.0    0.225670371593
160.125    0.222992553465
160.25    0.220699900957
160.375    0.22148857342
160.5    0.223854590807
160.625    0.229540369025
160.75    0.230072264407
160.875    0.230310700268
161.0    0.202065221379
161.125    0.219672792634
161.25    0.220296394116
161.375    0.224276438869
161.5    0.22136018488
161.625    0.22154359708
161.75    0.221782032941
161.875    0.221818715381
162.0    0.208026117897
162.125    0.203862660944
162.25    0.204376215106
162.375    0.213308389274
162.5    0.222497340523
162.625    0.223139283225
162.75    0.222900847364
162.875    0.236546715087
163.0    0.215472653241
163.125    0.216279666923
163.25    0.200267781813
163.375    0.215912842522
163.5    0.210300429185
163.625    0.210043652104
163.75    0.229228568284
163.875    0.211639338249
164.0    0.216426396684
164.125    0.215032463959
164.25    0.2150691464
164.375    0.215674406662
164.5    0.208282894978
164.625    0.208062800337
164.75    0.209163273541
164.875    0.212299622171
165.0    0.215949524962
165.125    0.216334690584
165.25    0.224881699131
165.375    0.224881699131
165.5    0.216041231063
165.625    0.213271706834
165.75    0.213381754154
165.875    0.209621804042
166.0    0.212483034371
166.125    0.213803602216
166.25    0.217508528667
166.375    0.217068339386
166.5    0.226605773816
166.625    0.217526869887
166.75    0.217838670628
166.875    0.217857011848
167.0    0.217049998166
167.125    0.217049998166
167.25    0.216444737904
167.375    0.217086680606
167.5    0.225340229632
167.625    0.225065111331
167.75    0.229962217087
167.875    0.217398481347
168.0    0.208062800337
168.125    0.205256593669
168.25    0.223799567147
168.375    0.226990939437
168.5    0.216389714244
168.625    0.220057958255
168.75    0.219966252155
168.875    0.216884927185
169.0    0.213473460255
169.125    0.213931990756
169.25    0.214133744177
169.375    0.213987014416
169.5    0.217123363046
169.625    0.217325116467
169.75    0.217325116467
169.875    0.217325116467
170.0    0.213235024394
170.125    0.213253365614
170.25    0.213345071714
170.375    0.204798063167
170.5    0.209915263563
170.625    0.231227761271
170.75    0.225028428891
170.875    0.212244598511
171.0    0.215876160082
171.125    0.214849051759
171.25    0.215527676901
171.375    0.211712703129
171.5    0.218994167492
171.625    0.219269285793
171.75    0.219324309453
171.875    0.219379333113
172.0    0.211400902388
172.125    0.211657679469
172.25    0.212391328271
172.375    0.212409669491
172.5    0.223010894685
172.625    0.207879388137
172.75    0.229246909504
172.875    0.229246909504
173.0    0.214904075419
173.125    0.215931183742
173.25    0.215894501302
173.375    0.214445544918
173.5    0.220975019258
173.625    0.208117823998
173.75    0.233960603059
173.875    0.235372877004
174.0    0.217691940868
174.125    0.218810755291
174.25    0.223634496167
174.375    0.222460658083
174.5    0.217875353068
174.625    0.21833388357
174.75    0.21833388357
174.875    0.21833388357
175.0    0.230512453688
175.125    0.230567477349
175.25    0.209328344521
175.375    0.209328344521
175.5    0.212556399252
175.625    0.217508528667
175.75    0.213235024394
175.875    0.213546825135
176.0    0.209768533803
176.125    0.211144125307
176.25    0.211199148967
176.375    0.224019661788
176.5    0.240178276659
176.625    0.219104214812
176.75    0.206173654672
176.875    0.233997285499
177.0    0.212758152672
177.125    0.21514251128
177.25    0.212336304611
177.375    0.212281280951
177.5    0.222534022963
177.625    0.207072374454
177.75    0.212739811452
177.875    0.236014819706
178.0    0.221268478779
178.125    0.209089908661
178.25    0.24379149701
178.375    0.231191078831
178.5    0.220149664356
178.625    0.220168005576
178.75    0.219984593375
178.875    0.217838670628
179.0    0.211767726789
179.125    0.211712703129
179.25    0.211712703129
179.375    0.211767726789
180.0    0.221121749019
180.125    0.221121749019
180.25    0.223616154947
180.375    0.207072374454
180.5    0.220296394116
180.625    0.220443123877
180.75    0.216884927185
180.875    0.217636917208
181.0    0.219801181175
181.125    0.220351417776
181.25    0.220351417776
181.375    0.239756428598
181.5    0.219360991893
181.625    0.220168005576
181.75    0.220901654378
181.875    0.22154359708
182.0    0.226147243315
182.125    0.226330655515
182.25    0.225652030373
182.375    0.226734162356
182.5    0.213400095374
182.625    0.226220608195
182.75    0.21833388357
182.875    0.21846227211
183.0    0.214078720516
183.125    0.213950331976
183.25    0.214097061737
183.375    0.21508748762
183.5    0.212464693151
183.625    0.212831517553
183.75    0.212776493892
183.875    0.212849858773
184.0    0.21189611533
184.125    0.211786068009
184.25    0.21202450387
184.375    0.212556399252
184.5    0.221800374161
184.625    0.212776493892
184.75    0.212758152672
184.875    0.21833388357
185.0    0.217049998166
185.125    0.217178386706
185.25    0.219911228495
185.375    0.23750045853
185.5    0.217013315726
185.625    0.214390521257
185.75    0.214739004439
185.875    0.215839477642
186.0    0.213675213675
186.125    0.216096254723
186.25    0.216628150105
186.375    0.216609808884
186.5    0.209750192583
186.625    0.209750192583
186.75    0.205898536371
186.875    0.202156927479
187.0    0.211309196288
187.125    0.213931990756
187.25    0.214463886138
187.375    0.21505080518
187.5    0.211419243608
187.625    0.212959906093
187.75    0.212941564873
187.875    0.215711089102
188.0    0.217215069146
188.125    0.217215069146
188.25    0.214573933458
188.375    0.214005355636
188.5    0.214904075419
188.625    0.214647298338
188.75    0.218920802612
188.875    0.215674406662
189.0    0.20901654378
189.125    0.206008583691
189.25    0.207604269836
189.375    0.207604269836
189.5    0.212336304611
189.625    0.225156817431
189.75    0.225156817431
189.875    0.212428010711
190.0    0.21193279777
190.125    0.21191445655
190.25    0.212207916071
190.375    0.208026117897
190.5    0.211034077987
190.625    0.208631378159
190.75    0.208668060599
190.875    0.211309196288
191.0    0.210703936026
191.125    0.210703936026
191.25    0.210703936026
191.375    0.210869007006
191.5    0.215656065441
191.625    0.207200762995
191.75    0.20560507685
191.875    0.20571512417
192.0    0.223084259565
192.125    0.223084259565
192.25    0.197644987345
192.375    0.24045339496
192.5    0.211529290928
192.625    0.224221415209
192.75    0.211400902388
192.875    0.21195113899
193.0    0.19615934852
193.125    0.19615934852
193.25    0.19619603096
193.375    0.218150471369
193.5    0.2150691464
193.625    0.215582700561
193.75    0.215674406662
193.875    0.215674406662
194.0    0.208044459117
194.125    0.220919995598
194.25    0.220241370456
194.375    0.216976633286
194.5    0.21824217747
194.625    0.217031656946
194.75    0.217086680606
194.875    0.219397674333
195.0    0.21517919372
195.125    0.21517919372
195.25    0.223817908367
195.375    0.222423975643
195.5    0.237078610469
195.625    0.237170316569
195.75    0.226715821136
195.875    0.22478999303
196.0    0.217600234768
196.125    0.201129819156
196.25    0.215656065441
196.375    0.217215069146
196.5    0.217673599648
196.625    0.216518102784
196.75    0.217453505007
196.875    0.21532592348
197.0    0.221213455119
197.125    0.220975019258
197.25    0.2215619383
197.375    0.222185539782
197.5    0.211492608488
197.625    0.212849858773
197.75    0.212868199993
197.875    0.211620997029
198.0    0.218737390411
198.125    0.218645684311
198.25    0.214977440299
198.375    0.218700707971
198.5    0.204229485345
198.625    0.204376215106
198.75    0.205403323429
198.875    0.206485455412
199.0    0.204156120465
199.125    0.205054840248
199.25    0.204046073145
199.375    0.204944792928
199.5    0.207274127875
199.625    0.226605773816
199.75    0.22477165181
199.875    0.222185539782
200.0    0.205164887568
200.125    0.20558673563
200.25    0.203330765563
200.375    0.203972708265
200.5    0.211859432889
200.625    0.211859432889
200.75    0.223322695426
200.875    0.222827482484
201.0    0.217838670628
201.125    0.218077106489
201.25    0.21822383625
201.375    0.21820549503
201.5    0.211235831407
201.625    0.212703129012
201.75    0.212703129012
201.875    0.212629764132
202.0    0.206962327134
202.125    0.207897729357
202.25    0.206888962254
202.375    0.204816404387
202.5    0.201239866476
202.625    0.201735079417
202.75    0.206247019552
202.875    0.207127398115
203.0    0.225578665493
203.125    0.199900957412
203.25    0.198580389568
203.375    0.199057261289
203.5    0.222075492462
203.625    0.222112174902
203.75    0.221213455119
203.875    0.209181614761
204.0    0.194820439456
204.125    0.193591577712
204.25    0.193995084553
204.375    0.193995084553
204.5    0.211676020689
204.625    0.21519753494
204.75    0.211731044349
204.875    0.220608194857
205.0    0.206503796633
205.125    0.207219104215
205.25    0.207457540076
205.375    0.206687208833
205.5    0.205256593669
205.625    0.205256593669
205.75    0.20261545798
205.875    0.201093136715
206.0    0.213216683174
206.125    0.21527089982
206.25    0.199790910091
206.375    0.199790910091
206.5    0.226679138696
206.625    0.227559517259
206.75    0.206668867613
206.875    0.210722277246
207.0    0.210392135285
207.125    0.211364219948
207.25    0.210869007006
207.375    0.211400902388
207.5    0.199790910091
207.625    0.199644180331
207.75    0.201239866476
207.875    0.20580683027
208.0    0.203404130443
208.125    0.203404130443
208.25    0.204614650967
208.375    0.205073181468
208.5    0.212959906093
208.625    0.201881809178
208.75    0.214702321998
208.875    0.21521587616
209.0    0.211180807747
209.125    0.210502182605
209.25    0.211474267268
209.375    0.210960713107
209.5    0.206962327134
209.625    0.219782839955
209.75    0.219746157514
209.875    0.210575547485
210.0    0.218700707971
210.125    0.220076299475
210.25    0.219544404094
210.375    0.219691133854
210.5    0.207879388137
210.625    0.207879388137
210.75    0.208502989619
210.875    0.208502989619
211.0    0.209988628444
211.125    0.209970287223
211.25    0.211510949708
211.375    0.199093943729
211.5    0.20575180661
211.625    0.20567844173
211.75    0.20569678295
211.875    0.206723891273
212.0    0.209951946003
212.125    0.202175268699
212.25    0.202285316019
212.375    0.197938446865
212.5    0.206320384432
212.625    0.20901654378
212.75    0.206393749312
212.875    0.204339532666
213.0    0.204101096805
213.125    0.204321191446
213.25    0.207200762995
213.375    0.207164080555
213.5    0.196544514141
213.625    0.196544514141
213.75    0.192527786948
213.875    0.192546128168
214.0    0.20901654378
214.125    0.210263746744
214.25    0.210282087964
214.375    0.210245405524
214.5    0.210373794065
214.625    0.211290855068
214.75    0.193811672352
214.875    0.19313304721
215.0    0.205458347089
215.125    0.206870621034
215.25    0.206393749312
215.375    0.205990242471
215.5    0.206485455412
215.625    0.206558820293
215.75    0.205898536371
215.875    0.207365833975
216.0    0.230310700268
216.125    0.229045156084
216.25    0.216811562305
216.375    0.217105021826
216.5    0.206723891273
216.625    0.207384175195
216.75    0.210557206265
216.875    0.210813983346
217.0    0.21191445655
217.125    0.223689519827
217.25    0.213106635853
217.375    0.204761380727
217.5    0.204522944866
217.625    0.204688015847
217.75    0.209878581123
217.875    0.207512563736
218.0    0.213583507575
218.125    0.214317156377
218.25    0.213785260996
218.375    0.23086093687
218.5    0.226880892117
218.625    0.223817908367
218.75    0.223047577125
218.875    0.223762884707
219.0    0.208429624739
219.125    0.210960713107
219.25    0.207695975936
219.375    0.207861046917
219.5    0.201551667217
219.625    0.201551667217
219.75    0.201643373317
219.875    0.201625032097
220.0    0.201441619897
220.125    0.209988628444
220.25    0.209970287223
220.375    0.210061993324
220.5    0.209621804042
220.625    0.210043652104
220.75    0.210208723084
220.875    0.210465500165
221.0    0.213656872455
221.125    0.200854700855
221.25    0.206063607351
221.375    0.199203991049
221.5    0.21196948021
221.625    0.21202450387
221.75    0.211804409229
221.875    0.212281280951
222.0    0.198231906386
222.125    0.199057261289
222.25    0.199790910091
222.375    0.208319577418
222.5    0.220112981916
222.625    0.220718242177
222.75    0.218113788929
222.875    0.209951946003
223.0    0.210869007006
223.125    0.210869007006
223.25    0.210135358204
223.375    0.211712703129
223.5    0.209089908661
223.625    0.209805216243
223.75    0.209951946003
223.875    0.209878581123
224.0    0.208668060599
224.125    0.209530097942
224.25    0.206943985914
224.375    0.206265360772
224.5    0.192784564029
224.625    0.201955174058
224.75    0.201991856498
224.875    0.199680862771
225.0    0.207659293496
225.125    0.208044459117
225.25    0.208374601078
225.375    0.208374601078
225.5    0.216316349364
225.625    0.219709475074
225.75    0.219709475074
225.875    0.215839477642
226.0    0.21512417006
226.125    0.22794468288
226.25    0.22776127068
226.375    0.210758959686
226.5    0.216811562305
226.625    0.212813176332
226.75    0.213381754154
226.875    0.214298815157
227.0    0.221323502439
227.125    0.218022082829
227.25    0.217416822567
227.375    0.216206302043
227.5    0.199735886431
227.625    0.20243204578
227.75    0.202743846521
227.875    0.202248633579
228.0    0.206742232493
228.125    0.191023806904
228.25    0.208502989619
228.375    0.20896152012
228.5    0.209328344521
228.625    0.206063607351
228.75    0.213308389274
228.875    0.213308389274
229.0    0.213069953413
229.125    0.214867392979
229.25    0.212721470232
229.375    0.222057151242
229.5    0.21517919372
229.625    0.213491801475
229.75    0.203881002164
229.875    0.203825978504
230.0    0.212996588533
230.125    0.213803602216
230.25    0.213968673196
230.375    0.214005355636
230.5    0.197076409523
230.625    0.209695168923
230.75    0.209933604783
230.875    0.20566010051
231.0    0.198837166648
231.125    0.199534133011
231.25    0.198672095668
231.375    0.198598730788
231.5    0.221268478779
231.625    0.242691023807
231.75    0.243351307729
231.875    0.217801988188
232.0    0.209658486483
232.125    0.222478999303
232.25    0.209640145262
232.375    0.209768533803
232.5    0.207109056894
232.625    0.207109056894
232.75    0.237023586809
232.875    0.235336194564
233.0    0.213345071714
233.125    0.213601848795
233.25    0.20564175929
233.375    0.197149774403
233.5    0.187795752173
233.625    0.188217600235
233.75    0.189134661238
233.875    0.194618686035
234.0    0.212904882433
234.125    0.209328344521
234.25    0.209695168923
234.375    0.210098675764
234.5    0.210006969664
234.625    0.210263746744
234.75    0.211657679469
234.875    0.213033270973
235.0    0.218535636991
235.125    0.214390521257
235.25    0.207824364477
235.375    0.216041231063
235.5    0.188951249037
235.625    0.202285316019
235.75    0.202285316019
235.875    0.201991856498
236.0    0.206173654672
236.125    0.206026924911
236.25    0.205916877591
236.375    0.207402516415
236.5    0.192747881589
236.625    0.190418546642
236.75    0.188217600235
236.875    0.188511059756
237.0    0.186988738491
237.125    0.212666446572
237.25    0.209640145262
237.375    0.209640145262
237.5    0.220112981916
237.625    0.219085873592
237.75    0.219085873592
237.875    0.206338725652
238.0    0.21191445655
238.125    0.215490994461
238.25    0.216132937163
238.375    0.224918381571
238.5    0.216829903525
238.625    0.215674406662
238.75    0.19003338102
238.875    0.186897032391
239.0    0.193334800631
239.125    0.219856204835
239.25    0.19294963501
239.375    0.214335497597
240.0    0.198837166648
240.125    0.198690436888
240.25    0.198690436888
240.375    0.199020578849
240.5    0.211437584828
240.625    0.211437584828
240.75    0.211676020689
240.875    0.211657679469
241.0    0.213840284656
241.125    0.213876967096
241.25    0.2150691464
241.375    0.193830013572
241.5    0.208374601078
241.625    0.213326730494
241.75    0.213675213675
241.875    0.21198782143
242.0    0.211529290928
242.125    0.21213455119
242.25    0.21213455119
242.375    0.19947910935
242.5    0.203184035802
242.625    0.203294083122
242.75    0.203312424342
242.875    0.203312424342
243.0    0.205073181468
243.125    0.190198452001
243.25    0.191188877884
243.375    0.187373904112
243.5    0.195590770698
243.625    0.196691243902
243.75    0.197259821723
243.875    0.184439308903
244.0    0.19628773706
244.125    0.19931403837
244.25    0.198635413228
244.375    0.197571622464
244.5    0.175470452294
244.625    0.175470452294
244.75    0.175397087414
244.875    0.196948020982
245.0    0.204761380727
245.125    0.203605883863
245.25    0.203954367044
245.375    0.203954367044
245.5    0.198066835406
245.625    0.202707164081
245.75    0.199167308609
245.875    0.198800484208
246.0    0.1899233337
246.125    0.189336414658
246.25    0.193738307472
246.375    0.206522137853
246.5    0.206357066872
246.625    0.206081948571
246.75    0.207549246176
246.875    0.207127398115
247.0    0.217160045486
247.125    0.191519019845
247.25    0.221690326841
247.375    0.222552364183
247.5    0.20248706944
247.625    0.20248706944
247.75    0.20248706944
247.875    0.20248706944
248.0    0.198488683467
248.125    0.199607497891
248.25    0.197993470526
248.375    0.201955174058
248.5    0.223597813727
248.625    0.221855397821
248.75    0.222423975643
248.875    0.219067532372
249.0    0.22139686732
249.125    0.220864971938
249.25    0.213290048054
249.375    0.209383368182
249.5    0.193719966252
249.625    0.194123473093
249.75    0.218829096511
249.875    0.220076299475
250.0    0.220149664356
250.125    0.220919995598
250.25    0.237023586809
250.375    0.207384175195
250.5    0.222313928323
250.625    0.221800374161
250.75    0.211217490187
250.875    0.206705550053
251.0    0.196452808041
251.125    0.197039727083
251.25    0.198066835406
251.375    0.197314845384
251.5    0.193481530391
251.625    0.193793331132
251.75    0.193885037233
251.875    0.194508638715
252.0    0.209841898683
252.125    0.226348996735
252.25    0.209254979641
252.375    0.199882616192
252.5    0.196049301199
252.625    0.198268588827
252.75    0.198653754448
252.875    0.190345181761
253.0    0.200469535233
253.125    0.200451194013
253.25    0.200561241334
253.375    0.200781335974
253.5    0.202028538938
253.625    0.201203184036
253.75    0.222735776384
253.875    0.201625032097
254.0    0.225872125014
254.125    0.22785297678
254.25    0.210006969664
254.375    0.211180807747
254.5    0.210795642126
254.625    0.210630571146
254.75    0.211217490187
254.875    0.211254172628
255.0    0.233667143538
255.125    0.229393639265
255.25    0.22790800044
255.375    0.22776127068
255.5    0.203404130443
255.625    0.199038920069
255.75    0.212739811452
255.875    0.19294963501
256.0    0.201973515278
256.125    0.202817211401
256.25    0.203991049485
256.375    0.196856314882
256.5    0.200304464253
256.625    0.200854700855
256.75    0.202138586259
256.875    0.20256043432
257.0    0.1837056601
257.125    0.184659403544
257.25    0.183613954
257.375    0.201258207696
257.5    0.212519716812
257.625    0.211327537508
257.75    0.200469535233
257.875    0.201790103078
258.0    0.198727119328
258.125    0.230585818569
258.25    0.199570815451
258.375    0.185356369906
258.5    0.198030152966
258.625    0.198378636147
258.75    0.199754227651
258.875    0.199735886431
259.0    0.201423278676
259.125    0.201606690877
259.25    0.202927258721
259.375    0.203715931184
259.5    0.209163273541
259.625    0.201441619897
259.75    0.201533325997
259.875    0.202358680899
260.0    0.197938446865
260.125    0.198708778108
260.25    0.198855507868
260.375    0.203165694582
260.5    0.219617768974
260.625    0.220296394116
260.75    0.220461465097
260.875    0.219360991893
261.0    0.208044459117
261.125    0.209401709402
261.25    0.209786875023
261.375    0.209750192583
261.5    0.195205605077
261.625    0.216958292066
261.75    0.2088514728
261.875    0.205073181468
262.0    0.220809948278
262.125    0.219709475074
262.25    0.219305968233
262.375    0.206357066872
262.5    0.203275741902
262.625    0.201404937456
262.75    0.204321191446
262.875    0.195664135578
263.0    0.195810865339
263.125    0.213546825135
263.25    0.201459961117
263.375    0.200928065735
263.5    0.209401709402
263.625    0.209420050622
263.75    0.203550860203
263.875    0.190895418363
264.0    0.201313231356
264.125    0.201588349657
264.25    0.202065221379
264.375    0.202450387
264.5    0.198708778108
264.625    0.198708778108
264.75    0.198635413228
264.875    0.199112284949
265.0    0.195205605077
265.125    0.196544514141
265.25    0.197351527824
265.375    0.197406551484
265.5    0.1897399215
265.625    0.190198452001
265.75    0.190198452001
265.875    0.189391438318
266.0    0.190473570302
266.125    0.194545321155
266.25    0.195389017277
266.375    0.19606764242
266.5    0.193224753311
266.625    0.193334800631
266.75    0.193756648692
266.875    0.194637027255
267.0    0.192197644987
267.125    0.19003338102
267.25    0.192252668647
267.375    0.190070063461
267.5    0.19619603096
267.625    0.19313304721
267.75    0.194618686035
267.875    0.194361908954
268.0    0.181688125894
268.125    0.182972011298
268.25    0.199662521551
268.375    0.198928872749
268.5    0.189501485639
268.625    0.190326840541
268.75    0.190968783243
268.875    0.191427313745
269.0    0.203881002164
269.125    0.188804519277
269.25    0.188749495616
269.375    0.189483144419
269.5    0.210832324566
269.625    0.206558820293
269.75    0.206558820293
269.875    0.207365833975
270.0    0.208154506438
270.125    0.207879388137
270.25    0.209310003301
270.375    0.209310003301
270.5    0.22167198562
270.625    0.22159862074
270.75    0.222075492462
270.875    0.213601848795
271.0    0.208668060599
271.125    0.210208723084
271.25    0.209438391842
271.375    0.207695975936
271.5    0.208594695719
271.625    0.194985510436
271.75    0.198580389567
271.875    0.192582810609
272.0    0.196416125601
272.125    0.197021385863
272.25    0.226990939437
272.375    0.226715821136
272.5    0.197094750743
272.625    0.197094750743
272.75    0.191995891567
272.875    0.191885844246
273.0    0.193206412091
273.125    0.193554895272
273.25    0.192032574007
273.375    0.192839587689
273.5    0.202890576281
273.625    0.203147353362
273.75    0.203734272404
273.875    0.195150581417
274.0    0.201404937456
274.125    0.19940574447
274.25    0.220681559737
274.375    0.217581893548
274.5    0.188712813176
274.625    0.190106745901
274.75    0.191133854224
274.875    0.191445654965
275.0    0.210612229926
275.125    0.210905689446
275.25    0.22798136532
275.375    0.215582700561
275.5    0.200524558894
275.625    0.19626939584
275.75    0.195077216536
275.875    0.194912145556
276.0    0.195205605077
276.125    0.19307802355
276.25    0.195609111918
276.375    0.188896225377
276.5    0.216628150105
276.625    0.203807637284
276.75    0.204577968526
276.875    0.204577968526
277.0    0.191867503026
277.125    0.191940867907
277.25    0.191940867907
277.375    0.192160962547
277.5    0.190565276402
277.625    0.191537361065
277.75    0.191133854224
277.875    0.191207219104
278.0    0.214995781519
278.125    0.215619383001
278.25    0.216334690584
278.375    0.216939950846
278.5    0.215435970801
278.625    0.215546018121
278.75    0.215674406662
278.875    0.215784453982
279.0    0.191794138146
279.125    0.19293129379
279.25    0.193499871611
279.375    0.193499871611
279.5    0.191243901544
279.625    0.191243901544
279.75    0.192271009868
279.875    0.192839587689
280.0    0.199754227651
280.125    0.199754227651
280.25    0.199754227651
280.375    0.199754227651
280.5    0.19316972965
280.625    0.197333186604
280.75    0.198231906386
280.875    0.196654561461
281.0    0.204577968526
281.125    0.199790910091
281.25    0.200102710832
281.375    0.199790910091
281.5    0.20261545798
281.625    0.20261545798
281.75    0.202725505301
281.875    0.20265214042
282.0    0.193279776971
282.125    0.193426506731
282.25    0.193903378453
282.375    0.193903378453
282.5    0.224148050328
282.625    0.225688712813
282.75    0.225927148674
282.875    0.234474157221
283.0    0.194893804336
283.125    0.191133854224
283.25    0.191133854224
283.375    0.191133854224
283.5    0.191262242764
283.625    0.195535747038
283.75    0.204376215106
283.875    0.201221525256
284.0    0.197865081985
284.125    0.197388210264
284.25    0.196837973662
284.375    0.200652947434
284.5    0.199680862771
284.625    0.203881002164
284.75    0.203257400682
284.875    0.203220718242
285.0    0.187263856792
285.125    0.187997505594
285.25    0.184402626463
285.375    0.184659403544
285.5    0.189042955137
285.625    0.189574850519
285.75    0.189189684898
285.875    0.189409779539
286.0    0.204321191446
286.125    0.204302850226
286.25    0.204596309747
286.375    0.204706357067
286.5    0.19634276072
286.625    0.195297311177
286.75    0.200231099373
286.875    0.199534133011
287.0    0.201606690877
287.125    0.227431128719
287.25    0.227284398958
287.375    0.223010894685
287.5    0.19313304721
287.625    0.198121859066
287.75    0.197204798063
287.875    0.197241480503
288.0    0.19940574447
288.125    0.198286930047
288.25    0.199625839111
288.375    0.191592384725
288.5    0.221983786361
288.625    0.221983786361
288.75    0.222552364183
288.875    0.222552364183
289.0    0.203275741902
289.125    0.203294083122
289.25    0.197498257584
289.375    0.195297311177
289.5    0.200121052052
289.625    0.200157734492
289.75    0.200873042075
289.875    0.197810058325
290.0    0.203404130443
290.125    0.200707971094
290.25    0.200707971094
290.375    0.200707971094
290.5    0.198305271267
290.625    0.198286930047
290.75    0.198268588827
290.875    0.193940060893
291.0    0.201496643557
291.125    0.200873042075
291.25    0.201221525256
291.375    0.201716738197
291.5    0.205898536371
291.625    0.227192692858
291.75    0.20890649646
291.875    0.205880195151
292.0    0.188015846814
292.125    0.189171343678
292.25    0.189171343678
292.375    0.18972158028
292.5    0.195022192876
292.625    0.198983896409
292.75    0.19935072081
292.875    0.195957595099
293.0    0.195205605077
293.125    0.193389824291
293.25    0.192784564029
293.375    0.189153002458
293.5    0.178350023844
293.625    0.177983199442
293.75    0.204339532666
293.875    0.203991049485
294.0    0.194783757016
294.125    0.194618686035
294.25    0.195132240197
294.375    0.195132240197
294.5    0.18990499248
294.625    0.18984996882
294.75    0.191298925204
294.875    0.191372290085
295.0    0.218553978211
295.125    0.197443233924
295.25    0.199020578849
295.375    0.190381864202
295.5    0.1963244195
295.625    0.19625105462
295.75    0.197314845384
295.875    0.197443233924
296.0    0.189134661238
296.125    0.18986831004
296.25    0.18986831004
296.375    0.18986831004
296.5    0.193371483071
296.625    0.195425699718
296.75    0.195664135578
296.875    0.195150581417
297.0    0.200396170353
297.125    0.197718352225
297.25    0.19617768974
297.375    0.200267781813
297.5    0.195352334837
297.625    0.195352334837
297.75    0.195352334837
297.875    0.195407358497
298.0    0.221727009281
298.125    0.221727009281
298.25    0.222167198562
298.375    0.209328344521
298.5    0.175617182055
298.625    0.174571732512
298.75    0.174535050072
298.875    0.178698507025
299.0    0.191152195444
299.125    0.191170536664
299.25    0.191427313745
299.375    0.191298925204
300.0    0.215986207403
300.125    0.2151608525
300.25    0.198231906386
300.375    0.198213565166
300.5    0.203330765563
300.625    0.203330765563
300.75    0.203129012142
300.875    0.200597923774
301.0    0.195755841679
301.125    0.22139686732
301.25    0.22139686732
301.375    0.217123363046
301.5    0.188456036096
301.625    0.1900150398
301.75    0.190106745901
301.875    0.1900150398
302.0    0.217251751587
302.125    0.204632992187
302.25    0.205238252449
302.375    0.206210337112
302.5    0.195444040938
302.625    0.195462382158
302.75    0.191940867907
302.875    0.190198452001
303.0    0.201735079417
303.125    0.193426506731
303.25    0.190730347383
303.375    0.172774292946
303.5    0.219195920913
303.625    0.22154359708
303.75    0.220424782657
303.875    0.203532518983
304.0    0.203550860203
304.125    0.203550860203
304.25    0.203624225083
304.375    0.203624225083
304.5    0.174681779832
304.625    0.174700121052
304.75    0.187465610212
304.875    0.18660357287
305.0    0.191849161806
305.125    0.188511059756
305.25    0.190730347383
305.375    0.192160962547
305.5    0.197865081985
305.625    0.197810058325
305.75    0.197278162943
305.875    0.195480723378
306.0    0.202927258721
306.125    0.190235134441
306.25    0.190968783243
306.375    0.203807637284
306.5    0.187593998753
306.625    0.187593998753
306.75    0.187593998753
306.875    0.187850775834
307.0    0.188712813176
307.125    0.1897399215
307.25    0.1897399215
307.375    0.188896225377
307.5    0.231337808591
307.625    0.218590660651
307.75    0.215839477642
307.875    0.215839477642
308.0    0.171875573163
308.125    0.184641062323
308.25    0.185099592825
308.375    0.168005575731
308.5    0.190143428341
308.625    0.18988665126
308.75    0.189226367338
308.875    0.190381864202
309.0    0.196801291222
309.125    0.197314845384
309.25    0.197369869044
309.375    0.197388210264
309.5    0.198341953707
309.625    0.198360294927
309.75    0.198360294927
309.875    0.198360294927
310.0    0.175782253035
310.125    0.18669527897
310.25    0.18673196141
310.375    0.193279776971
310.5    0.203459154103
310.625    0.203459154103
310.75    0.203459154103
310.875    0.188015846814
311.0    0.185943288948
311.125    0.185961630168
311.25    0.185979971388
311.375    0.185117934045
311.5    0.174425002751
311.625    0.1834305418
311.75    0.184164190602
311.875    0.185998312608
312.0    0.193371483071
312.125    0.190510252742
312.25    0.191298925204
312.375    0.184787792084
312.5    0.189373097098
312.625    0.191519019845
312.75    0.191519019845
312.875    0.187704046073
313.0    0.187704046073
313.125    0.188657789516
313.25    0.189483144419
313.375    0.189464803199
313.5    0.20241370456
313.625    0.197131433183
313.75    0.197810058325
313.875    0.197846740765
314.0    0.184751109644
314.125    0.185227981365
314.25    0.185172957705
314.375    0.185191298925
314.5    0.18368731888
314.625    0.187337221672
314.75    0.187300539232
314.875    0.195792524119
315.0    0.201386596236
315.125    0.198617072008
315.25    0.197938446865
315.375    0.192839587689
315.5    0.192142621327
315.625    0.192142621327
315.75    0.192087597667
315.875    0.192087597667
316.0    0.186548549209
316.125    0.18656689043
316.25    0.186493525549
316.375    0.186346795789
316.5    0.19313304721
316.625    0.19313304721
316.75    0.19302299989
316.875    0.193298118191
317.0    0.197773375885
317.125    0.198268588827
