0    448    315
1    679    258
2    703    221
3    708    397
4    774    619
5    462    467
6    449    161
7    533    228
8    535    396
9    788    142
10    625    310
11    538    87
12    554    535
13    636    467
14    628    155
15    939    150
16    940    451
17    634    307
18    638    465
19    414    248
20    420    382
21    489    316
22    770    23
23    783    587
24    488    170
25    496    458
26    901    36
27    912    573
28    568    104
29    576    515
30    796    162
31    969    110
32    973    498
33    448    249
34    442    379
35    717    623
