0    734    315
1    448    314
2    709    396
3    772    620
4    677    254
5    705    219
6    452    158
7    463    466
8    532    227
9    537    393
10    620    613
11    457    158
12    694    65
13    710    544
14    785    144
15    626    308
16    541    85
17    549    534
18    626    149
19    634    464
20    935    150
21    941    454
22    979    90
23    419    384
24    416    245
25    489    314
26    771    23
27    780    595
28    489    171
29    494    451
30    901    32
31    908    573
32    566    108
33    575    510
34    646    307
35    974    496
36    971    108
37    793    164
38    716    621
39    443    248
40    780    46
41    788    565
42    527    311
43    893    55
44    908    549
45    473    488
46    469    131
