0.0    0.24052834098
0.125    0.245523161166
0.25    0.228614769868
0.375    0.203881160278
0.5    0.252238419417
0.625    0.251720438064
0.75    0.229077253219
0.875    0.204232647625
1.0    0.249093532633
1.125    0.239825366287
1.25    0.242970253071
1.375    0.235145034779
1.5    0.226413349119
1.625    0.241860293029
1.75    0.219439100192
1.875    0.221233535593
2.0    0.219513097528
2.125    0.232740121356
2.25    0.210411425189
2.375    0.22186251295
2.5    0.232777120024
2.625    0.211280893888
2.75    0.260692615066
2.875    0.205768092349
3.0    0.235311528785
3.125    0.227578807163
3.25    0.226191357111
3.375    0.232351635341
3.5    0.214018795323
3.625    0.217015687435
3.75    0.208505993784
3.875    0.218680627497
4.0    0.231722657984
4.125    0.246374130531
4.25    0.243136747077
4.375    0.221122539589
4.5    0.206563563712
4.625    0.21768166346
4.75    0.220512061566
4.875    0.224655912387
5.0    0.230557199941
5.125    0.227782299837
5.25    0.21919860885
5.375    0.21474026935
5.5    0.230649696611
5.625    0.232277638005
5.75    0.234997040107
5.875    0.233868580731
6.0    0.226006363771
6.125    0.204954121652
6.25    0.221215036259
6.375    0.222620985645
6.5    0.220493562232
6.625    0.218273642149
6.75    0.217700162794
6.875    0.217829658132
7.0    0.220974544916
7.125    0.251757436732
7.25    0.234756548764
7.375    0.221418528933
7.5    0.208173005772
7.625    0.206804055054
7.75    0.249889003996
7.875    0.242655764392
8.0    0.204195648957
8.125    0.225691875093
8.25    0.219531596863
8.375    0.22820778452
8.5    0.234849045434
8.625    0.229780227912
8.75    0.230927186621
8.875    0.233776084061
9.0    0.232296137339
9.125    0.230039218588
9.25    0.229003255883
9.375    0.212723841942
9.5    0.216460707415
9.625    0.21740417345
9.75    0.227523309161
9.875    0.221696018943
10.0    0.228559271866
10.125    0.25312638745
10.25    0.225599378422
10.375    0.220031078881
10.5    0.23804943022
10.625    0.234793547432
10.75    0.248076069262
10.875    0.218680627497
11.0    0.223860441024
11.125    0.230742193281
11.25    0.235052538109
11.375    0.231667159982
11.5    0.229946721918
11.625    0.231778155986
11.75    0.226820334468
11.875    0.22659834246
12.0    0.230427704603
12.125    0.229965221252
12.25    0.223342459671
12.375    0.220512061566
12.5    0.237901435548
12.625    0.234423560752
12.75    0.234053574071
12.875    0.233868580731
13.0    0.222953973657
13.125    0.198793843422
13.25    0.229003255883
13.375    0.226912831138
13.5    0.209800947166
13.625    0.235811010804
13.75    0.232259138671
13.875    0.233350599378
14.0    0.232980612698
14.125    0.234534556756
14.25    0.233165606038
14.375    0.230927186621
14.5    0.223767944354
14.625    0.210725913867
14.75    0.249093532633
14.875    0.239714370283
15.0    0.21105890188
15.125    0.210596418529
15.25    0.221104040255
15.375    0.23000221992
15.5    0.21795915347
15.625    0.211077401214
15.75    0.221159538257
15.875    0.247761580583
16.0    0.223323960337
16.125    0.207507029747
16.25    0.21910611218
16.375    0.229780227912
16.5    0.224008435696
16.625    0.223508953678
16.75    0.221566523605
16.875    0.222935474323
17.0    0.250573479355
17.125    0.232185141335
17.25    0.221899511618
17.375    0.21483276602
17.5    0.227985792511
17.625    0.222528488974
17.75    0.228170785852
17.875    0.234886044102
18.0    0.234312564748
18.125    0.213056829954
18.25    0.218347639485
18.375    0.226801835134
18.5    0.225432884416
18.625    0.215443244043
18.75    0.218551132159
18.875    0.220493562232
19.0    0.225488382418
19.125    0.220919046914
19.25    0.242544768388
19.375    0.213704306645
19.5    0.211354891224
19.625    0.212039366583
19.75    0.213371318633
19.875    0.226135859109
20.0    0.22080805091
20.125    0.224267426373
20.25    0.212686843274
20.375    0.213112327956
20.5    0.243525233092
20.625    0.229706230576
20.75    0.220604558236
20.875    0.209504957822
21.0    0.211465887228
21.125    0.229354743229
21.25    0.216090720734
21.375    0.232536628681
21.5    0.214240787332
21.625    0.213167825958
21.75    0.235126535445
21.875    0.21322332396
22.0    0.225728873761
22.125    0.216442208081
22.25    0.243617729762
22.375    0.224581915051
22.5    0.211558383898
22.625    0.216590202753
22.75    0.213297321296
22.875    0.23579251147
23.0    0.234682551428
23.125    0.213482314637
23.25    0.21483276602
23.375    0.224415421045
23.5    0.221363030931
23.625    0.22260248631
23.75    0.232573627349
23.875    0.223693947018
24.0    0.217903655468
24.125    0.210059937842
24.25    0.210115435844
24.375    0.230150214592
24.5    0.224526417049
24.625    0.224230427705
24.75    0.216978688767
24.875    0.228929258547
25.0    0.209079473139
25.125    0.207877016427
25.25    0.234053574071
25.375    0.234516057422
25.5    0.216109220068
25.625    0.226320852449
25.75    0.217108184105
25.875    0.204695130975
26.0    0.226561343792
26.125    0.206915051058
26.25    0.20991194317
26.375    0.244561195797
26.5    0.214388782004
26.625    0.24498668048
26.75    0.23464555276
26.875    0.217182181441
27.0    0.233665088057
27.125    0.238659908243
27.25    0.239751368951
27.375    0.240010359627
27.5    0.214018795323
27.625    0.213907799319
27.75    0.212409353263
27.875    0.225321888412
28.0    0.220678555572
28.125    0.215165754033
28.25    0.215184253367
28.375    0.232499630013
28.5    0.217996152139
28.625    0.23634749149
28.75    0.232573627349
28.875    0.213149326624
29.0    0.23027970993
29.125    0.221474026935
29.25    0.21929110552
29.375    0.221159538257
29.5    0.213833801983
29.625    0.234257066746
29.75    0.233739085393
29.875    0.232462631345
30.0    0.209708450496
30.125    0.231001183957
30.25    0.232203640669
30.375    0.214610774012
30.5    0.246744117212
30.625    0.214703270682
30.75    0.228355779192
30.875    0.219753588871
31.0    0.220234571555
31.125    0.220419564896
31.25    0.218680627497
31.375    0.241157318337
31.5    0.237161462187
31.625    0.21000443984
31.75    0.21133639189
31.875    0.211169897884
32.0    0.219790587539
32.125    0.231112179962
32.25    0.221548024271
32.375    0.209282965813
32.5    0.22034556756
32.625    0.21570223472
32.75    0.220863548912
32.875    0.216867692763
33.0    0.212483350599
33.125    0.210392925855
33.25    0.23331360071
33.375    0.21634971141
33.5    0.212538848601
33.625    0.213815302649
33.75    0.214388782004
33.875    0.21418528933
34.0    0.224785407725
34.125    0.221881012284
34.25    0.216664200089
34.375    0.205139114992
34.5    0.215924226728
34.625    0.242470771052
34.75    0.222676483647
34.875    0.213815302649
35.0    0.237993932218
35.125    0.231223175966
35.25    0.232277638005
35.375    0.219827586207
35.5    0.219309604854
35.625    0.22260248631
35.75    0.211761876572
35.875    0.209375462483
36.0    0.2205305609
36.125    0.221677519609
36.25    0.222916974989
36.375    0.223416457008
36.5    0.241009323664
36.625    0.223009471659
36.75    0.2249889004
36.875    0.207599526417
37.0    0.22214000296
37.125    0.223064969661
37.25    0.214092792659
37.375    0.214444280006
37.5    0.213593310641
37.625    0.225155394406
37.75    0.214629273346
37.875    0.23455305609
38.0    0.204528636969
38.125    0.205601598342
38.25    0.196906911351
38.375    0.222898475655
38.5    0.221807014947
38.625    0.188045730354
38.75    0.195574959301
38.875    0.210485422525
39.0    0.242156282374
39.125    0.222768980317
39.25    0.216127719402
39.375    0.224174929703
39.5    0.215813230724
39.625    0.215813230724
39.75    0.215295249371
39.875    0.215387746041
40.0    0.195630457304
40.125    0.218014651473
40.25    0.228873760545
40.375    0.219587094865
40.5    0.227190321148
40.625    0.219772088205
40.75    0.220068077549
40.875    0.219975580879
41.0    0.240509841646
41.125    0.210078437176
41.25    0.221326032263
41.375    0.208321000444
41.5    0.19901583543
41.625    0.212279857925
41.75    0.196018943318
41.875    0.191986088501
42.0    0.218329140151
42.125    0.214721770016
42.25    0.226949829806
42.375    0.214240787332
42.5    0.196721918011
42.625    0.223712446352
42.75    0.224193429037
42.875    0.21474026935
43.0    0.23294361403
43.125    0.215498742045
43.25    0.225765872429
43.375    0.199940802131
43.5    0.223138966997
43.625    0.22659834246
43.75    0.215147254699
43.875    0.229114251887
44.0    0.191190617138
44.125    0.224655912387
44.25    0.214851265354
44.375    0.216109220068
44.5    0.207821518425
44.625    0.211484386562
44.75    0.2116138819
44.875    0.211558383898
45.0    0.222694982981
45.125    0.221807014947
45.25    0.217626165458
45.375    0.200458783484
45.5    0.226320852449
45.625    0.216867692763
45.75    0.217108184105
45.875    0.213334319964
46.0    0.217552168122
46.125    0.217385674116
46.25    0.212964333284
46.375    0.224803907059
46.5    0.229132751221
46.625    0.224507917715
46.75    0.217330176114
46.875    0.222103004292
47.0    0.207488530413
47.125    0.207636525085
47.25    0.221807014947
47.375    0.205046618322
47.5    0.215184253367
47.625    0.215424744709
47.75    0.202308716886
47.875    0.251960929407
48.0    0.227171821814
48.125    0.223360959005
48.25    0.21570223472
48.375    0.216201716738
48.5    0.222990972325
48.625    0.223120467663
48.75    0.22214000296
48.875    0.244154210448
49.0    0.225599378422
49.125    0.212982832618
49.25    0.201402249519
49.375    0.217385674116
49.5    0.207266538405
49.625    0.209060973805
49.75    0.206064081693
49.875    0.240694834986
50.0    0.220512061566
50.125    0.224970401066
50.25    0.216923190765
50.375    0.216923190765
50.5    0.213500813971
50.625    0.227208820482
50.75    0.206452567708
50.875    0.206471067042
51.0    0.217700162794
51.125    0.219513097528
51.25    0.221011543584
51.375    0.214351783336
51.5    0.220419564896
51.625    0.221196536925
51.75    0.218070149475
51.875    0.221751516945
52.0    0.205731093681
52.125    0.223693947018
52.25    0.221714518277
52.375    0.220752552908
52.5    0.19777638005
52.625    0.218236643481
52.75    0.200884268166
52.875    0.22365694835
53.0    0.231315672636
53.125    0.210115435844
53.25    0.208875980465
53.375    0.20489862365
53.5    0.20991194317
53.625    0.212705342608
53.75    0.223101968329
53.875    0.223009471659
54.0    0.23786443688
54.125    0.237438952198
54.25    0.242248779044
54.375    0.234312564748
54.5    0.247669083913
54.625    0.203455675596
54.75    0.229965221252
54.875    0.229354743229
55.0    0.206452567708
55.125    0.207211040403
55.25    0.212705342608
55.375    0.209116471807
55.5    0.219365102856
55.625    0.207340535741
55.75    0.231038182625
55.875    0.226746337132
56.0    0.230779191949
56.125    0.226579843126
56.25    0.221141038923
56.375    0.22071555424
56.5    0.22356445168
56.625    0.215147254699
56.75    0.215350747373
56.875    0.215369246707
57.0    0.208006511766
57.125    0.207803019091
57.25    0.227837797839
57.375    0.22811528785
57.5    0.211558383898
57.625    0.202919194909
57.75    0.204177149623
57.875    0.204584134971
58.0    0.210022939174
58.125    0.20839499778
58.25    0.253921858813
58.375    0.235829510138
58.5    0.206230575699
58.625    0.203529672932
58.75    0.20365916827
58.875    0.206656060382
59.0    0.243155246411
59.125    0.244468699127
59.25    0.234701050762
59.375    0.234423560752
59.5    0.212150362587
59.625    0.238456415569
59.75    0.229169749889
59.875    0.220956045582
60.0    0.206767056386
60.125    0.231371170638
60.25    0.209042474471
60.375    0.213389817967
60.5    0.226468847122
60.625    0.218218144147
60.75    0.21910611218
60.875    0.219235607518
61.0    0.213519313305
61.125    0.210059937842
61.25    0.208505993784
61.375    0.208431996448
61.5    0.214518277342
61.625    0.21474026935
61.75    0.205065117656
61.875    0.205897587687
62.0    0.222879976321
62.125    0.222565487642
62.25    0.224248927039
62.375    0.218884120172
62.5    0.211558383898
62.625    0.210892407873
62.75    0.19901583543
62.875    0.209745449164
63.0    0.212372354595
63.125    0.212816338612
63.25    0.20660056238
63.375    0.192744561196
63.5    0.223101968329
63.625    0.237845937546
63.75    0.224618913719
63.875    0.21331582063
64.0    0.209504957822
64.125    0.212927334616
64.25    0.199977800799
64.375    0.200588278822
64.5    0.231667159982
64.625    0.230871688619
64.75    0.230816190617
64.875    0.220974544916
65.0    0.209153470475
65.125    0.204861624982
65.25    0.206637561048
65.375    0.204787627645
65.5    0.212427852597
65.625    0.210263430517
65.75    0.209930442504
65.875    0.208080509102
66.0    0.210374426521
66.125    0.206730057718
66.25    0.207766020423
66.375    0.214203788664
66.5    0.23436806275
66.625    0.236569483499
66.75    0.234164570075
66.875    0.227375314489
67.0    0.221085540921
67.125    0.20706304573
67.25    0.213556311973
67.375    0.212871836614
67.5    0.206859553056
67.625    0.206286073701
67.75    0.215831730058
67.875    0.214758768684
68.0    0.211225395886
68.125    0.211632381234
68.25    0.208968477135
68.375    0.224489418381
68.5    0.221622021607
68.625    0.217940654136
68.75    0.213963297321
68.875    0.214499778008
69.0    0.226524345124
69.125    0.221215036259
69.25    0.217755660796
69.375    0.220364066894
69.5    0.216016723398
69.625    0.216442208081
69.75    0.217811158798
69.875    0.213426816635
70.0    0.199478318781
70.125    0.241360811011
70.25    0.198997336096
70.375    0.225025899068
70.5    0.2017722362
70.625    0.204658132307
70.75    0.205009619654
70.875    0.207211040403
71.0    0.220012579547
71.125    0.220549060234
71.25    0.209837945834
71.375    0.20991194317
71.5    0.20641556904
71.625    0.206822554388
71.75    0.205361107
71.875    0.218495634157
72.0    0.213445315969
72.125    0.2160722214
72.25    0.221122539589
72.375    0.222287997632
72.5    0.212020867249
72.625    0.214388782004
72.75    0.212871836614
72.875    0.210374426521
73.0    0.209171969809
73.125    0.208191505106
73.25    0.209449459819
73.375    0.21000443984
73.5    0.199348823442
73.625    0.199589314785
73.75    0.201883232204
73.875    0.221233535593
74.0    0.213001331952
74.125    0.19938582211
74.25    0.210226431848
74.375    0.207821518425
74.5    0.212094864585
74.625    0.209042474471
74.75    0.20071777416
74.875    0.200865768832
75.0    0.215313748705
75.125    0.215776232056
75.25    0.221825514281
75.375    0.217293177446
75.5    0.2178666568
75.625    0.218347639485
75.75    0.218273642149
75.875    0.217885156134
76.0    0.207248039071
76.125    0.207396033743
76.25    0.2071555424
76.375    0.207766020423
76.5    0.207599526417
76.625    0.207266538405
76.75    0.207488530413
76.875    0.219901583543
77.0    0.197054906023
77.125    0.198608850081
77.25    0.198664348083
77.375    0.19740639337
77.5    0.18205194613
77.625    0.184586354891
77.75    0.177445611958
77.875    0.194982980613
78.0    0.219069113512
78.125    0.210614917863
78.25    0.209856445168
78.375    0.209597454492
78.5    0.183161906171
78.625    0.213722805979
78.75    0.207507029747
78.875    0.207988012432
79.0    0.205768092349
79.125    0.217293177446
79.25    0.215831730058
79.375    0.216627201421
79.5    0.211077401214
79.625    0.20081027083
79.75    0.196518425337
79.875    0.202179221548
80.0    0.211447387894
80.125    0.194206008584
80.25    0.19409501258
80.375    0.197628385378
80.5    0.210448423857
80.625    0.205768092349
80.75    0.217829658132
80.875    0.21634971141
81.0    0.215813230724
81.125    0.203196684919
81.25    0.204695130975
81.375    0.205953085689
81.5    0.212094864585
81.625    0.231685659316
81.75    0.21483276602
81.875    0.232333136007
82.0    0.20650806571
82.125    0.206748557052
82.25    0.209412461151
82.375    0.207118543732
82.5    0.204454639633
82.625    0.209504957822
82.75    0.210281929851
82.875    0.218329140151
83.0    0.204972620986
83.125    0.207396033743
83.25    0.208339499778
83.375    0.218070149475
83.5    0.201143258843
83.625    0.201402249519
83.75    0.196407429333
83.875    0.19625943466
84.0    0.212335355927
84.125    0.218218144147
84.25    0.218773124168
84.375    0.22830028119
84.5    0.201254254847
84.625    0.205379606334
84.75    0.20062527749
84.875    0.201679739529
85.0    0.20867248779
85.125    0.192023087169
85.25    0.199866804795
85.375    0.19873834542
85.5    0.211872872577
85.625    0.191875092497
85.75    0.196832914015
85.875    0.201420748853
86.0    0.204806126979
86.125    0.231630161314
86.25    0.215591238715
86.375    0.214925262691
86.5    0.190987124464
86.625    0.212279857925
86.75    0.203899659612
86.875    0.224285925707
87.0    0.209689951162
87.125    0.211003403877
87.25    0.203011691579
87.375    0.205786591683
87.5    0.214610774012
87.625    0.219716590203
87.75    0.21124389522
87.875    0.191912091165
88.0    0.197480390706
88.125    0.203455675596
88.25    0.200162794139
88.375    0.200162794139
88.5    0.234201568744
88.625    0.234201568744
88.75    0.233424596715
88.875    0.229835725914
89.0    0.201180257511
89.125    0.222657984313
89.25    0.212372354595
89.375    0.190376646441
89.5    0.20991194317
89.625    0.210078437176
89.75    0.196536924671
89.875    0.200292289478
90.0    0.201975728874
90.125    0.202808198905
90.25    0.195944945982
90.375    0.197295397366
90.5    0.204195648957
90.625    0.193984016575
90.75    0.198645848749
90.875    0.200495782152
91.0    0.211576883232
91.125    0.203899659612
91.25    0.196296433328
91.375    0.215683735386
91.5    0.194594494598
91.625    0.189285185733
91.75    0.192652064526
91.875    0.189396181737
92.0    0.214925262691
92.125    0.210226431848
92.25    0.210226431848
92.375    0.209671451828
92.5    0.197517389374
92.625    0.196592422673
92.75    0.203603670268
92.875    0.215461743377
93.0    0.203640668936
93.125    0.203141186917
93.25    0.20365916827
93.375    0.202752700903
93.5    0.21740417345
93.625    0.212316856593
93.75    0.197461891372
93.875    0.194483498594
94.0    0.202197720882
94.125    0.202197720882
94.25    0.201087760841
94.375    0.184271866213
94.5    0.198405357407
94.625    0.198109368063
94.75    0.198109368063
94.875    0.198534852745
95.0    0.216867692763
95.125    0.205120615658
95.25    0.200051798135
95.375    0.195001479947
95.5    0.201642740861
95.625    0.201642740861
95.75    0.197350895368
95.875    0.192781559864
96.0    0.208727985793
96.125    0.207951013764
96.25    0.208376498446
96.375    0.212594346604
96.5    0.204251146959
96.625    0.205990084357
96.75    0.204491638301
96.875    0.205990084357
97.0    0.204399141631
97.125    0.201550244191
97.25    0.204288145627
97.375    0.198016871393
97.5    0.200273790144
97.625    0.198682847417
97.75    0.202937694243
97.875    0.215831730058
98.0    0.199311824774
98.125    0.201106260175
98.25    0.199237827438
98.375    0.199681811455
98.5    0.18954417641
98.625    0.20241971289
98.75    0.202438212224
98.875    0.202641704899
99.0    0.197905875388
99.125    0.200477282818
99.25    0.199459819446
99.375    0.216627201421
99.5    0.210781411869
99.625    0.210781411869
99.75    0.191098120468
99.875    0.203973656948
100.0    0.213260322628
100.125    0.213371318633
100.25    0.212446351931
100.375    0.200051798135
100.5    0.200162794139
100.625    0.208376498446
100.75    0.202734201569
100.875    0.203252182921
101.0    0.207248039071
101.125    0.209097972473
101.25    0.209023975137
101.375    0.210226431848
101.5    0.199607814119
101.625    0.199607814119
101.75    0.200662276158
101.875    0.200662276158
102.0    0.241286813675
102.125    0.224933402398
102.25    0.225062897736
102.375    0.224674411721
102.5    0.18848971437
102.625    0.202012727542
102.75    0.2017722362
102.875    0.202401213556
103.0    0.193077549208
103.125    0.197535888708
103.25    0.195833949978
103.375    0.197165902028
103.5    0.212446351931
103.625    0.208838981797
103.75    0.200699274826
103.875    0.203067189581
104.0    0.210984904543
104.125    0.214000295989
104.25    0.21418528933
104.375    0.196888412017
104.5    0.199700310789
104.625    0.202012727542
104.75    0.200643776824
104.875    0.2035666716
105.0    0.204787627645
105.125    0.188896699719
105.25    0.192707562528
105.375    0.19115361847
105.5    0.20034778748
105.625    0.195093976617
105.75    0.200236791476
105.875    0.200958265502
106.0    0.198793843422
106.125    0.198257362735
106.25    0.198608850081
106.375    0.195204972621
106.5    0.187176261655
106.625    0.182181441468
106.75    0.19598194465
106.875    0.19598194465
107.0    0.196610922007
107.125    0.197387894036
107.25    0.198331360071
107.375    0.198386858073
107.5    0.201235755513
107.625    0.201642740861
107.75    0.20186473287
107.875    0.20204972621
108.0    0.189932662424
108.125    0.1901916531
108.25    0.191375610478
108.375    0.191375610478
108.5    0.197942874057
108.625    0.198516353411
108.75    0.193780523901
108.875    0.219531596863
109.0    0.199089832766
109.125    0.205361107
109.25    0.202697202901
109.375    0.200643776824
109.5    0.206674559716
109.625    0.206323072369
109.75    0.197757880716
109.875    0.199089832766
110.0    0.202438212224
110.125    0.203122687583
110.25    0.201420748853
110.375    0.203159686251
110.5    0.189803167086
110.625    0.189470179074
110.75    0.185381826254
110.875    0.201901731538
111.0    0.222657984313
111.125    0.205398105668
111.25    0.230816190617
111.375    0.20706304573
111.5    0.19883084209
111.625    0.201254254847
111.75    0.203215184253
111.875    0.200514281486
112.0    0.204251146959
112.125    0.204750628977
112.25    0.204621133639
112.375    0.205694095013
112.5    0.219698090869
112.625    0.220142074885
112.75    0.198682847417
112.875    0.197443392038
113.0    0.19579695131
113.125    0.180072517389
113.25    0.176890631937
113.375    0.186935770312
113.5    0.207544028415
113.625    0.203252182921
113.75    0.208006511766
113.875    0.199607814119
114.0    0.197517389374
114.125    0.197091904691
114.25    0.196518425337
114.375    0.20251220956
114.5    0.198719846086
114.625    0.217034186769
114.75    0.230779191949
114.875    0.222861476987
115.0    0.21142888856
115.125    0.207766020423
115.25    0.200773272162
115.375    0.218310640817
115.5    0.201420748853
115.625    0.206230575699
115.75    0.206230575699
115.875    0.206286073701
116.0    0.207599526417
116.125    0.207951013764
116.25    0.208857481131
116.375    0.209134971141
116.5    0.187805239011
116.625    0.204621133639
116.75    0.195019979281
116.875    0.19115361847
117.0    0.198775344088
117.125    0.203918158946
117.25    0.198312860737
117.375    0.199071333432
117.5    0.200088796803
117.625    0.200088796803
117.75    0.200551280154
117.875    0.201309752849
118.0    0.203492674264
118.125    0.19570445464
118.25    0.190728133787
118.375    0.193207044546
118.5    0.219624093533
118.625    0.218255142815
118.75    0.218754624833
118.875    0.202438212224
119.0    0.197128903359
119.125    0.193780523901
119.25    0.198053870061
119.375    0.196721918011
120.0    0.19588944798
120.125    0.196222435992
120.25    0.196185437324
120.375    0.196555424005
120.5    0.200976764836
120.625    0.201180257511
120.75    0.198997336096
120.875    0.202863696907
121.0    0.206915051058
121.125    0.194113511914
121.25    0.190654136451
121.375    0.193003551872
121.5    0.199589314785
121.625    0.20053278082
121.75    0.200588278822
121.875    0.201735237531
122.0    0.203141186917
122.125    0.202567707563
122.25    0.202567707563
122.375    0.202697202901
122.5    0.198867840758
122.625    0.198997336096
122.75    0.201439248187
122.875    0.200569779488
123.0    0.210503921859
123.125    0.206711558384
123.25    0.211003403877
123.375    0.211687879236
123.5    0.194206008584
123.625    0.201254254847
123.75    0.198590350747
123.875    0.199996300133
124.0    0.204769128311
124.125    0.204750628977
124.25    0.200773272162
124.375    0.212298357259
124.5    0.181348971437
124.625    0.182477430812
124.75    0.190820630457
124.875    0.190321148439
125.0    0.206822554388
125.125    0.189414681071
125.25    0.207507029747
125.375    0.209097972473
125.5    0.202382714222
125.625    0.203363178926
125.75    0.194261506586
125.875    0.195833949978
126.0    0.20044028415
126.125    0.199589314785
126.25    0.199792807459
126.375    0.200495782152
126.5    0.198775344088
126.625    0.199052834098
126.75    0.199552316117
126.875    0.208136007104
127.0    0.193429036555
127.125    0.197628385378
127.25    0.175910167234
127.375    0.182088944798
127.5    0.191671599822
127.625    0.197461891372
127.75    0.202012727542
127.875    0.202253218884
128.0    0.210133935178
128.125    0.206452567708
128.25    0.211410389226
128.375    0.212205860589
128.5    0.216368210744
128.625    0.212964333284
128.75    0.211632381234
128.875    0.213648808643
129.0    0.199367322776
129.125    0.200070297469
129.25    0.200736273494
129.375    0.201679739529
129.5    0.181404469439
129.625    0.179314044694
129.75    0.17713112328
129.875    0.196388929999
130.0    0.209856445168
130.125    0.209856445168
130.25    0.210429924523
130.375    0.20706304573
130.5    0.181422968773
130.625    0.181330472103
130.75    0.203696166938
130.875    0.199219328104
131.0    0.199348823442
131.125    0.199459819446
131.25    0.199663312121
131.375    0.197794879384
131.5    0.208709486458
131.625    0.214092792659
131.75    0.209042474471
131.875    0.20526861033
132.0    0.204621133639
132.125    0.212372354595
132.25    0.213389817967
132.375    0.184401361551
132.5    0.168917418973
132.625    0.168917418973
132.75    0.181700458783
132.875    0.182218440136
133.0    0.207248039071
133.125    0.202623205565
133.25    0.202660204233
133.375    0.203270682255
133.5    0.199922302797
133.625    0.209800947166
133.75    0.210762912535
133.875    0.202900695575
134.0    0.186029302945
134.125    0.185640816931
134.25    0.194760988604
134.375    0.194760988604
134.5    0.183087908835
134.625    0.179628533373
134.75    0.209671451828
134.875    0.209393961817
135.0    0.1946499926
135.125    0.199052834098
135.25    0.199052834098
135.375    0.169176409649
135.5    0.206841053722
135.625    0.207359035075
135.75    0.212150362587
135.875    0.207599526417
136.0    0.205860589019
136.125    0.201642740861
136.25    0.201642740861
136.375    0.201143258843
136.5    0.198275862069
136.625    0.193540032559
136.75    0.205046618322
136.875    0.196832914015
137.0    0.197887376054
137.125    0.198146366731
137.25    0.18071999408
137.375    0.194428000592
137.5    0.205934586355
137.625    0.206008583691
137.75    0.206008583691
137.875    0.206619061714
138.0    0.19579695131
138.125    0.187453751665
138.25    0.200329288146
138.375    0.183550392186
138.5    0.178666568004
138.625    0.183531892852
138.75    0.198590350747
138.875    0.188323220364
139.0    0.190247151103
139.125    0.199681811455
139.25    0.178037590647
139.375    0.187564747669
139.5    0.199163830102
139.625    0.195852449312
139.75    0.199792807459
139.875    0.199774308125
140.0    0.205860589019
140.125    0.20526861033
140.25    0.184253366879
140.375    0.188138227024
140.5    0.185048838242
140.625    0.184937842238
140.75    0.198645848749
140.875    0.198645848749
141.0    0.199459819446
141.125    0.195482462631
141.25    0.186898771644
141.375    0.186436288294
141.5    0.198701346752
141.625    0.19929332544
141.75    0.199848305461
141.875    0.200865768832
142.0    0.197609886044
142.125    0.197276898032
142.25    0.197276898032
142.375    0.197258398698
142.5    0.199163830102
142.625    0.199515317449
142.75    0.199515317449
142.875    0.199182329436
143.0    0.203418676928
143.125    0.202900695575
143.25    0.19115361847
143.375    0.209597454492
143.5    0.187453751665
143.625    0.179647032707
143.75    0.201291253515
143.875    0.201587242859
144.0    0.21170637857
144.125    0.193762024567
144.25    0.194150510582
144.375    0.209800947166
144.5    0.221548024271
144.625    0.202253218884
144.75    0.202826698239
144.875    0.202530708894
145.0    0.195482462631
145.125    0.194391001924
145.25    0.18848971437
145.375    0.186047802279
145.5    0.211114399882
145.625    0.203492674264
145.75    0.199959301465
145.875    0.200828770164
146.0    0.182828918159
146.125    0.187398253663
146.25    0.213297321296
146.375    0.200921266834
146.5    0.180608998076
146.625    0.180294509398
146.75    0.19322554388
146.875    0.196148438656
147.0    0.200680775492
147.125    0.201217256179
147.25    0.202197720882
147.375    0.201235755513
147.5    0.169527896996
147.625    0.170767352375
147.75    0.179036554684
147.875    0.209763948498
148.0    0.197942874057
148.125    0.208561491786
148.25    0.202678703567
148.375    0.2017722362
148.5    0.186047802279
148.625    0.185696314933
148.75    0.185511321592
148.875    0.203104188249
149.0    0.20384416161
149.125    0.203326180258
149.25    0.211909871245
149.375    0.207137043066
149.5    0.202401213556
149.625    0.2035666716
149.75    0.182107444132
149.875    0.193725025899
150.0    0.18954417641
150.125    0.194002515909
150.25    0.188822702383
150.375    0.1928555572
150.5    0.203252182921
150.625    0.203640668936
150.75    0.202438212224
150.875    0.191597602486
151.0    0.199163830102
151.125    0.210614917863
151.25    0.208228503774
151.375    0.206748557052
151.5    0.203548172266
151.625    0.190339647773
151.75    0.188064229688
151.875    0.190820630457
152.0    0.200218292141
152.125    0.200366286814
152.25    0.208857481131
152.375    0.196814414681
152.5    0.208357999112
152.625    0.20678555572
152.75    0.185326328252
152.875    0.185659316265
153.0    0.192097084505
153.125    0.189396181737
153.25    0.190598638449
153.375    0.184216368211
153.5    0.189044694391
153.625    0.189044694391
153.75    0.189044694391
153.875    0.193947017907
154.0    0.209504957822
154.125    0.208764984461
154.25    0.212779339944
154.375    0.200588278822
154.5    0.1848083469
154.625    0.201975728874
154.75    0.20241971289
154.875    0.202031226876
155.0    0.19873834542
155.125    0.195389965961
155.25    0.195500961965
155.375    0.197850377386
155.5    0.17607666124
155.625    0.177038626609
155.75    0.177242119284
155.875    0.191190617138
156.0    0.193651028563
156.125    0.193836021903
156.25    0.19428000592
156.375    0.19428000592
156.5    0.20554610034
156.625    0.205342607666
156.75    0.196462927335
156.875    0.196684919343
157.0    0.187268758325
157.125    0.188933698387
157.25    0.189285185733
157.375    0.189581175078
157.5    0.199089832766
157.625    0.197387894036
157.75    0.195315968625
157.875    0.195722953974
158.0    0.189988160426
158.125    0.189895663756
158.25    0.190691135119
158.375    0.19000665976
158.5    0.194409501258
158.625    0.210577919195
158.75    0.198479354743
158.875    0.19929332544
159.0    0.18651028563
159.125    0.192282077845
159.25    0.191967589167
159.375    0.18848971437
159.5    0.196462927335
159.625    0.214795767352
159.75    0.208820482463
159.875    0.186491786296
160.0    0.180498002072
160.125    0.181829954122
160.25    0.183716886192
160.375    0.182828918159
160.5    0.19873834542
160.625    0.199570815451
160.75    0.195445463963
160.875    0.194261506586
161.0    0.185677815599
161.125    0.184068373539
161.25    0.19740639337
161.375    0.192633565192
161.5    0.177464111292
161.625    0.18678777564
161.75    0.211169897884
161.875    0.19000665976
162.0    0.190913127127
162.125    0.186306792955
162.25    0.170156874353
162.375    0.19276306053
162.5    0.200939766168
162.625    0.197202900696
162.75    0.196388929999
162.875    0.193854521237
163.0    0.195056977949
163.125    0.19474248927
163.25    0.195056977949
163.375    0.193336539885
163.5    0.172376794435
163.625    0.171932810419
163.75    0.194132011248
163.875    0.210633417197
164.0    0.182347935474
164.125    0.191486606482
164.25    0.186639780968
164.375    0.186824774308
164.5    0.187250258991
164.625    0.186806274974
164.75    0.18688027231
164.875    0.191986088501
165.0    0.186528784964
165.125    0.174041734498
165.25    0.178333579991
165.375    0.195722953974
165.5    0.206471067042
165.625    0.193281041882
165.75    0.193595530561
165.875    0.193170045878
166.0    0.189562675744
166.125    0.18982166642
166.25    0.193669527897
166.375    0.19455749593
166.5    0.194594494598
166.625    0.195241971289
166.75    0.199866804795
166.875    0.201420748853
167.0    0.196629421341
167.125    0.193077549208
167.25    0.194002515909
167.375    0.181737457452
167.5    0.181367470771
167.625    0.17901805535
167.75    0.168787923635
167.875    0.199330324108
168.0    0.188878200385
168.125    0.187990232352
168.25    0.18821222436
168.375    0.194446499926
168.5    0.198146366731
168.625    0.193725025899
168.75    0.194686991268
168.875    0.191024123132
169.0    0.19276306053
169.125    0.191801095161
169.25    0.193447535889
169.375    0.193984016575
169.5    0.174911203197
169.625    0.191394109812
169.75    0.182847417493
169.875    0.181644960781
170.0    0.197202900696
170.125    0.172228799763
170.25    0.17750110996
170.375    0.198257362735
170.5    0.194631493266
170.625    0.177797099304
170.75    0.195260470623
170.875    0.188730205713
171.0    0.196370430665
171.125    0.197184401362
171.25    0.171840313749
171.375    0.19749889004
171.5    0.198349859405
171.625    0.209782447832
171.75    0.205157614326
171.875    0.205472103004
172.0    0.185122835578
172.125    0.198867840758
172.25    0.198294361403
172.375    0.21285333728
172.5    0.181996448128
172.625    0.183975876868
172.75    0.179869024715
172.875    0.179980020719
173.0    0.187416752997
173.125    0.204917122984
173.25    0.191264614474
173.375    0.188711706379
173.5    0.184271866213
173.625    0.181496966109
173.75    0.183698386858
173.875    0.186473286962
174.0    0.19009915643
174.125    0.213149326624
174.25    0.217570667456
174.375    0.209079473139
174.5    0.182810418825
174.625    0.184160870209
174.75    0.184290365547
174.875    0.184734349563
175.0    0.180035518721
175.125    0.189303685067
175.25    0.189303685067
175.375    0.189026195057
175.5    0.188563711706
175.625    0.206138079029
175.75    0.208931478467
175.875    0.19598194465
176.0    0.212520349267
176.125    0.209060973805
176.25    0.188822702383
176.375    0.210929406541
176.5    0.203011691579
176.625    0.202697202901
176.75    0.184752848897
176.875    0.196684919343
177.0    0.187694243007
177.125    0.189618173746
177.25    0.182754920823
177.375    0.21285333728
177.5    0.18347639485
177.625    0.182532928815
177.75    0.198756844754
177.875    0.213297321296
178.0    0.193928518573
178.125    0.196536924671
178.25    0.195223471955
178.375    0.194779487938
178.5    0.189766168418
178.625    0.190709634453
178.75    0.199570815451
178.875    0.221770016279
179.0    0.199311824774
179.125    0.202697202901
179.25    0.218329140151
179.375    0.206526565044
180.0    0.208653988456
180.125    0.207340535741
180.25    0.208746485127
180.375    0.195315968625
180.5    0.216830694095
180.625    0.209079473139
180.75    0.210374426521
180.875    0.210170933846
181.0    0.23331360071
181.125    0.237549948202
181.25    0.216090720734
181.375    0.203548172266
181.5    0.185585318929
181.625    0.186084800947
181.75    0.211632381234
181.875    0.208709486458
182.0    0.200884268166
182.125    0.205472103004
182.25    0.224008435696
182.375    0.221529524937
182.5    0.201198756845
182.625    0.202012727542
182.75    0.213778303981
182.875    0.214055793991
183.0    0.194723989936
183.125    0.206841053722
183.25    0.206952049726
183.375    0.216016723398
183.5    0.213704306645
183.625    0.214906763357
183.75    0.214721770016
183.875    0.193466035223
184.0    0.210744413201
184.125    0.197535888708
184.25    0.191098120468
184.375    0.193410537221
184.5    0.210355927187
184.625    0.219087612846
184.75    0.214314784668
184.875    0.214351783336
185.0    0.231482166642
185.125    0.222343495634
185.25    0.228540772532
185.375    0.228781263874
185.5    0.204158650289
185.625    0.205361107
185.75    0.209375462483
185.875    0.214074293325
186.0    0.21777416013
186.125    0.192097084505
186.25    0.201032262839
186.375    0.201032262839
186.5    0.20641556904
186.625    0.207562527749
186.75    0.208616989788
186.875    0.209282965813
187.0    0.216793695427
187.125    0.22981722658
187.25    0.230076217256
187.375    0.225765872429
187.5    0.220456563564
187.625    0.222269498298
187.75    0.222269498298
187.875    0.230668195945
188.0    0.204066153618
188.125    0.202031226876
188.25    0.211003403877
188.375    0.212649844606
188.5    0.220974544916
188.625    0.221104040255
188.75    0.22195500962
188.875    0.209560455824
189.0    0.214980760693
189.125    0.231741157318
189.25    0.220123575551
189.375    0.219901583543
189.5    0.205823590351
189.625    0.207858517093
189.75    0.204269646293
189.875    0.205065117656
190.0    0.213149326624
190.125    0.213500813971
190.25    0.213075329288
190.375    0.224415421045
190.5    0.23786443688
190.625    0.234164570075
190.75    0.23597750481
190.875    0.214018795323
191.0    0.200329288146
191.125    0.222676483647
191.25    0.222676483647
191.375    0.214055793991
191.5    0.224082433032
191.625    0.223767944354
191.75    0.223379458339
191.875    0.222454491638
192.0    0.218958117508
192.125    0.220179073553
192.25    0.221326032263
192.375    0.201254254847
192.5    0.223786443688
192.625    0.221122539589
192.75    0.221122539589
192.875    0.220512061566
193.0    0.254698830842
193.125    0.231926150659
193.25    0.233276602042
193.375    0.225395885748
193.5    0.225025899068
193.625    0.242896255735
193.75    0.241897291697
193.875    0.234719550096
194.0    0.224063933698
194.125    0.217052686103
194.25    0.242803759065
194.375    0.217293177446
194.5    0.215646736717
194.625    0.2160722214
194.75    0.21588722806
194.875    0.217126683439
195.0    0.21303833062
195.125    0.213759804647
195.25    0.193965517241
195.375    0.195260470623
195.5    0.230446203937
195.625    0.227430812491
195.75    0.213556311973
195.875    0.213167825958
196.0    0.22195500962
196.125    0.2223249963
196.25    0.213759804647
196.375    0.213815302649
196.5    0.218477134823
196.625    0.227393813823
196.75    0.219235607518
196.875    0.23804943022
197.0    0.194890483943
197.125    0.21303833062
197.25    0.212594346604
197.375    0.214111291993
197.5    0.228947757881
197.625    0.229373242563
197.75    0.228004291845
197.875    0.228873760545
198.0    0.232000147995
198.125    0.249519017315
198.25    0.249075033299
198.375    0.240028858961
198.5    0.224489418381
198.625    0.220567559568
198.75    0.225839869765
198.875    0.226283853781
199.0    0.228429776528
199.125    0.22972472991
199.25    0.228966257215
199.375    0.212150362587
199.5    0.219568595531
199.625    0.216035222732
199.75    0.209430960485
199.875    0.209060973805
200.0    0.21115139855
200.125    0.219772088205
200.25    0.228318780524
200.375    0.220086576883
200.5    0.231537664644
200.625    0.211095900548
200.75    0.215332248039
200.875    0.176502145923
201.0    0.210910907207
201.125    0.212353855261
201.25    0.213482314637
201.375    0.231056681959
201.5    0.201698238863
201.625    0.201994228208
201.75    0.21105890188
201.875    0.210263430517
202.0    0.213112327956
202.125    0.211280893888
202.25    0.206674559716
202.375    0.20347417493
202.5    0.200847269498
202.625    0.230853189285
202.75    0.231667159982
202.875    0.221844013616
203.0    0.204695130975
203.125    0.228873760545
203.25    0.225210892408
203.375    0.224674411721
203.5    0.23492304277
203.625    0.229835725914
203.75    0.209948941838
203.875    0.211447387894
204.0    0.195852449312
204.125    0.200144294805
204.25    0.194779487938
204.375    0.194760988604
204.5    0.200384786148
204.625    0.200384786148
204.75    0.201938730206
204.875    0.201143258843
205.0    0.194354003256
205.125    0.190062157762
205.25    0.194631493266
205.375    0.190635637117
205.5    0.195149474619
205.625    0.207118543732
205.75    0.212076365251
205.875    0.225210892408
206.0    0.198294361403
206.125    0.198701346752
206.25    0.198109368063
206.375    0.211743377238
206.5    0.1946499926
206.625    0.196425928667
206.75    0.198867840758
206.875    0.199089832766
207.0    0.206101080361
207.125    0.206101080361
207.25    0.206138079029
207.375    0.207525529081
207.5    0.210152434512
207.625    0.189562675744
207.75    0.198146366731
207.875    0.198701346752
208.0    0.197942874057
208.125    0.196444428001
208.25    0.196370430665
208.375    0.210392925855
208.5    0.210818410537
208.625    0.211188397218
208.75    0.212057865917
208.875    0.21276084061
209.0    0.220567559568
209.125    0.217903655468
209.25    0.196758916679
209.375    0.196462927335
209.5    0.20232721622
209.625    0.208690987124
209.75    0.202623205565
209.875    0.203455675596
210.0    0.196869912683
210.125    0.195260470623
210.25    0.183198904839
210.375    0.181792955454
210.5    0.204454639633
210.625    0.200181293473
210.75    0.20338167826
210.875    0.209338463815
211.0    0.185788811603
211.125    0.197202900696
211.25    0.205120615658
211.375    0.17759360663
211.5    0.184567855557
211.625    0.188526713038
211.75    0.18490084357
211.875    0.186195796951
212.0    0.188989196389
212.125    0.189081693059
212.25    0.184789847565
212.375    0.185067337576
212.5    0.191819594495
212.625    0.175651176558
212.75    0.181644960781
212.875    0.201568743525
213.0    0.19561195797
213.125    0.18338389818
213.25    0.183920378866
213.375    0.200995264171
213.5    0.200976764836
213.625    0.198904839426
213.75    0.201753736865
213.875    0.189081693059
214.0    0.190117655764
214.125    0.182791919491
214.25    0.183346899512
214.375    0.181089980761
214.5    0.18242193281
214.625    0.174929702531
214.75    0.170212372355
214.875    0.1732277638
215.0    0.183698386858
215.125    0.184031374871
215.25    0.17561417789
215.375    0.19635193133
215.5    0.202345715554
215.625    0.200847269498
215.75    0.186547284298
215.875    0.200088796803
216.0    0.199996300133
216.125    0.200551280154
216.25    0.199663312121
216.375    0.19313304721
216.5    0.174781707859
216.625    0.193077549208
216.75    0.188859701051
216.875    0.184549356223
217.0    0.189599674412
217.125    0.192541068522
217.25    0.176317152583
217.375    0.172931774456
217.5    0.18242193281
217.625    0.183513393518
217.75    0.18242193281
217.875    0.170841349711
218.0    0.1883972177
218.125    0.199774308125
218.25    0.20044028415
218.375    0.210688915199
218.5    0.201050762173
218.625    0.200144294805
218.75    0.211946869913
218.875    0.19892333876
219.0    0.178851561344
219.125    0.192448571851
219.25    0.204251146959
219.375    0.184253366879
219.5    0.175299689211
219.625    0.205934586355
219.75    0.180645996744
219.875    0.172265798431
220.0    0.184290365547
220.125    0.20241971289
220.25    0.189932662424
220.375    0.186121799615
220.5    0.189932662424
220.625    0.189007695723
220.75    0.200292289478
220.875    0.186750776972
221.0    0.189414681071
221.125    0.188545212372
221.25    0.188452715702
221.375    0.189044694391
221.5    0.180756992748
221.625    0.182384934142
221.75    0.180387006068
221.875    0.1589277786
222.0    0.19873834542
222.125    0.199792807459
222.25    0.181145478763
222.375    0.205361107
222.5    0.197850377386
222.625    0.189895663756
222.75    0.190265650437
222.875    0.188767204381
223.0    0.200162794139
223.125    0.200551280154
223.25    0.183402397514
223.375    0.184401361551
223.5    0.199441320112
223.625    0.186565783632
223.75    0.187157762321
223.875    0.191579103152
224.0    0.184734349563
224.125    0.185159834246
224.25    0.180867988752
224.375    0.176927630605
224.5    0.182033446796
224.625    0.182162942134
224.75    0.182680923487
224.875    0.182847417493
225.0    0.189599674412
225.125    0.184160870209
225.25    0.184290365547
225.375    0.187879236347
225.5    0.197535888708
225.625    0.199052834098
225.75    0.190080657096
225.875    0.181848453456
226.0    0.209430960485
226.125    0.204935622318
226.25    0.1883972177
226.375    0.186010803611
226.5    0.18517833358
226.625    0.184290365547
226.75    0.18697276898
226.875    0.190765132455
227.0    0.177168121948
227.125    0.174707710522
227.25    0.175558679888
227.375    0.176187657244
227.5    0.178463075329
227.625    0.178444575995
227.75    0.178870060678
227.875    0.179554536037
228.0    0.20857999112
228.125    0.209449459819
228.25    0.175743673228
228.375    0.192874056534
228.5    0.187305756993
228.625    0.187305756993
228.75    0.187842237679
228.875    0.187564747669
229.0    0.200218292141
229.125    0.170989344384
229.25    0.174855705195
229.375    0.175928666568
229.5    0.187768240343
229.625    0.185326328252
229.75    0.186380790292
229.875    0.199256326772
230.0    0.16991638301
230.125    0.18338389818
230.25    0.184123871541
230.375    0.184123871541
230.5    0.180128015391
230.625    0.180294509398
230.75    0.179517537369
230.875    0.179684031375
231.0    0.184160870209
231.125    0.184327364215
231.25    0.184678851561
231.375    0.184456859553
231.5    0.179240047358
231.625    0.180146514725
231.75    0.179554536037
231.875    0.184364362883
232.0    0.176002663904
232.125    0.176354151251
232.25    0.175558679888
232.375    0.175207192541
232.5    0.180313008732
232.625    0.17929554536
232.75    0.179906023383
232.875    0.180072517389
233.0    0.187490750333
233.125    0.187786739677
233.25    0.18954417641
233.375    0.189969661092
233.5    0.174837205861
233.625    0.179684031375
233.75    0.178759064674
233.875    0.178777564008
234.0    0.184882344236
234.125    0.185196832914
234.25    0.183531892852
234.375    0.185899807607
234.5    0.190173153766
234.625    0.190839129791
234.75    0.178204084653
234.875    0.188804203049
235.0    0.185141334912
235.125    0.197850377386
235.25    0.172395293769
235.375    0.177926594643
235.5    0.182014947462
235.625    0.183069409501
235.75    0.201605742193
235.875    0.190358147107
236.0    0.185733313601
236.125    0.18384638153
236.25    0.184438360219
236.375    0.178333579991
236.5    0.175188693207
236.625    0.175947165902
236.75    0.18071999408
236.875    0.176428148587
237.0    0.165532040847
237.125    0.161369690691
237.25    0.161277194021
237.375    0.178481574663
237.5    0.190968625129
237.625    0.176021163238
237.75    0.189007695723
237.875    0.178148586651
238.0    0.189673671748
238.125    0.189673671748
238.25    0.185529820926
238.375    0.187953233684
238.5    0.164792067486
238.625    0.171655320408
238.75    0.178759064674
238.875    0.165735533521
239.0    0.178944058014
239.125    0.174800207193
239.25    0.174800207193
239.375    0.174726209856
240.0    0.177482610626
240.125    0.190358147107
240.25    0.174115731834
240.375    0.184882344236
240.5    0.184401361551
240.625    0.184401361551
240.75    0.184734349563
240.875    0.184937842238
241.0    0.186750776972
241.125    0.186898771644
241.25    0.186621281634
241.375    0.187157762321
241.5    0.1946499926
241.625    0.182292437472
241.75    0.181515465443
241.875    0.173357259139
242.0    0.190561639781
242.125    0.172617285778
242.25    0.182107444132
242.375    0.181126979429
242.5    0.175836169898
242.625    0.175170193873
242.75    0.172432292437
242.875    0.175965665236
243.0    0.18641778896
243.125    0.18641778896
243.25    0.173357259139
243.375    0.186954269646
243.5    0.183235903507
243.625    0.183235903507
243.75    0.178981056682
243.875    0.179369542696
244.0    0.167289477579
244.125    0.197332396034
244.25    0.186177297617
244.375    0.187268758325
244.5    0.187583247003
244.625    0.187712742341
244.75    0.187749741009
244.875    0.186343791624
245.0    0.179887524049
245.125    0.181034482759
245.25    0.181256474767
245.375    0.181848453456
245.5    0.181163978097
245.625    0.185603818263
245.75    0.185603818263
245.875    0.181700458783
246.0    0.177464111292
246.125    0.177464111292
246.25    0.189951161758
246.375    0.187324256327
246.5    0.17455971585
246.625    0.196018943318
246.75    0.196037442652
246.875    0.166586502886
247.0    0.20393665828
247.125    0.191782595827
247.25    0.191912091165
247.375    0.191967589167
247.5    0.18545582359
247.625    0.181071481427
247.75    0.182958413497
247.875    0.178666568004
248.0    0.185196832914
248.125    0.183901879532
248.25    0.183217404173
248.375    0.184493858221
248.5    0.178074589315
248.625    0.178574071333
248.75    0.17892555868
248.875    0.191801095161
249.0    0.184234867545
249.125    0.185048838242
249.25    0.184456859553
249.375    0.185437324256
249.5    0.182477430812
249.625    0.182199940802
249.75    0.182199940802
249.875    0.182625425485
250.0    0.180590498742
250.125    0.180479502738
250.25    0.177741601302
250.375    0.180849489418
250.5    0.181570963445
250.625    0.179795027379
250.75    0.186806274974
250.875    0.186917270978
251.0    0.182532928815
251.125    0.187046766316
251.25    0.182754920823
251.375    0.182754920823
251.5    0.181644960781
251.625    0.181404469439
251.75    0.181404469439
251.875    0.182033446796
252.0    0.193244043214
252.125    0.193244043214
252.25    0.184956341572
252.375    0.184956341572
252.5    0.17731611662
252.625    0.17731611662
252.75    0.17731611662
252.875    0.177186621282
253.0    0.18205194613
253.125    0.18205194613
253.25    0.182218440136
253.375    0.185696314933
253.5    0.189248187065
253.625    0.189248187065
253.75    0.187028266982
253.875    0.187453751665
254.0    0.1928555572
254.125    0.188452715702
254.25    0.1848083469
254.375    0.1848083469
254.5    0.186824774308
254.625    0.187213260323
254.75    0.189877164422
254.875    0.176594642593
255.0    0.182366434808
255.125    0.18338389818
255.25    0.183328400178
255.375    0.183328400178
255.5    0.182717922155
255.625    0.18375388486
255.75    0.18375388486
255.875    0.183143406837
256.0    0.178777564008
256.125    0.183420896848
256.25    0.176150658576
256.375    0.177519609294
256.5    0.179832026047
256.625    0.179721030043
256.75    0.166845493562
256.875    0.169342903655
257.0    0.183716886192
257.125    0.178759064674
257.25    0.179351043362
257.375    0.196740417345
257.5    0.185733313601
257.625    0.185788811603
257.75    0.185788811603
257.875    0.185862808939
258.0    0.171007843718
258.125    0.171451827734
258.25    0.170748853041
258.375    0.170027379014
258.5    0.169435400326
258.625    0.169435400326
258.75    0.169435400326
258.875    0.168824922303
259.0    0.184382862217
259.125    0.183698386858
259.25    0.184530856889
259.375    0.192208080509
259.5    0.185122835578
259.625    0.189063193725
259.75    0.18991416309
259.875    0.190025159094
260.0    0.180424004736
260.125    0.180682995412
260.25    0.181515465443
260.375    0.182273938138
260.5    0.185733313601
260.625    0.181700458783
260.75    0.18232943614
260.875    0.180239011396
261.0    0.177445611958
261.125    0.177908095309
261.25    0.178870060678
261.375    0.178759064674
261.5    0.183883380198
261.625    0.185011839574
261.75    0.184678851561
261.875    0.167289477579
262.0    0.187361254995
262.125    0.18821222436
262.25    0.166863992896
262.375    0.178352079325
262.5    0.178666568004
262.625    0.178666568004
262.75    0.179147550688
262.875    0.178518573331
263.0    0.179536036703
263.125    0.162535148735
263.25    0.168010951606
263.375    0.185918306941
263.5    0.191819594495
263.625    0.166068521533
263.75    0.17115583839
263.875    0.17115583839
264.0    0.183735385526
264.125    0.184419860885
264.25    0.173486754477
264.375    0.173930738493
264.5    0.176428148587
264.625    0.185233831582
264.75    0.182125943466
264.875    0.182125943466
265.0    0.197979872725
265.125    0.185067337576
265.25    0.185141334912
265.375    0.18954417641
265.5    0.169435400326
265.625    0.170600858369
265.75    0.168528932958
265.875    0.168528932958
266.0    0.161295693355
266.125    0.166253514873
266.25    0.167400473583
266.375    0.164755068818
266.5    0.178981056682
266.625    0.170323368359
266.75    0.179406541365
266.875    0.180701494746
267.0    0.182606926151
267.125    0.182699422821
267.25    0.185104336244
267.375    0.184308864881
267.5    0.150418084949
267.625    0.150418084949
267.75    0.185048838242
267.875    0.180590498742
268.0    0.179647032707
268.125    0.179758028711
268.25    0.177982092645
268.375    0.179758028711
268.5    0.170563859701
268.625    0.17106334172
268.75    0.171858813083
268.875    0.172265798431
269.0    0.170193873021
269.125    0.18177445612
269.25    0.174337723842
269.375    0.174152730502
269.5    0.18062749741
269.625    0.180849489418
269.75    0.180756992748
269.875    0.180756992748
270.0    0.186917270978
270.125    0.187749741009
270.25    0.171081841054
270.375    0.171303833062
270.5    0.173838241823
270.625    0.173838241823
270.75    0.173838241823
270.875    0.173838241823
271.0    0.181145478763
271.125    0.181367470771
271.25    0.181367470771
271.375    0.181515465443
271.5    0.170915347048
271.625    0.171377830398
271.75    0.171377830398
271.875    0.171895811751
272.0    0.180997484091
272.125    0.180997484091
272.25    0.180997484091
272.375    0.181182477431
272.5    0.184956341572
272.625    0.167992452272
272.75    0.172913275122
272.875    0.189803167086
273.0    0.169028414977
273.125    0.17152582507
273.25    0.17152582507
273.375    0.188915199053
273.5    0.186084800947
273.625    0.186084800947
273.75    0.185844309605
273.875    0.185844309605
274.0    0.182458931478
274.125    0.169583394998
274.25    0.169583394998
274.375    0.169583394998
274.5    0.176798135267
274.625    0.176372650585
274.75    0.176372650585
274.875    0.176428148587
275.0    0.184549356223
275.125    0.184549356223
275.25    0.184826846234
275.375    0.185400325588
275.5    0.177741601302
275.625    0.177741601302
275.75    0.177649104632
275.875    0.177649104632
276.0    0.175225691875
276.125    0.175225691875
276.25    0.174078733166
276.375    0.175503181885
276.5    0.173653248483
276.625    0.174448719846
276.75    0.17418972917
276.875    0.17418972917
277.0    0.17607666124
277.125    0.176946129939
277.25    0.172432292437
277.375    0.176613141927
277.5    0.191172117804
277.625    0.178722066006
277.75    0.179462039367
277.875    0.17874056534
278.0    0.18356889152
278.125    0.170267870357
278.25    0.187694243007
278.375    0.187694243007
278.5    0.176576143259
278.625    0.177279117952
278.75    0.177538108628
278.875    0.17010137635
279.0    0.178444575995
279.125    0.178444575995
279.25    0.187028266982
279.375    0.186158798283
279.5    0.173893739825
279.625    0.173893739825
279.75    0.174041734498
279.875    0.174041734498
280.0    0.1776861033
280.125    0.1776861033
280.25    0.177112623946
280.375    0.177112623946
280.5    0.176539144591
280.625    0.176465147255
280.75    0.176280153914
280.875    0.15911277194
281.0    0.17874056534
281.125    0.179647032707
281.25    0.179647032707
281.375    0.17892555868
281.5    0.174615213852
281.625    0.17474470919
281.75    0.175096196537
281.875    0.16651250555
282.0    0.175355187213
282.125    0.175355187213
282.25    0.175355187213
282.375    0.179647032707
282.5    0.168195944946
282.625    0.168195944946
282.75    0.167307976913
282.875    0.181922450792
283.0    0.168880420305
283.125    0.168898919639
283.25    0.168898919639
283.375    0.168898919639
283.5    0.172210300429
283.625    0.173338759805
283.75    0.173061269794
283.875    0.173098268462
284.0    0.167751960929
284.125    0.165402545508
284.25    0.167751960929
284.375    0.167751960929
284.5    0.171118839722
284.625    0.171118839722
284.75    0.171118839722
284.875    0.171266834394
285.0    0.178093088649
285.125    0.177852597306
285.25    0.177852597306
285.375    0.177371614622
285.5    0.16481056682
285.625    0.164792067486
285.75    0.165014059494
285.875    0.161554684031
286.0    0.178407577327
286.125    0.178407577327
286.25    0.178407577327
286.375    0.177630605298
286.5    0.174670711854
286.625    0.172265798431
286.75    0.175410685215
286.875    0.175540180553
287.0    0.173190765132
287.125    0.173301761137
287.25    0.173616249815
287.375    0.173523753145
287.5    0.178537072665
287.625    0.178537072665
287.75    0.178537072665
287.875    0.178537072665
288.0    0.17777859997
288.125    0.17777859997
288.25    0.17777859997
288.375    0.17777859997
288.5    0.170267870357
288.625    0.170267870357
288.75    0.170267870357
288.875    0.169398401658
289.0    0.178870060678
289.125    0.178870060678
289.25    0.179036554684
289.375    0.179036554684
289.5    0.179573035371
289.625    0.179332544028
289.75    0.179332544028
289.875    0.179406541365
290.0    0.18186695279
290.125    0.18186695279
290.25    0.18186695279
290.375    0.180997484091
290.5    0.17892555868
290.625    0.170341867693
290.75    0.166050022199
290.875    0.166050022199
291.0    0.17000887968
291.125    0.170230871689
291.25    0.170230871689
291.375    0.170952345716
291.5    0.167881456268
291.625    0.170249371023
291.75    0.170249371023
291.875    0.170249371023
292.0    0.18025751073
292.125    0.18025751073
292.25    0.18025751073
292.375    0.175965665236
292.5    0.176132159242
292.625    0.176132159242
292.75    0.176132159242
292.875    0.17616915791
293.0    0.175817670564
293.125    0.175817670564
293.25    0.175817670564
293.375    0.175817670564
293.5    0.17579917123
293.625    0.17579917123
293.75    0.17579917123
293.875    0.17579917123
294.0    0.167973952938
294.125    0.167973952938
294.25    0.179795027379
294.375    0.18062749741
294.5    0.175947165902
294.625    0.175947165902
294.75    0.175947165902
294.875    0.175947165902
295.0    0.175595678556
295.125    0.177038626609
295.25    0.172746781116
295.375    0.146995708155
295.5    0.173394257807
295.625    0.173394257807
295.75    0.174726209856
295.875    0.174726209856
296.0    0.173912239159
296.125    0.174781707859
296.25    0.174781707859
296.375    0.174763208524
296.5    0.180923486754
296.625    0.180923486754
296.75    0.180923486754
296.875    0.180923486754
297.0    0.172284297765
297.125    0.172654284446
297.25    0.172839277786
297.375    0.173320260471
297.5    0.182347935474
297.625    0.182680923487
297.75    0.182699422821
297.875    0.182699422821
298.0    0.174541216516
298.125    0.174541216516
298.25    0.174541216516
298.375    0.166013023531
298.5    0.177612105964
298.625    0.177612105964
298.75    0.177612105964
298.875    0.169065413645
299.0    0.177797099304
299.125    0.177797099304
299.25    0.177797099304
299.375    0.177797099304
