0.0    0.13016487059
0.125    0.133112277793
0.25    0.133766233766
0.375    0.127641153173
0.5    0.142368978539
0.625    0.136603113199
0.75    0.120558165239
0.875    0.134484664272
1.0    0.121156857327
1.125    0.120245003224
1.25    0.133057013908
1.375    0.135147830893
1.5    0.126480611587
1.625    0.142525559547
1.75    0.123054250714
1.875    0.142940038685
2.0    0.129004329004
2.125    0.125881919499
2.25    0.125062171871
2.375    0.128709588284
2.5    0.136474164134
2.625    0.140490006447
2.75    0.109698811826
2.875    0.120880537902
3.0    0.122676614166
3.125    0.134070185134
3.25    0.129805655338
3.375    0.130358294188
3.5    0.135000460532
3.625    0.125688495901
3.75    0.137938657088
3.875    0.12928064843
4.0    0.130081974763
4.125    0.122602928986
4.25    0.125513493599
4.375    0.132357004697
4.5    0.129078014184
4.625    0.130837247859
4.75    0.129888551165
4.875    0.141337386018
5.0    0.1293911762
5.125    0.129851708575
5.25    0.141687390624
5.375    0.128359583679
5.5    0.127493782813
5.625    0.131353044119
5.75    0.124481901078
5.875    0.12395689417
6.0    0.125099014461
6.125    0.134171502257
6.25    0.131712259372
6.375    0.133103067146
6.5    0.126121396334
6.625    0.129188541955
6.75    0.129814865985
6.875    0.129455650732
7.0    0.131076724694
7.125    0.130809615916
7.25    0.131850419084
7.375    0.114184397163
7.5    0.129824076633
7.625    0.130339872893
7.75    0.123966104817
7.875    0.124306898775
8.0    0.134420189739
8.125    0.125955604679
8.25    0.125734549139
8.375    0.125504282951
8.5    0.123238463664
8.625    0.131592520954
8.75    0.134457032329
8.875    0.134493874919
9.0    0.123413465967
9.125    0.126701667127
9.25    0.120972644377
9.375    0.126922722667
9.5    0.134493874919
9.625    0.14070185134
9.75    0.140858432348
9.875    0.143354517823
10.0    0.13563599521
10.125    0.129824076633
10.25    0.133489914341
10.375    0.133222805563
10.5    0.131749101962
10.625    0.13208989592
10.75    0.131693838077
10.875    0.141558441558
11.0    0.129731970157
11.125    0.12928064843
11.25    0.129925393755
11.375    0.133839918946
11.5    0.136271529889
11.625    0.138168923275
11.75    0.129188541955
11.875    0.13811365939
12.0    0.126858248135
12.125    0.126627981947
12.25    0.139255779681
12.375    0.139909735654
12.5    0.122335820208
12.625    0.116864695588
12.75    0.13512019895
12.875    0.126296398637
13.0    0.131896472322
13.125    0.13227410887
13.25    0.13227410887
13.375    0.132928064843
13.5    0.136953117804
13.625    0.133001750023
13.75    0.139421571336
13.875    0.133268858801
14.0    0.125283227411
14.125    0.125246384821
14.25    0.122805563231
14.375    0.123570046974
14.5    0.123413465967
14.625    0.131712259372
14.75    0.132154370452
14.875    0.132882011605
15.0    0.125789813024
15.125    0.13009118541
15.25    0.12950170397
15.375    0.129041171594
15.5    0.130643824261
15.625    0.134143870314
15.75    0.132301740812
15.875    0.122621350281
16.0    0.129087224832
16.125    0.131159620521
16.25    0.130975407571
16.375    0.130606981671
16.5    0.119019987105
16.625    0.11593442019
16.75    0.127530625403
16.875    0.133517546284
17.0    0.126195081514
17.125    0.14643087409
17.25    0.131030671456
17.375    0.129262227135
17.5    0.113079119462
17.625    0.129630653035
17.75    0.130367504836
17.875    0.127935893893
18.0    0.135507046145
18.125    0.137864971908
18.25    0.128958275767
18.375    0.129741180805
18.5    0.130468821958
18.625    0.131021460809
18.75    0.130653034908
18.875    0.13016487059
19.0    0.126010868564
19.125    0.135064935065
19.25    0.125614810721
19.375    0.117794970986
19.5    0.124150317767
19.625    0.12439900525
19.75    0.12672929907
19.875    0.137680758957
20.0    0.128276687851
20.125    0.129022750299
20.25    0.131924104265
20.375    0.131574099659
20.5    0.137349175647
20.625    0.133176752326
20.75    0.132522796353
20.875    0.112526480612
21.0    0.130910933039
21.125    0.131039882104
21.25    0.14044395321
21.375    0.131168831169
21.5    0.124942433453
21.625    0.134724141107
21.75    0.13005434282
21.875    0.1293911762
22.0    0.132872800958
22.125    0.132485953763
22.25    0.120945012434
22.375    0.133103067146
22.5    0.131058303399
22.625    0.131389886709
22.75    0.128847747997
22.875    0.140830800405
23.0    0.130118817353
23.125    0.127622731878
23.25    0.130800405268
23.375    0.126526664825
23.5    0.128230634614
23.625    0.128525375334
23.75    0.129805655338
23.875    0.127742470296
24.0    0.126756931012
24.125    0.130081974763
24.25    0.129925393755
24.375    0.129999078935
24.5    0.14103343465
24.625    0.146762457401
24.75    0.1377083909
24.875    0.136464953486
25.0    0.131104356636
25.125    0.120152896749
25.25    0.132135949157
25.375    0.119848945381
25.5    0.134097817077
25.625    0.119766049553
25.75    0.120373952289
25.875    0.13482545823
26.0    0.128037211016
26.125    0.127199042093
26.25    0.126600350005
26.375    0.129096435479
26.5    0.131831997789
26.625    0.119563415308
26.75    0.128718798932
26.875    0.131997789445
27.0    0.134926775352
27.125    0.137330754352
27.25    0.138942617666
27.375    0.132725430598
27.5    0.138518927881
27.625    0.127226674035
27.75    0.128129317491
27.875    0.128497743391
28.0    0.115694943355
28.125    0.127337201805
28.25    0.128138528139
28.375    0.129492493322
28.5    0.128129317491
28.625    0.131739891314
28.75    0.117675232569
28.875    0.12695035461
29.0    0.136437321544
29.125    0.137478124712
29.25    0.120963433729
29.375    0.134760983697
29.5    0.130588560376
29.625    0.128488532744
29.75    0.144625587179
29.875    0.137459703417
30.0    0.137201805287
30.125    0.119802892143
30.25    0.134300451322
30.375    0.140121580547
30.5    0.129483282675
30.625    0.130699088146
30.75    0.129658284977
30.875    0.130284609008
31.0    0.135682048448
31.125    0.12184765589
31.25    0.122529243806
31.375    0.128737220227
31.5    0.115123883209
31.625    0.117997605232
31.75    0.122750299346
31.875    0.136971539099
32.0    0.131813576494
32.125    0.126204292162
32.25    0.118808142212
32.375    0.121912130423
32.5    0.127595099936
32.625    0.123745049277
32.75    0.130118817353
32.875    0.12410426453
33.0    0.125393755181
33.125    0.122648982223
33.25    0.116312056738
33.375    0.124021368702
33.5    0.123984526112
33.625    0.127337201805
33.75    0.133968868011
33.875    0.131325412176
34.0    0.120723956894
34.125    0.122851616469
34.25    0.121433176752
34.375    0.122271345676
34.5    0.115464677167
34.625    0.12177397071
34.75    0.121608179055
34.875    0.12114764668
35.0    0.133287280096
35.125    0.136068895643
35.25    0.136529428019
35.375    0.12753983605
35.5    0.113705443493
35.625    0.134982039237
35.75    0.127613521231
35.875    0.131749101962
36.0    0.127714838353
36.125    0.126379294464
36.25    0.125200331583
36.375    0.126499032882
36.5    0.132182002395
36.625    0.128341162384
36.75    0.129778023395
36.875    0.135755733628
37.0    0.138850511191
37.125    0.142193976237
37.25    0.123045040066
37.375    0.124159528415
37.5    0.116652850695
37.625    0.117739707101
37.75    0.133480703693
37.875    0.129814865985
38.0    0.117343649259
38.125    0.126554296767
38.25    0.122575297043
38.375    0.12177397071
38.5    0.12695035461
38.625    0.126342451874
38.75    0.127438518928
38.875    0.125670074606
39.0    0.139486045869
39.125    0.141282122133
39.25    0.138270240398
39.375    0.144957170489
39.5    0.128709588284
39.625    0.12946486138
39.75    0.129916183108
39.875    0.130312240951
40.0    0.126462190292
40.125    0.119535783366
40.25    0.119498940776
40.375    0.118200239477
40.5    0.12998065764
40.625    0.130588560376
40.75    0.131205673759
40.875    0.14310583034
41.0    0.137229437229
41.125    0.127862208713
41.25    0.127420097633
41.375    0.125375333886
41.5    0.129510914617
41.625    0.120438426821
41.75    0.120585797182
41.875    0.130689877498
42.0    0.128138528139
42.125    0.127291148568
42.25    0.128276687851
42.375    0.127714838353
42.5    0.125568757484
42.625    0.12687666943
42.75    0.129216173897
42.875    0.127374044395
43.0    0.127668785116
43.125    0.128783273464
43.25    0.128672745694
43.375    0.128838537349
43.5    0.123220042369
43.625    0.122252924381
43.75    0.123035829419
43.875    0.123505572442
44.0    0.129474072027
44.125    0.133360965276
44.25    0.128396426269
44.375    0.127862208713
44.5    0.121939762365
44.625    0.124150317767
44.75    0.130385926131
44.875    0.121746338768
45.0    0.124537164963
45.125    0.123625310859
45.25    0.121764760063
45.375    0.12680298425
45.5    0.126489822235
45.625    0.12214239661
45.75    0.122722667404
45.875    0.12480427374
46.0    0.124260845537
46.125    0.127475361518
46.25    0.127862208713
46.375    0.128783273464
46.5    0.128525375334
46.625    0.126268766694
46.75    0.114635718891
46.875    0.112065948236
47.0    0.121930551718
47.125    0.119858156028
47.25    0.120548954592
47.375    0.126360873169
47.5    0.12720825274
47.625    0.127770102238
47.75    0.126176660219
47.875    0.128276687851
48.0    0.124813484388
48.125    0.124877958921
48.25    0.125099014461
48.375    0.125172699641
48.5    0.128764852169
48.625    0.129022750299
48.75    0.128479322096
48.875    0.130146449295
49.0    0.123929262227
49.125    0.12473058856
49.25    0.121709496178
49.375    0.127779312886
49.5    0.127825366123
49.625    0.127852998066
49.75    0.12439900525
49.875    0.127926683246
50.0    0.133895182831
50.125    0.134060974487
50.25    0.129013539652
50.375    0.125246384821
50.5    0.13548862485
50.625    0.133241226858
50.75    0.129437229437
50.875    0.129437229437
51.0    0.131868840379
51.125    0.12935433361
51.25    0.125642442664
51.375    0.127033250438
51.5    0.125292438058
51.625    0.125789813024
51.75    0.127152988855
51.875    0.127309569863
52.0    0.132007000092
52.125    0.125366123238
52.25    0.11933314912
52.375    0.125651653311
52.5    0.126554296767
52.625    0.125937183384
52.75    0.125135857051
52.875    0.125356912591
53.0    0.128230634614
53.125    0.128479322096
53.25    0.129114856774
53.375    0.129510914617
53.5    0.135571520678
53.625    0.132541217648
53.75    0.132329372755
53.875    0.136603113199
54.0    0.121120014737
54.125    0.127622731878
54.25    0.128064842958
54.375    0.127926683246
54.5    0.120585797182
54.625    0.121267385097
54.75    0.130791194621
54.875    0.130588560376
55.0    0.130551717786
55.125    0.131841208437
55.25    0.124785852445
55.375    0.125531914894
55.5    0.133720180529
55.625    0.134235976789
55.75    0.134125449019
55.875    0.130616192318
56.0    0.133692548586
56.125    0.124279266832
56.25    0.1218108133
56.375    0.122593718338
56.5    0.128774062817
56.625    0.128728009579
56.75    0.133664916644
56.875    0.129345122962
57.0    0.134254398084
57.125    0.133149120383
57.25    0.127724049001
57.375    0.129225384545
57.5    0.128074053606
57.625    0.128230634614
57.75    0.127576678641
57.875    0.127917472598
58.0    0.146200607903
58.125    0.128166160081
58.25    0.128516164686
58.375    0.13464124528
58.5    0.11936999171
58.625    0.131095145989
58.75    0.122860827116
58.875    0.124233213595
59.0    0.125780602376
59.125    0.135332043843
59.25    0.135332043843
59.375    0.116284424795
59.5    0.116468637745
59.625    0.116588376163
59.75    0.115962052132
59.875    0.125734549139
60.0    0.125052961223
60.125    0.12480427374
60.25    0.131085935341
60.375    0.130109606705
60.5    0.125771391729
60.625    0.13552546744
60.75    0.120650271714
60.875    0.120797642074
61.0    0.128083264253
61.125    0.120327899051
61.25    0.119710785668
61.375    0.120945012434
61.5    0.129013539652
61.625    0.129584599797
61.75    0.129621442387
61.875    0.130358294188
62.0    0.13212673851
62.125    0.13264253477
62.25    0.12717141015
62.375    0.117675232569
62.5    0.122243713733
62.625    0.125780602376
62.75    0.125301648706
62.875    0.134834668877
63.0    0.130883301096
63.125    0.131371465414
63.25    0.126462190292
63.375    0.126821405545
63.5    0.117573915446
63.625    0.118052869117
63.75    0.121350280925
63.875    0.118200239477
64.0    0.123118725246
64.125    0.125135857051
64.25    0.117619968684
64.375    0.118946301925
64.5    0.12166344294
64.625    0.12195818366
64.75    0.121866077185
64.875    0.121101593442
65.0    0.140324214792
65.125    0.121608179055
65.25    0.122345030856
65.375    0.124997697338
65.5    0.120447637469
65.625    0.120493690706
65.75    0.119968683798
65.875    0.129363544257
66.0    0.130588560376
66.125    0.130772773326
66.25    0.126499032882
66.375    0.124924012158
66.5    0.127364833748
66.625    0.120825274017
66.75    0.117767339044
66.875    0.13278990513
67.0    0.136639955789
67.125    0.136676798379
67.25    0.130662245556
67.375    0.131601731602
67.5    0.126010868564
67.625    0.126499032882
67.75    0.126489822235
67.875    0.12709772497
68.0    0.120392373584
68.125    0.121138436032
68.25    0.130358294188
68.375    0.130809615916
68.5    0.10506585613
68.625    0.111577783918
68.75    0.126075343097
68.875    0.12414110712
69.0    0.127530625403
69.125    0.127530625403
69.25    0.127641153173
69.375    0.127770102238
69.5    0.130321451598
69.625    0.131279358939
69.75    0.131675416782
69.875    0.132366215345
70.0    0.14620981855
70.125    0.130818826563
70.25    0.130726720088
70.375    0.121129225385
70.5    0.114792299899
70.625    0.121387123515
70.75    0.133176752326
70.875    0.132430689878
71.0    0.126941143962
71.125    0.126149028277
71.25    0.125108225108
71.375    0.128193792024
71.5    0.130063553468
71.625    0.128553007276
71.75    0.128470111449
71.875    0.127585889288
72.0    0.127512204108
72.125    0.127079303675
72.25    0.127935893893
72.375    0.119084461638
72.5    0.141945288754
72.625    0.129999078935
72.75    0.129704338215
72.875    0.121792392005
73.0    0.134650455927
73.125    0.130183291885
73.25    0.122077922078
73.375    0.119793681496
73.5    0.127816155476
73.625    0.128028000368
73.75    0.127696417058
73.875    0.127733259648
74.0    0.132762273188
74.125    0.134088606429
74.25    0.134374136502
74.375    0.134650455927
74.5    0.126775352307
74.625    0.126968775905
74.75    0.137045224279
74.875    0.128497743391
75.0    0.117233121488
75.125    0.117150225661
75.25    0.117039697891
75.375    0.116800221056
75.5    0.120917380492
75.625    0.120779220779
75.75    0.12147922999
75.875    0.120908169844
76.0    0.119010776458
76.125    0.125320070001
76.25    0.118126554297
76.375    0.117675232569
76.5    0.136050474348
76.625    0.138675508888
76.75    0.136004421111
76.875    0.125845076909
77.0    0.128285898499
77.125    0.127806944828
77.25    0.119231831998
77.375    0.137505756655
77.5    0.125651653311
77.625    0.125946394032
77.75    0.132614902828
77.875    0.127613521231
78.0    0.122151607258
78.125    0.1238463664
78.25    0.124113475177
78.375    0.123137146541
78.5    0.118762088975
78.625    0.119066040343
78.75    0.119158146818
78.875    0.122188449848
79.0    0.128285898499
79.125    0.128774062817
79.25    0.125909551441
79.375    0.126130606982
79.5    0.119323938473
79.625    0.119848945381
79.75    0.119305517178
79.875    0.119563415308
80.0    0.120585797182
80.125    0.121718706825
80.25    0.122041079488
80.375    0.119351570415
80.5    0.12114764668
80.625    0.139808418532
80.75    0.127834576771
80.875    0.12742930828
81.0    0.120788431427
81.125    0.121166067975
81.25    0.122464769273
81.375    0.128700377637
81.5    0.121230542507
81.625    0.118301556599
81.75    0.120484480059
81.875    0.118716035737
82.0    0.118329188542
82.125    0.107681680022
82.25    0.118319977894
82.375    0.118329188542
82.5    0.119342359768
82.625    0.119885787971
82.75    0.129593810445
82.875    0.12683982684
83.0    0.119876577323
83.125    0.119213410703
83.25    0.119241042645
83.375    0.12147922999
83.5    0.120871327254
83.625    0.122409505388
83.75    0.120595007829
83.875    0.120318688404
84.0    0.125172699641
84.125    0.122870037764
84.25    0.12136870222
84.375    0.123210831721
84.5    0.117712075159
84.625    0.135507046145
84.75    0.126416137054
84.875    0.126443768997
85.0    0.132228055632
85.125    0.126075343097
85.25    0.127825366123
85.375    0.125338491296
85.5    0.125043750576
85.625    0.124850326978
85.75    0.124721377913
85.875    0.124831905683
86.0    0.128350373031
86.125    0.125237174173
86.25    0.125734549139
86.375    0.120060790274
86.5    0.110518559455
86.625    0.110417242332
86.75    0.114543612416
86.875    0.117573915446
87.0    0.107359307359
87.125    0.106769825919
87.25    0.120263424519
87.375    0.130367504836
87.5    0.117380491849
87.625    0.116818642351
87.75    0.116864695588
87.875    0.117426545086
88.0    0.126213502809
88.125    0.137386018237
88.25    0.137386018237
88.375    0.137063645574
88.5    0.122695035461
88.625    0.122658192871
88.75    0.122022658193
88.875    0.117721285806
89.0    0.123183199779
89.125    0.123763470572
89.25    0.123523993737
89.375    0.12406742194
89.5    0.121377912867
89.625    0.122538454453
89.75    0.118734457032
89.875    0.118734457032
90.0    0.121718706825
90.125    0.120751588837
90.25    0.125430597771
90.375    0.126480611587
90.5    0.12162660035
90.625    0.124601639495
90.75    0.122934512296
90.875    0.119867366676
91.0    0.129400386847
91.125    0.12946486138
91.25    0.129566178502
91.375    0.129483282675
91.5    0.122704246108
91.625    0.125697706549
91.75    0.123625310859
91.875    0.123588468269
92.0    0.109781707654
92.125    0.112194897301
92.25    0.141475545731
92.375    0.130699088146
92.5    0.11131067514
92.625    0.111531730681
92.75    0.123698996039
92.875    0.117979183937
93.0    0.119931841208
93.125    0.119941051856
93.25    0.11870682509
93.375    0.11914893617
93.5    0.122916091001
93.625    0.120152896749
93.75    0.111061987658
93.875    0.117177857603
94.0    0.119010776458
94.125    0.113281753707
94.25    0.118872616745
94.375    0.126167449572
94.5    0.117877866814
94.625    0.123938472875
94.75    0.124334530718
94.875    0.119692364373
95.0    0.136354425716
95.125    0.136778115502
95.25    0.140140001842
95.375    0.139218937091
95.5    0.122022658193
95.625    0.118844984802
95.75    0.119637100488
95.875    0.121239753155
96.0    0.121138436032
96.125    0.121912130423
96.25    0.121534493875
96.375    0.121764760063
96.5    0.12114764668
96.625    0.119968683798
96.75    0.124306898775
96.875    0.122391084093
97.0    0.111577783918
97.125    0.11127383255
97.25    0.111494888091
97.375    0.123579257622
97.5    0.119213410703
97.625    0.119848945381
97.75    0.120106843511
97.875    0.120088422216
98.0    0.120042368979
98.125    0.116901538178
98.25    0.129630653035
98.375    0.119729206963
98.5    0.122179239201
98.625    0.12395689417
98.75    0.123984526112
98.875    0.121313438335
99.0    0.11852261214
99.125    0.118660771852
99.25    0.118587086672
99.375    0.123864787695
99.5    0.12658192871
99.625    0.126637192595
99.75    0.126664824537
99.875    0.126701667127
100.0    0.120456848116
100.125    0.117527862209
100.25    0.123588468269
100.375    0.123643732154
100.5    0.116966012711
100.625    0.118402873722
100.75    0.118623929262
100.875    0.118679193147
101.0    0.125310859353
101.125    0.125734549139
101.25    0.125439808419
101.375    0.125605600074
101.5    0.123220042369
101.625    0.123220042369
101.75    0.12425163489
101.875    0.123220042369
102.0    0.120530533296
102.125    0.120677903657
102.25    0.120613429124
102.375    0.120825274017
102.5    0.123505572442
102.625    0.125209542231
102.75    0.125338491296
102.875    0.111586994566
103.0    0.13016487059
103.125    0.121506861932
103.25    0.12151607258
103.375    0.125762181081
103.5    0.12680298425
103.625    0.126867458782
103.75    0.12720825274
103.875    0.124279266832
104.0    0.11900156581
104.125    0.119010776458
104.25    0.130901722391
104.375    0.125384544533
104.5    0.109735654416
104.625    0.110417242332
104.75    0.11933314912
104.875    0.127641153173
105.0    0.120687114304
105.125    0.121248963802
105.25    0.118835774155
105.375    0.118835774155
105.5    0.128028000368
105.625    0.118494980197
105.75    0.118808142212
105.875    0.128378004974
106.0    0.123662153449
106.125    0.125992447269
106.25    0.126517454177
106.375    0.129824076633
106.5    0.124629271438
106.625    0.118605507967
106.75    0.118577876025
106.875    0.131012250161
107.0    0.112987012987
107.125    0.122427926683
107.25    0.119471308833
107.375    0.119452887538
107.5    0.115169936447
107.625    0.11652390163
107.75    0.115151515152
107.875    0.115427834577
108.0    0.118439716312
108.125    0.118881827392
108.25    0.120171318044
108.375    0.120327899051
108.5    0.125485861656
108.625    0.120954223082
108.75    0.126342451874
108.875    0.127088514323
109.0    0.12140554481
109.125    0.122538454453
109.25    0.122833195174
109.375    0.122529243806
109.5    0.124095053882
109.625    0.130183291885
109.75    0.122473979921
109.875    0.12447269043
110.0    0.115317306807
110.125    0.115298885512
110.25    0.12987012987
110.375    0.111909367229
110.5    0.120917380492
110.625    0.120060790274
110.75    0.117923920052
110.875    0.117850234872
111.0    0.134337293912
111.125    0.128221423966
111.25    0.125292438058
111.375    0.126020079212
111.5    0.121875287833
111.625    0.119729206963
111.75    0.120226581929
111.875    0.118918669983
112.0    0.119692364373
112.125    0.119747628258
112.25    0.120116054159
112.375    0.120245003224
112.5    0.125246384821
112.625    0.125412176476
112.75    0.125495072304
112.875    0.125412176476
113.0    0.120254213871
113.125    0.120429216174
113.25    0.120005526388
113.375    0.129087224832
113.5    0.122879248411
113.625    0.122952933591
113.75    0.123192410426
113.875    0.120162107396
114.0    0.124518743668
114.125    0.124795063093
114.25    0.128580639219
114.375    0.128571428571
114.5    0.117141015013
114.625    0.120825274017
114.75    0.11852261214
114.875    0.118762088975
115.0    0.112572533849
115.125    0.125255595468
115.25    0.122151607258
115.375    0.121985815603
115.5    0.121672653588
115.625    0.121866077185
115.75    0.128110896196
115.875    0.127770102238
116.0    0.12170028553
116.125    0.121276595745
116.25    0.122225292438
116.375    0.122409505388
116.5    0.130293819656
116.625    0.130146449295
116.75    0.130100396058
116.875    0.130542507138
117.0    0.126572718062
117.125    0.12392005158
117.25    0.123938472875
117.375    0.12417794971
117.5    0.126535875472
117.625    0.125338491296
117.75    0.125430597771
117.875    0.125559546836
118.0    0.124270056185
118.125    0.121617389702
118.25    0.121755549415
118.375    0.125780602376
118.5    0.125135857051
118.625    0.125983236622
118.75    0.117454177029
118.875    0.114184397163
119.0    0.126977986552
119.125    0.122372662798
119.25    0.124168739062
119.375    0.125154278346
120.0    0.129326701667
120.125    0.123892419637
120.25    0.124012158055
120.375    0.126812194897
120.5    0.112996223635
120.625    0.11316201529
120.75    0.11330938565
120.875    0.116883116883
121.0    0.114875195726
121.125    0.115344938749
121.25    0.121801602653
121.375    0.124316109422
121.5    0.108842221608
121.625    0.12388320899
121.75    0.123901630285
121.875    0.124131896472
122.0    0.122759509994
122.125    0.125946394032
122.25    0.126489822235
122.375    0.111439624206
122.5    0.126968775905
122.625    0.127079303675
122.75    0.124417426545
122.875    0.124850326978
123.0    0.117748917749
123.125    0.117601547389
123.25    0.118356820484
123.375    0.118006815879
123.5    0.122225292438
123.625    0.120125264806
123.75    0.119719996316
123.875    0.119922630561
124.0    0.123818734457
124.125    0.12454637561
124.25    0.126268766694
124.375    0.125605600074
124.5    0.117997605232
124.625    0.124555586258
124.75    0.125946394032
124.875    0.118863406097
125.0    0.115234410979
125.125    0.124150317767
125.25    0.128018789721
125.375    0.115906788247
125.5    0.117785760339
125.625    0.119176568113
125.75    0.125071382518
125.875    0.116330478033
126.0    0.120033158331
126.125    0.120033158331
126.25    0.132182002395
126.375    0.127005618495
126.5    0.115777839182
126.625    0.116698903933
126.75    0.115087040619
126.875    0.115363360044
127.0    0.125577968131
127.125    0.129897761813
127.25    0.116284424795
127.375    0.116284424795
127.5    0.118384452427
127.625    0.11881735286
127.75    0.119360781063
127.875    0.119471308833
128.0    0.115427834577
128.125    0.116017316017
128.25    0.116173897025
128.375    0.11578704983
128.5    0.115547572994
128.625    0.114912038316
128.75    0.114322556876
128.875    0.117039697891
129.0    0.120908169844
129.125    0.120806852722
129.25    0.114902827669
129.375    0.115022566086
129.5    0.117371281201
129.625    0.127346412453
129.75    0.127189831445
129.875    0.12118448927
130.0    0.117850234872
130.125    0.117951551994
130.25    0.115188357742
130.375    0.115179147094
130.5    0.119987105094
130.625    0.120383162936
130.75    0.118716035737
130.875    0.1194068343
131.0    0.115833103067
131.125    0.121902919775
131.25    0.117426545086
131.375    0.108455374413
131.5    0.118034447822
131.625    0.118273924657
131.75    0.11863313991
131.875    0.118541033435
132.0    0.120567375887
132.125    0.121120014737
132.25    0.11889103804
132.375    0.117656811274
132.5    0.127070093028
132.625    0.12428847748
132.75    0.119093672285
132.875    0.118062079764
133.0    0.10765404808
133.125    0.11371465414
133.25    0.117159436308
133.375    0.114469927236
133.5    0.117629179331
133.625    0.118605507967
133.75    0.118541033435
133.875    0.121856866538
134.0    0.119646311136
134.125    0.117583126094
134.25    0.128129317491
134.375    0.122087132725
134.5    0.120226581929
134.625    0.11918577876
134.75    0.119047619048
134.875    0.117527862209
135.0    0.118651561205
135.125    0.118909459335
135.25    0.116238371558
135.375    0.116385741918
135.5    0.112987012987
135.625    0.110840932118
135.75    0.113106751405
135.875    0.112987012987
136.0    0.122685824813
136.125    0.122685824813
136.25    0.120106843511
136.375    0.120116054159
136.5    0.123404255319
136.625    0.124131896472
136.75    0.118144975592
136.875    0.112618587087
137.0    0.115980473427
137.125    0.117168646956
137.25    0.116219950263
137.375    0.116551533573
137.5    0.119581836603
137.625    0.119277885235
137.75    0.119637100488
137.875    0.129621442387
138.0    0.118108133002
138.125    0.121037118909
138.25    0.120926591139
138.375    0.121267385097
138.5    0.110260661324
138.625    0.117058119186
138.75    0.120659482362
138.875    0.121230542507
139.0    0.117564704799
139.125    0.117500230266
139.25    0.118062079764
139.375    0.114884406374
139.5    0.112609376439
139.625    0.119517362071
139.75    0.119618679193
139.875    0.115962052132
140.0    0.109625126646
140.125    0.109579073409
140.25    0.113290964355
140.375    0.114322556876
140.5    0.120383162936
140.625    0.120291056461
140.75    0.120567375887
140.875    0.118467348255
141.0    0.124555586258
141.125    0.124675324675
141.25    0.121396334162
141.375    0.121654232293
141.5    0.115381781339
141.625    0.115418623929
141.75    0.115639679469
141.875    0.121948973013
142.0    0.118227871419
142.125    0.118430505665
142.25    0.115400202634
142.375    0.118375241779
142.5    0.109293543336
142.625    0.103592152528
142.75    0.109597494704
142.875    0.109321175279
143.0    0.11659758681
143.125    0.116422584508
143.25    0.119581836603
143.375    0.116781799761
143.5    0.117887077462
143.625    0.11364096896
143.75    0.114037026803
143.875    0.114405452703
144.0    0.123763470572
144.125    0.12450953302
144.25    0.126093764392
144.375    0.125458229714
144.5    0.121801602653
144.625    0.138214976513
144.75    0.138463663996
144.875    0.11852261214
145.0    0.123109514599
145.125    0.125292438058
145.25    0.125016118633
145.375    0.125163488993
145.5    0.117389702496
145.625    0.117804181634
145.75    0.118025237174
145.875    0.118218660772
146.0    0.120281845814
146.125    0.119775260201
146.25    0.125918762089
146.375    0.120079211569
146.5    0.124518743668
146.625    0.124159528415
146.75    0.124610850143
146.875    0.120060790274
147.0    0.118301556599
147.125    0.117684443216
147.25    0.117481808971
147.375    0.119941051856
147.5    0.114377820761
147.625    0.114359399466
147.75    0.114829142489
147.875    0.123496361794
148.0    0.123284516902
148.125    0.119839734733
148.25    0.123441097909
148.375    0.124380583955
148.5    0.117454177029
148.625    0.132799115778
148.75    0.124049000645
148.875    0.124371373308
149.0    0.119342359768
149.125    0.119950262503
149.25    0.12129501704
149.375    0.120226581929
149.5    0.114340978171
149.625    0.114534401768
149.75    0.115989684075
149.875    0.11929630653
150.0    0.120723956894
150.125    0.119941051856
150.25    0.117242332136
150.375    0.117804181634
150.5    0.117583126094
150.625    0.122823984526
150.75    0.127880630008
150.875    0.123127935894
151.0    0.117997605232
151.125    0.118071290412
151.25    0.119462098186
151.375    0.119627889841
151.5    0.122298977618
151.625    0.122123975315
151.75    0.113318596297
151.875    0.120023947684
152.0    0.117076540481
152.125    0.123570046974
152.25    0.121156857327
152.375    0.120926591139
152.5    0.119397623653
152.625    0.119535783366
152.75    0.118642350557
152.875    0.12177397071
153.0    0.117389702496
153.125    0.129133278069
153.25    0.138132080685
153.375    0.133563599521
153.5    0.116616008105
153.625    0.1166344294
153.75    0.11600810537
153.875    0.115483098462
154.0    0.122593718338
154.125    0.119526572718
154.25    0.123321359492
154.375    0.123579257622
154.5    0.117951551994
154.625    0.119526572718
154.75    0.104761904762
154.875    0.115621258174
155.0    0.124279266832
155.125    0.12425163489
155.25    0.121423966105
155.375    0.117131804366
155.5    0.119176568113
155.625    0.11914893617
155.75    0.117601547389
155.875    0.115989684075
156.0    0.116173897025
156.125    0.114156765221
156.25    0.114580455006
156.375    0.108998802616
156.5    0.120945012434
156.625    0.120862116607
156.75    0.121451598047
156.875    0.121046329557
157.0    0.117435755734
157.125    0.117785760339
157.25    0.117988394584
157.375    0.118301556599
157.5    0.120438426821
157.625    0.117739707101
157.75    0.126406926407
157.875    0.12654508612
158.0    0.119452887538
158.125    0.117371281201
158.25    0.114783089251
158.375    0.114718614719
158.5    0.121285806392
158.625    0.105857971815
158.75    0.118163396887
158.875    0.118135764944
159.0    0.117205489546
159.125    0.103803997421
159.25    0.107368518007
159.375    0.120291056461
159.5    0.120281845814
159.625    0.120300267109
159.75    0.120355530994
159.875    0.121230542507
160.0    0.103675048356
160.125    0.103730312241
160.25    0.116035737312
160.375    0.117389702496
160.5    0.119204200055
160.625    0.11925946394
160.75    0.119056829695
160.875    0.118798931565
161.0    0.111025145068
161.125    0.118172607534
161.25    0.116579165515
161.375    0.117242332136
161.5    0.114930459611
161.625    0.104688219582
161.75    0.104365846919
161.875    0.104421110804
162.0    0.119830524086
162.125    0.119655521783
162.25    0.119609468546
162.375    0.116956802063
162.5    0.113373860182
162.625    0.113318596297
162.75    0.129418808142
162.875    0.125835866261
163.0    0.125605600074
163.125    0.122713456756
163.25    0.122777931289
163.375    0.12484111633
163.5    0.121562125817
163.625    0.121820023948
163.75    0.124877958921
163.875    0.12465690338
164.0    0.123210831721
164.125    0.126747720365
164.25    0.130689877498
164.375    0.134189923552
164.5    0.108004052685
164.625    0.108123791103
164.75    0.10816984434
164.875    0.124242424242
165.0    0.120705535599
165.125    0.124012158055
165.25    0.124012158055
165.375    0.115031776734
165.5    0.108980381321
165.625    0.111596205213
165.75    0.110140922907
165.875    0.123827945105
166.0    0.12166344294
166.125    0.127724049001
166.25    0.118835774155
166.375    0.118973933868
166.5    0.116183107672
166.625    0.11353044119
166.75    0.117067329833
166.875    0.116901538178
167.0    0.129170120659
167.125    0.13271621995
167.25    0.127834576771
167.375    0.124601639495
167.5    0.126029289859
167.625    0.113880445795
167.75    0.114506769826
167.875    0.115805471125
168.0    0.119941051856
168.125    0.123376623377
168.25    0.123597678917
168.375    0.123984526112
168.5    0.124076632587
168.625    0.12133185963
168.75    0.12147922999
168.875    0.115740996592
169.0    0.125808234319
169.125    0.123643732154
169.25    0.12406742194
169.375    0.122409505388
169.5    0.122777931289
169.625    0.107994842037
169.75    0.114552823063
169.875    0.115234410979
170.0    0.118126554297
170.125    0.117877866814
170.25    0.118439716312
170.375    0.110242240029
170.5    0.114912038316
170.625    0.115354149397
170.75    0.116284424795
170.875    0.116063369255
171.0    0.116818642351
171.125    0.110021184489
171.25    0.110988302478
171.375    0.129326701667
171.5    0.127088514323
171.625    0.128497743391
171.75    0.128479322096
171.875    0.122179239201
172.0    0.11896472322
172.125    0.118835774155
172.25    0.117187068251
172.375    0.116026526665
172.5    0.119250253293
172.625    0.122483190568
172.75    0.125706917196
172.875    0.117712075159
173.0    0.123560836327
173.125    0.11859629732
173.25    0.118550244082
173.375    0.131353044119
173.5    0.133195173621
173.625    0.131758312609
173.75    0.123321359492
173.875    0.123468729852
174.0    0.115179147094
174.125    0.126904301372
174.25    0.128203002671
174.375    0.128285898499
174.5    0.126922722667
174.625    0.126812194897
174.75    0.1273556231
174.875    0.127143778208
175.0    0.118301556599
175.125    0.11900156581
175.25    0.128737220227
175.375    0.11652390163
175.5    0.130680666851
175.625    0.125025329281
175.75    0.142111080409
175.875    0.14820852906
176.0    0.124334530718
176.125    0.120972644377
176.25    0.125310859353
176.375    0.122289766971
176.5    0.13548862485
176.625    0.133139909736
176.75    0.127438518928
176.875    0.127714838353
177.0    0.1051763839
177.125    0.115381781339
177.25    0.122731878051
177.375    0.12151607258
177.5    0.122262135028
177.625    0.132329372755
177.75    0.12695035461
177.875    0.133360965276
178.0    0.127604310583
178.125    0.128092474901
178.25    0.131316201529
178.375    0.132117527862
178.5    0.128792484112
178.625    0.132393847287
178.75    0.128562217924
178.875    0.131039882104
179.0    0.130588560376
179.125    0.122971354886
179.25    0.124205581652
179.375    0.123745049277
180.0    0.13286359031
180.125    0.132651745418
180.25    0.123579257622
180.375    0.123523993737
180.5    0.13785576126
180.625    0.133803076356
180.75    0.132357004697
180.875    0.133259648153
181.0    0.141429492493
181.125    0.142009763286
181.25    0.144966381137
181.375    0.144542691351
181.5    0.137938657088
181.625    0.125439808419
181.75    0.137404439532
181.875    0.137432071475
182.0    0.147130883301
182.125    0.14854011237
182.25    0.148862485033
182.375    0.14635718891
182.5    0.134687298517
182.625    0.135387307728
182.75    0.135543888735
182.875    0.136557059961
183.0    0.133839918946
183.125    0.129603021092
183.25    0.130404347426
183.375    0.131988578797
183.5    0.13460440269
183.625    0.147103251359
183.75    0.135249148015
183.875    0.146007184305
184.0    0.128783273464
184.125    0.129271437782
184.25    0.124095053882
184.375    0.12964907433
184.5    0.140747904578
184.625    0.140490006447
184.75    0.130699088146
184.875    0.145574283872
185.0    0.130597771023
185.125    0.137257069172
185.25    0.149544072948
185.375    0.132697798655
185.5    0.127724049001
185.625    0.128304319794
185.75    0.128313530441
185.875    0.128203002671
186.0    0.133038592613
186.125    0.132228055632
186.25    0.122409505388
186.375    0.133167541678
186.5    0.136197844708
186.625    0.133121488441
186.75    0.136768904854
186.875    0.136943907157
187.0    0.138730772773
187.125    0.140904485585
187.25    0.139476835222
187.375    0.140278161555
187.5    0.152132264898
187.625    0.146771668048
187.75    0.147536151791
187.875    0.147959841577
188.0    0.138666298241
188.125    0.138767615363
188.25    0.148042737404
188.375    0.140747904578
188.5    0.136124159528
188.625    0.135589941973
188.75    0.151294095975
188.875    0.142866353505
189.0    0.15164410058
189.125    0.136566270609
189.25    0.14044395321
189.375    0.131325412176
189.5    0.135608363268
189.625    0.136943907157
189.75    0.136409689601
189.875    0.137754444137
190.0    0.140941328175
190.125    0.154600718431
190.25    0.153348070369
190.375    0.153780970802
190.5    0.158257345491
190.625    0.149940130791
190.75    0.155696785484
190.875    0.150529612232
191.0    0.143640047895
191.125    0.149820392374
191.25    0.137993920973
191.375    0.132338583402
191.5    0.155079672101
191.625    0.155088882748
191.75    0.136630745141
191.875    0.14037026803
192.0    0.139357096804
192.125    0.151137514967
192.25    0.15116514691
192.375    0.149580915538
192.5    0.147803260569
192.625    0.147978262872
192.75    0.140241318965
192.875    0.149599336833
193.0    0.138804457953
193.125    0.139200515796
193.25    0.138233397808
193.375    0.140637376808
193.5    0.147444045316
193.625    0.144192686746
193.75    0.142240029474
193.875    0.135295201253
194.0    0.131610942249
194.125    0.131914893617
194.25    0.134180712904
194.375    0.145463756102
194.5    0.144165054803
194.625    0.138924196371
194.75    0.129731970157
194.875    0.123173989131
195.0    0.135737312333
195.125    0.130901722391
195.25    0.143096619692
195.375    0.133941236069
195.5    0.141963710049
195.625    0.136197844708
195.75    0.127410886985
195.875    0.12484111633
196.0    0.135580731325
196.125    0.146826931933
196.25    0.145086119554
196.375    0.131260937644
196.5    0.141153173068
196.625    0.138647876946
196.75    0.138933407019
196.875    0.139836050474
197.0    0.131316201529
197.125    0.133057013908
197.25    0.143151883577
197.375    0.139762365294
197.5    0.141245279543
197.625    0.141604494796
197.75    0.142516348899
197.875    0.14281108962
198.0    0.127125356913
198.125    0.12750299346
198.25    0.124371373308
198.375    0.124914801511
198.5    0.135221516073
198.625    0.135074145712
198.75    0.13548862485
198.875    0.136032053053
199.0    0.130137238648
199.125    0.128976697062
199.25    0.125955604679
199.375    0.126047711154
199.5    0.128009579073
199.625    0.141493967026
199.75    0.140876853643
199.875    0.13811365939
200.0    0.136787326149
200.125    0.133351754628
200.25    0.133250437506
200.375    0.134337293912
200.5    0.139495256517
200.625    0.138399189463
200.75    0.137911025145
200.875    0.137054434927
201.0    0.118016026527
201.125    0.125541125541
201.25    0.122768720641
201.375    0.123091093304
201.5    0.125476651009
201.625    0.127152988855
201.75    0.128285898499
201.875    0.126830616192
202.0    0.123118725246
202.125    0.123450308557
202.25    0.127300359215
202.375    0.123781891867
202.5    0.113318596297
202.625    0.113613337018
202.75    0.122648982223
202.875    0.120788431427
203.0    0.130210923828
203.125    0.127871419361
203.25    0.128810905407
203.375    0.128709588284
203.5    0.141945288754
203.625    0.140453163857
203.75    0.138380768168
203.875    0.135746522981
204.0    0.128249055909
204.125    0.135249148015
204.25    0.13534125449
204.375    0.12950170397
204.5    0.131868840379
204.625    0.129151699364
204.75    0.128903011882
204.875    0.123293727549
205.0    0.127871419361
205.125    0.126747720365
205.25    0.127337201805
205.375    0.127862208713
205.5    0.131242516349
205.625    0.131417518652
205.75    0.130837247859
205.875    0.124095053882
206.0    0.11848576955
206.125    0.12210555402
206.25    0.117463387676
206.375    0.117942341347
206.5    0.126185870867
206.625    0.125145067698
206.75    0.125320070001
206.875    0.127079303675
207.0    0.126646403242
207.125    0.127070093028
207.25    0.126821405545
207.375    0.10569218016
207.5    0.120134475454
207.625    0.120272635166
207.75    0.120106843511
207.875    0.130035921525
208.0    0.12388320899
208.125    0.115335728102
208.25    0.115437045224
208.375    0.125043750576
208.5    0.110297503915
208.625    0.126591139357
208.75    0.120714746247
208.875    0.124242424242
209.0    0.127972736483
209.125    0.129566178502
209.25    0.132559638943
209.375    0.131481993184
209.5    0.115114672561
209.625    0.127963525836
209.75    0.120641061067
209.875    0.119692364373
210.0    0.11615547573
210.125    0.119784470848
210.25    0.118439716312
210.375    0.113963341623
210.5    0.13278990513
210.625    0.128000368426
210.75    0.124058211292
210.875    0.126572718062
211.0    0.121460808695
211.125    0.127604310583
211.25    0.120079211569
211.375    0.114368610113
211.5    0.125559546836
211.625    0.119314727825
211.75    0.130956986276
211.875    0.109376439164
212.0    0.108630376715
212.125    0.118504190845
212.25    0.118108133002
212.375    0.120972644377
212.5    0.125347701943
212.625    0.112544901907
212.75    0.116689693285
212.875    0.11094224924
213.0    0.120208160634
213.125    0.117712075159
213.25    0.118135764944
213.375    0.118430505665
213.5    0.113189647232
213.625    0.112351478309
213.75    0.113521230543
213.875    0.114368610113
214.0    0.119701575021
214.125    0.119996315741
214.25    0.118651561205
214.375    0.118734457032
214.5    0.130551717786
214.625    0.136593902551
214.75    0.133572810169
214.875    0.128820116054
215.0    0.132080685272
215.125    0.126462190292
215.25    0.116137054435
215.375    0.122262135028
215.5    0.11652390163
215.625    0.116238371558
215.75    0.112618587087
215.875    0.113134383347
216.0    0.117537072856
216.125    0.120945012434
216.25    0.118237082067
216.375    0.118421295017
216.5    0.118946301925
216.625    0.129133278069
216.75    0.12920696325
216.875    0.129547757207
217.0    0.128249055909
217.125    0.119241042645
217.25    0.113548862485
217.375    0.11382518191
217.5    0.115731785945
217.625    0.11064750852
217.75    0.120327899051
217.875    0.128608271161
218.0    0.130524085843
218.125    0.130256977065
218.25    0.121377912867
218.375    0.119784470848
218.5    0.110859353413
218.625    0.117500230266
218.75    0.118319977894
218.875    0.118310767247
219.0    0.128847747997
219.125    0.125854287556
219.25    0.126701667127
219.375    0.114497559178
219.5    0.118301556599
219.625    0.119268674588
219.75    0.119821313438
219.875    0.132412268582
220.0    0.127125356913
220.125    0.115869945657
220.25    0.115335728102
220.375    0.122096343373
220.5    0.116643640048
220.625    0.116873906236
220.75    0.114304135581
220.875    0.115731785945
221.0    0.122464769273
221.125    0.11859629732
221.25    0.121571336465
221.375    0.11855945473
221.5    0.11123698996
221.625    0.114129133278
221.75    0.114276503638
221.875    0.118697614442
222.0    0.119922630561
222.125    0.131620152897
222.25    0.131749101962
222.375    0.138813668601
222.5    0.114764667956
222.625    0.114912038316
222.75    0.119766049553
222.875    0.113889656443
223.0    0.117988394584
223.125    0.10853827024
223.25    0.119010776458
223.375    0.110896196003
223.5    0.119609468546
223.625    0.122151607258
223.75    0.12166344294
223.875    0.121967394308
224.0    0.128387215621
224.125    0.119673943078
224.25    0.120171318044
224.375    0.119544994013
224.5    0.114055448098
224.625    0.114110711983
224.75    0.109072487796
224.875    0.117877866814
225.0    0.11841208437
225.125    0.120088422216
225.25    0.119664732431
225.375    0.118946301925
225.5    0.128184581376
225.625    0.117021276596
225.75    0.118909459335
225.875    0.119305517178
226.0    0.115759417887
226.125    0.115704154002
226.25    0.105277701022
226.375    0.111421202911
226.5    0.114165975868
226.625    0.116533112278
226.75    0.116330478033
226.875    0.120143686101
227.0    0.127447729575
227.125    0.122059500783
227.25    0.122952933591
227.375    0.122888459059
227.5    0.118863406097
227.625    0.119517362071
227.75    0.117988394584
227.875    0.114958091554
228.0    0.121497651285
228.125    0.119581836603
228.25    0.118623929262
228.375    0.115989684075
228.5    0.115308096159
228.625    0.12439900525
228.75    0.122400294741
228.875    0.131914893617
229.0    0.131343833471
229.125    0.125918762089
229.25    0.119793681496
229.375    0.119821313438
229.5    0.108004052685
229.625    0.110933038593
229.75    0.111329096435
229.875    0.111798839458
230.0    0.117426545086
230.125    0.118329188542
230.25    0.117389702496
230.375    0.117702864511
230.5    0.11382518191
230.625    0.114580455006
230.75    0.114847563784
230.875    0.108436953118
231.0    0.112259371834
231.125    0.124242424242
231.25    0.118237082067
231.375    0.118752878327
231.5    0.12709772497
231.625    0.11608179055
231.75    0.119931841208
231.875    0.119544994013
232.0    0.1158975776
232.125    0.115842313715
232.25    0.116367320623
232.375    0.119480519481
232.5    0.119544994013
232.625    0.119710785668
232.75    0.117481808971
232.875    0.118789720917
233.0    0.119922630561
233.125    0.124454269135
233.25    0.118531822787
233.375    0.119646311136
233.5    0.119747628258
233.625    0.119710785668
233.75    0.120300267109
233.875    0.120235792576
234.0    0.111006723773
234.125    0.11127383255
234.25    0.117666021921
234.375    0.10839089988
234.5    0.117306806669
234.625    0.115759417887
234.75    0.11615547573
234.875    0.112738325504
235.0    0.118458137607
235.125    0.112793589389
235.25    0.12188449848
235.375    0.113134383347
235.5    0.115869945657
235.625    0.116100211845
235.75    0.115833103067
235.875    0.123413465967
236.0    0.11892788063
236.125    0.122243713733
236.25    0.11933314912
236.375    0.118006815879
236.5    0.134917564705
236.625    0.135774154923
236.75    0.123275306254
236.875    0.124224002947
237.0    0.123745049277
237.125    0.124159528415
237.25    0.120945012434
237.375    0.120355530994
237.5    0.112535691259
237.625    0.113438334715
237.75    0.111651469098
237.875    0.113475177305
238.0    0.113760707378
238.125    0.116919959473
238.25    0.117150225661
238.375    0.116791010408
238.5    0.114976512849
238.625    0.115409413282
238.75    0.115409413282
238.875    0.116173897025
239.0    0.118016026527
239.125    0.118319977894
239.25    0.10284609008
239.375    0.111623837156
240.0    0.115547572994
240.125    0.124997697338
240.25    0.121967394308
240.375    0.116247582205
240.5    0.125752970434
240.625    0.126139817629
240.75    0.128101685549
240.875    0.128488532744
241.0    0.117896288109
241.125    0.117831813577
241.25    0.115612047527
241.375    0.115575204937
241.5    0.118881827392
241.625    0.119462098186
241.75    0.127899051303
241.875    0.125900340794
242.0    0.122648982223
242.125    0.128378004974
242.25    0.126038500507
242.375    0.11907525099
242.5    0.112065948236
242.625    0.112222529244
242.75    0.115510730404
242.875    0.11567652206
243.0    0.121138436032
243.125    0.122354241503
243.25    0.122077922078
243.375    0.122805563231
243.5    0.121248963802
243.625    0.119563415308
243.75    0.121930551718
243.875    0.117012065948
244.0    0.0990052500691
244.125    0.10809615916
244.25    0.104061895551
244.375    0.107377728654
244.5    0.115501519757
244.625    0.115464677167
244.75    0.116431795155
244.875    0.119268674588
245.0    0.115584415584
245.125    0.113484387952
245.25    0.143557152068
245.375    0.123616100212
245.5    0.11637653127
245.625    0.118393663075
245.75    0.125320070001
245.875    0.11892788063
246.0    0.118725246385
246.125    0.1194068343
246.25    0.119425255595
246.375    0.109680390531
246.5    0.12199502625
246.625    0.12188449848
246.75    0.122612139633
246.875    0.122906880354
247.0    0.11914893617
247.125    0.115962052132
247.25    0.117527862209
247.375    0.115114672561
247.5    0.111448834853
247.625    0.113806760615
247.75    0.122897669706
247.875    0.111651469098
248.0    0.112609376439
248.125    0.112894906512
248.25    0.112508059317
248.375    0.112765957447
248.5    0.118531822787
248.625    0.118688403795
248.75    0.115658100764
248.875    0.115805471125
249.0    0.117877866814
249.125    0.102385557705
249.25    0.116284424795
249.375    0.115262042922
249.5    0.122888459059
249.625    0.112581744497
249.75    0.118292345952
249.875    0.114377820761
250.0    0.121120014737
250.125    0.122059500783
250.25    0.119821313438
250.375    0.116901538178
250.5    0.109975131252
250.625    0.119498940776
250.75    0.111246200608
250.875    0.11123698996
251.0    0.115925209542
251.125    0.116662061343
251.25    0.11841208437
251.375    0.124537164963
251.5    0.121064750852
251.625    0.115519941052
251.75    0.121322648982
251.875    0.122685824813
252.0    0.103205305333
252.125    0.105535599153
252.25    0.105931656995
252.375    0.10558165239
252.5    0.112683061619
252.625    0.112683061619
252.75    0.11571336465
252.875    0.115962052132
253.0    0.111651469098
253.125    0.112158054711
253.25    0.112158054711
253.375    0.112489638022
253.5    0.10558165239
253.625    0.0980381320807
253.75    0.115123883209
253.875    0.114617297596
254.0    0.107257990237
254.125    0.106834300451
254.25    0.105867182463
254.375    0.106198765773
254.5    0.114248871696
254.625    0.112683061619
254.75    0.118623929262
254.875    0.114617297596
255.0    0.125227963526
255.125    0.129556967855
255.25    0.126683245832
255.375    0.12406742194
255.5    0.1
255.625    0.100211844893
255.75    0.118863406097
255.875    0.122980565534
256.0    0.116441005803
256.125    0.119563415308
256.25    0.136925485862
256.375    0.113180436585
256.5    0.113208068527
256.625    0.113585705075
256.75    0.114350188818
256.875    0.114773878604
257.0    0.113355438887
257.125    0.111218568665
257.25    0.119056829695
257.375    0.114294924933
257.5    0.114359399466
257.625    0.117325227964
257.75    0.117601547389
257.875    0.117868656167
258.0    0.108980381321
258.125    0.103269779866
258.25    0.109496177581
258.375    0.109422492401
258.5    0.115050198029
258.625    0.114902827669
258.75    0.114948880906
258.875    0.106134291241
259.0    0.110444874275
259.125    0.107239568942
259.25    0.109717233121
259.375    0.108188265635
259.5    0.114976512849
259.625    0.115040987381
259.75    0.115040987381
259.875    0.115298885512
260.0    0.118301556599
260.125    0.106944828221
260.25    0.106751404624
260.375    0.118863406097
260.5    0.106723772681
260.625    0.124739799208
260.75    0.103785576126
260.875    0.104632955697
261.0    0.117914709404
261.125    0.11848576955
261.25    0.11900156581
261.375    0.110085659022
261.5    0.110122501612
261.625    0.11068435111
261.75    0.109431703049
261.875    0.115013355439
262.0    0.112084369531
262.125    0.112176476006
262.25    0.111881735286
262.375    0.111881735286
262.5    0.104725062172
262.625    0.105001381597
262.75    0.108040895275
262.875    0.108335635995
263.0    0.114617297596
263.125    0.10857511283
263.25    0.117583126094
263.375    0.124629271438
263.5    0.101888182739
263.625    0.11097909183
263.75    0.104761904762
263.875    0.108151423045
264.0    0.113438334715
264.125    0.119287095883
264.25    0.116625218753
264.375    0.11656074422
264.5    0.108667219306
264.625    0.108667219306
264.75    0.108667219306
264.875    0.106032974118
265.0    0.107018513401
265.125    0.102017131804
265.25    0.107221147647
265.375    0.106106659298
265.5    0.110361978447
265.625    0.107792207792
265.75    0.107663258727
265.875    0.107663258727
266.0    0.108179054988
266.125    0.122648982223
266.25    0.110629087225
266.375    0.111835682048
266.5    0.106189555126
266.625    0.105959288938
266.75    0.11874366768
266.875    0.11338307083
267.0    0.111679101041
267.125    0.111375149673
267.25    0.113023855577
267.375    0.109938288662
267.5    0.112250161186
267.625    0.109431703049
267.75    0.107755365202
267.875    0.106640876854
268.0    0.117730496454
268.125    0.123606889564
268.25    0.117666021921
268.375    0.117841024224
268.5    0.108455374413
268.625    0.108915906788
268.75    0.109302753984
268.875    0.111292253845
269.0    0.112056737589
269.125    0.111844892696
269.25    0.106125080593
269.375    0.106189555126
269.5    0.108842221608
269.625    0.106594823616
269.75    0.1055448098
269.875    0.105425071383
270.0    0.103011881735
270.125    0.127254305978
270.25    0.127291148568
270.375    0.121423966105
270.5    0.106456663903
270.625    0.106456663903
270.75    0.10499217095
270.875    0.10547112462
271.0    0.103186884038
271.125    0.103232937275
271.25    0.104835589942
271.375    0.104071106199
271.5    0.118329188542
271.625    0.11844892696
271.75    0.115768628535
271.875    0.1158975776
272.0    0.112940959749
272.125    0.113475177305
272.25    0.113254121765
272.375    0.107700101317
272.5    0.109100119738
272.625    0.102910564613
272.75    0.103628995118
272.875    0.104190844616
273.0    0.109533020171
273.125    0.108833010961
273.25    0.107267200884
273.375    0.107488256424
273.5    0.109477756286
273.625    0.109330385926
273.75    0.109459334991
273.875    0.100534217555
274.0    0.109919867367
274.125    0.11042645298
274.25    0.109772497007
274.375    0.110205397439
274.5    0.110638297872
274.625    0.110951459888
274.75    0.111338307083
274.875    0.111771207516
275.0    0.115418623929
275.125    0.112185686654
275.25    0.112185686654
275.375    0.112121212121
275.5    0.111338307083
275.625    0.111338307083
275.75    0.108676429953
275.875    0.108704061896
276.0    0.1138620245
276.125    0.113594915723
276.25    0.113880445795
276.375    0.113705443493
276.5    0.120235792576
276.625    0.114221239753
276.75    0.114221239753
276.875    0.114221239753
277.0    0.11330938565
277.125    0.113208068527
277.25    0.119102882933
277.375    0.118918669982
277.5    0.112987012987
277.625    0.113512019895
277.75    0.107644837432
277.875    0.10802247398
278.0    0.112747536152
278.125    0.111550151976
278.25    0.103260569218
278.375    0.115289674864
278.5    0.108934328083
278.625    0.108630376715
278.75    0.10233029382
278.875    0.108694851248
279.0    0.109560652114
279.125    0.109671179884
279.25    0.110011973842
279.375    0.110011973842
279.5    0.112600165792
279.625    0.110011973842
279.75    0.106981670811
279.875    0.11633968868
280.0    0.112121212121
280.125    0.112563323202
280.25    0.109284332689
280.375    0.109330385926
280.5    0.10809615916
280.625    0.11112646219
280.75    0.111338307083
280.875    0.111190936723
281.0    0.111596205213
281.125    0.114414663351
281.25    0.114783089251
281.375    0.114479137883
281.5    0.108694851248
281.625    0.108667219306
281.75    0.108989591968
281.875    0.108989591968
282.0    0.109063277148
282.125    0.10816984434
282.25    0.115980473427
282.375    0.118725246385
282.5    0.114534401768
282.625    0.114534401768
282.75    0.115289674864
282.875    0.115833103067
283.0    0.104494795984
283.125    0.10488164318
283.25    0.104761904762
283.375    0.104890853827
283.5    0.11101593442
283.625    0.11105277701
283.75    0.112001473704
283.875    0.108869853551
284.0    0.104448742747
284.125    0.106318504191
284.25    0.109394860459
284.375    0.104660587639
284.5    0.113705443493
284.625    0.10565533757
284.75    0.106152712536
284.875    0.106106659298
285.0    0.115123883209
285.125    0.114331767523
285.25    0.115123883209
285.375    0.106134291241
285.5    0.106825089804
285.625    0.116883116883
285.75    0.116514690983
285.875    0.10824352952
286.0    0.108915906788
286.125    0.108722483191
286.25    0.106069816708
286.375    0.115722575297
286.5    0.10824352952
286.625    0.109855392834
286.75    0.110242240029
286.875    0.110288293267
287.0    0.0975315464677
287.125    0.109652758589
287.25    0.109652758589
287.375    0.0969789076172
287.5    0.103711890946
287.625    0.106898774984
287.75    0.103850050659
287.875    0.104015842314
288.0    0.109265911394
288.125    0.110592244635
288.25    0.107561941604
288.375    0.108114580455
288.5    0.111715943631
288.625    0.111715943631
288.75    0.114976512849
288.875    0.106125080593
289.0    0.110113290964
289.125    0.110002763194
289.25    0.110002763194
289.375    0.110002763194
289.5    0.113263332412
289.625    0.113300175002
289.75    0.11330938565
289.875    0.116210739615
290.0    0.110048816432
290.125    0.110094869669
290.25    0.110094869669
290.375    0.111034355715
290.5    0.106871143041
290.625    0.10813300175
290.75    0.107718522612
290.875    0.108160633693
291.0    0.107488256424
291.125    0.109523809524
291.25    0.109569862761
291.375    0.109523809524
291.5    0.106677719444
291.625    0.106723772681
291.75    0.106769825919
291.875    0.115962052132
292.0    0.103527677996
292.125    0.103527677996
292.25    0.11611863314
292.375    0.116275214148
292.5    0.108529059593
292.625    0.109569862761
292.75    0.111559362623
292.875    0.111734364926
293.0    0.12720825274
293.125    0.118541033435
293.25    0.116735746523
293.375    0.0968591691996
293.5    0.107175094409
293.625    0.107709311965
293.75    0.116542322925
293.875    0.113760707378
294.0    0.116791010408
294.125    0.0986091922262
294.25    0.0982868195634
294.375    0.107700101317
294.5    0.112102790826
294.625    0.112830431979
294.75    0.116892327531
294.875    0.112885695864
295.0    0.119176568113
295.125    0.119213410703
295.25    0.110371189095
295.375    0.11353044119
295.5    0.110223818734
295.625    0.110223818734
295.75    0.122602928986
295.875    0.107451413834
296.0    0.109689601179
296.125    0.10828037211
296.25    0.108621166068
296.375    0.108667219306
296.5    0.114064658746
296.625    0.114073869393
296.75    0.114433084646
296.875    0.114433084646
297.0    0.116763378466
297.125    0.116763378466
297.25    0.116431795155
297.375    0.110776457585
297.5    0.109358017869
297.625    0.108151423045
297.75    0.110205397439
297.875    0.110177765497
298.0    0.113889656443
298.125    0.113889656443
298.25    0.111890945933
298.375    0.112010684351
298.5    0.102643455835
298.625    0.117776549691
298.75    0.117666021921
298.875    0.10251450677
299.0    0.109440913696
299.125    0.109440913696
299.25    0.110122501612
299.375    0.1107211937
