0.0    0.114971994452
0.125    0.106412304883
0.25    0.114594490194
0.375    0.107457025969
0.5    0.113593664952
0.625    0.106895159166
0.75    0.110880901796
0.875    0.126024967956
1.0    0.113900935859
1.125    0.114822748582
1.25    0.112987902305
1.375    0.112268010465
1.5    0.119519603884
1.625    0.118509999473
1.75    0.10889680965
1.875    0.107579934332
2.0    0.112347022984
2.125    0.113927273366
2.25    0.107263884255
2.375    0.106394746545
2.5    0.115428511229
2.625    0.128061735115
2.75    0.111038926834
2.875    0.104349200218
3.0    0.107834530227
3.125    0.108150580303
3.25    0.113909715028
3.375    0.113997506716
3.5    0.120546766632
3.625    0.10802767194
3.75    0.118158832722
3.875    0.107299000931
4.0    0.113549769108
4.125    0.113857040015
4.25    0.114919319439
4.375    0.100038628343
4.5    0.105657296367
4.625    0.10563973803
4.75    0.109300651414
4.875    0.119379137183
5.0    0.105824100574
5.125    0.117869120152
5.25    0.117860340983
5.375    0.118545116148
5.5    0.10940600144
5.625    0.108326163679
5.75    0.107167313399
5.875    0.108782680456
6.0    0.115077344477
6.125    0.113672677471
6.25    0.115296823697
6.375    0.114638386038
6.5    0.1132424982
6.625    0.113119589837
6.75    0.115165136165
6.875    0.113892156691
7.0    0.112487489684
7.125    0.113198602356
7.25    0.113892156691
7.375    0.11577967798
7.5    0.11404140256
7.625    0.103120116587
7.75    0.109291872246
7.875    0.109528909803
8.0    0.103559075027
8.125    0.112627956385
8.25    0.110257580812
8.375    0.110477060032
8.5    0.108405176198
8.625    0.11339174407
8.75    0.102189524696
8.875    0.102452899759
9.0    0.121846083613
9.125    0.120915491721
9.25    0.120160483205
9.375    0.117570628413
9.5    0.100591715976
9.625    0.106105033975
9.75    0.103497620845
9.875    0.107079521711
10.0    0.130765719102
10.125    0.110213684968
10.25    0.111346197742
10.375    0.111495443611
10.5    0.115375836216
10.625    0.109414780609
10.75    0.110880901796
10.875    0.109827401542
11.0    0.108703667937
11.125    0.112584060541
11.25    0.108694888768
11.375    0.108765122118
11.5    0.115244148684
11.625    0.116025494706
11.75    0.115911365512
11.875    0.116209857251
12.0    0.106833704985
12.125    0.108580759574
12.25    0.106500096571
12.375    0.110661422577
12.5    0.112101206258
12.625    0.121565150212
12.75    0.107299000931
12.875    0.108633434586
13.0    0.119089424613
13.125    0.109862518217
13.25    0.108844134637
13.375    0.11693852826
13.5    0.11455059435
13.625    0.117368707531
13.75    0.105429037979
13.875    0.117772549295
14.0    0.106816146647
14.125    0.11099503099
14.25    0.11346197742
14.375    0.110986251822
14.5    0.121661721068
14.625    0.103945358453
14.75    0.117245799168
14.875    0.108457851211
15.0    0.10838761786
15.125    0.106429863221
15.25    0.109906414061
15.375    0.110169789124
15.5    0.10527101294
15.625    0.115402173722
15.75    0.0978613944832
15.875    0.107869646902
16.0    0.113488314926
16.125    0.119396695521
16.25    0.119229891314
16.375    0.11339174407
16.5    0.109002159676
16.625    0.109063613857
16.75    0.109247976402
16.875    0.109704493179
17.0    0.108844134637
17.125    0.110143451618
17.25    0.11078433094
17.375    0.102698716486
17.5    0.111714922831
17.625    0.119326462171
17.75    0.105437817147
17.875    0.103041104068
18.0    0.11179393535
18.125    0.112873773111
18.25    0.121073516759
18.375    0.113251277369
18.5    0.113207381525
18.625    0.107676505188
18.75    0.109493793128
18.875    0.106333292364
19.0    0.105376362966
19.125    0.107615051007
19.25    0.109432338946
19.375    0.107474584306
19.5    0.110968693484
19.625    0.107641388513
19.75    0.113576106614
19.875    0.11397116921
20.0    0.111205731041
20.125    0.112355802153
20.25    0.111600793637
20.375    0.110872122627
20.5    0.112496268853
20.625    0.110556072551
20.75    0.111381314417
20.875    0.123716046565
21.0    0.110240022475
21.125    0.11070531842
21.25    0.110652643408
21.375    0.114866644426
21.5    0.112900110618
21.625    0.112715748073
21.75    0.11107404351
21.875    0.10911628887
22.0    0.108615876249
22.125    0.108800238793
22.25    0.108782680456
22.375    0.11012589328
22.5    0.111802714519
22.625    0.109730830685
22.75    0.109449897284
22.875    0.108106684459
23.0    0.107606271838
23.125    0.110880901796
23.25    0.111354976911
23.375    0.111249626885
23.5    0.113198602356
23.625    0.116394219795
23.75    0.11070531842
23.875    0.106587888259
24.0    0.109309430583
24.125    0.10940600144
24.25    0.109686934841
24.375    0.109177743051
24.5    0.111539339455
24.625    0.121652941899
24.75    0.111407651924
24.875    0.110898460134
25.0    0.116613699015
25.125    0.110608747564
25.25    0.120292170737
25.375    0.114568152687
25.5    0.112022193739
25.625    0.108800238793
25.75    0.106385967377
25.875    0.106192825663
26.0    0.113760469159
26.125    0.105314908784
26.25    0.125629905361
26.375    0.106824925816
26.5    0.108124242797
26.625    0.108413955367
26.75    0.110362930838
26.875    0.108967043
27.0    0.117456499219
27.125    0.11201341457
27.25    0.110538514213
27.375    0.111486664443
27.5    0.111600793637
27.625    0.110740435096
27.75    0.109564026478
27.875    0.111153056029
28.0    0.118887503731
28.125    0.11606939055
28.25    0.103778554246
28.375    0.109722051516
28.5    0.111021368497
28.625    0.105332467122
28.75    0.118202728566
28.875    0.10223342054
29.0    0.105788983899
29.125    0.106842484154
29.25    0.113119589837
29.375    0.112873773111
29.5    0.110520955876
29.625    0.112733306411
29.75    0.112742085579
29.875    0.0915491721244
30.0    0.110757993433
30.125    0.110626305901
30.25    0.125261180271
30.375    0.113655119133
30.5    0.107799413552
30.625    0.105534388004
30.75    0.114445244324
30.875    0.114252102611
31.0    0.116525907327
31.125    0.107176092568
31.25    0.109326988921
31.375    0.109142626376
31.5    0.10809790529
31.625    0.111188172704
31.75    0.112329464646
31.875    0.111530560287
32.0    0.108835355469
32.125    0.0978174986392
32.25    0.11281231893
32.375    0.11455059435
32.5    0.0935596017769
32.625    0.0959036398434
32.75    0.0980545361965
32.875    0.110310255825
33.0    0.111038926834
33.125    0.108694888768
33.25    0.112268010465
33.375    0.11252260636
33.5    0.11252260636
33.625    0.113110810668
33.75    0.104902287851
33.875    0.113584885783
34.0    0.105578283848
34.125    0.105903113093
34.25    0.110029322424
34.375    0.109713272347
34.5    0.109239197233
34.625    0.109221638895
34.75    0.109291872246
34.875    0.110380489175
35.0    0.115814794655
35.125    0.11642933647
35.25    0.113707794146
35.375    0.112382139659
35.5    0.0970449317859
35.625    0.11773743262
35.75    0.127192597405
35.875    0.119861991467
36.0    0.11237336049
36.125    0.112048531245
36.25    0.101768124594
36.375    0.119106982951
36.5    0.098906115569
36.625    0.113707794146
36.75    0.106464979896
36.875    0.100214211718
37.0    0.110837005952
37.125    0.109976647411
37.25    0.0941917019297
37.375    0.101566203712
37.5    0.115121240321
37.625    0.115024669464
37.75    0.111337418573
37.875    0.109133847207
38.0    0.110837005952
38.125    0.111767597844
38.25    0.110257580812
38.375    0.109467455621
38.5    0.118343195266
38.625    0.110292697487
38.75    0.10368198339
38.875    0.112689410567
39.0    0.101373061998
39.125    0.111960739557
39.25    0.112294347971
39.375    0.112557723035
39.5    0.0969044650852
39.625    0.0941390269169
39.75    0.112399697997
39.875    0.111978297895
40.0    0.104489666918
40.125    0.109397222271
40.25    0.097993082015
40.375    0.110661422577
40.5    0.112285568802
40.625    0.112338243815
40.75    0.113830702509
40.875    0.114164310923
41.0    0.119063087107
41.125    0.111109160185
41.25    0.117316032518
41.375    0.117491615894
41.5    0.102356328903
41.625    0.10230365389
41.75    0.104884729514
41.875    0.102742612329
42.0    0.105692413042
42.125    0.106543992415
42.25    0.106596667428
42.375    0.106403525714
42.5    0.112399697997
42.625    0.112390918828
42.75    0.111750039506
42.875    0.113066914825
43.0    0.108545642899
43.125    0.0987305321932
43.25    0.104990079539
43.375    0.104735483644
43.5    0.105025196214
43.625    0.1159991572
43.75    0.122285042052
43.875    0.118817270381
44.0    0.117421382543
44.125    0.110608747564
44.25    0.100468807613
44.375    0.116007936369
44.5    0.109669376503
44.625    0.120599441645
44.75    0.108765122118
44.875    0.110161009956
45.0    0.109046055519
45.125    0.108940705494
45.25    0.106227942338
45.375    0.106570329921
45.5    0.106087475638
45.625    0.106306954858
45.75    0.106631784103
45.875    0.113699014977
46.0    0.105472933823
46.125    0.108282267835
46.25    0.109344547258
46.375    0.109274313908
46.5    0.11541973206
46.625    0.111811493688
46.75    0.113953610872
46.875    0.112873773111
47.0    0.107097080048
47.125    0.104050708479
47.25    0.109230418064
47.375    0.109809843204
47.5    0.109010938844
47.625    0.112557723035
47.75    0.12208312117
47.875    0.108106684459
48.0    0.107536038488
48.125    0.108141801134
48.25    0.108361280354
48.375    0.110064439099
48.5    0.106429863221
48.625    0.104814496164
48.75    0.104445771074
48.875    0.113795585834
49.0    0.107764296876
49.125    0.107097080048
49.25    0.107755517708
49.375    0.11570944463
49.5    0.117509174231
49.625    0.107895984408
49.75    0.108975822169
49.875    0.109423559777
50.0    0.107255105087
50.125    0.109247976402
50.25    0.11491054027
50.375    0.108782680456
50.5    0.109423559777
50.625    0.109379663933
50.75    0.109801064035
50.875    0.103892683441
51.0    0.108106684459
51.125    0.107421909294
51.25    0.108133021965
51.375    0.109046055519
51.5    0.106921496673
51.625    0.109291872246
51.75    0.114813969413
51.875    0.117324811687
52.0    0.10419117518
52.125    0.108914367988
52.25    0.0969746984356
52.375    0.104805716995
52.5    0.121205204291
52.625    0.111117939354
52.75    0.110626305901
52.875    0.118158832722
53.0    0.109739609854
53.125    0.113233719031
53.25    0.126086422138
53.375    0.117105332467
53.5    0.118466103629
53.625    0.11664881569
53.75    0.127096026548
53.875    0.1146208277
54.0    0.108291047004
54.125    0.0960002107001
54.25    0.0967201025407
54.375    0.108159359472
54.5    0.112364581321
54.625    0.13230207364
54.75    0.120862816709
54.875    0.128974768669
55.0    0.112452373009
55.125    0.112145102102
55.25    0.114287219286
55.375    0.115814794655
55.5    0.130203852299
55.625    0.131854336031
55.75    0.129975593911
55.875    0.121415904342
56.0    0.122170912858
56.125    0.122258704546
56.25    0.119870770635
56.375    0.120046354011
56.5    0.116315207276
56.625    0.115437290397
56.75    0.115920144681
56.875    0.11650834899
57.0    0.126060084631
57.125    0.121336891823
57.25    0.129053781188
57.375    0.1260688638
57.5    0.119668849753
57.625    0.122759117167
57.75    0.12208312117
57.875    0.118843607887
58.0    0.118351974435
58.125    0.119212332976
58.25    0.116157182238
58.375    0.108870472144
58.5    0.109897634892
58.625    0.110090776605
58.75    0.122091900339
58.875    0.115630432111
59.0    0.129132793707
59.125    0.128553368567
59.25    0.122583533791
59.375    0.125989851281
59.5    0.116947307429
59.625    0.115630432111
59.75    0.110433164188
59.875    0.110354151669
60.0    0.124997805208
60.125    0.108782680456
60.25    0.118729478693
60.375    0.11911576212
60.5    0.107773076045
60.625    0.114208206767
60.75    0.103128895756
60.875    0.126744859797
61.0    0.106781029972
61.125    0.125305076115
61.25    0.111556897793
61.375    0.127903710077
61.5    0.122917142205
61.625    0.127780801714
61.75    0.128974768669
61.875    0.130089723105
62.0    0.119730303935
62.125    0.118220286903
62.25    0.104867171176
62.375    0.125410426141
62.5    0.124067213316
62.625    0.124190121679
62.75    0.12671852229
62.875    0.125032921883
63.0    0.115358277878
63.125    0.128307551841
63.25    0.128527031061
63.375    0.125963513775
63.5    0.131661194318
63.625    0.12498024687
63.75    0.123110283918
63.875    0.138561620986
64.0    0.128491914386
64.125    0.129334714589
64.25    0.129580531315
64.375    0.13346092392
64.5    0.125164609415
64.625    0.123215633944
64.75    0.131011535828
64.875    0.12353168402
65.0    0.121029620916
65.125    0.121029620916
65.25    0.117693536776
65.375    0.115077344477
65.5    0.130247748143
65.625    0.130221410637
65.75    0.115226590346
65.875    0.114708619388
66.0    0.105367583797
66.125    0.0998981616421
66.25    0.121407125173
66.375    0.10194370797
66.5    0.110968693484
66.625    0.111688585325
66.75    0.124989026039
66.875    0.114559373519
67.0    0.108650992924
67.125    0.10918652222
67.25    0.105920671431
67.375    0.109318209752
67.5    0.121652941899
67.625    0.118545116148
67.75    0.118703141187
67.875    0.104419433568
68.0    0.114427685987
68.125    0.11368145664
68.25    0.121951433638
68.375    0.119879549804
68.5    0.105007637877
68.625    0.112750864748
68.75    0.112944006461
68.875    0.112364581321
69.0    0.119651291416
69.125    0.114647165206
69.25    0.115015890296
69.375    0.131678752656
69.5    0.116596140677
69.625    0.117869120152
69.75    0.112900110618
69.875    0.114849086089
70.0    0.1161396239
70.125    0.11548996541
70.25    0.114585711025
70.375    0.122451846259
70.5    0.10947623479
70.625    0.110196126631
70.75    0.108396397029
70.875    0.108554422067
71.0    0.1074482468
71.125    0.102005162151
71.25    0.108291047004
71.375    0.110731655927
71.5    0.108624655418
71.625    0.107904763577
71.75    0.109994205749
71.875    0.109783505698
72.0    0.109959089073
72.125    0.110696539252
72.25    0.110406826682
72.375    0.110889680965
72.5    0.109441118115
72.625    0.109774726529
72.75    0.104577458606
72.875    0.10751848015
73.0    0.102874299861
73.125    0.10686882166
73.25    0.119554720559
73.375    0.111530560287
73.5    0.11223289379
73.625    0.108931926325
73.75    0.109098730532
73.875    0.107000509192
74.0    0.100381015925
74.125    0.107105859217
74.25    0.111153056029
74.375    0.0957719523116
74.5    0.10136428283
74.625    0.10136428283
74.75    0.0922427264587
74.875    0.103181570769
75.0    0.102847962355
75.125    0.103304479132
75.25    0.103234245782
75.375    0.104278966867
75.5    0.100916545222
75.625    0.100907766053
75.75    0.100697066002
75.875    0.104630133619
76.0    0.105551946342
76.125    0.107360455112
76.25    0.105692413042
76.375    0.105630958861
76.5    0.108080346953
76.625    0.109379663933
76.75    0.109634259828
76.875    0.106280617351
77.0    0.103330816638
77.125    0.101232595298
77.25    0.0955261355855
77.375    0.0974224360438
77.5    0.103005987393
77.625    0.104120941829
77.75    0.104147279336
77.875    0.10419117518
78.0    0.105508050498
78.125    0.106315734026
78.25    0.120950608396
78.375    0.100995557741
78.5    0.104454550243
78.625    0.104954962864
78.75    0.10440187523
78.875    0.102733833161
79.0    0.104972521202
79.125    0.0858953874247
79.25    0.099195828139
79.375    0.0994679823714
79.5    0.106131371482
79.625    0.106526434077
79.75    0.108624655418
79.875    0.106403525714
80.0    0.107035625867
80.125    0.0987568696996
80.25    0.0984232612856
80.375    0.098449598792
80.5    0.101460853686
80.625    0.101934928801
80.75    0.109335768089
80.875    0.108229592822
81.0    0.107018067529
81.125    0.107018067529
81.25    0.106280617351
81.375    0.106833704985
81.5    0.105595842186
81.625    0.106895159166
81.75    0.106543992415
81.875    0.105955788106
82.0    0.105332467122
82.125    0.104059487648
82.25    0.104006812635
82.375    0.0984759362984
82.5    0.108756342949
82.625    0.109072393026
82.75    0.109072393026
82.875    0.109247976402
83.0    0.108870472144
83.125    0.108870472144
83.25    0.108694888768
83.375    0.106043579794
83.5    0.099775253279
83.625    0.0975277860692
83.75    0.105771425561
83.875    0.105648517198
84.0    0.108089126122
84.125    0.108089126122
84.25    0.107711621864
84.375    0.10295331238
84.5    0.0974224360438
84.625    0.102918195705
84.75    0.103023545731
84.875    0.103541516689
85.0    0.105920671431
85.125    0.106184046494
85.25    0.104682808632
85.375    0.105095429565
85.5    0.100732182677
85.625    0.100776078521
85.75    0.100776078521
85.875    0.100776078521
86.0    0.0977648236265
86.125    0.0895914174846
86.25    0.095921198181
86.375    0.102830404017
86.5    0.103076220743
86.625    0.103523958352
86.75    0.103962916791
86.875    0.109906414061
87.0    0.104603796113
87.125    0.104674029463
87.25    0.105314908784
87.375    0.10411216266
87.5    0.112443593841
87.625    0.103638087546
87.75    0.104349200218
87.875    0.104647691957
88.0    0.103383491651
88.125    0.103357154145
88.25    0.109177743051
88.375    0.104577458606
88.5    0.109089951363
88.625    0.109054834688
88.75    0.107009288361
88.875    0.107105859217
89.0    0.102426562253
89.125    0.104946183695
89.25    0.106333292364
89.375    0.103769775078
89.5    0.105894333924
89.625    0.106105033975
89.75    0.106245500676
89.875    0.107061963373
90.0    0.105437817147
90.125    0.105455375485
90.25    0.105499271329
90.375    0.114234544273
90.5    0.105516829667
90.625    0.106552771584
90.75    0.100793636858
90.875    0.106719575791
91.0    0.103295699963
91.125    0.102277316384
91.25    0.10339227082
91.375    0.104656471125
91.5    0.109590363984
91.625    0.10976594736
91.75    0.108668551262
91.875    0.108668551262
92.0    0.107202430074
92.125    0.107641388513
92.25    0.104147279336
92.375    0.104147279336
92.5    0.101276491142
92.625    0.0959124190122
92.75    0.100811195196
92.875    0.0959914315313
93.0    0.106148929819
93.125    0.10621916317
93.25    0.104235071023
93.375    0.104884729514
93.5    0.102698716486
93.625    0.0971063859674
93.75    0.101083349428
93.875    0.100161536706
94.0    0.100723403508
94.125    0.100872649378
94.25    0.101267711973
94.375    0.101381841167
94.5    0.105788983899
94.625    0.103646866715
94.75    0.104199954348
94.875    0.103418608326
95.0    0.103067441575
95.125    0.0973785401998
95.25    0.0966762066968
95.375    0.0961143398943
95.5    0.103980475129
95.625    0.104217512686
95.75    0.104296525205
95.875    0.104296525205
96.0    0.110749214264
96.125    0.0950345021333
96.25    0.0956227064422
96.375    0.108203255316
96.5    0.103883904272
96.625    0.0983618071041
96.75    0.0995645532281
96.875    0.0994328656963
97.0    0.100881428546
97.125    0.0990904781135
97.25    0.10092532439
97.375    0.102707495654
97.5    0.10520077959
97.625    0.105314908784
97.75    0.105429037979
97.875    0.105516829667
98.0    0.0960880023879
98.125    0.0948062437448
98.25    0.105095429565
98.375    0.105086650396
98.5    0.103436166664
98.625    0.10339227082
98.75    0.10339227082
98.875    0.101092128597
99.0    0.104287746036
99.125    0.104287746036
99.25    0.103936579285
99.375    0.102250978877
99.5    0.108703667937
99.625    0.10889680965
99.75    0.10889680965
99.875    0.100047407511
100.0    0.105499271329
100.125    0.104902287851
100.25    0.10578020473
100.375    0.105069092058
100.5    0.102575808122
100.625    0.102997208224
100.75    0.103164012431
100.875    0.100161536706
101.0    0.104823275332
101.125    0.104849612839
101.25    0.104779379488
101.375    0.105042754552
101.5    0.104814496164
101.625    0.0965445191649
101.75    0.0967113233719
101.875    0.0972644110056
102.0    0.103998033466
102.125    0.102400224747
102.25    0.102347549734
102.375    0.102347549734
102.5    0.10954646814
102.625    0.101671553737
102.75    0.101645216231
102.875    0.101276491142
103.0    0.106096254807
103.125    0.106105033975
103.25    0.106342071533
103.375    0.106570329921
103.5    0.104024370973
103.625    0.104024370973
103.75    0.10404192931
103.875    0.104059487648
104.0    0.103550295858
104.125    0.104059487648
104.25    0.10751848015
104.375    0.103787333415
104.5    0.104296525205
104.625    0.103602970871
104.75    0.104085825154
104.875    0.104717925307
105.0    0.103673204221
105.125    0.103673204221
105.25    0.10382245009
105.375    0.102066616333
105.5    0.10346250417
105.625    0.10346250417
105.75    0.10346250417
105.875    0.103989254297
106.0    0.107114638386
106.125    0.106991730023
106.25    0.107193650905
106.375    0.106464979896
106.5    0.101891032957
106.625    0.10201394132
106.75    0.102180745527
106.875    0.10295331238
107.0    0.101232595298
107.125    0.101715449581
107.25    0.101574982881
107.375    0.12172317525
107.5    0.106702017453
107.625    0.100591715976
107.75    0.100767299352
107.875    0.101302828648
108.0    0.103576633364
108.125    0.103734658403
108.25    0.103058662406
108.375    0.0955173564167
108.5    0.0873439502748
108.625    0.0988183238811
108.75    0.0972292943304
108.875    0.096957140098
109.0    0.107351675943
109.125    0.104454550243
109.25    0.103708320896
109.375    0.104410654399
109.5    0.101539866205
109.625    0.101583762049
109.75    0.101847137113
109.875    0.102400224747
110.0    0.101030674416
110.125    0.100995557741
110.25    0.100995557741
110.375    0.100995557741
110.5    0.0987656488684
110.625    0.0981950028971
110.75    0.0982301195723
110.875    0.0979491861711
111.0    0.104173616842
111.125    0.104463329412
111.25    0.104516004425
111.375    0.104489666918
111.5    0.102066616333
111.625    0.102066616333
111.75    0.101891032957
111.875    0.102531912279
112.0    0.102391445578
112.125    0.101952487139
112.25    0.102005162151
112.375    0.100714624339
112.5    0.100846311871
112.625    0.0988446613875
112.75    0.0960616648816
112.875    0.0961143398943
113.0    0.0914789387741
113.125    0.112891331449
113.25    0.107167313399
113.375    0.106789809141
113.5    0.105033975383
113.625    0.104454550243
113.75    0.104489666918
113.875    0.105271012941
114.0    0.102821624849
114.125    0.102865520693
114.25    0.103260583288
114.375    0.103708320896
114.5    0.102145628852
114.625    0.101118466104
114.75    0.101030674416
114.875    0.101171141116
115.0    0.103717100065
115.125    0.102452899759
115.25    0.103032324899
115.375    0.102461678928
115.5    0.101891032957
115.625    0.102286095552
115.75    0.102681158148
115.875    0.103734658403
116.0    0.0882306463224
116.125    0.0847716538198
116.25    0.1059294506
116.375    0.105867996418
116.5    0.0985373904799
116.625    0.106824925816
116.75    0.106166488157
116.875    0.103181570769
117.0    0.0947272312257
117.125    0.094674556213
117.25    0.0887486172809
117.375    0.0888890839815
117.5    0.102259758046
117.625    0.103032324899
117.75    0.102839183186
117.875    0.10324302495
118.0    0.104340421049
118.125    0.104384316893
118.25    0.100407353432
118.375    0.0974312152126
118.5    0.102865520693
118.625    0.102988429056
118.75    0.10542025881
118.875    0.101188699454
119.0    0.0982125612347
119.125    0.0981423278844
119.25    0.098115990378
119.375    0.0985461696487
120.0    0.103998033466
120.125    0.103339595807
120.25    0.103181570769
120.375    0.103497620845
120.5    0.102821624849
120.625    0.111556897793
120.75    0.102830404017
120.875    0.101697891244
121.0    0.0983793654417
121.125    0.0982125612347
121.25    0.101531087037
121.375    0.0986251821678
121.5    0.104120941829
121.625    0.101522307868
121.75    0.101030674416
121.875    0.101522307868
122.0    0.102057837164
122.125    0.101294049479
122.25    0.110661422577
122.375    0.102646041473
122.5    0.10397169596
122.625    0.103778554246
122.75    0.10440187523
122.875    0.104902287851
123.0    0.0894158341088
123.125    0.0875897670009
123.25    0.101021895247
123.375    0.101267711973
123.5    0.0991431531263
123.625    0.102180745527
123.75    0.100960441065
123.875    0.101452074518
124.0    0.102049057995
124.125    0.102057837164
124.25    0.102057837164
124.375    0.102040278826
124.5    0.104779379488
124.625    0.104867171176
124.75    0.105560725511
124.875    0.106105033975
125.0    0.0999332783172
125.125    0.0999596158236
125.25    0.100424911769
125.375    0.100872649378
125.5    0.0997840324478
125.625    0.105947008937
125.75    0.0912506803856
125.875    0.0920144680702
126.0    0.098572507155
126.125    0.0941741435921
126.25    0.0929450599617
126.375    0.092769476586
126.5    0.104103383492
126.625    0.104094604323
126.75    0.103523958352
126.875    0.10382245009
127.0    0.10346250417
127.125    0.105622179692
127.25    0.102962091549
127.375    0.103374712482
127.5    0.100460028445
127.625    0.100460028445
127.75    0.100460028445
127.875    0.0978350569768
128.0    0.102567028954
128.125    0.0900479342616
128.25    0.093182097519
128.375    0.0944550769933
128.5    0.100600495145
128.625    0.101452074518
128.75    0.100284445069
128.875    0.10361175004
129.0    0.103620529208
129.125    0.103734658403
129.25    0.102830404017
129.375    0.102979649887
129.5    0.0914174845926
129.625    0.0910838761786
129.75    0.0914262637614
129.875    0.0914613804365
130.0    0.103655645883
130.125    0.103655645883
130.25    0.104059487648
130.375    0.10143451618
130.5    0.106333292364
130.625    0.106298175689
130.75    0.105104208734
130.875    0.105393921304
131.0    0.0964128316331
131.125    0.0963425982828
131.25    0.102031499658
131.375    0.102294874721
131.5    0.10114480361
131.625    0.101891032957
131.75    0.102180745527
131.875    0.101408178674
132.0    0.104884729514
132.125    0.104884729514
132.25    0.105156883746
132.375    0.100424911769
132.5    0.102277316384
132.625    0.101697891244
132.75    0.101697891244
132.875    0.102909416536
133.0    0.0903464260004
133.125    0.0927343599108
133.25    0.0931557600126
133.375    0.0934542517515
133.5    0.101329166155
133.625    0.101329166155
133.75    0.102830404017
133.875    0.0972556318368
134.0    0.102101733008
134.125    0.0942092602672
134.25    0.104235071023
134.375    0.0967376608783
134.5    0.104919846189
134.625    0.0938493143469
134.75    0.105077871227
134.875    0.104586237775
135.0    0.105499271329
135.125    0.105727529717
135.25    0.10266359981
135.375    0.100872649378
135.5    0.101294049479
135.625    0.101820799607
135.75    0.101329166155
135.875    0.0929187224554
136.0    0.0932435517005
136.125    0.0955349147543
136.25    0.0968869067477
136.375    0.0955173564167
136.5    0.108010113602
136.625    0.106342071533
136.75    0.106561550752
136.875    0.102163187189
137.0    0.0907678261022
137.125    0.0912506803856
137.25    0.103840008428
137.375    0.102944533212
137.5    0.0988095447123
137.625    0.0992923989957
137.75    0.0993714115148
137.875    0.0992221656454
138.0    0.107685284357
138.125    0.0967288817095
138.25    0.108905588819
138.375    0.107606271838
138.5    0.0966762066968
138.625    0.109098730532
138.75    0.106333292364
138.875    0.0955700314294
139.0    0.0979755236774
139.125    0.0997401366039
139.25    0.0997840324478
139.375    0.0957719523116
139.5    0.0928836057802
139.625    0.0914350429301
139.75    0.0931294225063
139.875    0.0944638561621
140.0    0.10570997138
140.125    0.105543167173
140.25    0.104173616842
140.375    0.0983969237793
140.5    0.0892051340579
140.625    0.0892051340579
140.75    0.104954962864
140.875    0.105218337928
141.0    0.0997664741102
141.125    0.096377714958
141.25    0.0964040524643
141.375    0.0901093884431
141.5    0.103409829157
141.625    0.103646866715
141.75    0.104217512686
141.875    0.104226291855
142.0    0.096667427528
142.125    0.0968693484101
142.25    0.09542078556
142.375    0.0968430109037
142.5    0.0975980194195
142.625    0.0988797780626
142.75    0.0968166733974
142.875    0.096377714958
143.0    0.0968605692413
143.125    0.0957017189613
143.25    0.0972292943304
143.375    0.108378838692
143.5    0.10477060032
143.625    0.0989324530753
143.75    0.0985461696487
143.875    0.0988271030499
144.0    0.095587589767
144.125    0.0940248977227
144.25    0.0938229768406
144.375    0.0939897810475
144.5    0.0957719523116
144.625    0.0963864941267
144.75    0.0936298351272
144.875    0.106385967377
145.0    0.0974487735501
145.125    0.0969483609292
145.25    0.0968956859165
145.375    0.0977297069514
145.5    0.0997840324478
145.625    0.0999596158236
145.75    0.100108861693
145.875    0.100143978368
146.0    0.10085509104
146.125    0.097870173652
146.25    0.109028497182
146.375    0.0979140694959
146.5    0.0994679823714
146.625    0.100661949327
146.75    0.101355503661
146.875    0.100108861693
147.0    0.0983354695977
147.125    0.101855916282
147.25    0.101847137113
147.375    0.101978824645
147.5    0.113233719031
147.625    0.110424385019
147.75    0.109239197233
147.875    0.109502572296
148.0    0.105376362966
148.125    0.0945867645251
148.25    0.0950608396397
148.375    0.0955436939231
148.5    0.100811195196
148.625    0.101021895247
148.75    0.100302003406
148.875    0.102514353941
149.0    0.100556599301
149.125    0.100653170158
149.25    0.100143978368
149.375    0.100477586782
149.5    0.0922602847962
149.625    0.0810405070848
149.75    0.0960704440504
149.875    0.0988973364002
150.0    0.0993275156708
150.125    0.0996347865784
150.25    0.110880901796
150.375    0.0999508366548
150.5    0.0992748406581
150.625    0.0988709988938
150.75    0.100161536706
150.875    0.100038628343
151.0    0.102909416536
151.125    0.103067441575
151.25    0.103181570769
151.375    0.103164012431
151.5    0.102646041473
151.625    0.10339227082
151.75    0.103699541727
151.875    0.104393096062
152.0    0.103567854196
152.125    0.103567854196
152.25    0.103497620845
152.375    0.102988429056
152.5    0.100486365951
152.625    0.100547820132
152.75    0.094384843643
152.875    0.0951574104964
153.0    0.103927800116
153.125    0.103980475129
153.25    0.101908591295
153.375    0.103954137622
153.5    0.0997664741102
153.625    0.0999683949924
153.75    0.100012290836
153.875    0.100486365951
154.0    0.0967815567222
154.125    0.0970449317859
154.25    0.0971151651362
154.375    0.0977648236265
154.5    0.0988446613875
154.625    0.0973434235247
154.75    0.0975102277316
154.875    0.0973609818623
155.0    0.0949028146015
155.125    0.0952715396906
155.25    0.098115990378
155.375    0.0987129738556
155.5    0.0989939072569
155.625    0.0982476779099
155.75    0.0961494565694
155.875    0.0966586483592
156.0    0.093761522659
156.125    0.095877302337
156.25    0.0940775727354
156.375    0.0944375186557
156.5    0.105025196214
156.625    0.105095429565
156.75    0.10078485769
156.875    0.101741787088
157.0    0.101136024441
157.125    0.101627657893
157.25    0.101337945323
157.375    0.101513528699
157.5    0.0987217530244
157.625    0.0987217530244
157.75    0.0992836198269
157.875    0.0988271030499
158.0    0.098739311362
158.125    0.0997050199287
158.25    0.100284445069
158.375    0.091812547188
158.5    0.0940336768915
158.625    0.0941390269169
158.75    0.0928748266114
158.875    0.0938580935157
159.0    0.0973083068495
159.125    0.0973609818623
159.25    0.0974751110565
159.375    0.0975892402507
159.5    0.103444945833
159.625    0.0953593313785
159.75    0.0971678401489
159.875    0.0969483609292
160.0    0.096913244254
160.125    0.0991343739575
160.25    0.0991343739575
160.375    0.101021895247
160.5    0.103550295858
160.625    0.103444945833
160.75    0.103444945833
160.875    0.0953681105473
161.0    0.104235071023
161.125    0.101083349428
161.25    0.100688286833
161.375    0.101276491142
161.5    0.0969308025916
161.625    0.0970712692922
161.75    0.0970712692922
161.875    0.0971151651362
162.0    0.103690762559
162.125    0.0925061015223
162.25    0.0953242147034
162.375    0.095464681404
162.5    0.101118466104
162.625    0.101689112075
162.75    0.101733007919
162.875    0.10223342054
163.0    0.101487191193
163.125    0.0986339613365
163.25    0.0990026864257
163.375    0.0957456148052
163.5    0.0957192772988
163.625    0.0948238020824
163.75    0.0963162607764
163.875    0.0952100855091
164.0    0.0962548065949
164.125    0.0963952732955
164.25    0.0966323108528
164.375    0.0974048777062
164.5    0.0998981616421
164.625    0.100108861693
164.75    0.100152757537
164.875    0.100644390989
165.0    0.094674556213
165.125    0.0947008937194
165.25    0.0948676979264
165.375    0.09484136042
165.5    0.102891858199
165.625    0.103023545731
165.75    0.102891858199
165.875    0.103778554246
166.0    0.0950520604709
166.125    0.0992836198269
166.25    0.0946131020315
166.375    0.0955173564167
166.5    0.0987744280372
166.625    0.0976243569259
166.75    0.0975014485629
166.875    0.097826277808
167.0    0.0945253103436
167.125    0.0943672853054
167.25    0.097659473601
167.375    0.0951135146524
167.5    0.0885554755676
167.625    0.097870173652
167.75    0.0978350569768
167.875    0.0870191210296
168.0    0.0976067985883
168.125    0.0977209277826
168.25    0.0977209277826
168.375    0.0988271030499
168.5    0.098159886222
168.625    0.0990553614384
168.75    0.0990026864257
168.875    0.0978087194705
169.0    0.0952100855091
169.125    0.0952100855091
169.25    0.0948676979264
169.375    0.0968605692413
169.5    0.102110512177
169.625    0.101987603814
169.75    0.0904078801819
169.875    0.0957895106491
170.0    0.097123944305
170.125    0.0954997980791
170.25    0.0954997980791
170.375    0.0978613944832
170.5    0.0983705862729
170.625    0.0980281986901
170.75    0.0982301195723
170.875    0.0991431531263
171.0    0.0921900514459
171.125    0.0981950028971
171.25    0.100977999403
171.375    0.0982301195723
171.5    0.0987919863747
171.625    0.0990026864257
171.75    0.0990553614384
171.875    0.0990202447632
172.0    0.095921198181
172.125    0.0963689357892
172.25    0.0962460274261
172.375    0.0966410900216
172.5    0.0961494565694
172.625    0.0969922567731
172.75    0.0970449317859
172.875    0.0972205151616
173.0    0.09513107299
173.125    0.09513107299
173.25    0.0971590609801
173.375    0.0927080224045
173.5    0.0926465682229
173.625    0.0927431390796
173.75    0.0932172141942
173.875    0.0985988446614
174.0    0.100890207715
174.125    0.10005618668
174.25    0.0953681105473
174.375    0.0965357399961
174.5    0.100618053483
174.625    0.10049514512
174.75    0.10172422875
174.875    0.101899812126
175.0    0.102092953839
175.125    0.092725580742
175.25    0.0928572682738
175.375    0.0932347725317
175.5    0.0937439643215
175.625    0.0944024019806
175.75    0.0924797640159
175.875    0.0979491861711
176.0    0.0885730339051
176.125    0.0922163889523
176.25    0.0924534265096
176.375    0.0925499973663
176.5    0.0971853984865
176.625    0.0983091320914
176.75    0.0987744280372
176.875    0.0991343739575
177.0    0.0947360103945
177.125    0.0952100855091
177.25    0.0931382016751
177.375    0.0921637139396
177.5    0.105007637877
177.625    0.105051533721
177.75    0.105332467122
177.875    0.0993011781645
178.0    0.096333819114
178.125    0.0968517900725
178.25    0.0968517900725
178.375    0.0970537109547
178.5    0.097369761031
178.625    0.0964479483083
178.75    0.0976067985883
178.875    0.093805418503
179.0    0.0928748266114
179.125    0.0928484891051
179.25    0.094718452057
179.375    0.0866065000966
180.0    0.101013116078
180.125    0.101179920285
180.25    0.103919020947
180.375    0.102259758046
180.5    0.0998630449669
180.625    0.0998103699542
180.75    0.0978789528208
180.875    0.0964040524643
181.0    0.0977121486138
181.125    0.0921549347708
181.25    0.0926904640669
181.375    0.0928836057802
181.5    0.0934366934139
181.625    0.0935508226081
181.75    0.0935508226081
181.875    0.0945165311748
182.0    0.103190349938
182.125    0.0935332642705
182.25    0.0959650940249
182.375    0.0939107685284
182.5    0.0992309448142
182.625    0.0997313574351
182.75    0.0994767615402
182.875    0.0998542657981
183.0    0.0971415026425
183.125    0.104568679437
183.25    0.101048232753
183.375    0.101179920285
183.5    0.0983354695977
183.625    0.0970712692922
183.75    0.0972380734992
183.875    0.0990816989447
184.0    0.101206257792
184.125    0.101065791091
184.25    0.101373061998
184.375    0.102101733008
184.5    0.103418608326
184.625    0.10339227082
184.75    0.10339227082
184.875    0.103278141626
185.0    0.0993099573332
185.125    0.100038628343
185.25    0.100574157639
185.375    0.100582936808
185.5    0.0968517900725
185.625    0.0968254525662
185.75    0.0968254525662
185.875    0.0970976067986
186.0    0.098326690429
186.125    0.0984759362984
186.25    0.0999157199796
186.375    0.0999508366548
186.5    0.0913472512423
186.625    0.0965445191649
186.75    0.0971151651362
186.875    0.0919266763823
187.0    0.0991080364511
187.125    0.0985988446614
187.25    0.0989587905817
187.375    0.0990465822696
187.5    0.0959299773498
187.625    0.0966323108528
187.75    0.0967727775534
187.875    0.0968605692413
188.0    0.0993538531772
188.125    0.100073745018
188.25    0.101636437062
188.375    0.1017944621
188.5    0.0912945762295
188.625    0.103743437571
188.75    0.0911892262041
188.875    0.106447421558
189.0    0.0916808596562
189.125    0.0921198180956
189.25    0.0922339472899
189.375    0.0916633013186
189.5    0.0976331360947
189.625    0.0980808737029
189.75    0.0949730479518
189.875    0.0986251821678
190.0    0.0986690780117
190.125    0.0977297069514
190.25    0.0990465822696
190.375    0.100898986884
190.5    0.100521482626
190.625    0.112382139659
190.75    0.0958860815058
190.875    0.0960177690376
191.0    0.0976945902762
191.125    0.0984320404544
191.25    0.0976155777571
191.375    0.0985461696487
191.5    0.10375221674
191.625    0.0998542657981
191.75    0.100960441065
191.875    0.0983793654417
192.0    0.102742612329
192.125    0.102707495654
192.25    0.0995996699033
192.375    0.100082524187
192.5    0.093471810089
192.625    0.0935332642705
192.75    0.0935332642705
192.875    0.0934893684266
193.0    0.0990026864257
193.125    0.0993011781645
193.25    0.100503924288
193.375    0.100688286833
193.5    0.10237388724
193.625    0.103155233263
193.75    0.0950696188085
193.875    0.0955524730919
194.0    0.096957140098
194.125    0.0946218812003
194.25    0.0950783979773
194.375    0.0829016908679
194.5    0.0970624901234
194.625    0.0974487735501
194.75    0.0977209277826
194.875    0.0983881446105
195.0    0.0963689357892
195.125    0.0963952732955
195.25    0.0901708426246
195.375    0.0953066563658
195.5    0.0862904500202
195.625    0.0862465541763
195.75    0.0840342036416
195.875    0.0857549207241
196.0    0.0978438361456
196.125    0.0978350569768
196.25    0.0980194195214
196.375    0.0980457570277
196.5    0.0990904781135
196.625    0.099195828139
196.75    0.0975804610819
196.875    0.0979579653398
197.0    0.0993801906836
197.125    0.0994328656963
197.25    0.100143978368
197.375    0.0986339613365
197.5    0.100354678419
197.625    0.100442470107
197.75    0.100934103559
197.875    0.10092532439
198.0    0.0988007655435
198.125    0.0970010359419
198.25    0.0982564570786
198.375    0.0982652362474
198.5    0.0980194195214
198.625    0.103725879234
198.75    0.0954120063912
198.875    0.099819149123
199.0    0.0842185661862
199.125    0.0819096447948
199.25    0.0819096447948
199.375    0.0820764490018
199.5    0.092435868172
199.625    0.0915403929556
199.75    0.0906449177392
199.875    0.0870717960424
200.0    0.0974312152126
200.125    0.0980018611838
200.25    0.0981247695468
200.375    0.0972644110056
200.5    0.102979649887
200.625    0.103629308377
200.75    0.0862904500202
200.875    0.085965620775
201.0    0.0971941776553
201.125    0.0971941776553
201.25    0.0976858111074
201.375    0.0947799062385
201.5    0.0989763489193
201.625    0.0990816989447
201.75    0.0990816989447
201.875    0.099195828139
202.0    0.0942092602672
202.125    0.0914964971117
202.25    0.0916018471371
202.375    0.0950169437958
202.5    0.100354678419
202.625    0.100451249276
202.75    0.1002756659
202.875    0.100363457588
203.0    0.0947886854073
203.125    0.0978877319895
203.25    0.0986427405053
203.375    0.0956841606237
203.5    0.0993275156708
203.625    0.105692413042
203.75    0.0893368215897
203.875    0.0908643969589
204.0    0.0978438361456
204.125    0.0962284690886
204.25    0.0988358822187
204.375    0.0980633153653
204.5    0.0922602847962
204.625    0.0919266763823
204.75    0.0927431390796
204.875    0.0846224079504
205.0    0.0954032272224
205.125    0.0958334064931
205.25    0.0956841606237
205.375    0.0951398521588
205.5    0.0958597439995
205.625    0.0960792232191
205.75    0.0942707144488
205.875    0.096377714958
206.0    0.102224641371
206.125    0.102742612329
206.25    0.102988429056
206.375    0.100293224238
206.5    0.0981335487156
206.625    0.0983179112602
206.75    0.0986866363493
206.875    0.0986427405053
207.0    0.0864133583832
207.125    0.0859217249311
207.25    0.0865187084087
207.375    0.086878654329
207.5    0.0869576668481
207.625    0.0872561585869
207.75    0.0951398521588
207.875    0.0959475356873
208.0    0.096957140098
208.125    0.09455164785
208.25    0.0958860815058
208.375    0.0926904640669
208.5    0.10310255825
208.625    0.0983881446105
208.75    0.0983618071041
208.875    0.0957719523116
209.0    0.0950432813021
209.125    0.095297877197
209.25    0.0960967815567
209.375    0.093182097519
209.5    0.0993889698523
209.625    0.0995645532281
209.75    0.0981774445596
209.875    0.0986427405053
210.0    0.0930416308184
210.125    0.0943233894615
210.25    0.0986251821678
210.375    0.0984934946359
210.5    0.0948501395888
210.625    0.0950959563149
210.75    0.0952803188594
210.875    0.0977384861201
211.0    0.0890558881885
211.125    0.0897055466788
211.25    0.0890734465261
211.375    0.0911541095289
211.5    0.0852369497656
211.625    0.0852457289344
211.75    0.0905395677137
211.875    0.0909873053219
212.0    0.101302828648
212.125    0.099942057486
212.25    0.0978438361456
212.375    0.0974751110565
212.5    0.0941653644233
212.625    0.0973522026935
212.75    0.0973522026935
212.875    0.0993714115148
213.0    0.0982915737538
213.125    0.0870015626921
213.25    0.0880462837779
213.375    0.088125296297
213.5    0.091066317841
213.625    0.0910575386722
213.75    0.0907502677646
213.875    0.0948589187576
214.0    0.0924622056784
214.125    0.0884062296982
214.25    0.0885730339051
214.375    0.0892929257458
214.5    0.0902059592998
214.625    0.0971590609801
214.75    0.097202956824
214.875    0.0972907485119
215.0    0.0999683949924
215.125    0.0989851280881
215.25    0.0960528857128
215.375    0.0877477920391
215.5    0.0997225782663
215.625    0.0996962407599
215.75    0.100354678419
215.875    0.0976419152635
216.0    0.0946131020315
216.125    0.0952276438467
216.25    0.0946394395379
216.375    0.0949379312767
216.5    0.101039453585
216.625    0.0887837339561
216.75    0.0912155637104
216.875    0.0911716678665
217.0    0.0995557740593
217.125    0.0999596158236
217.25    0.100012290836
217.375    0.0973873193686
217.5    0.096667427528
217.625    0.0970449317859
217.75    0.0844556037435
217.875    0.0970361526171
218.0    0.0906888135831
218.125    0.0875634294945
218.25    0.088204308816
218.375    0.0853335206223
218.5    0.0941917019297
218.625    0.0944989728373
218.75    0.0947535687321
218.875    0.0948501395888
219.0    0.0882130879848
219.125    0.0885028005548
219.25    0.0892051340579
219.375    0.0892578090706
219.5    0.0904956718698
219.625    0.0906800344143
219.75    0.0944024019806
219.875    0.0975453444068
220.0    0.0973434235247
220.125    0.098159886222
220.25    0.0980106403526
220.375    0.0894070549401
220.5    0.0894421716152
220.625    0.0895650799782
220.75    0.0895650799782
220.875    0.0991694906326
221.0    0.091566730462
221.125    0.0929977349745
221.25    0.0845433954313
221.375    0.0801713693748
221.5    0.0937176268151
221.625    0.0935332642705
221.75    0.0925412181975
221.875    0.0912067845416
222.0    0.0975541235756
222.125    0.0982915737538
222.25    0.0980106403526
222.375    0.0979579653398
222.5    0.0984583779608
222.625    0.0989324530753
222.75    0.098906115569
222.875    0.0813565571612
223.0    0.105376362966
223.125    0.105753867224
223.25    0.100240549225
223.375    0.0992572823205
223.5    0.092769476586
223.625    0.0914350429301
223.75    0.10056537847
223.875    0.100073745018
224.0    0.0935596017769
224.125    0.0956666022861
224.25    0.092892384949
224.375    0.0900215967552
224.5    0.0949291521079
224.625    0.0889680965006
224.75    0.0886081505803
224.875    0.09455164785
225.0    0.0956578231173
225.125    0.0953329938721
225.25    0.101039453585
225.375    0.101733007919
225.5    0.100047407511
225.625    0.100802416027
225.75    0.100802416027
225.875    0.101487191193
226.0    0.0950432813021
226.125    0.0950432813021
226.25    0.0971151651362
226.375    0.0947711270697
226.5    0.100047407511
226.625    0.0988271030499
226.75    0.101346724492
226.875    0.102391445578
227.0    0.102637262304
227.125    0.08969676751
227.25    0.0902322968061
227.375    0.0923568556529
227.5    0.0901181676119
227.625    0.0898986883922
227.75    0.0900040384176
227.875    0.090030375924
228.0    0.0929187224554
228.125    0.0932172141942
228.25    0.0916369638123
228.375    0.0895036257967
228.5    0.0920408055765
228.625    0.0921373764332
228.75    0.0926377890541
228.875    0.0927958140923
229.0    0.0842536828613
229.125    0.0841219953295
229.25    0.0897318841852
229.375    0.0812424279669
229.5    0.0971063859674
229.625    0.0961231190631
229.75    0.0969659192668
229.875    0.0956753814549
230.0    0.0925061015223
230.125    0.0935596017769
230.25    0.0938668726845
230.375    0.0949730479518
230.5    0.0946833353818
230.625    0.0953417730409
230.75    0.0881428546345
230.875    0.0906449177392
231.0    0.0971853984865
231.125    0.0966059733465
231.25    0.097993082015
231.375    0.0974399943813
231.5    0.095253981353
231.625    0.094218039436
231.75    0.0942268186048
231.875    0.0943497269678
232.0    0.0911189928538
232.125    0.0916369638123
232.25    0.0932523308693
232.375    0.0952627605218
232.5    0.0936473934648
232.625    0.0943146102927
232.75    0.0941917019297
232.875    0.0933225642196
233.0    0.105990904781
233.125    0.0856495706986
233.25    0.0873263919372
233.375    0.096210910751
233.5    0.104735483644
233.625    0.095921198181
233.75    0.0851491580777
233.875    0.0909697469844
234.0    0.0980369778589
234.125    0.0910487595035
234.25    0.110687760083
234.375    0.103910241778
234.5    0.0964216108019
234.625    0.0970624901234
234.75    0.0921724931084
234.875    0.0912857970607
235.0    0.0919442347199
235.125    0.102795287342
235.25    0.0919617930575
235.375    0.0923217389778
235.5    0.0948062437449
235.625    0.0924885431847
235.75    0.0941829227609
235.875    0.0929450599617
236.0    0.0893368215897
236.125    0.0897670008604
236.25    0.0900918301055
236.375    0.0904517760258
236.5    0.0931382016751
236.625    0.0875985461697
236.75    0.0968956859165
236.875    0.0972995276807
237.0    0.0961318982319
237.125    0.0948676979264
237.25    0.0914789387741
237.375    0.0893280424209
237.5    0.1046915878
237.625    0.0937878601654
237.75    0.094964268783
237.875    0.0948150229136
238.0    0.0932347725317
238.125    0.0960353273752
238.25    0.0932611100381
238.375    0.0936737309712
238.5    0.0794953733781
238.625    0.0793900233526
238.75    0.0793549066774
238.875    0.0858163749056
239.0    0.093761522659
239.125    0.0944199603182
239.25    0.0977384861201
239.375    0.0986866363493
240.0    0.0962021315822
240.125    0.0965708566713
240.25    0.0963952732955
240.375    0.0938844310221
240.5    0.099942057486
240.625    0.0981686653908
240.75    0.0925499973663
240.875    0.0800660193493
241.0    0.09397222271
241.125    0.09397222271
241.25    0.0951661896652
241.375    0.0890910048637
241.5    0.0965357399961
241.625    0.0943409477991
241.75    0.0909258511404
241.875    0.0905746843889
242.0    0.0931733183502
242.125    0.0940161185539
242.25    0.0941390269169
242.375    0.0923392973153
242.5    0.0922515056274
242.625    0.0936034976208
242.75    0.0923217389778
242.875    0.0926729057293
243.0    0.0920934805893
243.125    0.0919881305638
243.25    0.0924709848472
243.375    0.097993082015
243.5    0.089161238214
243.625    0.0989675697505
243.75    0.0951135146524
243.875    0.0955612522606
244.0    0.0851491580777
244.125    0.0928572682738
244.25    0.0955788105982
244.375    0.0982301195723
244.5    0.0900742717679
244.625    0.0900479342616
244.75    0.0888627464752
244.875    0.0891524590452
245.0    0.0956929397925
245.125    0.0961933524134
245.25    0.0969308025916
245.375    0.0965532983337
245.5    0.0930855266623
245.625    0.0930679683248
245.75    0.0920934805893
245.875    0.0924095306656
246.0    0.0910136428283
246.125    0.0903376468316
246.25    0.0877214545327
246.375    0.0876775586887
246.5    0.0922515056274
246.625    0.0922515056274
246.75    0.0922515056274
246.875    0.0923656348217
247.0    0.0930416308184
247.125    0.0908117219462
247.25    0.0911365511913
247.375    0.0912594595544
247.5    0.087335171106
247.625    0.0874229627939
247.75    0.085965620775
247.875    0.080285498569
248.0    0.0962021315822
248.125    0.0961845732446
248.25    0.0960177690376
248.375    0.0962987024389
248.5    0.0904342176883
248.625    0.0906010218953
248.75    0.0917510930065
248.875    0.0925061015223
249.0    0.0898547925483
249.125    0.0881955296473
249.25    0.0979579653398
249.375    0.090320088494
249.5    0.0767123768722
249.625    0.0891875757203
249.75    0.094674556213
249.875    0.0990904781135
250.0    0.0895475216407
250.125    0.0959124190122
250.25    0.0922076097835
250.375    0.092558776535
250.5    0.0934805892578
250.625    0.0938756518533
250.75    0.0914087054238
250.875    0.0907239302583
251.0    0.0898811300546
251.125    0.0931469808439
251.25    0.101513528699
251.375    0.0975892402507
251.5    0.0954032272224
251.625    0.0872298210805
251.75    0.0876863378575
251.875    0.0877741295454
252.0    0.0921022597581
252.125    0.0921022597581
252.25    0.0921988306147
252.375    0.0925763348726
252.5    0.0956929397925
252.625    0.0953329938721
252.75    0.0953242147034
252.875    0.09571049813
253.0    0.0941829227609
253.125    0.0834986743455
253.25    0.0976419152635
253.375    0.0959299773498
253.5    0.100644390989
253.625    0.0968166733974
253.75    0.0950169437958
253.875    0.0960616648816
254.0    0.0915842887996
254.125    0.0918652222008
254.25    0.0998718241357
254.375    0.100372236757
254.5    0.091277017892
254.625    0.0973960985374
254.75    0.0943233894615
254.875    0.0938668726845
255.0    0.0914964971117
255.125    0.09484136042
255.25    0.0947008937194
255.375    0.093928326866
255.5    0.0964742858146
255.625    0.0967552192159
255.75    0.0881516338033
255.875    0.0924797640159
256.0    0.0913384720735
256.125    0.0912682387232
256.25    0.0893017049146
256.375    0.0892665882394
256.5    0.0924709848472
256.625    0.0925061015223
256.75    0.0940161185539
256.875    0.0901181676119
257.0    0.0894597299528
257.125    0.0903991010131
257.25    0.10252313311
257.375    0.0997489157727
257.5    0.0974399943813
257.625    0.0973960985374
257.75    0.0967025442031
257.875    0.0849208996892
258.0    0.0926641265605
258.125    0.093182097519
258.25    0.0925763348726
258.375    0.091812547188
258.5    0.0910048636595
258.625    0.091110213685
258.75    0.0912155637104
258.875    0.0918213263568
259.0    0.0936210559584
259.125    0.0940073393851
259.25    0.0843590328868
259.375    0.0961845732446
259.5    0.0963250399452
259.625    0.0965181816586
259.75    0.0877829087142
259.875    0.0878180253894
260.0    0.0921022597581
260.125    0.0925324390287
260.25    0.100372236757
260.375    0.0923919723281
260.5    0.090776605271
260.625    0.0890032131758
260.75    0.0916808596562
260.875    0.0917774305129
261.0    0.082857795024
261.125    0.086299229189
261.25    0.0865187084087
261.375    0.0865274875775
261.5    0.0903376468316
261.625    0.0909609678156
261.75    0.0912682387232
261.875    0.0918652222008
262.0    0.0895563008094
262.125    0.0904254385195
262.25    0.0905483468825
262.375    0.0903727635068
262.5    0.0919881305638
262.625    0.0954559022352
262.75    0.0953593313785
262.875    0.0956666022861
263.0    0.0947535687321
263.125    0.0948940354327
263.25    0.0939985602163
263.375    0.0933401225572
263.5    0.1031727916
263.625    0.100064965849
263.75    0.0999947324987
263.875    0.0989587905817
264.0    0.0808210278651
264.125    0.105701192211
264.25    0.109054834688
264.375    0.106605446596
264.5    0.0957895106491
264.625    0.0964303899707
264.75    0.0964742858146
264.875    0.0840342036416
265.0    0.0926904640669
265.125    0.0944989728373
265.25    0.0937351851527
265.375    0.0946131020315
265.5    0.0959563148561
265.625    0.0954910189103
265.75    0.0958158481555
265.875    0.0957280564676
266.0    0.0894246132776
266.125    0.090030375924
266.25    0.0902761926501
266.375    0.092023247239
266.5    0.0904956718698
266.625    0.0906010218953
266.75    0.0901620634558
266.875    0.0904781135322
267.0    0.0857636998929
267.125    0.0854915456605
267.25    0.0865362667463
267.375    0.0870015626921
267.5    0.095008164627
267.625    0.0953768897161
267.75    0.0959826523625
267.875    0.0953066563658
268.0    0.0942443769424
268.125    0.0942092602672
268.25    0.0948150229136
268.375    0.0859568416062
268.5    0.0869401085105
268.625    0.0867996418099
268.75    0.098115990378
268.875    0.0979052903271
269.0    0.0939458852036
269.125    0.0942882727863
269.25    0.0936122767896
269.375    0.0889066423191
269.5    0.0963864941267
269.625    0.0966849858655
269.75    0.0971766193177
269.875    0.0968254525662
270.0    0.0953417730409
270.125    0.0952890980282
270.25    0.0934366934139
270.375    0.101759345425
270.5    0.0862289958387
270.625    0.104542341931
270.75    0.104919846189
270.875    0.0922602847962
271.0    0.0872561585869
271.125    0.0890910048637
271.25    0.0875546503257
271.375    0.0877214545327
271.5    0.093761522659
271.625    0.0937703018278
271.75    0.0938141976718
271.875    0.0798904359735
272.0    0.0960528857128
272.125    0.0981247695468
272.25    0.0961494565694
272.375    0.0962196899198
272.5    0.0932435517005
272.625    0.0951486313276
272.75    0.0940336768915
272.875    0.0980281986901
273.0    0.0819272031324
273.125    0.083604024371
273.25    0.0816374905624
273.375    0.0881165171282
273.5    0.096957140098
273.625    0.0972731901744
273.75    0.0970537109547
273.875    0.0974926693941
274.0    0.0909785261532
274.125    0.0906185802328
274.25    0.0899162467298
274.375    0.0864309167208
274.5    0.0945165311748
274.625    0.0943058311239
274.75    0.0945253103436
274.875    0.0948589187576
275.0    0.0878619212333
275.125    0.0888978631503
275.25    0.088994434007
275.375    0.0868523168226
275.5    0.0801889277123
275.625    0.0834459993328
275.75    0.0853159622847
275.875    0.0853510789598
276.0    0.0955524730919
276.125    0.0955349147543
276.25    0.0959475356873
276.375    0.096623531684
276.5    0.0857285832177
276.625    0.0982125612347
276.75    0.0989763489193
276.875    0.0992485031517
277.0    0.0849911330395
277.125    0.0890646673573
277.25    0.0890207715134
277.375    0.0892402507331
277.5    0.0902761926501
277.625    0.0910048636595
277.75    0.0881955296473
277.875    0.0887222797746
278.0    0.0911804470353
278.125    0.100828753534
278.25    0.100661949327
278.375    0.100776078521
278.5    0.105156883746
278.625    0.0951398521588
278.75    0.0891963548891
278.875    0.0900742717679
279.0    0.0912682387232
279.125    0.0921110389268
279.25    0.0921285972644
279.375    0.0983530279353
279.5    0.0922602847962
279.625    0.0920583639141
279.75    0.0926729057293
279.875    0.0929187224554
280.0    0.0714624339368
280.125    0.0770547644549
280.25    0.0931294225063
280.375    0.0989587905817
280.5    0.099195828139
280.625    0.0919442347199
280.75    0.0919969097326
280.875    0.0924270890032
281.0    0.093638614296
281.125    0.0936737309712
281.25    0.0936912893087
281.375    0.0924095306656
281.5    0.0979052903271
281.625    0.0979052903271
281.75    0.086878654329
281.875    0.0869840043545
282.0    0.0912857970607
282.125    0.091399926255
282.25    0.0979667445086
282.375    0.0891787965516
282.5    0.0907239302583
282.625    0.091110213685
282.75    0.0903464260004
282.875    0.0897933383667
283.0    0.101574982881
283.125    0.0893631590961
283.25    0.091856443032
283.375    0.0921812722771
283.5    0.0882833213351
283.625    0.0889680965006
283.75    0.0996874615911
283.875    0.100029849174
284.0    0.0952100855091
284.125    0.101267711973
284.25    0.101645216231
284.375    0.0891700173828
284.5    0.091689638825
284.625    0.0915140554492
284.75    0.0909697469844
284.875    0.0911277720225
285.0    0.0704528295261
285.125    0.0860182957878
285.25    0.0861060874756
285.375    0.0861938791635
285.5    0.0824802907661
285.625    0.0940073393851
285.75    0.0926641265605
285.875    0.0881691921409
286.0    0.0913121345671
286.125    0.0888364089688
286.25    0.0866942917845
286.375    0.0867820834723
286.5    0.084806770495
286.625    0.0843151370428
286.75    0.0828841325303
286.875    0.0830333783997
287.0    0.089740663354
287.125    0.0906010218953
287.25    0.0912243428792
287.375    0.092146155602
287.5    0.0957280564676
287.625    0.095877302337
287.75    0.0958246273243
287.875    0.0965971941777
288.0    0.0941565852545
288.125    0.0941390269169
288.25    0.0942970519551
288.375    0.096456727477
288.5    0.0934015767387
288.625    0.0943672853054
288.75    0.0941039102418
288.875    0.0946921145506
289.0    0.0893456007585
289.125    0.0893280424209
289.25    0.0897845591979
289.375    0.0897845591979
289.5    0.0904254385195
289.625    0.0907414885959
289.75    0.0907414885959
289.875    0.090943409478
290.0    0.0966059733465
290.125    0.08795849209
290.25    0.088204308816
290.375    0.0883008796727
290.5    0.0870805752111
290.625    0.0867645251348
290.75    0.0816726072376
290.875    0.0824100574158
291.0    0.0837620494092
291.125    0.0881428546345
291.25    0.088415008867
291.375    0.0888890839815
291.5    0.0892665882394
291.625    0.0872298210805
291.75    0.0889856548382
291.875    0.0983618071041
292.0    0.0932874475445
292.125    0.0943497269679
292.25    0.093805418503
292.375    0.0946569978754
292.5    0.0929187224554
292.625    0.0930065141432
292.75    0.0931118641687
292.875    0.088660825593
293.0    0.0907941636086
293.125    0.0910224219971
293.25    0.0923217389778
293.375    0.0922866223026
293.5    0.0929450599617
293.625    0.0928748266114
293.75    0.0926202307166
293.875    0.0929187224554
294.0    0.0864045792145
294.125    0.0864133583832
294.25    0.086466033396
294.375    0.0913296929047
294.5    0.0960616648816
294.625    0.0960616648816
294.75    0.0960002107001
294.875    0.0934279142451
295.0    0.0900128175864
295.125    0.0908731761277
295.25    0.0906185802328
295.375    0.090530788545
295.5    0.0884062296982
295.625    0.0880901796218
295.75    0.0881779713097
295.875    0.0882130879848
296.0    0.0932962267133
296.125    0.0924534265096
296.25    0.0944814144997
296.375    0.0945604270188
296.5    0.089284146577
296.625    0.089284146577
296.75    0.0897933383667
296.875    0.0904517760258
297.0    0.0912506803856
297.125    0.0912594595544
297.25    0.0916457429811
297.375    0.0916457429811
297.5    0.0886696047618
297.625    0.0885730339051
297.75    0.08911734237
297.875    0.0901796217934
298.0    0.0904342176883
298.125    0.0904342176883
298.25    0.0903727635068
298.375    0.0905483468825
298.5    0.0888451881376
298.625    0.0888188506312
298.75    0.0888188506312
298.875    0.0973609818623
299.0    0.0842536828613
299.125    0.0843239162116
299.25    0.0828226783488
299.375    0.0827085491546
