0.0    -1.04775507461
0.125    -1.0464108079
0.25    -1.04624277457
0.375    -1.04600752789
0.5    -1.04493211453
0.625    -1.04483129453
0.75    -1.04483129453
0.875    -1.04493211453
1.0    -1.04580588789
1.125    -1.04580588789
1.25    -1.04580588789
1.375    -1.04580588789
1.5    -1.04493211453
1.625    -1.04493211453
1.75    -1.04493211453
1.875    -1.04493211453
2.0    -1.04288210781
2.125    -1.04493211453
2.25    -1.04493211453
2.375    -1.04493211453
2.5    -1.04540260788
2.625    -1.04466326119
2.75    -1.04466326119
2.875    -1.04466326119
3.0    -1.04355424116
3.125    -1.04355424116
3.25    -1.04355424116
3.375    -1.04355424116
3.5    -1.04520096787
3.625    -1.04520096787
3.75    -1.04520096787
3.875    -1.04520096787
4.0    -1.04523457454
4.125    -1.04523457454
4.25    -1.04523457454
4.375    -1.04523457454
4.5    -1.04120177443
4.625    -1.04120177443
4.75    -1.04120177443
4.875    -1.04120177443
5.0    -1.04318456782
5.125    -1.04318456782
5.25    -1.04318456782
5.375    -1.04318456782
5.5    -1.04365506116
5.625    -1.04365506116
5.75    -1.0439239145
5.875    -1.0439239145
6.0    -1.04210915446
6.125    -1.04210915446
6.25    -1.04210915446
6.375    -1.04210915446
6.5    -1.04385670117
6.625    -1.04385670117
6.75    -1.04385670117
6.875    -1.04385670117
7.0    -1.04560424788
7.125    -1.04560424788
7.25    -1.04560424788
7.375    -1.04560424788
7.5    -1.04476408119
7.625    -1.04476408119
7.75    -1.04315096115
7.875    -1.04315096115
8.0    -1.04422637451
8.125    -1.04422637451
8.25    -1.04422637451
8.375    -1.04422637451
8.5    -1.0439239145
8.625    -1.0439239145
8.75    -1.04399112784
8.875    -1.04399112784
9.0    -1.04637720124
9.125    -1.04570506789
9.25    -1.04570506789
9.375    -1.04570506789
9.5    -1.04100013443
9.625    -1.04100013443
9.75    -1.04305014115
9.875    -1.04305014115
10.0    -1.04315096115
10.125    -1.04315096115
10.25    -1.04315096115
10.375    -1.04315096115
10.5    -1.04365506116
10.625    -1.04365506116
10.75    -1.04365506116
10.875    -1.04365506116
11.0    -1.04274768114
11.125    -1.04274768114
11.25    -1.04274768114
11.375    -1.04274768114
11.5    -1.04224358113
11.625    -1.04224358113
11.75    -1.04224358113
11.875    -1.04224358113
12.0    -1.04294932115
12.125    -1.04294932115
12.25    -1.04294932115
12.375    -1.04294932115
12.5    -1.04315096115
12.625    -1.04315096115
12.75    -1.04315096115
12.875    -1.04315096115
13.0    -1.04335260116
13.125    -1.04335260116
13.25    -1.04335260116
13.375    -1.04335260116
13.5    -1.04264686114
13.625    -1.04264686114
13.75    -1.04264686114
13.875    -1.04116816776
14.0    -1.03972308106
14.125    -1.03972308106
14.25    -1.04254604113
14.375    -1.04254604113
14.5    -1.04365506116
14.625    -1.04365506116
14.75    -1.04365506116
14.875    -1.04365506116
15.0    -1.04328538782
15.125    -1.04328538782
15.25    -1.04328538782
15.375    -1.04328538782
15.5    -1.04234440113
15.625    -1.04180669445
15.75    -1.04180669445
15.875    -1.04180669445
16.0    -1.03958865439
16.125    -1.03958865439
16.25    -1.03958865439
16.375    -1.03958865439
16.5    -1.04103374109
16.625    -1.04103374109
16.75    -1.04103374109
16.875    -1.04103374109
17.0    -1.04029439441
17.125    -1.04029439441
17.25    -1.04029439441
17.375    -1.04029439441
17.5    -1.04197472779
17.625    -1.04197472779
17.75    -1.04197472779
17.875    -1.04197472779
18.0    -1.04163866111
18.125    -1.04163866111
18.25    -1.04163866111
18.375    -1.04163866111
18.5    -1.03958865439
18.625    -1.03958865439
18.75    -1.03958865439
18.875    -1.03958865439
19.0    -1.03609356096
19.125    -1.03609356096
19.25    -1.03609356096
19.375    -1.03609356096
19.5    -1.0363624143
19.625    -1.0363624143
19.75    -1.0363624143
19.875    -1.0363624143
20.0    -1.03794192768
20.125    -1.03794192768
20.25    -1.03834520769
20.375    -1.03834520769
20.5    -1.04063046108
20.625    -1.04063046108
20.75    -1.04063046108
20.875    -1.04063046108
21.0    -1.03952144105
21.125    -1.03952144105
21.25    -1.03952144105
21.375    -1.03952144105
21.5    -1.03817717435
21.625    -1.03817717435
21.75    -1.03817717435
21.875    -1.03952144105
22.0    -1.0414370211
22.125    -1.0414370211
22.25    -1.0414370211
22.375    -1.0414370211
22.5    -1.03921898105
22.625    -1.03921898105
22.75    -1.03921898105
22.875    -1.03921898105
23.0    -1.03895012771
23.125    -1.03895012771
23.25    -1.03895012771
23.375    -1.03895012771
23.5    -1.03938701438
23.625    -1.03938701438
23.75    -1.03938701438
23.875    -1.03938701438
24.0    -1.03945422772
24.125    -1.03945422772
24.25    -1.03928619438
24.375    -1.03928619438
24.5    -1.03521978761
24.625    -1.03521978761
24.75    -1.03521978761
24.875    -1.03521978761
25.0    -1.03679930098
25.125    -1.03679930098
25.25    -1.03679930098
25.375    -1.03679930098
25.5    -1.03777389434
25.625    -1.03777389434
25.75    -1.03777389434
25.875    -1.04126898777
26.0    -1.03817717435
26.125    -1.03817717435
26.25    -1.03817717435
26.375    -1.03817717435
26.5    -1.03609356096
26.625    -1.03609356096
26.75    -1.03609356096
26.875    -1.03938701438
27.0    -1.04063046108
27.125    -1.04063046108
27.25    -1.04063046108
27.375    -1.04063046108
27.5    -1.03921898105
27.625    -1.03921898105
27.75    -1.03921898105
27.875    -1.03921898105
28.0    -1.03609356096
28.125    -1.03609356096
28.25    -1.03609356096
28.375    -1.03609356096
28.5    -1.03908455438
28.625    -1.03908455438
28.75    -1.03908455438
28.875    -1.03908455438
29.0    -1.03485011426
29.125    -1.03485011426
29.25    -1.03485011426
29.375    -1.03814356768
29.5    -1.03948783439
29.625    -1.03948783439
29.75    -1.03948783439
29.875    -1.03948783439
30.0    -1.03545503428
30.125    -1.03545503428
30.25    -1.03679930098
30.375    -1.03679930098
30.5    -1.03642962764
30.625    -1.03642962764
30.75    -1.03642962764
30.875    -1.03642962764
31.0    -1.03888291437
31.125    -1.03888291437
31.25    -1.03888291437
31.375    -1.03888291437
31.5    -1.03726979433
31.625    -1.03726979433
31.75    -1.03726979433
31.875    -1.03726979433
32.0    -1.03753864767
32.125    -1.03753864767
32.25    -1.03753864767
32.375    -1.03753864767
32.5    -1.03538782094
32.625    -1.03538782094
32.75    -1.03538782094
32.875    -1.03538782094
33.0    -1.03384191424
33.125    -1.03384191424
33.25    -1.03384191424
33.375    -1.03384191424
33.5    -1.03774028767
33.625    -1.03726979433
33.75    -1.03726979433
33.875    -1.03726979433
34.0    -1.03532060761
34.125    -1.03532060761
34.25    -1.03532060761
34.375    -1.03532060761
34.5    -1.03451404759
34.625    -1.03451404759
34.75    -1.03437962092
34.875    -1.03437962092
35.0    -1.03400994757
35.125    -1.03400994757
35.25    -1.03767307434
35.375    -1.03767307434
35.5    -1.03558946095
35.625    -1.03558946095
35.75    -1.03558946095
35.875    -1.03558946095
36.0    -1.03538782094
36.125    -1.03538782094
36.25    -1.03538782094
36.375    -1.03538782094
36.5    -1.03609356096
36.625    -1.03609356096
36.75    -1.03609356096
36.875    -1.03609356096
37.0    -1.03817717435
37.125    -1.03817717435
37.25    -1.03817717435
37.375    -1.03817717435
37.5    -1.03384191424
37.625    -1.03384191424
37.75    -1.03384191424
37.875    -1.03384191424
38.0    -1.03505175427
38.125    -1.03505175427
38.25    -1.03236322086
38.375    -1.03236322086
38.5    -1.03505175427
38.625    -1.03505175427
38.75    -1.03505175427
38.875    -1.03505175427
39.0    -1.03683290765
39.125    -1.03683290765
39.25    -1.03683290765
39.375    -1.03683290765
39.5    -1.03508536094
39.625    -1.03498454093
39.75    -1.03498454093
39.875    -1.03498454093
40.0    -1.03384191424
40.125    -1.03384191424
40.25    -1.03384191424
40.375    -1.03384191424
40.5    -1.03088452749
40.625    -1.03088452749
40.75    -1.03088452749
40.875    -1.03088452749
41.0    -1.03135502084
41.125    -1.03135502084
41.25    -1.03135502084
41.375    -1.03448044092
41.5    -1.03122059417
41.625    -1.03122059417
41.75    -1.03122059417
41.875    -1.03202715419
42.0    -1.03538782094
42.125    -1.03538782094
42.25    -1.03431240758
42.375    -1.03431240758
42.5    -1.03310256755
42.625    -1.03310256755
42.75    -1.03310256755
42.875    -1.03310256755
43.0    -1.03327060089
43.125    -1.03327060089
43.25    -1.03310256755
43.375    -1.03310256755
43.5    -1.02970829413
43.625    -1.02970829413
43.75    -1.02970829413
43.875    -1.02970829413
44.0    -1.03135502084
44.125    -1.03135502084
44.25    -1.03135502084
44.375    -1.03135502084
44.5    -1.03488372093
44.625    -1.03488372093
44.75    -1.03488372093
44.875    -1.03488372093
45.0    -1.03313617422
45.125    -1.03313617422
45.25    -1.03313617422
45.375    -1.03313617422
45.5    -1.02980911413
45.625    -1.02980911413
45.75    -1.02980911413
45.875    -1.02980911413
46.0    -1.03259846754
46.125    -1.03259846754
46.25    -1.03259846754
46.375    -1.03259846754
46.5    -1.03195994085
46.625    -1.03195994085
46.75    -1.03195994085
46.875    -1.03195994085
47.0    -1.03169108751
47.125    -1.03169108751
47.25    -1.03169108751
47.375    -1.03169108751
47.5    -1.03034682081
47.625    -1.03034682081
47.75    -1.03034682081
47.875    -1.03034682081
48.0    -1.02799435408
48.125    -1.02799435408
48.25    -1.02799435408
48.375    -1.02799435408
48.5    -1.02681812072
48.625    -1.03088452749
48.75    -1.03088452749
48.875    -1.02738943406
49.0    -1.02829681409
49.125    -1.02829681409
49.25    -1.02829681409
49.375    -1.02829681409
49.5    -1.02964108079
49.625    -1.02964108079
49.75    -1.03088452749
49.875    -1.03088452749
50.0    -1.03085092082
50.125    -1.03085092082
50.25    -1.03085092082
50.375    -1.03085092082
50.5    -1.02712058072
50.625    -1.02712058072
50.75    -1.02712058072
50.875    -1.02712058072
51.0    -1.03259846754
51.125    -1.03259846754
51.25    -1.03259846754
51.375    -1.03293453421
51.5    -1.02923780078
51.625    -1.02923780078
51.75    -1.02923780078
51.875    -1.02923780078
52.0    -1.02675090738
52.125    -1.02675090738
52.25    -1.02675090738
52.375    -1.02675090738
52.5    -1.02863288076
52.625    -1.02863288076
52.75    -1.02863288076
52.875    -1.02863288076
53.0    -1.02688533405
53.125    -1.02688533405
53.25    -1.02688533405
53.375    -1.02688533405
53.5    -1.02809517408
53.625    -1.02809517408
53.75    -1.02809517408
53.875    -1.02809517408
54.0    -1.02510418067
54.125    -1.02510418067
54.25    -1.02510418067
54.375    -1.02510418067
54.5    -1.02997714747
54.625    -1.02997714747
54.75    -1.02997714747
54.875    -1.02997714747
55.0    -1.02567549402
55.125    -1.02567549402
55.25    -1.02567549402
55.375    -1.02567549402
55.5    -1.02695254739
55.625    -1.02695254739
55.75    -1.02695254739
55.875    -1.02695254739
56.0    -1.0238271273
56.125    -1.0238271273
56.25    -1.0238271273
56.375    -1.0238271273
56.5    -1.02255007393
56.625    -1.02255007393
56.75    -1.02255007393
56.875    -1.02255007393
57.0    -1.02927140745
57.125    -1.02927140745
57.25    -1.02927140745
57.375    -1.03054846081
57.5    -1.02470090066
57.625    -1.02470090066
57.75    -1.02470090066
57.875    -1.02470090066
58.0    -1.02033203388
58.125    -1.02033203388
58.25    -1.02033203388
58.375    -1.0199959672
58.5    -1.02150826724
58.625    -1.02150826724
58.75    -1.02150826724
58.875    -1.02150826724
59.0    -1.02463368732
59.125    -1.02463368732
59.25    -1.02463368732
59.375    -1.02463368732
59.5    -1.02738943406
59.625    -1.02738943406
59.75    -1.02738943406
59.875    -1.02738943406
60.0    -1.0225836806
60.125    -1.0225836806
60.25    -1.0225836806
60.375    -1.0225836806
60.5    -1.02540664068
60.625    -1.02399516064
60.75    -1.02399516064
60.875    -1.02399516064
61.0    -1.01895416051
61.125    -1.01895416051
61.25    -1.01895416051
61.375    -1.01895416051
61.5    -1.02197876059
61.625    -1.02197876059
61.75    -1.02197876059
61.875    -1.02197876059
62.0    -1.02355827396
62.125    -1.02355827396
62.25    -1.02355827396
62.375    -1.02355827396
62.5    -1.01831563382
62.625    -1.01831563382
62.75    -1.01831563382
62.875    -1.01831563382
63.0    -1.02144105391
63.125    -1.02144105391
63.25    -1.02144105391
63.375    -1.02144105391
63.5    -1.02039924721
63.625    -1.02039924721
63.75    -1.02039924721
63.875    -1.02039924721
64.0    -1.01619841377
64.125    -1.01811399382
64.25    -1.02026482054
64.375    -1.02033203388
64.5    -1.0174082538
64.625    -1.0174082538
64.75    -1.0174082538
64.875    -1.0174082538
65.0    -1.01653448044
65.125    -1.01653448044
65.25    -1.01653448044
65.375    -1.02117220056
65.5    -1.01932383385
65.625    -1.01619841377
65.75    -1.01619841377
65.875    -1.01619841377
66.0    -1.01371152037
66.125    -1.01371152037
66.25    -1.01371152037
66.375    -1.01371152037
66.5    -1.01592956042
66.625    -1.01592956042
66.75    -1.01592956042
66.875    -1.01592956042
67.0    -1.01834924049
67.125    -1.01834924049
67.25    -1.01834924049
67.375    -1.01834924049
67.5    -1.01724022046
67.625    -1.01724022046
67.75    -1.01724022046
67.875    -1.01724022046
68.0    -1.01256889367
68.125    -1.01256889367
68.25    -1.01324102702
68.375    -1.01324102702
68.5    -1.01727382713
68.625    -1.01727382713
68.75    -1.01727382713
68.875    -1.01727382713
69.0    -1.01485414706
69.125    -1.01485414706
69.25    -1.01485414706
69.375    -1.01485414706
69.5    -1.01515660707
69.625    -1.01515660707
69.75    -1.0148205404
69.875    -1.01468611372
70.0    -1.01240086033
70.125    -1.01240086033
70.25    -1.01240086033
70.375    -1.01240086033
70.5    -1.01327463369
70.625    -1.01327463369
70.75    -1.01327463369
70.875    -1.01327463369
71.0    -1.01048528028
71.125    -1.01048528028
71.25    -1.01048528028
71.375    -1.01048528028
71.5    -1.01075413362
71.625    -1.01031724694
71.75    -1.01031724694
71.875    -1.01031724694
72.0    -1.01028364027
72.125    -1.00961150692
72.25    -1.00961150692
72.375    -1.00961150692
72.5    -1.01152708697
72.625    -1.00961150692
72.75    -1.01169512031
72.875    -1.01142626697
73.0    -1.00809920688
73.125    -1.00725904019
73.25    -1.00725904019
73.375    -1.00725904019
73.5    -1.00809920688
73.625    -1.00793117354
73.75    -1.00793117354
73.875    -1.0076623202
74.0    -1.00625084017
74.125    -1.00625084017
74.25    -1.00625084017
74.375    -1.00625084017
74.5    -1.00040328001
74.625    -1.00040328001
74.75    -1.00040328001
74.875    -1.00040328001
75.0    -1.00410001344
75.125    -1.00410001344
75.25    -0.999932786665
75.375    -0.999932786665
75.5    -0.9975131066
75.625    -0.9975131066
75.75    -0.9975131066
75.875    -0.9975131066
76.0    -1.00154590671
76.125    -1.00067213335
76.25    -1.00067213335
76.375    -1.00067213335
76.5    -0.999495899987
76.625    -0.999495899987
76.75    -0.999529506654
76.875    -0.999529506654
77.0    -0.997210646592
77.125    -0.996236053233
77.25    -0.996236053233
77.375    -0.996236053233
77.5    -0.999361473316
77.625    -0.999361473316
77.75    -0.993177846485
77.875    -0.993177846485
78.0    -0.993849979836
78.125    -0.993849979836
78.25    -0.993849979836
78.375    -0.993177846485
78.5    -0.994320473182
78.625    -0.994320473182
78.75    -0.994320473182
78.875    -0.994320473182
79.0    -0.997042613254
79.125    -0.994387686517
79.25    -0.995799166555
79.375    -0.992606533136
79.5    -0.99200161312
79.625    -0.99200161312
79.75    -0.99200161312
79.875    -0.992068826455
80.0    -0.991127839763
80.125    -0.991127839763
80.25    -0.991127839763
80.375    -0.991127839763
80.5    -0.990186853072
80.625    -0.99324505982
80.75    -0.992740959806
80.875    -0.994992606533
81.0    -0.990959806426
81.125    -0.990959806426
81.25    -0.990455706412
81.375    -0.98773356634
81.5    -0.988540126361
81.625    -0.988540126361
81.75    -0.988540126361
81.875    -0.987666353004
82.0    -0.989145046377
82.125    -0.989145046377
82.25    -0.987968813013
82.375    -0.986826186315
82.5    -0.987464712999
82.625    -0.987195859659
82.75    -0.987935206345
82.875    -0.986960612986
83.0    -0.985717166286
83.125    -0.985649952951
83.25    -0.985952412959
83.375    -0.985952412959
83.5    -0.987061432988
83.625    -0.986086839629
83.75    -0.983835192902
83.875    -0.984104046243
84.0    -0.983801586235
84.125    -0.982457319532
84.25    -0.982961419546
84.375    -0.982793386208
84.5    -0.985078639602
84.625    -0.979936819465
84.75    -0.984171259578
84.875    -0.981953219519
85.0    -0.986355692969
85.125    -0.984339292916
85.25    -0.986154052964
85.375    -0.984104046243
85.5    -0.97986960613
85.625    -0.976441726038
85.75    -0.981180266165
85.875    -0.982995026213
86.0    -0.982692566205
86.125    -0.982154859524
86.25    -0.980474526146
86.375    -0.980810592822
86.5    -0.981146659497
86.625    -0.97986960613
86.75    -0.9812474795
86.875    -0.983801586235
87.0    -0.981751579513
87.125    -0.981079446162
87.25    -0.981079446162
87.375    -0.980743379486
87.5    -0.980407312811
87.625    -0.978189272752
87.75    -0.977584352736
87.875    -0.978558946095
88.0    -0.979634359457
88.125    -0.980877806157
88.25    -0.978827799435
88.375    -0.978827799435
88.5    -0.980877806157
88.625    -0.975601559349
88.75    -0.975366312676
88.875    -0.97849173276
89.0    -0.978424519425
89.125    -0.978054846081
89.25    -0.977181072725
89.375    -0.974794999328
89.5    -0.981818792849
89.625    -0.983532732894
89.75    -0.983532732894
89.875    -0.974559752655
90.0    -0.983902406237
90.125    -0.983902406237
90.25    -0.983566339562
90.375    -0.982423712865
90.5    -0.982658959538
90.625    -0.982658959538
90.75    -0.984776179594
90.875    -0.982726172873
91.0    -0.980575346149
91.125    -0.980474526146
91.25    -0.980474526146
91.375    -0.980474526146
91.5    -0.981449119505
91.625    -0.981449119505
91.75    -0.981449119505
91.875    -0.981079446162
92.0    -0.981818792849
92.125    -0.981348299503
92.25    -0.981684366178
92.375    -0.981684366178
92.5    -0.981180266165
92.625    -0.983431912892
92.75    -0.983499126227
92.875    -0.983499126227
93.0    -0.980440919478
93.125    -0.978928619438
93.25    -0.981583546176
93.375    -0.981583546176
93.5    -0.986355692969
93.625    -0.984944212932
93.75    -0.985683559618
93.875    -0.985414706278
94.0    -0.988271273021
94.125    -0.988271273021
94.25    -0.988271273021
94.375    -0.984473719586
94.5    -0.984372899583
94.625    -0.984608146256
94.75    -0.984608146256
94.875    -0.98773356634
95.0    -0.985952412959
95.125    -0.98538109961
95.25    -0.985213066272
95.375    -0.985213066272
95.5    -0.983398306224
95.625    -0.987061432988
95.75    -0.987061432988
95.875    -0.987061432988
96.0    -0.985717166286
96.125    -0.986523726307
96.25    -0.985717166286
96.375    -0.984406506251
96.5    -0.986826186315
96.625    -0.986826186315
96.75    -0.986826186315
96.875    -0.986826186315
97.0    -0.986523726307
97.125    -0.987767173007
97.25    -0.983599946229
97.375    -0.988372093023
97.5    -0.989716359726
97.625    -0.989716359726
97.75    -0.989077833042
97.875    -0.98911143971
98.0    -0.987431106331
98.125    -0.987431106331
98.25    -0.987431106331
98.375    -0.986557332975
98.5    -0.989447506385
98.625    -0.989649146391
98.75    -0.989649146391
98.875    -0.989649146391
99.0    -0.989615539723
99.125    -0.989615539723
99.25    -0.98938029305
99.375    -0.98938029305
99.5    -0.99173275978
99.625    -0.991631939777
99.75    -0.990119639737
99.875    -0.991195053099
100.0    -0.989749966393
100.125    -0.990220459739
100.25    -0.990018819734
100.375    -0.991396693104
100.5    -0.99062373975
100.625    -0.988069633015
100.75    -0.988069633015
100.875    -0.992337679796
101.0    -0.988909799704
101.125    -0.991329479769
101.25    -0.991598333109
101.375    -0.991598333109
101.5    -0.994387686517
101.625    -0.994152439844
101.75    -0.992740959806
101.875    -0.99213603979
102.0    -0.994690146525
102.125    -0.991564726442
102.25    -0.991564726442
102.375    -0.991564726442
102.5    -0.994320473182
102.625    -0.992102433123
102.75    -0.994018013174
102.875    -0.994219653179
103.0    -0.996034413228
103.125    -0.995026213201
103.25    -0.994824573195
103.375    -0.994824573195
103.5    -0.996269659901
103.625    -0.998050813281
103.75    -0.998353273289
103.875    -0.995295066541
104.0    -0.99600080656
104.125    -0.99600080656
104.25    -0.994522113187
104.375    -0.994522113187
104.5    -0.99475735986
104.625    -0.99475735986
104.75    -0.988573733029
104.875    -0.990858986423
105.0    -0.994018013174
105.125    -0.994018013174
105.25    -0.993648339831
105.375    -0.995664739884
105.5    -0.993749159833
105.625    -0.992740959806
105.75    -0.996538513241
105.875    -0.992606533136
106.0    -0.99448850652
106.125    -0.994387686517
106.25    -0.993950799839
106.375    -0.991833579782
106.5    -0.993614733163
106.625    -0.993614733163
106.75    -0.992808173142
106.875    -0.994018013174
107.0    -0.992875386477
107.125    -0.992875386477
107.25    -0.992875386477
107.375    -0.993446699825
107.5    -0.992808173142
107.625    -0.991329479769
107.75    -0.991262266434
107.875    -0.992203253125
108.0    -0.991665546444
108.125    -0.991665546444
108.25    -0.991665546444
108.375    -0.991598333109
108.5    -0.993446699825
108.625    -0.993009813147
108.75    -0.993278666487
108.875    -0.992908993144
109.0    -0.993849979836
109.125    -0.993849979836
109.25    -0.993849979836
109.375    -0.992606533136
109.5    -0.991799973115
109.625    -0.992169646458
109.75    -0.989884393064
109.875    -0.992740959806
110.0    -0.99448850652
110.125    -0.99448850652
110.25    -0.993816373168
110.375    -0.99448850652
110.5    -0.995362279876
110.625    -0.994320473182
110.75    -0.994051619841
110.875    -0.994051619841
111.0    -0.991631939777
111.125    -0.991631939777
111.25    -0.99475735986
111.375    -0.992035219788
111.5    -0.99448850652
111.625    -0.99448850652
111.75    -0.99448850652
111.875    -0.994253259847
112.0    -0.993715553166
112.125    -0.993715553166
112.25    -0.993715553166
112.375    -0.993312273155
112.5    -0.998655733297
112.625    -0.998689339965
112.75    -0.998689339965
112.875    -0.995026213201
113.0    -0.991665546444
113.125    -0.992102433123
113.25    -0.991766366447
113.375    -0.992371286463
113.5    -0.994522113187
113.625    -0.994522113187
113.75    -0.994522113187
113.875    -0.994522113187
114.0    -0.993077026482
114.125    -0.996672939911
114.25    -0.995799166555
114.375    -0.995832773222
114.5    -0.998118026616
114.625    -0.997647533271
114.75    -0.997647533271
114.875    -0.99573195322
115.0    -0.995563919882
115.125    -0.995563919882
115.25    -0.995395886544
115.375    -0.995395886544
115.5    -0.994656539858
115.625    -0.994790966528
115.75    -0.99448850652
115.875    -0.99448850652
116.0    -0.994790966528
116.125    -0.995160639871
116.25    -0.995160639871
116.375    -0.99586637989
116.5    -0.996168839898
116.625    -0.995059819868
116.75    -0.999563113322
116.875    -0.996807366582
117.0    -0.994454899852
117.125    -0.994454899852
117.25    -0.995765559887
117.375    -0.995765559887
117.5    -0.994320473182
117.625    -0.994320473182
117.75    -0.994320473182
117.875    -0.997143433257
118.0    -0.998655733297
118.125    -0.998655733297
118.25    -0.998655733297
118.375    -0.998655733297
118.5    -0.992472106466
118.625    -0.992203253125
118.75    -0.992203253125
118.875    -0.992203253125
119.0    -0.994858179863
119.125    -0.995933593225
119.25    -0.995933593225
119.375    -0.994858179863
120.0    -0.99724425326
120.125    -0.99613523323
120.25    -0.99613523323
120.375    -0.997412286598
120.5    -0.998857373303
120.625    -0.998857373303
120.75    -0.998857373303
120.875    -0.999126226643
121.0    -0.993278666487
121.125    -0.993278666487
121.25    -0.993278666487
121.375    -0.993278666487
121.5    -0.998554913295
121.625    -0.999663933324
121.75    -0.999663933324
121.875    -0.999663933324
122.0    -0.998084419949
122.125    -0.997714746606
122.25    -0.997714746606
122.375    -0.998655733297
122.5    -0.997177039925
122.625    -0.997177039925
122.75    -0.997177039925
122.875    -0.997177039925
123.0    -0.997143433257
123.125    -0.996908186584
123.25    -0.997143433257
123.375    -0.997076219922
123.5    -0.995799166555
123.625    -0.995799166555
123.75    -0.996068019895
123.875    -0.996068019895
124.0    -0.997748353273
124.125    -0.997748353273
124.25    -0.997748353273
124.375    -0.99573195322
124.5    -1.00087377336
124.625    -1.00087377336
124.75    -1.00087377336
124.875    -0.993883586504
125.0    -0.992841779809
125.125    -0.992673746471
125.25    -0.992673746471
125.375    -0.991968006452
125.5    -0.997815566608
125.625    -1.00087377336
125.75    -0.997815566608
125.875    -0.997815566608
126.0    -0.993144239817
126.125    -0.993144239817
126.25    -0.993144239817
126.375    -0.993144239817
126.5    -0.998353273289
126.625    -0.998353273289
126.75    -0.999563113322
126.875    -0.998353273289
127.0    -0.995563919882
127.125    -0.995563919882
127.25    -0.995362279876
127.375    -0.995362279876
127.5    -0.993581126495
127.625    -0.993581126495
127.75    -0.994051619841
127.875    -0.994858179863
128.0    -0.993345879823
128.125    -0.993345879823
128.25    -0.993345879823
128.375    -0.993547519828
128.5    -0.99213603979
128.625    -0.992572926469
128.75    -0.992472106466
128.875    -0.992404893131
129.0    -0.993917193171
129.125    -0.993849979836
129.25    -0.993849979836
129.375    -0.993849979836
129.5    -0.992640139804
129.625    -0.992640139804
129.75    -0.991531119774
129.875    -0.990186853072
130.0    -0.992673746471
130.125    -0.992404893131
130.25    -0.992304073128
130.375    -0.993816373168
130.5    -0.993984406506
130.625    -0.993984406506
130.75    -0.993547519828
130.875    -0.994320473182
131.0    -0.993715553166
131.125    -0.993009813147
131.25    -0.992068826455
131.375    -0.991799973115
131.5    -0.994421293185
131.625    -0.994421293185
131.75    -0.994186046512
131.875    -0.994186046512
132.0    -0.993177846485
132.125    -0.992875386477
132.25    -0.992875386477
132.375    -0.992875386477
132.5    -0.993077026482
132.625    -0.993077026482
132.75    -0.993077026482
132.875    -0.993077026482
133.0    -0.995563919882
133.125    -0.995563919882
133.25    -0.995127033203
133.375    -0.995631133217
133.5    -0.99200161312
133.625    -0.99200161312
133.75    -0.992572926469
133.875    -0.992572926469
134.0    -0.993043419814
134.125    -0.993043419814
134.25    -0.993043419814
134.375    -0.993043419814
134.5    -0.992875386477
134.625    -0.992875386477
134.75    -0.995026213201
134.875    -0.995026213201
135.0    -0.994454899852
135.125    -0.994454899852
135.25    -0.994454899852
135.375    -0.994018013174
135.5    -0.990052426401
135.625    -0.990052426401
135.75    -0.990052426401
135.875    -0.990052426401
136.0    -0.993446699825
136.125    -0.993446699825
136.25    -0.991900793117
136.375    -0.992203253125
136.5    -0.990455706412
136.625    -0.990455706412
136.75    -0.993312273155
136.875    -0.99213603979
137.0    -0.991766366447
137.125    -0.991665546444
137.25    -0.993009813147
137.375    -0.993009813147
137.5    -0.992707353139
137.625    -0.992404893131
137.75    -0.991900793117
137.875    -0.991900793117
138.0    -0.991430299771
138.125    -0.988204059685
138.25    -0.987901599677
138.375    -0.987901599677
138.5    -0.989682753058
138.625    -0.996034413228
138.75    -0.996034413228
138.875    -0.994522113187
139.0    -0.990926199758
139.125    -0.991968006452
139.25    -0.990086033069
139.375    -0.99062373975
139.5    -0.992472106466
139.625    -0.992472106466
139.75    -0.991766366447
139.875    -0.991766366447
140.0    -0.991161446431
140.125    -0.991161446431
140.25    -0.990791773088
140.375    -0.990791773088
140.5    -0.990018819734
140.625    -0.990018819734
140.75    -0.992438499798
140.875    -0.992438499798
141.0    -0.989178653045
141.125    -0.989178653045
141.25    -0.989178653045
141.375    -0.988472913026
141.5    -0.990959806426
141.625    -0.990959806426
141.75    -0.990455706412
141.875    -0.98911143971
142.0    -0.991094233096
142.125    -0.992337679796
142.25    -0.990287673074
142.375    -0.990287673074
142.5    -0.98800241968
142.625    -0.98800241968
142.75    -0.98689339965
142.875    -0.99062373975
143.0    -0.989649146391
143.125    -0.989581933056
143.25    -0.989581933056
143.375    -0.989581933056
143.5    -0.993009813147
143.625    -0.989884393064
143.75    -0.989481113053
143.875    -0.989917999731
144.0    -0.988977013039
144.125    -0.989010619707
144.25    -0.989010619707
144.375    -0.988540126361
144.5    -0.98938029305
144.625    -0.991497513107
144.75    -0.993077026482
144.875    -0.990959806426
145.0    -0.992371286463
145.125    -0.990825379755
145.25    -0.991161446431
145.375    -0.990657346418
145.5    -0.989850786396
145.625    -0.991161446431
145.75    -0.989649146391
145.875    -0.989649146391
146.0    -0.991699153112
146.125    -0.992371286463
146.25    -0.992169646458
146.375    -0.989481113053
146.5    -0.991463906439
146.625    -0.991665546444
146.75    -0.990858986423
146.875    -0.990422099745
147.0    -0.988271273021
147.125    -0.988271273021
147.25    -0.989649146391
147.375    -0.990220459739
147.5    -0.986826186315
147.625    -0.994018013174
147.75    -0.987834386342
147.875    -0.986389299637
148.0    -0.987531926334
148.125    -0.986422906305
148.25    -0.986187659632
148.375    -0.986187659632
148.5    -0.987464712999
148.625    -0.988506519694
148.75    -0.987699959672
148.875    -0.987699959672
149.0    -0.985851592956
149.125    -0.986523726307
149.25    -0.986523726307
149.375    -0.986523726307
149.5    -0.98924586638
149.625    -0.986254872967
149.75    -0.987632746337
149.875    -0.98786799301
150.0    -0.990422099745
150.125    -0.990018819734
150.25    -0.989481113053
150.375    -0.989481113053
150.5    -0.984776179594
150.625    -0.984876999597
150.75    -0.985280279607
150.875    -0.985078639602
151.0    -0.98786799301
151.125    -0.988876193037
151.25    -0.988876193037
151.375    -0.988876193037
151.5    -0.987296679661
151.625    -0.985280279607
151.75    -0.985078639602
151.875    -0.984339292916
152.0    -0.984876999597
152.125    -0.984171259578
152.25    -0.984171259578
152.375    -0.984876999597
152.5    -0.985347492943
152.625    -0.984977819599
152.75    -0.984977819599
152.875    -0.984977819599
153.0    -0.987397499664
153.125    -0.989279473047
153.25    -0.990388493077
153.375    -0.990388493077
153.5    -0.984641752924
153.625    -0.983633552897
153.75    -0.983633552897
153.875    -0.984305686248
154.0    -0.986691759645
154.125    -0.98524667294
154.25    -0.982793386208
154.375    -0.982793386208
154.5    -0.986523726307
154.625    -0.986523726307
154.75    -0.986523726307
154.875    -0.985683559618
155.0    -0.982524532867
155.125    -0.982961419546
155.25    -0.982961419546
155.375    -0.982692566205
155.5    -0.98675897298
155.625    -0.987666353004
155.75    -0.987666353004
155.875    -0.987666353004
156.0    -0.986019626294
156.125    -0.986019626294
156.25    -0.986019626294
156.375    -0.985045032935
156.5    -0.985045032935
156.625    -0.985045032935
156.75    -0.985045032935
156.875    -0.986120446297
157.0    -0.986288479634
157.125    -0.98551552628
157.25    -0.986725366313
157.375    -0.986725366313
157.5    -0.98138190617
157.625    -0.980272886141
157.75    -0.98111305283
157.875    -0.980844199489
158.0    -0.98386879957
158.125    -0.98386879957
158.25    -0.984540932921
158.375    -0.984540932921
158.5    -0.980743379486
158.625    -0.981314692835
158.75    -0.981314692835
158.875    -0.981314692835
159.0    -0.984776179594
159.125    -0.992673746471
159.25    -0.984473719586
159.375    -0.984473719586
159.5    -0.987128646323
159.625    -0.98662454631
159.75    -0.98662454631
159.875    -0.986658152978
160.0    -0.98538109961
160.125    -0.983700766232
160.25    -0.983969619573
160.375    -0.983230272886
160.5    -0.981818792849
160.625    -0.981818792849
160.75    -0.981650759511
160.875    -0.983801586235
161.0    -0.982860599543
161.125    -0.983129452883
161.25    -0.983129452883
161.375    -0.981549939508
161.5    -0.983902406237
161.625    -0.983902406237
161.75    -0.984876999597
161.875    -0.985045032935
162.0    -0.982894206211
162.125    -0.982692566205
162.25    -0.982793386208
162.375    -0.983230272886
162.5    -0.983163059551
162.625    -0.983936012905
162.75    -0.98111305283
162.875    -0.983767979567
163.0    -0.979197472779
163.125    -0.979499932787
163.25    -0.980272886141
163.375    -0.979096652776
163.5    -0.98151633284
163.625    -0.981281086167
163.75    -0.980911412824
163.875    -0.980575346149
164.0    -0.985952412959
164.125    -0.984641752924
164.25    -0.983263879554
164.375    -0.983767979567
164.5    -0.986120446297
164.625    -0.986859792983
164.75    -0.986927006318
164.875    -0.985784379621
165.0    -0.982726172873
165.125    -0.982726172873
165.25    -0.981852399516
165.375    -0.981852399516
165.5    -0.9812474795
165.625    -0.9812474795
165.75    -0.984171259578
165.875    -0.983902406237
166.0    -0.979903212797
166.125    -0.979130259443
166.25    -0.978390912757
166.375    -0.978390912757
166.5    -0.981785186181
166.625    -0.982524532867
166.75    -0.982524532867
166.875    -0.983129452883
167.0    -0.980776986154
167.125    -0.980978626159
167.25    -0.980978626159
167.375    -0.980978626159
167.5    -0.976945826052
167.625    -0.976945826052
167.75    -0.977214679392
167.875    -0.977214679392
168.0    -0.979197472779
168.125    -0.979197472779
168.25    -0.982087646189
168.375    -0.982087646189
168.5    -0.982020432854
168.625    -0.982020432854
168.75    -0.982020432854
168.875    -0.982020432854
169.0    -0.982322892862
169.125    -0.981751579513
169.25    -0.981650759511
169.375    -0.981650759511
169.5    -0.980037639468
169.625    -0.980037639468
169.75    -0.979600752789
169.875    -0.979600752789
170.0    -0.981045839495
170.125    -0.981045839495
170.25    -0.981045839495
170.375    -0.980776986154
170.5    -0.977147466057
170.625    -0.977147466057
170.75    -0.977147466057
170.875    -0.980642559484
171.0    -0.983230272886
171.125    -0.983230272886
171.25    -0.978592552762
171.375    -0.983230272886
171.5    -0.981751579513
171.625    -0.981012232827
171.75    -0.981012232827
171.875    -0.978659766098
172.0    -0.977718779406
172.125    -0.977718779406
172.25    -0.977281892728
172.375    -0.977281892728
172.5    -0.975702379352
172.625    -0.97435811265
172.75    -0.97435811265
172.875    -0.97435811265
173.0    -0.978256486087
173.125    -0.978256486087
173.25    -0.976542546041
173.375    -0.976542546041
173.5    -0.979835999462
173.625    -0.979835999462
173.75    -0.979331899449
173.875    -0.979331899449
174.0    -0.979163866111
174.125    -0.978962226106
174.25    -0.977853206076
174.375    -0.977685172738
174.5    -0.976845006049
174.625    -0.976710579379
174.75    -0.976945826052
174.875    -0.977483532733
175.0    -0.975971232693
175.125    -0.975971232693
175.25    -0.977584352736
175.375    -0.977584352736
175.5    -0.975164672671
175.625    -0.975534346014
175.75    -0.975534346014
175.875    -0.975534346014
176.0    -0.975198279339
176.125    -0.975198279339
176.25    -0.978693372765
176.375    -0.978693372765
176.5    -0.977181072725
176.625    -0.97738271273
176.75    -0.976676972711
176.875    -0.976676972711
177.0    -0.979970426133
177.125    -0.980575346149
177.25    -0.9800040328
177.375    -0.980306492808
177.5    -0.977617959403
177.625    -0.977080252722
177.75    -0.976206479366
177.875    -0.976206479366
178.0    -0.97311466595
178.125    -0.971837612582
178.25    -0.969955639199
178.375    -0.97076219922
178.5    -0.973181879285
178.625    -0.972812205942
178.75    -0.972812205942
178.875    -0.972812205942
179.0    -0.974089259309
179.125    -0.974089259309
179.25    -0.973685979298
179.375    -0.973685979298
180.0    -0.975601559349
180.125    -0.975567952682
180.25    -0.975500739347
180.375    -0.975500739347
180.5    -0.975097459336
180.625    -0.97338351929
180.75    -0.973753192633
180.875    -0.973484339293
181.0    -0.976340906036
181.125    -0.976340906036
181.25    -0.97351794596
181.375    -0.97351794596
181.5    -0.975131066003
181.625    -0.975131066003
181.75    -0.974055652641
181.875    -0.974055652641
182.0    -0.972240892593
182.125    -0.972240892593
182.25    -0.972240892593
182.375    -0.972240892593
182.5    -0.972677779271
182.625    -0.972677779271
182.75    -0.972677779271
182.875    -0.972677779271
183.0    -0.972173679258
183.125    -0.97173679258
183.25    -0.97173679258
183.375    -0.971434332572
183.5    -0.97049334588
183.625    -0.97062777255
183.75    -0.970426132545
183.875    -0.971400725904
184.0    -0.97338351929
184.125    -0.973854012636
184.25    -0.970325312542
184.375    -0.970325312542
184.5    -0.972039252588
184.625    -0.971904825917
184.75    -0.97351794596
184.875    -0.974055652641
185.0    -0.972778599274
185.125    -0.972778599274
185.25    -0.972778599274
185.375    -0.97200564592
185.5    -0.971434332572
185.625    -0.971434332572
185.75    -0.971299905901
185.875    -0.972173679258
186.0    -0.97200564592
186.125    -0.97200564592
186.25    -0.971535152574
186.375    -0.971535152574
186.5    -0.968779405834
186.625    -0.968779405834
186.75    -0.967939239145
186.875    -0.973013845947
187.0    -0.970459739212
187.125    -0.970459739212
187.25    -0.971064659228
187.375    -0.970863019223
187.5    -0.970661379218
187.625    -0.970661379218
187.75    -0.971669579245
187.875    -0.972476139266
188.0    -0.967535959134
188.125    -0.967535959134
188.25    -0.96773759914
188.375    -0.96773759914
188.5    -0.970123672537
188.625    -0.969485145853
188.75    -0.969485145853
188.875    -0.969888425864
189.0    -0.972509745934
189.125    -0.972509745934
189.25    -0.971434332572
189.375    -0.971064659228
189.5    -0.968275305821
189.625    -0.967031859121
189.75    -0.967031859121
189.875    -0.967031859121
190.0    -0.97062777255
190.125    -0.967502352467
190.25    -0.966158085764
190.375    -0.966158085764
190.5    -0.967502352467
190.625    -0.969585965856
190.75    -0.966964645786
190.875    -0.968846619169
191.0    -0.971535152574
191.125    -0.971535152574
191.25    -0.970392525877
191.375    -0.969854819196
191.5    -0.97311466595
191.625    -0.970863019223
191.75    -0.970224492539
191.875    -0.969821212529
192.0    -0.972072859255
192.125    -0.972072859255
192.25    -0.972913025944
192.375    -0.972173679258
192.5    -0.973417125958
192.625    -0.973417125958
192.75    -0.973417125958
192.875    -0.97449253932
193.0    -0.966594972443
193.125    -0.966695792445
193.25    -0.968745799167
193.375    -0.968712192499
193.5    -0.973215485952
193.625    -0.971098265896
193.75    -0.974425325985
193.875    -0.971635972577
194.0    -0.971837612582
194.125    -0.971837612582
194.25    -0.97187121925
194.375    -0.970694985885
194.5    -0.972308105928
194.625    -0.972308105928
194.75    -0.966124479097
194.875    -0.966124479097
195.0    -0.96649415244
195.125    -0.96649415244
195.25    -0.96649415244
195.375    -0.96649415244
195.5    -0.96911547251
195.625    -0.96911547251
195.75    -0.968947439172
195.875    -0.968544159161
196.0    -0.966561365775
196.125    -0.966796612448
196.25    -0.966796612448
196.375    -0.966796612448
196.5    -0.970090065869
196.625    -0.970090065869
196.75    -0.969518752521
196.875    -0.969518752521
197.0    -0.970392525877
197.125    -0.970392525877
197.25    -0.968073665815
197.375    -0.968073665815
197.5    -0.97049334588
197.625    -0.97049334588
197.75    -0.97049334588
197.875    -0.969485145853
198.0    -0.970325312542
198.125    -0.970325312542
198.25    -0.970325312542
198.375    -0.970190885872
198.5    -0.969317112515
198.625    -0.969317112515
198.75    -0.968712192499
198.875    -0.966729399113
199.0    -0.965620379083
199.125    -0.968275305821
199.25    -0.968275305821
199.375    -0.966964645786
199.5    -0.969888425864
199.625    -0.970090065869
199.75    -0.970090065869
199.875    -0.970694985885
200.0    -0.967535959134
200.125    -0.967535959134
200.25    -0.966594972443
200.375    -0.966964645786
200.5    -0.967939239145
200.625    -0.970997445893
200.75    -0.970863019223
200.875    -0.970863019223
201.0    -0.967199892459
201.125    -0.967199892459
201.25    -0.966158085764
201.375    -0.966158085764
201.5    -0.964780212394
201.625    -0.964780212394
201.75    -0.964780212394
201.875    -0.964544965721
202.0    -0.969720392526
202.125    -0.96814087915
202.25    -0.967132679124
202.375    -0.96676300578
202.5    -0.963503159027
202.625    -0.963940045705
202.75    -0.965754805753
202.875    -0.966964645786
203.0    -0.967569565802
203.125    -0.967199892459
203.25    -0.971064659228
203.375    -0.969888425864
203.5    -0.968443339158
203.625    -0.968443339158
203.75    -0.968443339158
203.875    -0.968443339158
204.0    -0.968846619169
204.125    -0.968846619169
204.25    -0.968846619169
204.375    -0.967166285791
204.5    -0.968947439172
204.625    -0.966729399113
204.75    -0.966729399113
204.875    -0.966729399113
205.0    -0.964410539051
205.125    -0.964410539051
205.25    -0.964410539051
205.375    -0.964410539051
205.5    -0.968308912488
205.625    -0.969149079177
205.75    -0.96800645248
205.875    -0.96800645248
206.0    -0.968880225837
206.125    -0.966594972443
206.25    -0.965855625756
206.375    -0.965855625756
206.5    -0.964242505713
206.625    -0.964242505713
206.75    -0.963805619035
206.875    -0.963973652373
207.0    -0.966225299099
207.125    -0.965586772416
207.25    -0.965990052426
207.375    -0.965418739078
207.5    -0.96262938567
207.625    -0.965418739078
207.75    -0.965418739078
207.875    -0.965183492405
208.0    -0.96800645248
208.125    -0.967771205807
208.25    -0.967771205807
208.375    -0.96787202581
208.5    -0.968981045839
208.625    -0.968846619169
208.75    -0.968846619169
208.875    -0.968644979164
209.0    -0.962024465654
209.125    -0.961553972308
209.25    -0.961621185643
209.375    -0.96138593897
209.5    -0.96525070574
209.625    -0.96525070574
209.75    -0.96525070574
209.875    -0.96525070574
210.0    -0.962864632343
210.125    -0.965653985751
210.25    -0.963940045705
210.375    -0.963940045705
210.5    -0.964444145719
210.625    -0.964242505713
210.75    -0.964242505713
210.875    -0.964242505713
211.0    -0.960041672268
211.125    -0.960041672268
211.25    -0.960041672268
211.375    -0.960310525608
211.5    -0.960915445624
211.625    -0.959134292244
211.75    -0.959134292244
211.875    -0.959436752252
212.0    -0.957924452211
212.125    -0.957924452211
212.25    -0.95863019223
212.375    -0.968476945826
212.5    -0.960612985616
212.625    -0.960612985616
212.75    -0.960612985616
212.875    -0.960612985616
213.0    -0.961923645651
213.125    -0.965586772416
213.25    -0.964309719048
213.375    -0.964309719048
213.5    -0.959671998925
213.625    -0.960209705606
213.75    -0.960209705606
213.875    -0.960209705606
214.0    -0.959705605592
214.125    -0.959705605592
214.25    -0.960411345611
214.375    -0.960075278935
214.5    -0.961688398978
214.625    -0.961688398978
214.75    -0.961049872295
214.875    -0.961049872295
215.0    -0.959033472241
215.125    -0.959033472241
215.25    -0.96236053233
215.375    -0.961184298965
215.5    -0.960646592284
215.625    -0.960646592284
215.75    -0.960747412287
215.875    -0.960747412287
216.0    -0.959772818927
216.125    -0.959033472241
216.25    -0.959033472241
216.375    -0.959033472241
216.5    -0.954429358785
216.625    -0.954429358785
216.75    -0.955941658825
216.875    -0.954429358785
217.0    -0.95711789219
217.125    -0.95711789219
217.25    -0.959671998925
217.375    -0.959671998925
217.5    -0.959369538917
217.625    -0.960444952279
217.75    -0.960310525608
217.875    -0.959201505579
218.0    -0.960915445624
218.125    -0.960915445624
218.25    -0.960747412287
218.375    -0.960377738943
218.5    -0.960915445624
218.625    -0.960915445624
218.75    -0.960915445624
218.875    -0.960915445624
219.0    -0.957554778868
219.125    -0.958226912219
219.25    -0.958226912219
219.375    -0.957958058879
219.5    -0.960041672268
219.625    -0.958932652238
219.75    -0.958697405565
219.875    -0.958697405565
220.0    -0.958529372227
220.125    -0.957857238876
220.25    -0.956445758839
220.375    -0.95587444549
220.5    -0.957554778868
220.625    -0.956277725501
220.75    -0.956277725501
220.875    -0.956277725501
221.0    -0.958126092217
221.125    -0.957924452211
221.25    -0.957185105525
221.375    -0.959134292244
221.5    -0.957521172201
221.625    -0.957521172201
221.75    -0.957521172201
221.875    -0.957521172201
222.0    -0.952849845409
222.125    -0.952849845409
222.25    -0.952849845409
222.375    -0.953858045436
222.5    -0.954328538782
222.625    -0.953454765425
222.75    -0.955504772147
222.875    -0.955504772147
223.0    -0.956176905498
223.125    -0.955336738809
223.25    -0.955336738809
223.375    -0.955336738809
223.5    -0.955101492136
223.625    -0.955101492136
223.75    -0.955101492136
223.875    -0.955101492136
224.0    -0.954933458798
224.125    -0.955807232155
224.25    -0.955706412152
224.375    -0.956647398844
224.5    -0.954530178787
224.625    -0.957017072187
224.75    -0.957017072187
224.875    -0.953320338755
225.0    -0.957151498857
225.125    -0.957285925528
225.25    -0.957285925528
225.375    -0.957285925528
225.5    -0.957655598871
225.625    -0.957554778868
225.75    -0.957017072187
225.875    -0.957017072187
226.0    -0.954563785455
226.125    -0.954563785455
226.25    -0.954160505444
226.375    -0.953925258771
226.5    -0.952681812072
226.625    -0.952681812072
226.75    -0.951707218712
226.875    -0.951707218712
227.0    -0.951707218712
227.125    -0.951707218712
227.25    -0.953185912085
227.375    -0.951102298696
227.5    -0.951438365372
227.625    -0.951438365372
227.75    -0.951438365372
227.875    -0.953421158758
228.0    -0.95187525205
228.125    -0.95187525205
228.25    -0.952211318726
228.375    -0.952076892055
228.5    -0.948917865304
228.625    -0.948917865304
228.75    -0.948917865304
228.875    -0.948917865304
229.0    -0.956714612179
229.125    -0.956714612179
229.25    -0.956714612179
229.375    -0.956714612179
229.5    -0.950463772012
229.625    -0.951673612045
229.75    -0.952513778734
229.875    -0.951438365372
230.0    -0.950967872026
230.125    -0.947909665278
230.25    -0.947909665278
230.375    -0.947909665278
230.5    -0.950463772012
230.625    -0.950463772012
230.75    -0.954093292109
230.875    -0.950463772012
231.0    -0.953925258771
231.125    -0.953757225434
231.25    -0.953757225434
231.375    -0.953790832101
231.5    -0.951203118699
231.625    -0.950967872026
231.75    -0.950967872026
231.875    -0.950833445356
232.0    -0.952715418739
232.125    -0.952715418739
232.25    -0.950127705337
232.375    -0.950127705337
232.5    -0.95049737868
232.625    -0.949623605323
232.75    -0.950094098669
232.875    -0.950094098669
233.0    -0.94898507864
233.125    -0.94898507864
233.25    -0.94898507864
233.375    -0.949858851996
233.5    -0.951976072053
233.625    -0.951976072053
233.75    -0.951808038715
233.875    -0.951808038715
234.0    -0.952480172066
234.125    -0.952480172066
234.25    -0.952480172066
234.375    -0.947842451942
234.5    -0.945893265224
234.625    -0.945893265224
234.75    -0.947708025272
234.875    -0.947371958597
235.0    -0.948716225299
235.125    -0.949657211991
235.25    -0.949657211991
235.375    -0.953723618766
235.5    -0.952177712058
235.625    -0.952177712058
235.75    -0.953051485415
235.875    -0.953051485415
236.0    -0.951001478693
236.125    -0.953690012098
236.25    -0.953690012098
236.375    -0.952312138728
236.5    -0.949522785321
236.625    -0.949522785321
236.75    -0.951438365372
236.875    -0.952950665412
237.0    -0.949758031994
237.125    -0.949758031994
237.25    -0.949758031994
237.375    -0.949421965318
237.5    -0.94538916521
237.625    -0.94538916521
237.75    -0.948884258637
237.875    -0.947573598602
238.0    -0.946666218578
238.125    -0.948716225299
238.25    -0.952412958731
238.375    -0.952547385401
238.5    -0.948413765291
238.625    -0.948413765291
238.75    -0.947170318591
238.875    -0.947170318591
239.0    -0.946128511897
239.125    -0.946128511897
239.25    -0.946430971905
239.375    -0.946733431913
240.0    -0.949052291975
240.125    -0.949052291975
240.25    -0.949052291975
240.375    -0.949052291975
240.5    -0.944582605189
240.625    -0.944582605189
240.75    -0.944582605189
240.875    -0.94236456513
241.0    -0.943574405162
241.125    -0.948212125286
241.25    -0.948212125286
241.375    -0.948212125286
241.5    -0.947506385267
241.625    -0.947103105256
241.75    -0.947103105256
241.875    -0.947103105256
242.0    -0.949153111977
242.125    -0.949153111977
242.25    -0.947506385267
242.375    -0.94676703858
242.5    -0.946599005243
242.625    -0.945590805216
242.75    -0.945658018551
242.875    -0.94401129184
243.0    -0.9400120984
243.125    -0.9400120984
243.25    -0.942062105122
243.375    -0.943776045167
243.5    -0.949791638661
243.625    -0.947808845275
243.75    -0.945758838554
243.875    -0.947002285253
244.0    -0.945153918537
244.125    -0.945153918537
244.25    -0.94401129184
244.375    -0.942935878478
244.5    -0.943439978492
244.625    -0.943439978492
244.75    -0.943439978492
244.875    -0.943439978492
245.0    -0.9449858852
245.125    -0.943977685173
245.25    -0.943843258502
245.375    -0.946162118564
245.5    -0.949892458664
245.625    -0.949892458664
245.75    -0.949892458664
245.875    -0.949892458664
246.0    -0.94801048528
246.125    -0.94801048528
246.25    -0.94801048528
246.375    -0.94801048528
246.5    -0.944481785186
246.625    -0.944481785186
246.75    -0.944481785186
246.875    -0.944481785186
247.0    -0.941490791773
247.125    -0.941490791773
247.25    -0.940583411749
247.375    -0.940583411749
247.5    -0.948413765291
247.625    -0.947405565264
247.75    -0.947405565264
247.875    -0.947405565264
248.0    -0.948279338621
248.125    -0.948279338621
248.25    -0.948279338621
248.375    -0.947203925259
248.5    -0.948749831967
248.625    -0.948749831967
248.75    -0.948480978626
248.875    -0.947271138594
249.0    -0.946330151902
249.125    -0.946330151902
249.25    -0.946330151902
249.375    -0.948413765291
249.5    -0.945893265224
249.625    -0.945691625218
249.75    -0.948749831967
249.875    -0.948447371959
250.0    -0.945960478559
250.125    -0.945926871891
250.25    -0.946834251916
250.375    -0.947170318591
250.5    -0.946935071918
250.625    -0.946935071918
250.75    -0.946800645248
250.875    -0.946330151902
251.0    -0.94925393198
251.125    -0.946666218578
251.25    -0.947909665278
251.375    -0.947909665278
251.5    -0.945187525205
251.625    -0.945187525205
251.75    -0.944851458529
251.875    -0.945792445221
252.0    -0.944851458529
252.125    -0.944851458529
252.25    -0.944380965183
252.375    -0.944044898508
252.5    -0.943910471838
252.625    -0.943910471838
252.75    -0.943910471838
252.875    -0.943910471838
253.0    -0.941322758435
253.125    -0.941322758435
253.25    -0.940885871757
253.375    -0.940885871757
253.5    -0.945053098535
253.625    -0.945053098535
253.75    -0.945053098535
253.875    -0.945053098535
254.0    -0.945456378546
254.125    -0.945456378546
254.25    -0.945187525205
254.375    -0.945288345208
254.5    -0.943809651835
254.625    -0.941020298427
254.75    -0.941558005108
254.875    -0.941558005108
255.0    -0.946531791908
255.125    -0.946531791908
255.25    -0.946531791908
255.375    -0.946531791908
255.5    -0.942263745127
255.625    -0.941558005108
255.75    -0.943406371824
255.875    -0.943406371824
256.0    -0.946094905229
256.125    -0.946094905229
256.25    -0.946094905229
256.375    -0.946094905229
256.5    -0.943708831832
256.625    -0.943708831832
256.75    -0.943708831832
256.875    -0.943708831832
257.0    -0.947573598602
257.125    -0.947573598602
257.25    -0.948144911951
257.375    -0.943507191827
257.5    -0.942196531792
257.625    -0.942196531792
257.75    -0.942196531792
257.875    -0.942196531792
258.0    -0.941726038446
258.125    -0.943540798494
258.25    -0.943540798494
258.375    -0.943540798494
258.5    -0.943473585159
258.625    -0.942431778465
258.75    -0.942431778465
258.875    -0.942028498454
259.0    -0.944649818524
259.125    -0.944649818524
259.25    -0.944649818524
259.375    -0.942734238473
259.5    -0.942196531792
259.625    -0.942196531792
259.75    -0.942196531792
259.875    -0.941087511762
260.0    -0.942196531792
260.125    -0.941658825111
260.25    -0.940751445087
260.375    -0.939978491733
260.5    -0.944481785186
260.625    -0.944885065197
260.75    -0.944885065197
260.875    -0.944885065197
261.0    -0.943070305149
261.125    -0.943070305149
261.25    -0.94236456513
261.375    -0.94236456513
261.5    -0.943574405162
261.625    -0.943574405162
261.75    -0.943574405162
261.875    -0.942566205135
262.0    -0.943271945154
262.125    -0.942230138459
262.25    -0.942599811803
262.375    -0.942599811803
262.5    -0.942902271811
262.625    -0.942902271811
262.75    -0.942902271811
262.875    -0.942902271811
263.0    -0.93960881839
263.125    -0.93960881839
263.25    -0.93960881839
263.375    -0.93960881839
263.5    -0.940919478425
263.625    -0.940919478425
263.75    -0.939709638392
263.875    -0.939709638392
264.0    -0.94263341847
264.125    -0.94263341847
264.25    -0.94263341847
264.375    -0.941826858449
264.5    -0.939541605054
264.625    -0.938600618363
264.75    -0.938600618363
264.875    -0.938600618363
265.0    -0.940112918403
265.125    -0.936550611641
265.25    -0.940112918403
265.375    -0.940112918403
265.5    -0.941423578438
265.625    -0.941423578438
265.75    -0.941423578438
265.875    -0.941423578438
266.0    -0.938802258368
266.125    -0.938802258368
266.25    -0.940280951741
266.375    -0.940079311735
266.5    -0.943137518484
266.625    -0.941961285119
266.75    -0.941793251781
266.875    -0.940079311735
267.0    -0.938533405028
267.125    -0.938567011695
267.25    -0.938567011695
267.375    -0.938567011695
267.5    -0.937962091679
267.625    -0.937962091679
267.75    -0.936718644979
267.875    -0.936718644979
268.0    -0.936214544966
268.125    -0.936214544966
268.25    -0.936214544966
268.375    -0.936214544966
268.5    -0.941154725097
268.625    -0.941154725097
268.75    -0.941154725097
268.875    -0.940314558408
269.0    -0.93987767173
269.125    -0.93987767173
269.25    -0.93987767173
269.375    -0.93987767173
269.5    -0.939810458395
269.625    -0.938869471703
269.75    -0.938466191692
269.875    -0.940852265089
270.0    -0.940180131738
270.125    -0.938197338352
270.25    -0.938197338352
270.375    -0.938197338352
270.5    -0.936785858314
270.625    -0.936785858314
270.75    -0.936785858314
270.875    -0.936785858314
271.0    -0.937962091679
271.125    -0.937962091679
271.25    -0.937962091679
271.375    -0.936752251647
271.5    -0.936752251647
271.625    -0.936752251647
271.75    -0.935912084958
271.875    -0.936584218309
272.0    -0.940448985079
272.125    -0.940448985079
272.25    -0.940448985079
272.375    -0.940684231752
272.5    -0.939575211722
272.625    -0.938062911682
272.75    -0.936785858314
272.875    -0.935979298293
273.0    -0.938802258368
273.125    -0.938802258368
273.25    -0.938802258368
273.375    -0.938802258368
273.5    -0.93463503159
273.625    -0.93463503159
273.75    -0.934702244925
273.875    -0.934702244925
274.0    -0.937894878344
274.125    -0.937894878344
274.25    -0.937894878344
274.375    -0.937894878344
274.5    -0.937054711655
274.625    -0.937054711655
274.75    -0.937054711655
274.875    -0.937054711655
275.0    -0.932450598199
275.125    -0.932450598199
275.25    -0.932349778196
275.375    -0.936483398306
275.5    -0.936584218309
275.625    -0.936584218309
275.75    -0.935811264955
275.875    -0.93587847829
276.0    -0.935542411614
276.125    -0.936416184971
276.25    -0.936416184971
276.375    -0.936416184971
276.5    -0.936886678317
276.625    -0.936886678317
276.75    -0.936886678317
276.875    -0.934063718242
277.0    -0.93298830488
277.125    -0.93298830488
277.25    -0.93298830488
277.375    -0.93298830488
277.5    -0.931307971502
277.625    -0.931307971502
277.75    -0.931476004839
277.875    -0.931476004839
278.0    -0.93298830488
278.125    -0.93298830488
278.25    -0.93298830488
278.375    -0.93298830488
278.5    -0.933324371555
278.625    -0.933324371555
278.75    -0.93450060492
278.875    -0.933962898239
279.0    -0.932282564861
279.125    -0.931207151499
279.25    -0.931207151499
279.375    -0.931207151499
279.5    -0.932215351526
279.625    -0.932215351526
279.75    -0.932383384864
279.875    -0.932585024869
280.0    -0.930467804812
280.125    -0.930467804812
280.25    -0.934030111574
280.375    -0.934030111574
280.5    -0.93298830488
280.625    -0.93298830488
280.75    -0.932853878209
280.875    -0.932853878209
281.0    -0.928249764753
281.125    -0.928249764753
281.25    -0.928182551418
281.375    -0.930198951472
281.5    -0.931207151499
281.625    -0.931207151499
281.75    -0.930568624815
281.875    -0.930030918134
282.0    -0.92912353811
282.125    -0.928921898105
282.25    -0.928888291437
282.375    -0.928384191424
282.5    -0.926670251378
282.625    -0.927174351391
282.75    -0.927174351391
282.875    -0.927174351391
283.0    -0.929560424788
283.125    -0.929560424788
283.25    -0.929560424788
283.375    -0.929560424788
283.5    -0.928585831429
283.625    -0.928585831429
283.75    -0.928585831429
283.875    -0.926771071381
284.0    -0.926334184702
284.125    -0.926334184702
284.25    -0.926334184702
284.375    -0.927275171394
284.5    -0.92761123807
284.625    -0.92761123807
284.75    -0.92761123807
284.875    -0.92761123807
285.0    -0.930400591477
285.125    -0.930400591477
285.25    -0.930400591477
285.375    -0.930333378142
285.5    -0.929963704799
285.625    -0.930098131469
285.75    -0.925930904691
285.875    -0.925930904691
286.0    -0.925964511359
286.125    -0.925964511359
286.25    -0.925930904691
286.375    -0.925930904691
286.5    -0.927577631402
286.625    -0.926266971367
286.75    -0.927342384729
286.875    -0.927207958059
287.0    -0.924485817986
287.125    -0.924485817986
287.25    -0.925157951338
287.375    -0.924821884662
287.5    -0.925863691356
287.625    -0.924922704665
287.75    -0.924922704665
287.875    -0.924922704665
288.0    -0.924418604651
288.125    -0.924418604651
288.25    -0.924586637989
288.375    -0.924586637989
288.5    -0.926603038043
288.625    -0.926603038043
288.75    -0.926603038043
288.875    -0.926905498051
289.0    -0.924855491329
289.125    -0.924855491329
289.25    -0.924855491329
289.375    -0.924855491329
289.5    -0.925628444683
289.625    -0.925628444683
289.75    -0.925628444683
289.875    -0.925628444683
290.0    -0.931274364834
290.125    -0.931274364834
290.25    -0.931274364834
290.375    -0.92663664471
290.5    -0.923645651297
290.625    -0.923645651297
290.75    -0.923645651297
290.875    -0.923645651297
291.0    -0.923141551284
291.125    -0.922805484608
291.25    -0.922805484608
291.375    -0.922805484608
291.5    -0.925796478021
291.625    -0.925796478021
291.75    -0.925796478021
291.875    -0.92512434467
292.0    -0.924989918
292.125    -0.924721064659
292.25    -0.924721064659
292.375    -0.924721064659
292.5    -0.924754671327
292.625    -0.924754671327
292.75    -0.924754671327
292.875    -0.921730071246
293.0    -0.923544831295
293.125    -0.923544831295
293.25    -0.922973517946
293.375    -0.924485817986
293.5    -0.92223417126
293.625    -0.921898104584
293.75    -0.921898104584
293.875    -0.922032531254
294.0    -0.9212595779
294.125    -0.9212595779
294.25    -0.9212595779
294.375    -0.921662857911
294.5    -0.924687457992
294.625    -0.92388089797
294.75    -0.92388089797
294.875    -0.92388089797
295.0    -0.919478424519
295.125    -0.919478424519
295.25    -0.918167764484
295.375    -0.915647264417
295.5    -0.923544831295
295.625    -0.923544831295
295.75    -0.923544831295
295.875    -0.922771877941
296.0    -0.923511224627
296.125    -0.923511224627
296.25    -0.923511224627
296.375    -0.923511224627
296.5    -0.920419411211
296.625    -0.920419411211
296.75    -0.920520231214
296.875    -0.920520231214
297.0    -0.919243177846
297.125    -0.919243177846
297.25    -0.919243177846
297.375    -0.919243177846
297.5    -0.920688264552
297.625    -0.920688264552
297.75    -0.921192364565
297.875    -0.920889904557
298.0    -0.917898911144
298.125    -0.917898911144
298.25    -0.917898911144
298.375    -0.917898911144
298.5    -0.920284984541
298.625    -0.920284984541
298.75    -0.920284984541
298.875    -0.920486624546
299.0    -0.925527624681
299.125    -0.925527624681
299.25    -0.925527624681
299.375    -0.921898104584
