0.0    0.172584333905
0.125    0.172627215552
0.25    0.173356203545
0.375    0.172998856489
0.5    0.175957690109
0.625    0.175914808462
0.75    0.176400800457
0.875    0.169797026873
1.0    0.176343624929
1.125    0.175343053173
1.25    0.175471698113
1.375    0.172984562607
1.5    0.172970268725
1.625    0.173827901658
1.75    0.176629502573
1.875    0.176901086335
2.0    0.173484848485
2.125    0.174785591767
2.25    0.175300171527
2.375    0.176114922813
2.5    0.176972555746
2.625    0.17525728988
2.75    0.175171526587
2.875    0.177001143511
3.0    0.177958833619
3.125    0.175686106346
3.25    0.177129788451
3.375    0.175428816467
3.5    0.176357918811
3.625    0.173642081189
3.75    0.171626643796
3.875    0.172627215552
4.0    0.16978273299
4.125    0.16913950829
4.25    0.16913950829
4.375    0.16913950829
4.5    0.174242424242
4.625    0.174242424242
4.75    0.173413379074
4.875    0.173413379074
5.0    0.182675814751
5.125    0.174070897656
5.25    0.174070897656
5.375    0.174070897656
5.5    0.170211549457
5.625    0.170211549457
5.75    0.170211549457
5.875    0.170211549457
6.0    0.178787878788
6.125    0.179902801601
6.25    0.178173241852
6.375    0.17854488279
6.5    0.168124642653
6.625    0.171798170383
6.75    0.172198399085
6.875    0.172198399085
7.0    0.175114351058
7.125    0.175571755289
7.25    0.175
7.375    0.174285305889
7.5    0.170769010863
7.625    0.180717552887
7.75    0.170769010863
7.875    0.171240708977
8.0    0.174928530589
8.125    0.174928530589
8.25    0.175014293882
8.375    0.176043453402
8.5    0.176629502573
8.625    0.173113207547
8.75    0.166995425958
8.875    0.166995425958
9.0    0.177472841624
9.125    0.161206403659
9.25    0.177472841624
9.375    0.16739565466
9.5    0.179359634077
9.625    0.175414522584
9.75    0.178387650086
9.875    0.171698113208
10.0    0.17602915952
10.125    0.178744997141
10.25    0.178759291023
10.375    0.177987421384
10.5    0.172169811321
10.625    0.172141223556
10.75    0.17893081761
10.875    0.17893081761
11.0    0.178487707261
11.125    0.175571755289
11.25    0.175042881647
11.375    0.172913093196
11.5    0.179016580903
11.625    0.179016580903
11.75    0.179016580903
11.875    0.178316180675
12.0    0.171140651801
12.125    0.172684391081
12.25    0.171883933676
12.375    0.172827329903
12.5    0.175543167524
12.625    0.175543167524
12.75    0.175543167524
12.875    0.174857061178
13.0    0.175428816467
13.125    0.174113779302
13.25    0.174199542596
13.375    0.175085763293
13.5    0.181417953116
13.625    0.177658662093
13.75    0.178187535735
13.875    0.178330474557
14.0    0.176243567753
14.125    0.176243567753
14.25    0.176243567753
14.375    0.176243567753
14.5    0.168910806175
14.625    0.168910806175
14.75    0.168910806175
14.875    0.168910806175
15.0    0.175700400229
15.125    0.175700400229
15.25    0.175700400229
15.375    0.175714694111
15.5    0.190637507147
15.625    0.164465408805
15.75    0.164465408805
15.875    0.164465408805
16.0    0.164594053745
16.125    0.164779874214
16.25    0.164779874214
16.375    0.164251000572
16.5    0.173341909663
16.625    0.173370497427
16.75    0.173370497427
16.875    0.173027444254
17.0    0.179559748428
17.125    0.172198399085
17.25    0.159805603202
17.375    0.157232704403
17.5    0.175400228702
17.625    0.175400228702
17.75    0.176429388222
17.875    0.175400228702
18.0    0.175829045169
18.125    0.174799885649
18.25    0.174799885649
18.375    0.16256432247
18.5    0.173956546598
18.625    0.174342481418
18.75    0.17384219554
18.875    0.16546598056
19.0    0.189222412807
19.125    0.182232704403
19.25    0.181475128645
19.375    0.179931389365
19.5    0.179716981132
19.625    0.179845626072
19.75    0.178373356204
19.875    0.178373356204
20.0    0.171855345912
20.125    0.171112064037
20.25    0.174371069182
20.375    0.175986277873
20.5    0.173441966838
20.625    0.173441966838
20.75    0.17332761578
20.875    0.17332761578
21.0    0.164794168096
21.125    0.164879931389
21.25    0.172055460263
21.375    0.17893081761
21.5    0.175285877644
21.625    0.175285877644
21.75    0.175314465409
21.875    0.175400228702
22.0    0.181732418525
22.125    0.176000571755
22.25    0.175628930818
22.375    0.174928530589
22.5    0.173213264723
22.625    0.176858204688
22.75    0.173041738136
22.875    0.173727844483
23.0    0.168767867353
23.125    0.173913664951
23.25    0.173913664951
23.375    0.168910806175
23.5    0.187764436821
23.625    0.177544311035
23.75    0.172684391081
23.875    0.173284734134
24.0    0.169239565466
24.125    0.16598056032
24.25    0.165566037736
24.375    0.165566037736
24.5    0.174671240709
24.625    0.176172098342
24.75    0.174671240709
24.875    0.174671240709
25.0    0.169068038879
25.125    0.16913950829
25.25    0.16913950829
25.375    0.17016866781
25.5    0.162235563179
25.625    0.161206403659
25.75    0.177987421384
25.875    0.177987421384
26.0    0.165437392796
26.125    0.165423098914
26.25    0.165423098914
26.375    0.178687821612
26.5    0.16926815323
26.625    0.169482561464
26.75    0.169482561464
26.875    0.169482561464
27.0    0.16965408805
27.125    0.16965408805
27.25    0.16965408805
27.375    0.16965408805
27.5    0.168138936535
27.625    0.17158376215
27.75    0.16533733562
27.875    0.181632361349
28.0    0.175042881647
28.125    0.176586620926
28.25    0.164351057747
28.375    0.185834762722
28.5    0.183133218982
28.625    0.182690108634
28.75    0.170511720983
28.875    0.170511720983
29.0    0.166738136078
29.125    0.17068324757
29.25    0.170111492281
29.375    0.17016866781
29.5    0.169110920526
29.625    0.169110920526
29.75    0.169110920526
29.875    0.169110920526
30.0    0.1662378502
30.125    0.186220697541
30.25    0.186292166953
30.375    0.186678101772
30.5    0.169839908519
30.625    0.169811320755
30.75    0.171026300743
30.875    0.171369353917
31.0    0.167295597484
31.125    0.171612349914
31.25    0.173470554603
31.375    0.171569468268
31.5    0.16765294454
31.625    0.168253287593
31.75    0.170025728988
31.875    0.169411092053
32.0    0.159705546026
32.125    0.181289308176
32.25    0.177044025157
32.375    0.169725557461
32.5    0.172741566609
32.625    0.172870211549
32.75    0.173084619783
32.875    0.170411663808
33.0    0.171655231561
33.125    0.17261292167
33.25    0.162592910234
33.375    0.172541452258
33.5    0.186749571184
33.625    0.186520869068
33.75    0.186692395655
33.875    0.186578044597
34.0    0.171140651801
34.125    0.171226415094
34.25    0.170826186392
34.375    0.167938822184
34.5    0.164565465981
34.625    0.168653516295
34.75    0.168381932533
34.875    0.168381932533
35.0    0.169668381933
35.125    0.169539736993
35.25    0.168624928531
35.375    0.168196112064
35.5    0.163136077759
35.625    0.174113779302
35.75    0.161506575186
35.875    0.161506575186
36.0    0.165008576329
36.125    0.161978273299
36.25    0.162807318468
36.375    0.162392795883
36.5    0.171440823328
36.625    0.161492281304
36.75    0.164065180103
36.875    0.191152086907
37.0    0.182275586049
37.125    0.182847341338
37.25    0.164336763865
37.375    0.184248141795
37.5    0.189165237278
37.625    0.189765580332
37.75    0.189493996569
37.875    0.182175528874
38.0    0.182518582047
38.125    0.173384791309
38.25    0.170197255575
38.375    0.17397084048
38.5    0.172970268725
38.625    0.170883361921
38.75    0.170526014866
38.875    0.173041738136
39.0    0.171269296741
39.125    0.171640937679
39.25    0.172012578616
39.375    0.172284162379
39.5    0.171855345912
39.625    0.171855345912
39.75    0.181660949114
39.875    0.167895940537
40.0    0.170911949686
40.125    0.170454545455
40.25    0.173885077187
40.375    0.173985134362
40.5    0.167853058891
40.625    0.171212121212
40.75    0.169053744997
40.875    0.175814751286
41.0    0.175314465409
41.125    0.171540880503
41.25    0.171540880503
41.375    0.171540880503
41.5    0.191781017724
41.625    0.184891366495
41.75    0.185034305317
41.875    0.184834190966
42.0    0.168381932533
42.125    0.168696397942
42.25    0.168696397942
42.375    0.168696397942
42.5    0.172241280732
42.625    0.172327044025
42.75    0.173013150372
42.875    0.172241280732
43.0    0.16114922813
43.125    0.160491709548
43.25    0.164379645512
43.375    0.164379645512
43.5    0.175600343053
43.625    0.175600343053
43.75    0.175600343053
43.875    0.175600343053
44.0    0.168310463122
44.125    0.168453401944
44.25    0.167895940537
44.375    0.167610062893
44.5    0.183776443682
44.625    0.165137221269
44.75    0.18427672956
44.875    0.166538021727
45.0    0.174242424242
45.125    0.170883361921
45.25    0.168467695826
45.375    0.168481989708
45.5    0.168396226415
45.625    0.168696397942
45.75    0.191280731847
45.875    0.157318467696
46.0    0.174499714122
46.125    0.17474271012
46.25    0.170954831332
46.375    0.17119782733
46.5    0.176915380217
46.625    0.1743567753
46.75    0.175028587764
46.875    0.175028587764
47.0    0.192109777015
47.125    0.194754145226
47.25    0.19110920526
47.375    0.191137793025
47.5    0.168053173242
47.625    0.168138936535
47.75    0.178016009148
47.875    0.168510577473
48.0    0.171312178388
48.125    0.171312178388
48.25    0.186735277301
48.375    0.165222984563
48.5    0.178773584906
48.625    0.16482275586
48.75    0.164179531161
48.875    0.168396226415
49.0    0.168196112064
49.125    0.167424242424
49.25    0.169439679817
49.375    0.168196112064
49.5    0.168453401944
49.625    0.1681675243
49.75    0.1681675243
49.875    0.167510005718
50.0    0.172813036021
50.125    0.168238993711
50.25    0.165680388794
50.375    0.167738707833
50.5    0.17132647227
50.625    0.170711835334
50.75    0.170540308748
50.875    0.170540308748
51.0    0.169939965695
51.125    0.166066323614
51.25    0.162621497999
51.375    0.164436821041
51.5    0.17654373928
51.625    0.17654373928
51.75    0.176615208691
51.875    0.173670668954
52.0    0.17448542024
52.125    0.174885648942
52.25    0.172427101201
52.375    0.172026872499
52.5    0.184305317324
52.625    0.177172670097
52.75    0.175057175529
52.875    0.175443110349
53.0    0.166194968553
53.125    0.165137221269
53.25    0.167853058891
53.375    0.168381932533
53.5    0.169625500286
53.625    0.191380789022
53.75    0.191380789022
53.875    0.171612349914
54.0    0.172126929674
54.125    0.171369353917
54.25    0.169611206404
54.375    0.172126929674
54.5    0.176114922813
54.625    0.176114922813
54.75    0.176086335049
54.875    0.176700971984
55.0    0.171255002859
55.125    0.171626643796
55.25    0.170854774157
55.375    0.169053744997
55.5    0.166609491138
55.625    0.169168096055
55.75    0.168810748999
55.875    0.167895940537
56.0    0.167195540309
56.125    0.164908519154
56.25    0.166895368782
56.375    0.168682104059
56.5    0.167481417953
56.625    0.16778158948
56.75    0.168596340766
56.875    0.169625500286
57.0    0.174070897656
57.125    0.164093767867
57.25    0.164093767867
57.375    0.164208118925
57.5    0.168010291595
57.625    0.168324757004
57.75    0.168324757004
57.875    0.168324757004
58.0    0.171426529445
58.125    0.16765294454
58.25    0.189508290452
58.375    0.189794168096
58.5    0.168453401944
58.625    0.168853630646
58.75    0.16901086335
58.875    0.168867924528
59.0    0.154745568897
59.125    0.158719268153
59.25    0.156632361349
59.375    0.156518010292
59.5    0.157461406518
59.625    0.165165809034
59.75    0.165580331618
59.875    0.165751858205
60.0    0.170626072041
60.125    0.170468839337
60.25    0.168439108062
60.375    0.168439108062
60.5    0.170926243568
60.625    0.170854774157
60.75    0.179974271012
60.875    0.17132647227
61.0    0.157690108634
61.125    0.157975986278
61.25    0.161863922241
61.375    0.161735277301
61.5    0.172198399085
61.625    0.171812464265
61.75    0.172655803316
61.875    0.17068324757
62.0    0.173156089194
62.125    0.172741566609
62.25    0.17145511721
62.375    0.185977701544
62.5    0.17397084048
62.625    0.160563178959
62.75    0.155431675243
62.875    0.155531732419
63.0    0.176943967982
63.125    0.171269296741
63.25    0.154988564894
63.375    0.171255002859
63.5    0.166795311607
63.625    0.166509433962
63.75    0.167238421955
63.875    0.165566037736
64.0    0.168253287593
64.125    0.168310463122
64.25    0.15734705546
64.375    0.15734705546
64.5    0.162407089766
64.625    0.162364208119
64.75    0.162364208119
64.875    0.158833619211
65.0    0.173856489423
65.125    0.174528301887
65.25    0.174456832476
65.375    0.17512864494
65.5    0.171526586621
65.625    0.171569468268
65.75    0.170111492281
65.875    0.171226415094
66.0    0.164222412807
66.125    0.164222412807
66.25    0.164379645512
66.375    0.164436821041
66.5    0.177572898799
66.625    0.177572898799
66.75    0.178016009148
66.875    0.174899942824
67.0    0.17995997713
67.125    0.180460263007
67.25    0.181303602058
67.375    0.184705546026
67.5    0.157632933105
67.625    0.158076043453
67.75    0.158862206975
67.875    0.177372784448
68.0    0.159176672384
68.125    0.159176672384
68.25    0.160577472842
68.375    0.159348198971
68.5    0.164265294454
68.625    0.166309319611
68.75    0.163007432819
68.875    0.16282161235
69.0    0.16102058319
69.125    0.16102058319
69.25    0.164765580332
69.375    0.163879359634
69.5    0.161077758719
69.625    0.172784448256
69.75    0.176986849628
69.875    0.163622069754
70.0    0.172169811321
70.125    0.15696112064
70.25    0.160849056604
70.375    0.164351057747
70.5    0.179288164666
70.625    0.17983133219
70.75    0.176400800457
70.875    0.15979130932
71.0    0.172798742138
71.125    0.173013150372
71.25    0.172855917667
71.375    0.163879359634
71.5    0.163150371641
71.625    0.162064036592
71.75    0.1649514008
71.875    0.167581475129
72.0    0.161177815895
72.125    0.160991995426
72.25    0.160148656375
72.375    0.159362492853
72.5    0.151272155517
72.625    0.152830188679
72.75    0.145583190395
72.875    0.166995425958
73.0    0.159819897084
73.125    0.159819897084
73.25    0.159691252144
73.375    0.159691252144
73.5    0.16410806175
73.625    0.164594053745
73.75    0.164594053745
73.875    0.16508004574
74.0    0.163321898228
74.125    0.163965122927
74.25    0.163536306461
74.375    0.172312750143
74.5    0.167995997713
74.625    0.165966266438
74.75    0.165423098914
74.875    0.180245854774
75.0    0.167695826186
75.125    0.168582046884
75.25    0.16778158948
75.375    0.167853058891
75.5    0.160949113779
75.625    0.161506575186
75.75    0.171040594625
75.875    0.173256146369
76.0    0.165494568325
76.125    0.165280160091
76.25    0.168467695826
76.375    0.166223556318
76.5    0.168053173242
76.625    0.168024585477
76.75    0.161163522013
76.875    0.162392795883
77.0    0.158347627216
77.125    0.161477987421
77.25    0.158662092624
77.375    0.159248141795
77.5    0.164579759863
77.625    0.164722698685
77.75    0.162421383648
77.875    0.180460263007
78.0    0.165008576329
78.125    0.166223556318
78.25    0.165966266438
78.375    0.16662378502
78.5    0.156889651229
78.625    0.157918810749
78.75    0.154902801601
78.875    0.157404230989
79.0    0.167552887364
79.125    0.167195540309
79.25    0.166852487136
79.375    0.159777015437
79.5    0.184819897084
79.625    0.175271583762
79.75    0.173913664951
79.875    0.17487135506
80.0    0.169110920526
80.125    0.167795883362
80.25    0.170726129217
80.375    0.193081761006
80.5    0.17016866781
80.625    0.17055460263
80.75    0.171126357919
80.875    0.179774156661
81.0    0.16572327044
81.125    0.164079473985
81.25    0.165666094911
81.375    0.165823327616
81.5    0.162264150943
81.625    0.170354488279
81.75    0.170097198399
81.875    0.167109777015
82.0    0.168224699828
82.125    0.16803887936
82.25    0.145969125214
82.375    0.14594053745
82.5    0.166437964551
82.625    0.163050314465
82.75    0.155889079474
82.875    0.155789022298
83.0    0.167052601487
83.125    0.163922241281
83.25    0.163436249285
83.375    0.166966838193
83.5    0.162092624357
83.625    0.160606060606
83.75    0.166094911378
83.875    0.164208118925
84.0    0.1737135506
84.125    0.173684962836
84.25    0.173785020011
84.375    0.164451114923
84.5    0.160034305317
84.625    0.161320754717
84.75    0.149799885649
84.875    0.168710691824
85.0    0.165137221269
85.125    0.16385077187
85.25    0.16385077187
85.375    0.162578616352
85.5    0.165294453974
85.625    0.166137793025
85.75    0.164150943396
85.875    0.186692395655
86.0    0.171226415094
86.125    0.175228702115
86.25    0.175929102344
86.375    0.170011435106
86.5    0.163936535163
86.625    0.161963979417
86.75    0.165737564322
86.875    0.159205260149
87.0    0.161649514008
87.125    0.161134934248
87.25    0.161134934248
87.375    0.162135506003
87.5    0.147813036021
87.625    0.155803316181
87.75    0.162592910234
87.875    0.164965694683
88.0    0.169625500286
88.125    0.184291023442
88.25    0.18389079474
88.375    0.182890222985
88.5    0.165237278445
88.625    0.165894797027
88.75    0.16192109777
88.875    0.16192109777
89.0    0.167109777015
89.125    0.167109777015
89.25    0.173899371069
89.375    0.174928530589
89.5    0.168053173242
89.625    0.168810748999
89.75    0.167324185249
89.875    0.166295025729
90.0    0.163507718696
90.125    0.161049170955
90.25    0.163779302459
90.375    0.161292166953
90.5    0.164851343625
90.625    0.15
90.75    0.161720983419
90.875    0.172012578616
91.0    0.166080617496
91.125    0.166552315609
91.25    0.166523727844
91.375    0.16636649514
91.5    0.15734705546
91.625    0.157004002287
91.75    0.157032590051
91.875    0.157590051458
92.0    0.161992567181
92.125    0.163364779874
92.25    0.162621497999
92.375    0.161863922241
92.5    0.16726700972
92.625    0.169125214408
92.75    0.166352201258
92.875    0.167352773013
93.0    0.161678101772
93.125    0.161878216124
93.25    0.161092052601
93.375    0.171040594625
93.5    0.162607204117
93.625    0.162850200114
93.75    0.161992567181
93.875    0.165408805031
94.0    0.156375071469
94.125    0.153659233848
94.25    0.154030874786
94.375    0.157590051458
94.5    0.173556317896
94.625    0.162964551172
94.75    0.163607775872
94.875    0.165194396798
95.0    0.165937678674
95.125    0.165408805031
95.25    0.192753001715
95.375    0.172627215552
95.5    0.168181818182
95.625    0.159205260149
95.75    0.172198399085
95.875    0.158233276158
96.0    0.172970268725
96.125    0.167895940537
96.25    0.186377930246
96.375    0.163922241281
96.5    0.164779874214
96.625    0.163050314465
96.75    0.163236134934
96.875    0.162364208119
97.0    0.164922813036
97.125    0.165180102916
97.25    0.165480274443
97.375    0.165666094911
97.5    0.160706117782
97.625    0.160806174957
97.75    0.160263007433
97.875    0.175728987993
98.0    0.173999428245
98.125    0.167567181246
98.25    0.167338479131
98.375    0.175671812464
98.5    0.163965122927
98.625    0.164922813036
98.75    0.185291595197
98.875    0.184176672384
99.0    0.171698113208
99.125    0.16675242996
99.25    0.161192109777
99.375    0.162249857061
99.5    0.168310463122
99.625    0.164436821041
99.75    0.161263579188
99.875    0.161349342481
100.0    0.160906232133
100.125    0.160577472842
100.25    0.169711263579
100.375    0.169939965695
100.5    0.166123499142
100.625    0.166981132075
100.75    0.167081189251
100.875    0.177701543739
101.0    0.173913664951
101.125    0.171683819325
101.25    0.171283590623
101.375    0.171655231561
101.5    0.161049170955
101.625    0.161049170955
101.75    0.162721555174
101.875    0.162535734706
102.0    0.162521440823
102.125    0.168925100057
102.25    0.170540308748
102.375    0.168096054889
102.5    0.165651801029
102.625    0.165651801029
102.75    0.166066323614
102.875    0.167052601487
103.0    0.173813607776
103.125    0.173399085192
103.25    0.174042309891
103.375    0.174985706118
103.5    0.149299599771
103.625    0.150285877644
103.75    0.164193825043
103.875    0.164379645512
104.0    0.161992567181
104.125    0.160620354488
104.25    0.176129216695
104.375    0.176129216695
104.5    0.161778158948
104.625    0.162164093768
104.75    0.162164093768
104.875    0.162678673528
105.0    0.167610062893
105.125    0.167610062893
105.25    0.167738707833
105.375    0.168367638651
105.5    0.17184105203
105.625    0.171669525443
105.75    0.171769582619
105.875    0.152958833619
106.0    0.160949113779
106.125    0.170497427101
106.25    0.171655231561
106.375    0.17184105203
106.5    0.160548885077
106.625    0.163536306461
106.75    0.151500857633
106.875    0.163121783877
107.0    0.159719839909
107.125    0.163779302459
107.25    0.178259005146
107.375    0.186077758719
107.5    0.174785591767
107.625    0.17790165809
107.75    0.171097770154
107.875    0.171012006861
108.0    0.148113207547
108.125    0.168710691824
108.25    0.168196112064
108.375    0.168310463122
108.5    0.162407089766
108.625    0.162364208119
108.75    0.1587621498
108.875    0.159762721555
109.0    0.162778730703
109.125    0.178502001144
109.25    0.159805603202
109.375    0.159962835906
109.5    0.16114922813
109.625    0.15495997713
109.75    0.16372212693
109.875    0.166037735849
110.0    0.155188679245
110.125    0.155188679245
110.25    0.151400800457
110.375    0.176815323042
110.5    0.174785591767
110.625    0.174785591767
110.75    0.174928530589
110.875    0.16803887936
111.0    0.170182961692
111.125    0.167081189251
111.25    0.162378502001
111.375    0.16372212693
111.5    0.171226415094
111.625    0.169739851344
111.75    0.171440823328
111.875    0.170154373928
112.0    0.168310463122
112.125    0.170726129217
112.25    0.170583190395
112.375    0.151786735277
112.5    0.178502001144
112.625    0.169210977702
112.75    0.16926815323
112.875    0.177944539737
113.0    0.164436821041
113.125    0.162650085763
113.25    0.161749571184
113.375    0.168138936535
113.5    0.16913950829
113.625    0.16913950829
113.75    0.168353344768
113.875    0.168496283591
114.0    0.149413950829
114.125    0.150171526587
114.25    0.150400228702
114.375    0.153244711264
114.5    0.155317324185
114.625    0.162964551172
114.75    0.161006289308
114.875    0.164722698685
115.0    0.166638078902
115.125    0.162364208119
115.25    0.162364208119
115.375    0.163950829045
115.5    0.162650085763
115.625    0.163579188107
115.75    0.162835906232
115.875    0.164436821041
116.0    0.151429388222
116.125    0.14819897084
116.25    0.166795311607
116.375    0.166895368782
116.5    0.167767295597
116.625    0.167767295597
116.75    0.167767295597
116.875    0.168238993711
117.0    0.148041738136
117.125    0.153016009148
117.25    0.171655231561
117.375    0.149313893654
117.5    0.143453401944
117.625    0.157075471698
117.75    0.145054316752
117.875    0.141423670669
118.0    0.168967981704
118.125    0.164765580332
118.25    0.168196112064
118.375    0.164651229274
118.5    0.153787878788
118.625    0.155031446541
118.75    0.162864493997
118.875    0.163421955403
119.0    0.155460263007
119.125    0.155588907947
119.25    0.157890222985
119.375    0.151586620926
120.0    0.16726700972
120.125    0.166309319611
120.25    0.168810748999
120.375    0.167381360778
120.5    0.15721841052
120.625    0.157375643225
120.75    0.15696112064
120.875    0.15696112064
121.0    0.170140080046
121.125    0.170740423099
121.25    0.167510005718
121.375    0.167109777015
121.5    0.167324185249
121.625    0.165880503145
121.75    0.166066323614
121.875    0.164036592338
122.0    0.149785591767
122.125    0.153259005146
122.25    0.157518582047
122.375    0.158033161807
122.5    0.154302458548
122.625    0.168896512293
122.75    0.156117781589
122.875    0.155674671241
123.0    0.163093196112
123.125    0.164779874214
123.25    0.167595769011
123.375    0.167567181246
123.5    0.152958833619
123.625    0.152958833619
123.75    0.153730703259
123.875    0.152429959977
124.0    0.17184105203
124.125    0.171655231561
124.25    0.168853630646
124.375    0.168510577473
124.5    0.158290451687
124.625    0.14401086335
124.75    0.165280160091
124.875    0.165708976558
125.0    0.156889651229
125.125    0.171983990852
125.25    0.157046883934
125.375    0.154102344197
125.5    0.153516295026
125.625    0.153873642081
125.75    0.154802744425
125.875    0.142367066895
126.0    0.148427672956
126.125    0.148141795312
126.25    0.148599199543
126.375    0.158433390509
126.5    0.153387650086
126.625    0.160248713551
126.75    0.156275014294
126.875    0.156275014294
127.0    0.168024585477
127.125    0.154245283019
127.25    0.159619782733
127.375    0.156117781589
127.5    0.168896512293
127.625    0.172913093196
127.75    0.161749571184
127.875    0.161749571184
128.0    0.162335620354
128.125    0.156732418525
128.25    0.156632361349
128.375    0.157146941109
128.5    0.173041738136
128.625    0.15786163522
128.75    0.173927958834
128.875    0.174113779302
129.0    0.154731275014
129.125    0.16204974271
129.25    0.161177815895
129.375    0.162135506003
129.5    0.154130931961
129.625    0.154659805603
129.75    0.155288736421
129.875    0.156718124643
130.0    0.157246998285
130.125    0.155102915952
130.25    0.155746140652
130.375    0.14355345912
130.5    0.148256146369
130.625    0.148656375071
130.75    0.148527730132
130.875    0.151257861635
131.0    0.164293882218
131.125    0.164379645512
131.25    0.164379645512
131.375    0.163822184105
131.5    0.145097198399
131.625    0.153216123499
131.75    0.152787307033
131.875    0.170611778159
132.0    0.155188679245
132.125    0.154616923957
132.25    0.155031446541
132.375    0.159333905089
132.5    0.156803887936
132.625    0.152987421384
132.75    0.15315894797
132.875    0.154173813608
133.0    0.181217838765
133.125    0.163407661521
133.25    0.164279588336
133.375    0.163950829045
133.5    0.164551172098
133.625    0.172198399085
133.75    0.163407661521
133.875    0.159605488851
134.0    0.162106918239
134.125    0.161978273299
134.25    0.162407089766
134.375    0.162135506003
134.5    0.1574757004
134.625    0.156761006289
134.75    0.171555174385
134.875    0.17106918239
135.0    0.155360205832
135.125    0.15657518582
135.25    0.156518010292
135.375    0.157032590051
135.5    0.160448827902
135.625    0.157833047456
135.75    0.160091480846
135.875    0.160591766724
136.0    0.153359062321
136.125    0.161377930246
136.25    0.160534591195
136.375    0.161935391652
136.5    0.160506003431
136.625    0.160506003431
136.75    0.160205831904
136.875    0.160834762722
137.0    0.156417953116
137.125    0.15657518582
137.25    0.156732418525
137.375    0.159576901086
137.5    0.158476272156
137.625    0.152301315037
137.75    0.161563750715
137.875    0.169682675815
138.0    0.16102058319
138.125    0.162364208119
138.25    0.162364208119
138.375    0.162864493997
138.5    0.161635220126
138.625    0.161363636364
138.75    0.149571183533
138.875    0.15354488279
139.0    0.144811320755
139.125    0.145225843339
139.25    0.145154373928
139.375    0.144482561464
139.5    0.148885077187
139.625    0.151958261864
139.75    0.155031446541
139.875    0.155503144654
140.0    0.16295025729
140.125    0.167081189251
140.25    0.159719839909
140.375    0.15734705546
140.5    0.15508862207
140.625    0.155546026301
140.75    0.155703259005
140.875    0.155703259005
141.0    0.149757004002
141.125    0.154545454545
141.25    0.154502572899
141.375    0.155588907947
141.5    0.167424242424
141.625    0.167195540309
141.75    0.166866781018
141.875    0.162235563179
142.0    0.15914808462
142.125    0.15953401944
142.25    0.159319611206
142.375    0.155403087479
142.5    0.158833619211
142.625    0.159119496855
142.75    0.173270440252
142.875    0.173227558605
143.0    0.159248141795
143.125    0.159805603202
143.25    0.147384219554
143.375    0.14735563179
143.5    0.166952544311
143.625    0.166981132075
143.75    0.16359348199
143.875    0.160877644368
144.0    0.156174957118
144.125    0.156174957118
144.25    0.157747284162
144.375    0.157933104631
144.5    0.153073184677
144.625    0.165666094911
144.75    0.160363064608
144.875    0.162378502001
145.0    0.164179531161
145.125    0.168753573471
145.25    0.176815323042
145.375    0.177001143511
145.5    0.137521440823
145.625    0.141194968553
145.75    0.167481417953
145.875    0.15657518582
146.0    0.164251000572
146.125    0.16282161235
146.25    0.160506003431
146.375    0.16397941681
146.5    0.162550028588
146.625    0.159005145798
146.75    0.160220125786
146.875    0.159719839909
147.0    0.164937106918
147.125    0.165194396798
147.25    0.157918810749
147.375    0.176129216695
147.5    0.176200686106
147.625    0.175242995998
147.75    0.175528873642
147.875    0.169125214408
148.0    0.139065180103
148.125    0.15277301315
148.25    0.153502001144
148.375    0.152458547742
148.5    0.163879359634
148.625    0.164594053745
148.75    0.161192109777
148.875    0.15799028016
149.0    0.155245854774
149.125    0.156932532876
149.25    0.160506003431
149.375    0.157961692396
149.5    0.150328759291
149.625    0.154559748428
149.75    0.154945683248
149.875    0.154945683248
150.0    0.153573470555
150.125    0.152044025157
150.25    0.153616352201
150.375    0.151943967982
150.5    0.158862206975
150.625    0.157132647227
150.75    0.157432818754
150.875    0.166123499142
151.0    0.156289308176
151.125    0.155817610063
151.25    0.155445969125
151.375    0.155388793596
151.5    0.16739565466
151.625    0.16739565466
151.75    0.167424242424
151.875    0.167667238422
152.0    0.151901086335
152.125    0.15102915952
152.25    0.151086335049
152.375    0.158662092624
152.5    0.165694682676
152.625    0.165694682676
152.75    0.165280160091
152.875    0.164679817038
153.0    0.154488279017
153.125    0.154488279017
153.25    0.154645511721
153.375    0.154874213836
153.5    0.157461406518
153.625    0.156875357347
153.75    0.168138936535
153.875    0.167681532304
154.0    0.154173813608
154.125    0.153702115495
154.25    0.156918238994
154.375    0.15405946255
154.5    0.158933676387
154.625    0.158933676387
154.75    0.164336763865
154.875    0.167095483133
155.0    0.153473413379
155.125    0.153759291023
155.25    0.169368210406
155.375    0.167681532304
155.5    0.163579188107
155.625    0.164179531161
155.75    0.157933104631
155.875    0.161463693539
156.0    0.161892510006
156.125    0.162349914237
156.25    0.165294453974
156.375    0.162678673528
156.5    0.156074899943
156.625    0.156160663236
156.75    0.156146369354
156.875    0.156260720412
157.0    0.160477415666
157.125    0.160748999428
157.25    0.156818181818
157.375    0.157146941109
157.5    0.144568324757
157.625    0.153259005146
157.75    0.153473413379
157.875    0.154159519726
158.0    0.165108633505
158.125    0.166380789022
158.25    0.150829045169
158.375    0.145568896512
158.5    0.154473985134
158.625    0.136377930246
158.75    0.150986277873
158.875    0.150543167524
159.0    0.152844482561
159.125    0.153058890795
159.25    0.154874213836
159.375    0.153887935963
159.5    0.144725557461
159.625    0.14645511721
159.75    0.146926815323
159.875    0.146926815323
160.0    0.159676958262
160.125    0.160405946255
160.25    0.160777587193
160.375    0.170668953688
160.5    0.139179531161
160.625    0.147212692967
160.75    0.157161234991
160.875    0.157518582047
161.0    0.166194968553
161.125    0.16713836478
161.25    0.162793024585
161.375    0.16385077187
161.5    0.157004002287
161.625    0.157647226987
161.75    0.157647226987
161.875    0.1574757004
162.0    0.148127501429
162.125    0.150157232704
162.25    0.150242995998
162.375    0.150471698113
162.5    0.164736992567
162.625    0.164751286449
162.75    0.165008576329
162.875    0.165994854202
163.0    0.158662092624
163.125    0.158533447684
163.25    0.165823327616
163.375    0.162550028588
163.5    0.164408233276
163.625    0.164408233276
163.75    0.160334476844
163.875    0.160334476844
164.0    0.137535734706
164.125    0.140751858205
164.25    0.153502001144
164.375    0.15418810749
164.5    0.161134934248
164.625    0.161592338479
164.75    0.163007432819
164.875    0.16295025729
165.0    0.155688965123
165.125    0.162964551172
165.25    0.162507146941
165.375    0.164779874214
165.5    0.140480274443
165.625    0.147698684963
165.75    0.144611206404
165.875    0.144353916524
166.0    0.149371069182
166.125    0.149842767296
166.25    0.150200114351
166.375    0.150528873642
166.5    0.147341337907
166.625    0.147341337907
166.75    0.14722698685
166.875    0.146769582619
167.0    0.154559748428
167.125    0.154631217839
167.25    0.155746140652
167.375    0.15586049171
167.5    0.150328759291
167.625    0.150357347055
167.75    0.150528873642
167.875    0.150757575758
168.0    0.151000571755
168.125    0.150700400229
168.25    0.152129788451
168.375    0.152229845626
168.5    0.150371640938
168.625    0.150614636935
168.75    0.150328759291
168.875    0.150242995998
169.0    0.15354488279
169.125    0.153873642081
169.25    0.154388221841
169.375    0.152744425386
169.5    0.159505431675
169.625    0.159748427673
169.75    0.161163522013
169.875    0.160620354488
170.0    0.167095483133
170.125    0.165051457976
170.25    0.165051457976
170.375    0.158261863922
170.5    0.165866209262
170.625    0.166380789022
170.75    0.166380789022
170.875    0.147555746141
171.0    0.153058890795
171.125    0.153644939966
171.25    0.143667810177
171.375    0.156489422527
171.5    0.154202401372
171.625    0.153973699257
171.75    0.150628930818
171.875    0.149628359062
172.0    0.155102915952
172.125    0.152229845626
172.25    0.158905088622
172.375    0.159948542024
172.5    0.151186392224
172.625    0.151315037164
172.75    0.151315037164
172.875    0.151229273871
173.0    0.151143510577
173.125    0.150114351058
173.25    0.162135506003
173.375    0.157375643225
173.5    0.154302458548
173.625    0.154302458548
173.75    0.154302458548
173.875    0.155674671241
174.0    0.157289879931
174.125    0.16153516295
174.25    0.161963979417
174.375    0.157632933105
174.5    0.149785591767
174.625    0.153945111492
174.75    0.154459691252
174.875    0.155031446541
175.0    0.14909948542
175.125    0.14909948542
175.25    0.148613493425
175.375    0.156275014294
175.5    0.151829616924
175.625    0.152001143511
175.75    0.152001143511
175.875    0.148256146369
176.0    0.149428244711
176.125    0.150085763293
176.25    0.150371640938
176.375    0.150371640938
176.5    0.155874785592
176.625    0.155874785592
176.75    0.156803887936
176.875    0.153058890795
177.0    0.148256146369
177.125    0.142581475129
177.25    0.143510577473
177.375    0.142995997713
177.5    0.158819325329
177.625    0.158047455689
177.75    0.159648370497
177.875    0.159648370497
178.0    0.156217838765
178.125    0.157289879931
178.25    0.154674099485
178.375    0.157404230989
178.5    0.145869068039
178.625    0.145897655803
178.75    0.145754716981
178.875    0.147941680961
179.0    0.148227558605
179.125    0.163793596341
179.25    0.164608347627
179.375    0.151086335049
180.0    0.152744425386
180.125    0.154331046312
180.25    0.154331046312
180.375    0.154331046312
180.5    0.145211549457
180.625    0.144596912521
180.75    0.144596912521
180.875    0.144625500286
181.0    0.156117781589
181.125    0.156660949114
181.25    0.157046883934
181.375    0.156560891938
181.5    0.168496283591
181.625    0.168982275586
181.75    0.168696397942
181.875    0.166166380789
182.0    0.162578616352
182.125    0.14671240709
182.25    0.14594053745
182.375    0.145654659806
182.5    0.161806746712
182.625    0.158161806747
182.75    0.157704402516
182.875    0.158576329331
183.0    0.156432246998
183.125    0.158147512864
183.25    0.160463121784
183.375    0.15721841052
183.5    0.149642652945
183.625    0.150743281875
183.75    0.150443110349
183.875    0.151457975986
184.0    0.163050314465
184.125    0.158704974271
184.25    0.158433390509
184.375    0.158933676387
184.5    0.158576329331
184.625    0.160506003431
184.75    0.159548313322
184.875    0.160777587193
185.0    0.15012864494
185.125    0.147670097198
185.25    0.151100628931
185.375    0.151815323042
185.5    0.159977129788
185.625    0.1594053745
185.75    0.160377358491
185.875    0.161077758719
186.0    0.154759862779
186.125    0.155903373356
186.25    0.154173813608
186.375    0.156103487707
186.5    0.153459119497
186.625    0.151200686106
186.75    0.149885648942
186.875    0.150242995998
187.0    0.151300743282
187.125    0.151443682104
187.25    0.152086906804
187.375    0.148642081189
187.5    0.162764436821
187.625    0.158476272156
187.75    0.158805031447
187.875    0.159934248142
188.0    0.159291023442
188.125    0.152229845626
188.25    0.14761292167
188.375    0.147555746141
188.5    0.163793596341
188.625    0.156532304174
188.75    0.165137221269
188.875    0.167066895369
189.0    0.151729559748
189.125    0.152472841624
189.25    0.137678673528
189.375    0.146426529445
189.5    0.147655803316
189.625    0.148184676958
189.75    0.14761292167
189.875    0.147069754145
190.0    0.156989708405
190.125    0.147255574614
190.25    0.148041738136
190.375    0.152601486564
190.5    0.159448256146
190.625    0.159005145798
190.75    0.156689536878
190.875    0.156532304174
191.0    0.168653516295
191.125    0.162521440823
191.25    0.162449971412
191.375    0.150228702115
191.5    0.153073184677
191.625    0.156775300172
191.75    0.177315608919
191.875    0.159348198971
192.0    0.156746712407
192.125    0.153330474557
192.25    0.154245283019
192.375    0.149271012007
192.5    0.151958261864
192.625    0.151843910806
192.75    0.151829616924
192.875    0.152186963979
193.0    0.141981132075
193.125    0.138893653516
193.25    0.151758147513
193.375    0.147498570612
193.5    0.162492853059
193.625    0.159819897084
193.75    0.160991995426
193.875    0.160034305317
194.0    0.15251572327
194.125    0.153502001144
194.25    0.149456832476
194.375    0.149442538593
194.5    0.14858490566
194.625    0.145054316752
194.75    0.139222412807
194.875    0.159462550029
195.0    0.152158376215
195.125    0.151600914808
195.25    0.160320182962
195.375    0.150371640938
195.5    0.150728987993
195.625    0.150929102344
195.75    0.151772441395
195.875    0.150571755289
196.0    0.151257861635
196.125    0.151143510577
196.25    0.150142938822
196.375    0.153902229846
196.5    0.156789594054
196.625    0.155488850772
196.75    0.156117781589
196.875    0.17602915952
197.0    0.151901086335
197.125    0.147369925672
197.25    0.147369925672
197.375    0.14722698685
197.5    0.145826186392
197.625    0.136620926244
197.75    0.139336763865
197.875    0.13936535163
198.0    0.14922813036
198.125    0.149156660949
198.25    0.149528301887
198.375    0.149671240709
198.5    0.159076615209
198.625    0.149928530589
198.75    0.136720983419
198.875    0.152830188679
199.0    0.152329902802
199.125    0.152315608919
199.25    0.152587192682
199.375    0.149885648942
199.5    0.147398513436
199.625    0.151300743282
199.75    0.150686106346
199.875    0.149671240709
200.0    0.126600914808
200.125    0.136649514008
200.25    0.158747855918
200.375    0.158476272156
200.5    0.133090337336
200.625    0.140751858205
200.75    0.140966266438
200.875    0.140823327616
201.0    0.149285305889
201.125    0.158604917095
201.25    0.149142367067
201.375    0.146912521441
201.5    0.150986277873
201.625    0.142924528302
201.75    0.143081761006
201.875    0.14265294454
202.0    0.14278158948
202.125    0.152572898799
202.25    0.144997141224
202.375    0.144639794168
202.5    0.139122355632
202.625    0.129488279017
202.75    0.145869068039
202.875    0.134162378502
203.0    0.142367066895
203.125    0.14632647227
203.25    0.143339050886
203.375    0.143767867353
203.5    0.147813036021
203.625    0.158319039451
203.75    0.157518582047
203.875    0.137006861063
204.0    0.14974271012
204.125    0.138793596341
204.25    0.138793596341
204.375    0.138922241281
204.5    0.158347627216
204.625    0.150171526587
204.75    0.149971412236
204.875    0.161292166953
205.0    0.157375643225
205.125    0.157375643225
205.25    0.158190394511
205.375    0.157232704403
205.5    0.127472841624
205.625    0.146698113208
205.75    0.141952544311
205.875    0.142438536306
206.0    0.155374499714
206.125    0.152115494568
206.25    0.154202401372
206.375    0.14439679817
206.5    0.141723842196
206.625    0.140737564322
206.75    0.141452258433
206.875    0.151014865638
207.0    0.145454545455
207.125    0.149857061178
207.25    0.150614636935
207.375    0.149514008005
207.5    0.143896512293
207.625    0.143982275586
207.75    0.144625500286
207.875    0.144625500286
208.0    0.152044025157
208.125    0.151486563751
208.25    0.153616352201
208.375    0.152830188679
208.5    0.151014865638
208.625    0.144711263579
208.75    0.153244711264
208.875    0.171669525443
209.0    0.166738136078
209.125    0.152572898799
209.25    0.152915951973
209.375    0.168982275586
209.5    0.139794168096
209.625    0.140237278445
209.75    0.140237278445
209.875    0.145411663808
210.0    0.149714122356
210.125    0.143610634648
210.25    0.133490566038
210.375    0.140937678674
210.5    0.150400228702
210.625    0.146483704974
210.75    0.146054888508
210.875    0.146555174385
211.0    0.145225843339
211.125    0.144954259577
211.25    0.156246426529
211.375    0.146941109205
211.5    0.17016866781
211.625    0.167438536306
211.75    0.166995425958
211.875    0.156146369354
212.0    0.142181246427
212.125    0.142181246427
212.25    0.142181246427
212.375    0.142438536306
212.5    0.144425385935
212.625    0.144982847341
212.75    0.144082332762
212.875    0.142352773013
213.0    0.140837621498
213.125    0.142066895369
213.25    0.142867352773
213.375    0.126515151515
213.5    0.143310463122
213.625    0.142953116066
213.75    0.142953116066
213.875    0.146255002859
214.0    0.143010291595
214.125    0.143682104059
214.25    0.143682104059
214.375    0.16726700972
214.5    0.15025728988
214.625    0.15025728988
214.75    0.1506432247
214.875    0.1506432247
215.0    0.164651229274
215.125    0.165323041738
215.25    0.139179531161
215.375    0.124885648942
215.5    0.158004574042
215.625    0.151386506575
215.75    0.151643796455
215.875    0.148484848485
216.0    0.1512864494
216.125    0.149085191538
216.25    0.144582618639
216.375    0.144496855346
216.5    0.14175242996
216.625    0.1425242996
216.75    0.142981703831
216.875    0.143081761006
217.0    0.150200114351
217.125    0.150371640938
217.25    0.163865065752
217.375    0.150371640938
217.5    0.14465408805
217.625    0.144468267581
217.75    0.145197255575
217.875    0.145197255575
218.0    0.151729559748
218.125    0.151486563751
218.25    0.151429388222
218.375    0.152058319039
218.5    0.151858204688
218.625    0.152429959977
218.75    0.14884219554
218.875    0.149056603774
219.0    0.149828473413
219.125    0.149828473413
219.25    0.151615208691
219.375    0.151272155517
219.5    0.157332761578
219.625    0.163993710692
219.75    0.122970268725
219.875    0.146426529445
220.0    0.151400800457
220.125    0.151658090337
220.25    0.151214979989
220.375    0.151214979989
220.5    0.143281875357
220.625    0.144253859348
220.75    0.151443682104
220.875    0.156746712407
221.0    0.142881646655
221.125    0.143539165237
221.25    0.147927387078
221.375    0.144339622642
221.5    0.143010291595
221.625    0.143467695826
221.75    0.142767295597
221.875    0.143910806175
222.0    0.145654659806
222.125    0.131089193825
222.25    0.131989708405
222.375    0.138907947399
222.5    0.168124642653
222.625    0.146040594626
222.75    0.15077186964
222.875    0.150986277873
223.0    0.14748427673
223.125    0.148870783305
223.25    0.149113779302
223.375    0.145240137221
223.5    0.145082904517
223.625    0.144696969697
223.75    0.144954259577
223.875    0.144368210406
224.0    0.141295025729
224.125    0.14568324757
224.25    0.134648370497
224.375    0.132404230989
224.5    0.147627215552
224.625    0.147555746141
224.75    0.147555746141
224.875    0.147641509434
225.0    0.149328187536
225.125    0.149471126358
225.25    0.149714122356
225.375    0.133419096627
225.5    0.140194396798
225.625    0.140580331618
225.75    0.140708976558
225.875    0.14136649514
226.0    0.14581189251
226.125    0.142538593482
226.25    0.142409948542
226.375    0.142853058891
226.5    0.150428816467
226.625    0.148056032018
226.75    0.145225843339
226.875    0.144868496284
227.0    0.149142367067
227.125    0.149785591767
227.25    0.149785591767
227.375    0.150100057176
227.5    0.15534591195
227.625    0.14413950829
227.75    0.140866209262
227.875    0.14098056032
228.0    0.132575757576
228.125    0.132933104631
228.25    0.132104059463
228.375    0.135091480846
228.5    0.137349914237
228.625    0.137164093768
228.75    0.137164093768
228.875    0.137421383648
229.0    0.144168096055
229.125    0.144539736993
229.25    0.144539736993
229.375    0.144339622642
229.5    0.153687821612
229.625    0.152487135506
229.75    0.149113779302
229.875    0.15141509434
230.0    0.149471126358
230.125    0.150171526587
230.25    0.149914236707
230.375    0.130245854774
230.5    0.154288164666
230.625    0.158161806747
230.75    0.156660949114
230.875    0.146869639794
231.0    0.150085763293
231.125    0.151014865638
231.25    0.14426815323
231.375    0.151829616924
231.5    0.14478273299
231.625    0.144997141224
231.75    0.144997141224
231.875    0.145025728988
232.0    0.143696397942
232.125    0.14072327044
232.25    0.140866209262
232.375    0.140580331618
232.5    0.143453401944
232.625    0.143453401944
232.75    0.143339050886
232.875    0.143710691824
233.0    0.152973127501
233.125    0.149242424242
233.25    0.144325328759
233.375    0.145311606632
233.5    0.145954831332
233.625    0.146183533448
233.75    0.161106346484
233.875    0.157590051458
234.0    0.149656946827
234.125    0.149042309891
234.25    0.1568324757
234.375    0.156232132647
234.5    0.160405946255
234.625    0.1574757004
234.75    0.160020011435
234.875    0.161292166953
235.0    0.157447112636
235.125    0.157790165809
235.25    0.15315894797
235.375    0.149471126358
235.5    0.14516866781
235.625    0.144939965695
235.75    0.144939965695
235.875    0.131375071469
236.0    0.133176100629
236.125    0.13008862207
236.25    0.130360205832
236.375    0.13234705546
236.5    0.137407089766
236.625    0.126729559748
236.75    0.141309319611
236.875    0.128330474557
237.0    0.156460834763
237.125    0.151915380217
237.25    0.152072612922
237.375    0.152401372213
237.5    0.152144082333
237.625    0.155445969125
237.75    0.156503716409
237.875    0.14909948542
238.0    0.147084048027
238.125    0.146926815323
238.25    0.147126929674
238.375    0.14491137793
238.5    0.145726129217
238.625    0.146283590623
238.75    0.146655231561
238.875    0.146655231561
239.0    0.158347627216
239.125    0.143310463122
239.25    0.144997141224
239.375    0.147384219554
240.0    0.156346483705
240.125    0.169939965695
240.25    0.15303030303
240.375    0.149028016009
240.5    0.135305889079
240.625    0.140065751858
240.75    0.138622069754
240.875    0.150285877644
241.0    0.153873642081
241.125    0.152229845626
241.25    0.152015437393
241.375    0.15025728988
241.5    0.138636363636
241.625    0.161606632361
241.75    0.157890222985
241.875    0.157890222985
242.0    0.136549456832
242.125    0.13730703259
242.25    0.138965122927
242.375    0.141052029731
242.5    0.1344053745
242.625    0.14568324757
242.75    0.145826186392
242.875    0.134734133791
243.0    0.154802744425
243.125    0.155445969125
243.25    0.138950829045
243.375    0.151257861635
243.5    0.159777015437
243.625    0.159777015437
243.75    0.160506003431
243.875    0.164451114923
244.0    0.146540880503
244.125    0.147155517439
244.25    0.147155517439
244.375    0.148670668954
244.5    0.139522584334
244.625    0.139522584334
244.75    0.139322469983
244.875    0.146912521441
245.0    0.13846483705
245.125    0.138664951401
245.25    0.128773584906
245.375    0.138636363636
245.5    0.148427672956
245.625    0.14845626072
245.75    0.148756432247
245.875    0.148756432247
246.0    0.134819897084
246.125    0.138793596341
246.25    0.138793596341
246.375    0.1350485992
246.5    0.152744425386
246.625    0.143925100057
246.75    0.151686678102
246.875    0.164436821041
247.0    0.15560320183
247.125    0.153559176672
247.25    0.15431675243
247.375    0.141380789022
247.5    0.135720411664
247.625    0.135706117782
247.75    0.139879931389
247.875    0.139965694683
248.0    0.138407661521
248.125    0.138121783876
248.25    0.139150943396
248.375    0.139837049743
248.5    0.14684105203
248.625    0.14684105203
248.75    0.14684105203
248.875    0.14684105203
249.0    0.143510577473
249.125    0.141523727844
249.25    0.141395082905
249.375    0.141909662664
249.5    0.140423098914
249.625    0.132647226987
249.75    0.137964551172
249.875    0.133547741567
250.0    0.148742138365
250.125    0.133719268153
250.25    0.138064608348
250.375    0.138650657519
250.5    0.140966266438
250.625    0.139436821041
250.75    0.119997141224
250.875    0.139222412807
251.0    0.141723842196
251.125    0.142695826186
251.25    0.141223556318
251.375    0.142238421955
251.5    0.131132075472
251.625    0.131017724414
251.75    0.121412235563
251.875    0.155131503716
252.0    0.142567181246
252.125    0.142767295597
252.25    0.135134362493
252.375    0.143124642653
252.5    0.139122355632
252.625    0.139122355632
252.75    0.138307604345
252.875    0.138364779874
253.0    0.142324185249
253.125    0.1649514008
253.25    0.1649514008
253.375    0.157747284162
253.5    0.15180102916
253.625    0.15180102916
253.75    0.152787307033
253.875    0.151743853631
254.0    0.137106918239
254.125    0.137106918239
254.25    0.137106918239
254.375    0.136435105775
254.5    0.141895368782
254.625    0.142610062893
254.75    0.142581475129
254.875    0.142981703831
255.0    0.131746712407
255.125    0.146640937679
255.25    0.148484848485
255.375    0.138036020583
255.5    0.139493996569
255.625    0.139493996569
255.75    0.139551172098
255.875    0.139551172098
256.0    0.152329902802
256.125    0.159748427673
256.25    0.164050886221
256.375    0.160706117782
256.5    0.138650657519
256.625    0.138650657519
256.75    0.14239565466
256.875    0.153130360206
257.0    0.144296740995
257.125    0.14452544311
257.25    0.143339050886
257.375    0.143710691824
257.5    0.141609491138
257.625    0.138379073756
257.75    0.13859348199
257.875    0.142838765009
258.0    0.133090337336
258.125    0.133090337336
258.25    0.133090337336
258.375    0.133090337336
258.5    0.141223556318
258.625    0.144997141224
258.75    0.14491137793
258.875    0.132418524871
259.0    0.144253859348
259.125    0.14401086335
259.25    0.14413950829
259.375    0.151329331046
259.5    0.130303030303
259.625    0.13820754717
259.75    0.14239565466
259.875    0.12358490566
260.0    0.137793024585
260.125    0.137778730703
260.25    0.13782161235
260.375    0.137750142939
260.5    0.142109777015
260.625    0.113950829045
260.75    0.130817610063
260.875    0.130388793596
261.0    0.140151515152
261.125    0.141137793025
261.25    0.141509433962
261.375    0.143124642653
261.5    0.136477987421
261.625    0.133490566038
261.75    0.132704402516
261.875    0.136706689537
262.0    0.145254431103
262.125    0.142481417953
262.25    0.145826186392
262.375    0.146012006861
262.5    0.13982275586
262.625    0.13982275586
262.75    0.14072327044
262.875    0.141509433962
263.0    0.141180674671
263.125    0.141137793025
263.25    0.141137793025
263.375    0.133833619211
263.5    0.136749571184
263.625    0.13679245283
263.75    0.136006289308
263.875    0.136335048599
264.0    0.131503716409
264.125    0.131818181818
264.25    0.131818181818
264.375    0.132847341338
264.5    0.154073756432
264.625    0.146769582619
264.75    0.146769582619
264.875    0.146555174385
265.0    0.131618067467
265.125    0.131646655232
265.25    0.131317895941
265.375    0.132132647227
265.5    0.139436821041
265.625    0.138793596341
265.75    0.138622069754
265.875    0.132189822756
266.0    0.135162950257
266.125    0.135162950257
266.25    0.130803316181
266.375    0.139279588336
266.5    0.151600914808
266.625    0.150757575758
266.75    0.13453401944
266.875    0.135134362493
267.0    0.121240708977
267.125    0.122012578616
267.25    0.119096626644
267.375    0.1175242996
267.5    0.139908519154
267.625    0.13679245283
267.75    0.136849628359
267.875    0.136649514008
268.0    0.138607775872
268.125    0.138907947399
268.25    0.143124642653
268.375    0.143196112064
268.5    0.13730703259
268.625    0.137421383648
268.75    0.137421383648
268.875    0.138064608348
269.0    0.145883361921
269.125    0.147084048027
269.25    0.14722698685
269.375    0.129602630074
269.5    0.135334476844
269.625    0.135949113779
269.75    0.134962835906
269.875    0.134962835906
270.0    0.141981132075
270.125    0.14291023442
270.25    0.143081761006
270.375    0.142352773013
270.5    0.136492281304
270.625    0.136492281304
270.75    0.136878216124
270.875    0.136806746712
271.0    0.137264150943
271.125    0.138407661521
271.25    0.138607775872
271.375    0.141466552316
271.5    0.13453401944
271.625    0.134491137793
271.75    0.134977129788
271.875    0.1318324757
272.0    0.137964551172
272.125    0.138650657519
272.25    0.138650657519
272.375    0.138750714694
272.5    0.131546598056
272.625    0.147555746141
272.75    0.146855345912
272.875    0.131746712407
273.0    0.142638650658
273.125    0.142810177244
273.25    0.142638650658
273.375    0.137464265294
273.5    0.149113779302
273.625    0.149699828473
273.75    0.14110920526
273.875    0.137449971412
274.0    0.136949685535
274.125    0.137292738708
274.25    0.144082332762
274.375    0.127844482561
274.5    0.150571755289
274.625    0.135120068611
274.75    0.14303887936
274.875    0.14291023442
275.0    0.139293882218
275.125    0.139979988565
275.25    0.139265294454
275.375    0.139136649514
275.5    0.141180674671
275.625    0.141180674671
275.75    0.141180674671
275.875    0.140809033734
276.0    0.136049170955
276.125    0.136049170955
276.25    0.136477987421
276.375    0.159605488851
276.5    0.159362492853
276.625    0.160577472842
276.75    0.161635220126
276.875    0.150428816467
277.0    0.139050886221
277.125    0.13936535163
277.25    0.139536878216
277.375    0.140451686678
277.5    0.138536306461
277.625    0.137206975415
277.75    0.148356203545
277.875    0.145097198399
278.0    0.150471698113
278.125    0.150357347055
278.25    0.146869639794
278.375    0.144353916524
278.5    0.139708404803
278.625    0.139465408805
278.75    0.136220697541
278.875    0.136692395655
279.0    0.141509433962
279.125    0.13833619211
279.25    0.138622069754
279.375    0.145440251572
279.5    0.138150371641
279.625    0.138150371641
279.75    0.137921669525
279.875    0.138736420812
280.0    0.137078330475
280.125    0.137935963408
280.25    0.13846483705
280.375    0.138264722699
280.5    0.138279016581
280.625    0.137507146941
280.75    0.137835906232
280.875    0.138107489994
281.0    0.142224128073
281.125    0.142467124071
281.25    0.142367066895
281.375    0.147855917667
281.5    0.120911949686
281.625    0.137006861063
281.75    0.139694110921
281.875    0.123313321898
282.0    0.126400800457
282.125    0.115666094911
282.25    0.119982847341
282.375    0.136578044597
282.5    0.141738136078
282.625    0.127029731275
282.75    0.127201257862
282.875    0.145283018868
283.0    0.146740994854
283.125    0.146740994854
283.25    0.151343624929
283.375    0.149842767296
283.5    0.127315608919
283.625    0.154902801601
283.75    0.154145225843
283.875    0.155145797599
284.0    0.134862778731
284.125    0.137364208119
284.25    0.134934248142
284.375    0.134262435678
284.5    0.130031446541
284.625    0.132275586049
284.75    0.130460263007
284.875    0.130803316181
285.0    0.13640651801
285.125    0.14413950829
285.25    0.141037735849
285.375    0.13389079474
285.5    0.147827329903
285.625    0.147827329903
285.75    0.148284734134
285.875    0.148785020011
286.0    0.132975986278
286.125    0.13363350486
286.25    0.133076043453
286.375    0.125414522584
286.5    0.136606632361
286.625    0.136606632361
286.75    0.136463693539
286.875    0.136420811893
287.0    0.139079473985
287.125    0.139079473985
287.25    0.139679817038
287.375    0.139837049743
287.5    0.132304173814
287.625    0.127915951973
287.75    0.129088050314
287.875    0.12815894797
288.0    0.148613493425
288.125    0.148484848485
288.25    0.147913093196
288.375    0.147798742138
288.5    0.128216123499
288.625    0.127887364208
288.75    0.12841623785
288.875    0.155460263007
289.0    0.168010291595
289.125    0.152701543739
289.25    0.14948542024
289.375    0.152086906804
289.5    0.148441966838
289.625    0.149442538593
289.75    0.149028016009
289.875    0.127444253859
290.0    0.144339622642
290.125    0.144339622642
290.25    0.145840480274
290.375    0.149213836478
290.5    0.148313321898
290.625    0.144511149228
290.75    0.144368210406
290.875    0.142238421955
291.0    0.133590623213
291.125    0.136392224128
291.25    0.133947970269
291.375    0.134319611206
291.5    0.129631217839
291.625    0.130145797599
291.75    0.137850200114
291.875    0.132489994282
292.0    0.146026300743
292.125    0.147126929674
292.25    0.14722698685
292.375    0.14761292167
292.5    0.146169239565
292.625    0.14619782733
292.75    0.146169239565
292.875    0.146169239565
293.0    0.129431103488
293.125    0.126858204688
293.25    0.133276157804
293.375    0.133276157804
293.5    0.13324757004
293.625    0.151986849628
293.75    0.145440251572
293.875    0.14291023442
294.0    0.133047455689
294.125    0.114565465981
294.25    0.133047455689
294.375    0.133104631218
294.5    0.146483704974
294.625    0.146483704974
294.75    0.146483704974
294.875    0.12248427673
295.0    0.133619210978
295.125    0.141823899371
295.25    0.128016009148
295.375    0.128630646083
295.5    0.145997712979
295.625    0.142953116066
295.75    0.143010291595
295.875    0.14291023442
296.0    0.149514008005
296.125    0.145225843339
296.25    0.147598627787
296.375    0.146640937679
296.5    0.150843339051
296.625    0.151372212693
296.75    0.151300743282
296.875    0.143882218411
297.0    0.151457975986
297.125    0.151600914808
297.25    0.132261292167
297.375    0.12854488279
297.5    0.151243567753
297.625    0.15154373928
297.75    0.152101200686
297.875    0.135863350486
298.0    0.123742138365
298.125    0.124042309891
298.25    0.124042309891
298.375    0.124042309891
298.5    0.13479130932
298.625    0.134648370497
298.75    0.134648370497
298.875    0.161806746712
299.0    0.149899942824
299.125    0.1350485992
299.25    0.134848484848
299.375    0.134848484848
