0.0    0.122859578149
0.125    0.116428771341
0.25    0.1178599598
0.375    0.117599165458
0.5    0.115589140778
0.625    0.114825840267
0.75    0.115003943719
0.875    0.115754522556
1.0    0.124150828181
1.125    0.125289418111
1.25    0.126726967407
1.375    0.118050784927
1.5    0.122344350304
1.625    0.122980434064
1.75    0.123050403277
1.875    0.12309492914
2.0    0.118184362517
2.125    0.118267053406
2.25    0.118826807114
2.375    0.123909116352
2.5    0.123355723482
2.625    0.123470218558
2.75    0.123374805994
2.875    0.12391547719
3.0    0.126924153373
3.125    0.127331246979
3.25    0.12005444877
3.375    0.120188026359
3.5    0.121981782561
3.625    0.124017250592
3.75    0.124093580643
3.875    0.12391547719
4.0    0.126205378724
4.125    0.118629621149
4.25    0.11891585884
4.375    0.118845889627
4.5    0.124507035086
4.625    0.125505686589
4.75    0.115455563189
4.875    0.125410274025
5.0    0.120601480803
5.125    0.120760501743
5.25    0.119978118719
5.375    0.119322952446
5.5    0.123343001806
5.625    0.123686487037
5.75    0.123056764115
5.875    0.124239879907
6.0    0.125874615169
6.125    0.125874615169
6.25    0.126275347938
6.375    0.123972724728
6.5    0.123820064626
6.625    0.12407449813
6.75    0.12407449813
6.875    0.114406024985
7.0    0.126027275272
7.125    0.124977737068
7.25    0.124977737068
7.375    0.124799633616
7.5    0.120130778821
7.625    0.120041727095
7.75    0.120817749281
7.875    0.118839528789
8.0    0.120175304684
8.125    0.121199399537
8.25    0.119475612549
8.375    0.120048087932
8.5    0.114635015139
8.625    0.114285169071
8.75    0.124468870061
8.875    0.124691499377
9.0    0.125747398417
9.125    0.125671068366
9.25    0.125849171819
9.375    0.125715594229
9.5    0.124526117599
9.625    0.118597816961
9.75    0.12558201664
9.875    0.126828740809
10.0    0.121320255451
10.125    0.121263007913
10.25    0.121186677862
10.375    0.121135791161
10.5    0.120919522683
10.625    0.121472915554
10.75    0.121816400784
10.875    0.121816400784
11.0    0.118712312037
11.125    0.118139836654
11.25    0.118406991833
11.375    0.118712312037
11.5    0.126313512963
11.625    0.126275347938
11.75    0.115913543495
11.875    0.133545785309
12.0    0.129373075847
12.125    0.129373075847
12.25    0.126796936621
12.375    0.114285169071
12.5    0.119927232018
12.625    0.117370175305
12.75    0.117516474569
12.875    0.12608452281
13.0    0.119876345317
13.125    0.127770144773
13.25    0.12592550187
13.375    0.12724855609
13.5    0.123425692695
13.625    0.121975421724
13.75    0.120194387197
13.875    0.121593771468
14.0    0.114628654301
14.125    0.114794036079
14.25    0.12137750299
14.375    0.122465206218
14.5    0.123120372491
14.625    0.122840495636
14.75    0.127662010534
14.875    0.117999898227
15.0    0.126383482177
15.125    0.118826807114
15.25    0.118922219678
15.375    0.119405643335
15.5    0.121542884767
15.625    0.121180317024
15.75    0.121180317024
15.875    0.121180317024
16.0    0.122484288731
16.125    0.122484288731
16.25    0.122236216065
16.375    0.122236216065
16.5    0.119297509096
16.625    0.119354756634
16.75    0.126911431697
16.875    0.12724855609
17.0    0.120474264051
17.125    0.120868635982
17.25    0.122108999313
17.375    0.120906801008
17.5    0.119838180292
17.625    0.120060809607
17.75    0.120525150752
17.875    0.12026435641
18.0    0.123393888507
18.125    0.123063124952
18.25    0.122923186525
18.375    0.120518789914
18.5    0.123374805994
18.625    0.123419331858
18.75    0.123482940234
18.875    0.124685138539
19.0    0.12394092054
19.125    0.123864590489
19.25    0.124475230898
19.375    0.123164898354
19.5    0.120143500496
19.625    0.120811388444
19.75    0.124507035086
19.875    0.123368445157
20.0    0.120296160598
20.125    0.120296160598
20.25    0.12042337735
20.375    0.127852835661
20.5    0.123273032593
20.625    0.119138488156
20.75    0.118712312037
20.875    0.118655064499
21.0    0.12309492914
21.125    0.120779584256
21.25    0.120951326871
21.375    0.12023891306
21.5    0.116854947459
21.625    0.116326997939
21.75    0.115519171565
21.875    0.115461924026
22.0    0.122783248098
22.125    0.12338752767
22.25    0.121212121212
22.375    0.121472915554
22.5    0.12254153627
22.625    0.122535175432
22.75    0.122974073226
22.875    0.122687835534
23.0    0.123514744422
23.125    0.123419331858
23.25    0.123393888507
23.375    0.123164898354
23.5    0.117376536142
23.625    0.12259242297
23.75    0.121663740681
23.875    0.121663740681
24.0    0.124430705035
24.125    0.124430705035
24.25    0.124430705035
24.375    0.123985446404
24.5    0.124138106506
24.625    0.122293463603
24.75    0.122128081826
24.875    0.122185329364
25.0    0.119908149505
25.125    0.119163931507
25.25    0.121682823194
25.375    0.122337989466
25.5    0.122630587996
25.625    0.122115360151
25.75    0.122115360151
25.875    0.122153525176
26.0    0.121097626135
26.125    0.121307533776
26.25    0.125085871308
26.375    0.116040760247
26.5    0.12341297102
26.625    0.125601099153
26.75    0.12544843905
26.875    0.122636948833
27.0    0.121848204972
27.125    0.122357071979
27.25    0.122032669262
27.375    0.122019947587
27.5    0.119927232018
27.625    0.120035366257
27.75    0.120181665522
27.875    0.120105335471
28.0    0.11841335267
28.125    0.118788642088
28.25    0.119265704908
28.375    0.119132127319
28.5    0.119373839147
28.625    0.122051751775
28.75    0.122299824441
28.875    0.122344350304
29.0    0.119984479556
29.125    0.119946314531
29.25    0.120626924153
29.375    0.12042337735
29.5    0.120296160598
29.625    0.12058239829
29.75    0.120188026359
29.875    0.120188026359
30.0    0.122942269038
30.125    0.122287102766
30.25    0.122840495636
30.375    0.121740070733
30.5    0.123145815841
30.625    0.120626924153
30.75    0.120633284991
30.875    0.120735058392
31.0    0.130295397298
31.125    0.131503956441
31.25    0.130060046307
31.375    0.129996437931
31.5    0.120639645829
31.625    0.120270717248
31.75    0.120391573162
31.875    0.120849553469
32.0    0.1245770043
32.125    0.123896394677
32.25    0.1228850215
32.375    0.123037681602
32.5    0.12074141923
32.625    0.121110347811
32.75    0.119978118719
32.875    0.122070834287
33.0    0.121536523929
33.125    0.12172098822
33.25    0.116683204844
33.375    0.119202096532
33.5    0.12142838969
33.625    0.121288451263
33.75    0.121504719742
33.875    0.121447472203
34.0    0.120626924153
34.125    0.115315624761
34.25    0.11439330331
34.375    0.12325395008
34.5    0.121040378597
34.625    0.125887336845
34.75    0.118400630995
34.875    0.133628476198
35.0    0.123864590489
35.125    0.123928198865
35.25    0.124023611429
35.375    0.12407449813
35.5    0.119672798514
35.625    0.119952675368
35.75    0.119443808361
35.875    0.119768211078
36.0    0.11936747831
36.125    0.121886369997
36.25    0.121886369997
36.375    0.121886369997
36.5    0.121631936493
36.625    0.121612853981
36.75    0.121491998066
36.875    0.120944966033
37.0    0.12193089586
37.125    0.121600132305
37.25    0.121307533776
37.375    0.120162583009
37.5    0.121625575656
37.625    0.121988143399
37.75    0.122058112612
37.875    0.121810039946
38.0    0.119297509096
38.125    0.119252983233
38.25    0.1145777676
38.375    0.113432816833
38.5    0.121670101519
38.625    0.120347047299
38.75    0.12055695494
38.875    0.120417016513
39.0    0.121682823194
39.125    0.123164898354
39.25    0.123164898354
39.375    0.124284405771
39.5    0.119850901967
39.625    0.120009922907
39.75    0.119927232018
39.875    0.120086252958
40.0    0.119564664275
40.125    0.11971096354
40.25    0.120868635982
40.375    0.12074141923
40.5    0.123896394677
40.625    0.122764165585
40.75    0.1237310129
40.875    0.119214818207
41.0    0.117522835407
41.125    0.120639645829
41.25    0.12489504618
41.375    0.126046357784
41.5    0.120970409384
41.625    0.120983131059
41.75    0.12605907946
41.875    0.117535557082
42.0    0.11976185024
42.125    0.120964048546
42.25    0.11973640689
42.375    0.120302521436
42.5    0.12055695494
42.625    0.120442459863
42.75    0.120499707401
42.875    0.119971757881
43.0    0.122840495636
43.125    0.123024959927
43.25    0.115442841513
43.375    0.122942269038
43.5    0.120677810854
43.625    0.122471567056
43.75    0.122134442663
43.875    0.12076686258
44.0    0.120894079332
44.125    0.120894079332
44.25    0.121733709895
44.375    0.121307533776
44.5    0.128387146019
44.625    0.118954023866
44.75    0.126370760502
44.875    0.122713278885
45.0    0.119399282498
45.125    0.119214818207
45.25    0.121631936493
45.375    0.121969060886
45.5    0.121714627382
45.625    0.122293463603
45.75    0.121606493143
45.875    0.121670101519
46.0    0.116257028726
46.125    0.116931277511
46.25    0.116498740554
46.375    0.117166628502
46.5    0.119857262804
46.625    0.118896776328
46.75    0.119647355164
46.875    0.119647355164
47.0    0.122210772715
47.125    0.122287102766
47.25    0.122795969773
47.375    0.122236216065
47.5    0.122700557209
47.625    0.120576037453
47.75    0.11904943643
47.875    0.118464239371
48.0    0.112332391929
48.125    0.119831819454
48.25    0.118744116225
48.375    0.108216930005
48.5    0.122185329364
48.625    0.122172607689
48.75    0.122229855227
48.875    0.122306185278
49.0    0.116810421596
49.125    0.118133475816
49.25    0.11775182556
49.375    0.11775182556
49.5    0.122598783808
49.625    0.12256697962
49.75    0.121364781314
49.875    0.122764165585
50.0    0.118674147012
50.125    0.116956720861
50.25    0.122191690202
50.375    0.120207108872
50.5    0.121797318271
50.625    0.121530163092
50.75    0.121530163092
50.875    0.121205760375
51.0    0.124729664402
51.125    0.125721955067
51.25    0.126237182912
51.375    0.120022644582
51.5    0.118884054652
51.625    0.118063506603
51.75    0.125620181666
51.875    0.12558201664
52.0    0.120219830547
52.125    0.120118057146
52.25    0.120175304684
52.375    0.120060809607
52.5    0.12142838969
52.625    0.120830470956
52.75    0.120035366257
52.875    0.120436099026
53.0    0.118375187645
53.125    0.118502404397
53.25    0.118502404397
53.375    0.11857237361
53.5    0.123584713635
53.625    0.113617281124
53.75    0.113617281124
53.875    0.113642724474
54.0    0.113515507722
54.125    0.112866702287
54.25    0.12042337735
54.375    0.119507416737
54.5    0.122357071979
54.625    0.122579701295
54.75    0.122503371244
54.875    0.122503371244
55.0    0.110983894359
55.125    0.11873139455
55.25    0.118419713508
55.375    0.110907564308
55.5    0.122465206218
55.625    0.122465206218
55.75    0.122376154492
55.875    0.122554257945
56.0    0.122846856474
56.125    0.122732361397
56.25    0.119195735694
56.375    0.119354756634
56.5    0.121695544869
56.625    0.121695544869
56.75    0.12941760171
56.875    0.129341271659
57.0    0.12074141923
57.125    0.124297127446
57.25    0.122808691448
57.375    0.1220899168
57.5    0.107599928759
57.625    0.112364196117
57.75    0.120130778821
57.875    0.112656794647
58.0    0.120989491896
58.125    0.123018599089
58.25    0.121918174185
58.375    0.11992087118
58.5    0.113897157978
58.625    0.113909879653
58.75    0.108146960792
58.875    0.115474645701
59.0    0.121663740681
59.125    0.121784596596
59.25    0.121740070733
59.375    0.121848204972
59.5    0.125804645956
59.625    0.116008956059
59.75    0.124119023993
59.875    0.113509146884
60.0    0.122134442663
60.125    0.122471567056
60.25    0.120646006666
60.375    0.122357071979
60.5    0.123285754268
60.625    0.126129048673
60.75    0.115779965906
60.875    0.115996234384
61.0    0.117045772587
61.125    0.118788642088
61.25    0.118934941353
61.375    0.118941302191
61.5    0.123234867567
61.625    0.123648322011
61.75    0.124710581889
61.875    0.122293463603
62.0    0.117013968399
62.125    0.111982545862
62.25    0.114520520062
62.375    0.116772256571
62.5    0.115926265171
62.625    0.11608528611
62.75    0.116861308297
62.875    0.115665470829
63.0    0.119093962293
63.125    0.119380199985
63.25    0.124411622522
63.375    0.113699972012
63.5    0.11889041549
63.625    0.119660076839
63.75    0.118508765234
63.875    0.12005444877
64.0    0.116753174058
64.125    0.116409688828
64.25    0.119004910567
64.375    0.114927613668
64.5    0.115620944966
64.625    0.11256774292
64.75    0.112733124698
64.875    0.112733124698
65.0    0.119653716001
65.125    0.120118057146
65.25    0.120474264051
65.375    0.120690532529
65.5    0.119017632242
65.625    0.120849553469
65.75    0.119768211078
65.875    0.119787293591
66.0    0.118158919166
66.125    0.118489682721
66.25    0.118445156858
66.375    0.117796351424
66.5    0.114724066865
66.625    0.114647736814
66.75    0.115150242984
66.875    0.114864005292
67.0    0.117363814467
67.125    0.112217896853
67.25    0.112345113605
67.375    0.112345113605
67.5    0.119354756634
67.625    0.113846271277
67.75    0.109800778567
67.875    0.112828537262
68.0    0.116651400656
68.125    0.116625957306
68.25    0.11674681322
68.375    0.116466936366
68.5    0.114100704781
68.625    0.114177034832
68.75    0.113509146884
68.875    0.113763580388
69.0    0.117001246724
69.125    0.1220390301
69.25    0.122745083073
69.375    0.120951326871
69.5    0.117561000433
69.625    0.117535557082
69.75    0.116842225784
69.875    0.116651400656
70.0    0.119189374857
70.125    0.119100323131
70.25    0.119284787421
70.375    0.119087601455
70.5    0.117440144518
70.625    0.11489580948
70.75    0.114774953566
70.875    0.114558685088
71.0    0.113451899346
71.125    0.114927613668
71.25    0.114774953566
71.375    0.11489580948
71.5    0.115729079205
71.625    0.114698623515
71.75    0.114984861207
71.875    0.115856295957
72.0    0.114170673994
72.125    0.115455563189
72.25    0.114940335343
72.375    0.114520520062
72.5    0.112510495382
72.625    0.113222909193
72.75    0.115843574282
72.875    0.11574180088
73.0    0.112822176424
73.125    0.11140370964
73.25    0.111416431316
73.375    0.113337404269
73.5    0.116314276264
73.625    0.116333358777
73.75    0.116333358777
73.875    0.116511462229
74.0    0.115786326744
74.125    0.114584128438
74.25    0.114418746661
74.375    0.112548660408
74.5    0.117516474569
74.625    0.117058494263
74.75    0.118432435183
74.875    0.115760883393
75.0    0.115035747907
75.125    0.114596850113
75.25    0.11722387604
75.375    0.117192071852
75.5    0.11703941175
75.625    0.117459227031
75.75    0.118190723354
75.875    0.118712312037
76.0    0.112694959672
76.125    0.119596468463
76.25    0.119450169198
76.375    0.119373839147
76.5    0.115989873547
76.625    0.114978500369
76.75    0.115601862453
76.875    0.116161616162
77.0    0.114545963412
77.125    0.119462890873
77.25    0.118826807114
77.375    0.119011271404
77.5    0.116409688828
77.625    0.116346080452
77.75    0.116333358777
77.875    0.11619342035
78.0    0.120493346564
78.125    0.12037249065
78.25    0.120588759128
78.375    0.120251634735
78.5    0.115888100145
78.625    0.115894460983
78.75    0.11672136987
78.875    0.116237946213
79.0    0.119284787421
79.125    0.119195735694
79.25    0.119558303437
79.375    0.119590107625
79.5    0.117465587869
79.625    0.117281123578
79.75    0.117605526296
79.875    0.114596850113
80.0    0.11722387604
80.125    0.11772638221
80.25    0.11772638221
80.375    0.11770093886
80.5    0.115137521309
80.625    0.119908149505
80.75    0.118502404397
80.875    0.12021346971
81.0    0.11674681322
81.125    0.109190138157
81.25    0.11658779228
81.375    0.11690583416
81.5    0.112319670254
81.625    0.122439762868
81.75    0.11587537847
81.875    0.115264738061
82.0    0.118139836654
82.125    0.117974454876
82.25    0.118095310791
82.375    0.118095310791
82.5    0.11838790932
82.625    0.117968094039
82.75    0.117961733201
82.875    0.117777268911
83.0    0.11806986744
83.125    0.118820446276
83.25    0.119100323131
83.375    0.115983512709
83.5    0.114851283617
83.625    0.114037096405
83.75    0.114565045925
83.875    0.11719843269
84.0    0.115544614915
84.125    0.116187059512
84.25    0.113814467089
84.375    0.113782662901
84.5    0.118839528789
84.625    0.118686868687
84.75    0.118775920413
84.875    0.118655064499
85.0    0.121504719742
85.125    0.122217133552
85.25    0.121447472203
85.375    0.116670483169
85.5    0.117147545989
85.625    0.122929547363
85.75    0.118470600209
85.875    0.113801745414
86.0    0.115341068112
86.125    0.116638678981
86.25    0.115633666641
86.375    0.115468284864
86.5    0.114406024985
86.625    0.114221560695
86.75    0.114425107498
86.875    0.114247004045
87.0    0.117955372363
87.125    0.11505483042
87.25    0.1137317762
87.375    0.116339719614
87.5    0.106906597461
87.625    0.116982164211
87.75    0.116638678981
87.875    0.116982164211
88.0    0.120525150752
88.125    0.121046739435
88.25    0.118540569422
88.375    0.118076228278
88.5    0.117071215938
88.625    0.117401979493
88.75    0.118165280004
88.875    0.114787675241
89.0    0.123928198865
89.125    0.111550008905
89.25    0.116441493016
89.375    0.114291529909
89.5    0.123711930387
89.625    0.121212121212
89.75    0.119774571916
89.875    0.119583746788
90.0    0.118438796021
90.125    0.118845889627
90.25    0.118858611302
90.375    0.117777268911
90.5    0.118108032466
90.625    0.116854947459
90.75    0.117083937613
90.875    0.117401979493
91.0    0.109260107371
91.125    0.10971172684
91.25    0.108598580261
91.375    0.11925934407
91.5    0.119361117472
91.625    0.119132127319
91.75    0.11986998448
91.875    0.119526499249
92.0    0.117058494263
92.125    0.116174337837
92.25    0.115341068112
92.375    0.114991222044
92.5    0.119704602702
92.625    0.112446887006
92.75    0.119882706155
92.875    0.111740834033
93.0    0.120270717248
93.125    0.109145612294
93.25    0.109514540875
93.375    0.116740452383
93.5    0.118438796021
93.625    0.11251685622
93.75    0.113515507722
93.875    0.112497773707
94.0    0.120092613795
94.125    0.119908149505
94.25    0.119698241864
94.375    0.119812736941
94.5    0.116002595222
94.625    0.111823524922
94.75    0.112262422716
94.875    0.111518204717
95.0    0.113922601328
95.125    0.113808106251
95.25    0.113776302063
95.375    0.124360735822
95.5    0.119431086686
95.625    0.119564664275
95.75    0.11389079714
95.875    0.114011653054
96.0    0.109699005165
96.125    0.111499122204
96.25    0.121797318271
96.375    0.12193089586
96.5    0.112313309417
96.625    0.11238327863
96.75    0.115544614915
96.875    0.115652749154
97.0    0.115627305804
97.125    0.115474645701
97.25    0.120334325624
97.375    0.120442459863
97.5    0.122166246851
97.625    0.121568328117
97.75    0.116117090298
97.875    0.121924535023
98.0    0.121848204972
98.125    0.121097626135
98.25    0.121701905707
98.375    0.121472915554
98.5    0.123527466097
98.625    0.124150828181
98.75    0.110087016258
98.875    0.11508027377
99.0    0.118108032466
99.125    0.118235249218
99.25    0.117516474569
99.375    0.118750477063
99.5    0.119030353917
99.625    0.118197084192
99.75    0.117847238124
99.875    0.118394270158
100.0    0.12695595756
100.125    0.119640994326
100.25    0.117128463476
100.375    0.117122102638
100.5    0.117637330484
100.625    0.118178001679
100.75    0.117917207338
100.875    0.117306566929
101.0    0.120086252958
101.125    0.119844541129
101.25    0.119431086686
101.375    0.119354756634
101.5    0.120257995573
101.625    0.121014935247
101.75    0.1228850215
101.875    0.124888685342
102.0    0.120506068239
102.125    0.12775106226
102.25    0.118795002926
102.375    0.118795002926
102.5    0.121536523929
102.625    0.123832786301
102.75    0.123724652062
102.875    0.124952293718
103.0    0.12188000916
103.125    0.122268020253
103.25    0.122821413124
103.375    0.119819097779
103.5    0.123762817088
103.625    0.121294812101
103.75    0.121504719742
103.875    0.12142838969
104.0    0.122318906954
104.125    0.122077195125
104.25    0.124475230898
104.375    0.123991807241
104.5    0.123641961173
104.625    0.123750095413
104.75    0.124176271531
104.875    0.124328931634
105.0    0.120964048546
105.125    0.12158741063
105.25    0.119163931507
105.375    0.121822761621
105.5    0.115321985599
105.625    0.118267053406
105.75    0.118960384703
105.875    0.121320255451
106.0    0.12256697962
106.125    0.126383482177
106.25    0.126625194006
106.375    0.126777854108
106.5    0.123979085566
106.625    0.1237310129
106.75    0.121498358904
106.875    0.121345698802
107.0    0.127140421851
107.125    0.127140421851
107.25    0.114902170318
107.375    0.117548278757
107.5    0.121549245605
107.625    0.122465206218
107.75    0.122719639722
107.875    0.122732361397
108.0    0.124138106506
108.125    0.124138106506
108.25    0.124138106506
108.375    0.124386179172
108.5    0.12407449813
108.625    0.12407449813
108.75    0.123559270285
108.875    0.12275144391
109.0    0.126097244485
109.125    0.122490649569
109.25    0.122261659415
109.375    0.123705569549
109.5    0.125798285118
109.625    0.123133094166
109.75    0.123183980867
109.875    0.123323919294
110.0    0.124055415617
110.125    0.124411622522
110.25    0.124379818334
110.375    0.124818716129
110.5    0.121053100272
110.625    0.121065821947
110.75    0.120709615042
110.875    0.129436684223
111.0    0.123641961173
111.125    0.124068137292
111.25    0.123323919294
111.375    0.124068137292
111.5    0.120118057146
111.625    0.129710200239
111.75    0.125130397171
111.875    0.127515711269
112.0    0.125066788795
112.125    0.124990458744
112.25    0.124926850368
112.375    0.132241813602
112.5    0.122331628629
112.625    0.124615169326
112.75    0.124882324504
112.875    0.124220797395
113.0    0.127070452637
113.125    0.12090044017
113.25    0.121053100272
113.375    0.122789608936
113.5    0.126841462484
113.625    0.126421647203
113.75    0.126866905834
113.875    0.125645625016
114.0    0.126720606569
114.125    0.126637915681
114.25    0.126415286365
114.375    0.126281708775
114.5    0.125047706282
114.625    0.12494593288
114.75    0.124977737068
114.875    0.124977737068
115.0    0.118655064499
115.125    0.123584713635
115.25    0.123374805994
115.375    0.127509350431
115.5    0.117630969646
115.625    0.118088949953
115.75    0.118120754141
115.875    0.12108490446
116.0    0.121542884767
116.125    0.131402183039
116.25    0.124169910694
116.375    0.12389003384
116.5    0.121313894614
116.625    0.111893494135
116.75    0.110436862326
116.875    0.109330076584
117.0    0.117694578022
117.125    0.117013968399
117.25    0.118788642088
117.375    0.124303488283
117.5    0.122401597842
117.625    0.122395237005
117.75    0.123152176679
117.875    0.121949978373
118.0    0.121911813348
118.125    0.127611123833
118.25    0.12740757703
118.375    0.128043660789
118.5    0.120938605196
118.625    0.119889066992
118.75    0.119596468463
118.875    0.119984479556
119.0    0.120130778821
119.125    0.120436099026
119.25    0.118457878533
119.375    0.121390224665
120.0    0.120378851487
120.125    0.118839528789
120.25    0.117974454876
120.375    0.116600513956
120.5    0.123139455003
120.625    0.123158537516
120.75    0.123343001806
120.875    0.122904104012
121.0    0.120595119965
121.125    0.120175304684
121.25    0.119876345317
121.375    0.120181665522
121.5    0.119462890873
121.625    0.11986998448
121.75    0.119857262804
121.875    0.120467903213
122.0    0.122916825688
122.125    0.119609190138
122.25    0.11939292166
122.375    0.118966745541
122.5    0.121135791161
122.625    0.121256647075
122.75    0.121937256698
122.875    0.121943617536
123.0    0.117834516449
123.125    0.118375187645
123.25    0.118146197491
123.375    0.118629621149
123.5    0.120938605196
123.625    0.118292496756
123.75    0.118158919166
123.875    0.117745464723
124.0    0.115417398163
124.125    0.114755871053
124.25    0.115481006539
124.375    0.114469633361
124.5    0.118114393303
124.625    0.118247970893
124.75    0.118476961046
124.875    0.115996234384
125.0    0.115919904333
125.125    0.115003943719
125.25    0.114851283617
125.375    0.115321985599
125.5    0.11822888838
125.625    0.116625957306
125.75    0.114946696181
125.875    0.115315624761
126.0    0.115252016386
126.125    0.118209805867
126.25    0.115417398163
126.375    0.116072564435
126.5    0.117713660535
126.625    0.117516474569
126.75    0.117516474569
126.875    0.117739103885
127.0    0.11153728723
127.125    0.106683968145
127.25    0.10384067374
127.375    0.114545963412
127.5    0.11772638221
127.625    0.115207490522
127.75    0.114813118591
127.875    0.115283820574
128.0    0.118095310791
128.125    0.117713660535
128.25    0.114196117345
128.375    0.115779965906
128.5    0.114972139531
128.625    0.114933974506
128.75    0.115105717121
128.875    0.112866702287
129.0    0.119806376104
129.125    0.11722387604
129.25    0.117764547236
129.375    0.117128463476
129.5    0.118712312037
129.625    0.120327964786
129.75    0.112771289723
129.875    0.114698623515
130.0    0.107275526041
130.125    0.107790753886
130.25    0.107752588861
130.375    0.107720784673
130.5    0.104050581381
130.625    0.104050581381
130.75    0.106550390555
130.875    0.106633081444
131.0    0.116886751647
131.125    0.116778617408
131.25    0.117242958553
131.375    0.117351092792
131.5    0.106995649187
131.625    0.107288247716
131.75    0.106963844999
131.875    0.107326412742
132.0    0.114590489276
132.125    0.115067552095
132.25    0.115493728214
132.375    0.11574180088
132.5    0.114724066865
132.625    0.114927613668
132.75    0.115182047172
132.875    0.115182047172
133.0    0.117370175305
133.125    0.116199781187
133.25    0.116199781187
133.375    0.11603439941
133.5    0.108350507595
133.625    0.108566776073
133.75    0.11386535379
133.875    0.114196117345
134.0    0.115315624761
134.125    0.115328346437
134.25    0.115481006539
134.375    0.111829885759
134.5    0.113948044679
134.625    0.114730427703
134.75    0.114838561942
134.875    0.114933974506
135.0    0.113407373483
135.125    0.1212439254
135.25    0.113585476936
135.375    0.114615932626
135.5    0.114959417856
135.625    0.114227921533
135.75    0.120957687708
135.875    0.121046739435
136.0    0.115506449889
136.125    0.115341068112
136.25    0.115175686334
136.375    0.115182047172
136.5    0.116269750401
136.625    0.11153728723
136.75    0.111645421469
136.875    0.112275144391
137.0    0.114883087805
137.125    0.114883087805
137.25    0.114984861207
137.375    0.112917588988
137.5    0.114914891993
137.625    0.113998931379
137.75    0.115423759001
137.875    0.115092995446
138.0    0.113967127191
138.125    0.114310612421
138.25    0.113655446149
138.375    0.112446887006
138.5    0.1120397934
138.625    0.111588173931
138.75    0.111759916546
138.875    0.111759916546
139.0    0.113286517569
139.125    0.11508027377
139.25    0.114157952319
139.375    0.114520520062
139.5    0.113598198611
139.625    0.112313309417
139.75    0.10521461466
139.875    0.10487112943
140.0    0.115309263924
140.125    0.112580464596
140.25    0.112580464596
140.375    0.113222909193
140.5    0.119335674122
140.625    0.120785945093
140.75    0.115773605068
140.875    0.116384245477
141.0    0.107599928759
141.125    0.107606289596
141.25    0.107746228023
141.375    0.115245655548
141.5    0.116358802127
141.625    0.116358802127
141.75    0.114247004045
141.875    0.112841258937
142.0    0.114342416609
142.125    0.114469633361
142.25    0.114221560695
142.375    0.114221560695
142.5    0.115659109992
142.625    0.115671831667
142.75    0.113261074218
142.875    0.113254713381
143.0    0.107262804366
143.125    0.107612650434
143.25    0.107320051904
143.375    0.10717375264
143.5    0.108070630741
143.625    0.113114774954
143.75    0.113222909193
143.875    0.113801745414
144.0    0.116123451136
144.125    0.11603439941
144.25    0.116333358777
144.375    0.114609571788
144.5    0.107091061751
144.625    0.107091061751
144.75    0.107091061751
144.875    0.107091061751
145.0    0.113553672748
145.125    0.113769941226
145.25    0.113490064372
145.375    0.113636363636
145.5    0.118858611302
145.625    0.113579116098
145.75    0.113000279877
145.875    0.112803093911
146.0    0.114635015139
146.125    0.114755871053
146.25    0.112236979365
146.375    0.111600895606
146.5    0.110773986719
146.625    0.111238327863
146.75    0.111174719487
146.875    0.111467318016
147.0    0.113222909193
147.125    0.112485052032
147.25    0.115003943719
147.375    0.115003943719
147.5    0.101773401522
147.625    0.114285169071
147.75    0.114558685088
147.875    0.097021855838
148.0    0.107968857339
148.125    0.107949774826
148.25    0.108325064244
148.375    0.108643106124
148.5    0.111346462102
148.625    0.111810803247
148.75    0.111155636974
148.875    0.11256774292
149.0    0.113280156731
149.125    0.11322927003
149.25    0.11322927003
149.375    0.113420095158
149.5    0.117001246724
149.625    0.11672136987
149.75    0.11672136987
149.875    0.1178599598
150.0    0.113407373483
150.125    0.113649085312
150.25    0.114908531155
150.375    0.114520520062
150.5    0.112281505229
150.625    0.112281505229
150.75    0.112529577895
150.875    0.113878075465
151.0    0.109266468209
151.125    0.10939368496
151.25    0.106601277256
151.375    0.11722387604
151.5    0.112968475689
151.625    0.114997582882
151.75    0.114622293464
151.875    0.102791135537
152.0    0.114406024985
152.125    0.114456911686
152.25    0.114342416609
152.375    0.109253746533
152.5    0.104654860952
152.625    0.110125181284
152.75    0.117561000433
152.875    0.117535557082
153.0    0.113699972012
153.125    0.113738137038
153.25    0.113858992952
153.375    0.114266086558
153.5    0.114361499122
153.625    0.113095692441
153.75    0.113299239244
153.875    0.113299239244
154.0    0.113082970766
154.125    0.113426455996
154.25    0.113426455996
154.375    0.11386535379
154.5    0.108795766227
154.625    0.10889117879
154.75    0.10889117879
154.875    0.109069282243
155.0    0.107052896725
155.125    0.107167391802
155.25    0.107281886879
155.375    0.107027453375
155.5    0.109266468209
155.625    0.109419128311
155.75    0.109966160344
155.875    0.109966160344
156.0    0.104254128184
156.125    0.106982927512
156.25    0.106238709513
156.375    0.0999223977814
156.5    0.116975803374
156.625    0.115430119838
156.75    0.108305981732
156.875    0.108026104877
157.0    0.115232933873
157.125    0.109622675114
157.25    0.109838943592
157.375    0.110455944839
157.5    0.109323715747
157.625    0.108382311783
157.75    0.108414115971
157.875    0.108948426329
158.0    0.115722718368
158.125    0.115646388316
158.25    0.110608604941
158.375    0.110125181284
158.5    0.109113808106
158.625    0.108350507595
158.75    0.107892527288
158.875    0.105698038318
159.0    0.106982927512
159.125    0.106404091291
159.25    0.107059257563
159.375    0.107059257563
159.5    0.107778032211
159.625    0.107129226777
159.75    0.108624023611
159.875    0.108051548228
160.0    0.106652163957
160.125    0.119221179045
160.25    0.106932040811
160.375    0.0992672315091
160.5    0.106156018625
160.625    0.105907945958
160.75    0.107561763733
160.875    0.108102434929
161.0    0.109622675114
161.125    0.10899931303
161.25    0.109005673867
161.375    0.106308678727
161.5    0.108076991578
161.625    0.10683026741
161.75    0.108293260056
161.875    0.10852225021
162.0    0.108611301936
162.125    0.108229651681
162.25    0.109380963285
162.375    0.109107447269
162.5    0.108465002672
162.625    0.108140599954
162.75    0.10817876498
162.875    0.108515889372
163.0    0.1095527059
163.125    0.1095527059
163.25    0.109940716994
163.375    0.110290563061
163.5    0.104355901585
163.625    0.107243721853
163.75    0.105405439788
163.875    0.106117853599
164.0    0.108604941099
164.125    0.108808487902
164.25    0.10833778592
164.375    0.108611301936
164.5    0.106257792026
164.625    0.106722133171
164.75    0.106264152864
164.875    0.106435895479
165.0    0.106391369616
165.125    0.107307330229
165.25    0.107307330229
165.375    0.10799430069
165.5    0.110169707147
165.625    0.110042490395
165.75    0.110112459609
165.875    0.109330076584
166.0    0.107555402895
166.125    0.107599928759
166.25    0.107714423835
166.375    0.107943413989
166.5    0.104088746406
166.625    0.103859756253
166.75    0.109533623388
166.875    0.109807139404
167.0    0.102434928631
167.125    0.102460371982
167.25    0.102460371982
167.375    0.102473093657
167.5    0.110239676361
167.625    0.111022059385
167.75    0.110316006412
167.875    0.107733506348
168.0    0.106842989085
168.125    0.106842989085
168.25    0.106919319136
168.375    0.106792102384
168.5    0.109730809353
168.625    0.109781696054
168.75    0.11000432537
168.875    0.110354171437
169.0    0.102040556701
169.125    0.102034195863
169.25    0.102066000051
169.375    0.102256825179
169.5    0.107440907819
169.625    0.107688980485
169.75    0.107758949698
169.875    0.107981579014
170.0    0.107466351169
170.125    0.107466351169
170.25    0.105971554334
170.375    0.106518586367
170.5    0.10571712083
170.625    0.105138284609
170.75    0.117783629748
170.875    0.104966541994
171.0    0.109088364756
171.125    0.108776683714
171.25    0.108929343816
171.375    0.108935704654
171.5    0.110888481795
171.625    0.110888481795
171.75    0.110888481795
171.875    0.110888481795
172.0    0.108554054398
172.125    0.107052896725
172.25    0.107148309289
172.375    0.10884029209
172.5    0.113477342696
172.625    0.113445538509
172.75    0.113445538509
172.875    0.110824873419
173.0    0.106836628247
173.125    0.106836628247
173.25    0.106836628247
173.375    0.107059257563
173.5    0.109221942345
173.625    0.109508180037
173.75    0.108140599954
173.875    0.107218278503
174.0    0.109291911559
174.125    0.109361880772
174.25    0.110258758873
174.375    0.109800778567
174.5    0.109126529781
174.625    0.109310994072
174.75    0.109597231764
174.875    0.109794417729
175.0    0.111155636974
175.125    0.109908912806
175.25    0.109743531028
175.375    0.121173956187
175.5    0.109788056891
175.625    0.109991603694
175.75    0.109991603694
175.875    0.109953438669
176.0    0.109489097524
176.125    0.109489097524
176.25    0.10968628349
176.375    0.109730809353
176.5    0.115417398163
176.625    0.112141566802
176.75    0.112103401776
176.875    0.111772638221
177.0    0.107421825306
177.125    0.10770170216
177.25    0.107625372109
177.375    0.107803475562
177.5    0.111588173931
177.625    0.111651782307
177.75    0.11055771824
177.875    0.110564079078
178.0    0.107180113477
178.125    0.107180113477
178.25    0.107981579014
178.375    0.109247385696
178.5    0.113839910439
178.625    0.114921252831
178.75    0.11420883902
178.875    0.114622293464
179.0    0.108878457115
179.125    0.107790753886
179.25    0.107956135664
179.375    0.109648118464
180.0    0.10886573544
180.125    0.109171055645
180.25    0.107905248963
180.375    0.108102434929
180.5    0.111499122204
180.625    0.111225606188
180.75    0.111308297077
180.875    0.111492761367
181.0    0.110958451009
181.125    0.10833778592
181.25    0.108821209577
181.375    0.108903900466
181.5    0.106124214437
181.625    0.106124214437
181.75    0.106499503855
181.875    0.111569091418
182.0    0.109336437422
182.125    0.109012034705
182.25    0.109196498995
182.375    0.10886573544
182.5    0.108916622141
182.625    0.108916622141
182.75    0.108916622141
182.875    0.108814848739
183.0    0.108452280996
183.125    0.108452280996
183.25    0.108452280996
183.375    0.109584510088
183.5    0.109539984225
183.625    0.10968628349
183.75    0.110933007658
183.875    0.109660840139
184.0    0.111543648068
184.125    0.111588173931
184.25    0.111168358649
184.375    0.112389639468
184.5    0.108573136911
184.625    0.108573136911
184.75    0.0985039309976
184.875    0.0990064371676
185.0    0.108967508842
185.125    0.106976566674
185.25    0.106963844999
185.375    0.107593567921
185.5    0.107224639341
185.625    0.107224639341
185.75    0.107224639341
185.875    0.107224639341
186.0    0.112217896853
186.125    0.112249701041
186.25    0.113267435056
186.375    0.112090680101
186.5    0.106283235376
186.625    0.106200544488
186.75    0.106715772333
186.875    0.107485433682
187.0    0.105564460728
187.125    0.105564460728
187.25    0.105564460728
187.375    0.108083352416
187.5    0.105335470575
187.625    0.110424140651
187.75    0.110430501488
187.875    0.110525914052
188.0    0.108668549475
188.125    0.108573136911
188.25    0.108573136911
188.375    0.108757601201
188.5    0.112408721981
188.625    0.109889830293
188.75    0.111092028598
188.875    0.109889830293
189.0    0.1087067145
189.125    0.108719436175
189.25    0.108942065491
189.375    0.108942065491
189.5    0.11005521207
189.625    0.11005521207
189.75    0.11005521207
189.875    0.111416431316
190.0    0.108369590108
190.125    0.108325064244
190.25    0.108325064244
190.375    0.108528611048
190.5    0.108751240363
190.625    0.108611301936
190.75    0.108611301936
190.875    0.108305981732
191.0    0.108007022365
191.125    0.108185125817
191.25    0.108185125817
191.375    0.109482736687
191.5    0.104076024731
191.625    0.104076024731
191.75    0.0989746329797
191.875    0.11135282294
192.0    0.107097422589
192.125    0.107097422589
192.25    0.105742564181
192.375    0.113420095158
192.5    0.105513574027
192.625    0.105513574027
192.75    0.105195532148
192.875    0.105895224283
193.0    0.106779380709
193.125    0.106779380709
193.25    0.106728494008
193.375    0.107320051904
193.5    0.108738518688
193.625    0.108643106124
193.75    0.108795766227
193.875    0.109279189884
194.0    0.107867083938
194.125    0.108051548228
194.25    0.107822558074
194.375    0.107377299443
194.5    0.107167391802
194.625    0.107167391802
194.75    0.107167391802
194.875    0.107402742793
195.0    0.106817545734
195.125    0.106817545734
195.25    0.106817545734
195.375    0.106817545734
195.5    0.106874793273
195.625    0.106798463222
195.75    0.106798463222
195.875    0.107008370862
196.0    0.108795766227
196.125    0.108795766227
196.25    0.10854769356
196.375    0.109082003918
196.5    0.109635396789
196.625    0.109660840139
196.75    0.0998397068926
196.875    0.100424903951
197.0    0.107943413989
197.125    0.107828918912
197.25    0.106995649187
197.375    0.106995649187
197.5    0.106544029718
197.625    0.106664885632
197.75    0.106664885632
197.875    0.106747576521
198.0    0.108248734193
198.125    0.108248734193
198.25    0.108331425082
198.375    0.108331425082
198.5    0.107300969392
198.625    0.107415464468
198.75    0.107415464468
198.875    0.107415464468
199.0    0.100736584994
199.125    0.100800193369
199.25    0.105634429942
199.375    0.105634429942
199.5    0.106823906572
199.625    0.108426837646
199.75    0.108617662774
199.875    0.108833931252
200.0    0.108127878279
200.125    0.108096074091
200.25    0.108153321629
200.375    0.108153321629
200.5    0.105138284609
200.625    0.105577182403
200.75    0.105634429942
200.875    0.105634429942
201.0    0.107294608554
201.125    0.107320051904
201.25    0.107580846246
201.375    0.107580846246
201.5    0.108210569168
201.625    0.107529959545
201.75    0.100437625627
201.875    0.100564842378
202.0    0.111753555708
202.125    0.111868050785
202.25    0.111887133298
202.375    0.112211536015
202.5    0.111130193624
202.625    0.111225606188
202.75    0.111441874666
202.875    0.11151184388
203.0    0.110093377096
203.125    0.11018878966
203.25    0.110125181284
203.375    0.109889830293
203.5    0.104673943465
203.625    0.104673943465
203.75    0.104673943465
203.875    0.104699386815
204.0    0.1087067145
204.125    0.108554054398
204.25    0.109978882019
204.375    0.1087067145
204.5    0.109648118464
204.625    0.109768974379
204.75    0.109889830293
204.875    0.109921634481
205.0    0.101735236496
205.125    0.111810803247
205.25    0.101735236496
205.375    0.101735236496
205.5    0.104387705773
205.625    0.104902933618
205.75    0.104985624507
205.875    0.104985624507
206.0    0.103115538254
206.125    0.103128259929
206.25    0.102981960665
206.375    0.103160064117
206.5    0.109635396789
206.625    0.109972521182
206.75    0.109800778567
206.875    0.110067933746
207.0    0.104750273516
207.125    0.105112841259
207.25    0.102714805486
207.375    0.102727527161
207.5    0.102911991451
207.625    0.102644836272
207.75    0.102670279622
207.875    0.103808869552
208.0    0.110971172684
208.125    0.11103478106
208.25    0.111149276137
208.375    0.11185532911
208.5    0.103350889245
208.625    0.103427219296
208.75    0.103427219296
208.875    0.103350889245
209.0    0.100132305422
209.125    0.105259140524
209.25    0.104782077704
209.375    0.104400427448
209.5    0.102135969264
209.625    0.102409485281
209.75    0.103917003791
209.875    0.103929725466
210.0    0.105424522301
210.125    0.0952662646617
210.25    0.105170088797
210.375    0.106817545734
210.5    0.104864768593
210.625    0.104864768593
210.75    0.105729842506
210.875    0.107262804366
211.0    0.106295957052
211.125    0.106295957052
211.25    0.106079688573
211.375    0.106079688573
211.5    0.10482024273
211.625    0.10482024273
211.75    0.10482024273
211.875    0.105106480421
212.0    0.104896572781
212.125    0.104960181157
212.25    0.104794799379
212.375    0.105068315396
212.5    0.103191868305
212.625    0.103217311656
212.75    0.103013764853
212.875    0.103369971758
213.0    0.107231000178
213.125    0.105793450882
213.25    0.107396381956
213.375    0.107396381956
213.5    0.104648500114
213.625    0.104667582627
213.75    0.104699386815
213.875    0.104985624507
214.0    0.107752588861
214.125    0.107752588861
214.25    0.107650815459
214.375    0.107459990332
214.5    0.104673943465
214.625    0.0994898608249
214.75    0.102167773452
214.875    0.101652545607
215.0    0.102543062871
215.125    0.105061954558
215.25    0.105042872045
215.375    0.105220975498
215.5    0.112077958426
215.625    0.112077958426
215.75    0.112173370989
215.875    0.112173370989
216.0    0.104864768593
216.125    0.105131923772
216.25    0.106582194743
216.375    0.106677607307
216.5    0.0999605628069
216.625    0.0999605628069
216.75    0.0999605628069
216.875    0.102816578887
217.0    0.113540951072
217.125    0.103465384322
217.25    0.104667582627
217.375    0.104254128184
217.5    0.101359947078
217.625    0.101239091164
217.75    0.101359947078
217.875    0.102447650307
218.0    0.105182810472
218.125    0.105182810472
218.25    0.106531308043
218.375    0.106703050658
218.5    0.103974251329
218.625    0.103732539501
218.75    0.104069663893
218.875    0.104069663893
219.0    0.101633463094
219.125    0.101296338702
219.25    0.088695519426
219.375    0.0994834999873
219.5    0.102320433555
219.625    0.102091443401
219.75    0.102091443401
219.875    0.101805205709
220.0    0.104705747653
220.125    0.104629417602
220.25    0.104629417602
220.375    0.0997760985167
220.5    0.0991972622955
220.625    0.100399460601
220.75    0.100278604687
220.875    0.0993244790474
221.0    0.103160064117
221.125    0.103160064117
221.25    0.108897539628
221.375    0.108509528535
221.5    0.108375950945
221.625    0.108687631987
221.75    0.108757601201
221.875    0.10833778592
222.0    0.101906979111
222.125    0.101875174923
222.25    0.109520901712
222.375    0.109597231764
222.5    0.106079688573
222.625    0.106079688573
222.75    0.106098771086
222.875    0.106098771086
223.0    0.106276874539
223.125    0.106117853599
223.25    0.106270513701
223.375    0.104731191003
223.5    0.103459023484
223.625    0.103459023484
223.75    0.103459023484
223.875    0.103459023484
224.0    0.107307330229
224.125    0.107192835153
224.25    0.107180113477
224.375    0.108439559321
224.5    0.102854743913
224.625    0.110780347556
224.75    0.110780347556
224.875    0.110780347556
225.0    0.0986820344503
225.125    0.0987074778007
225.25    0.0987074778007
225.375    0.100100501234
225.5    0.100711141643
225.625    0.100628450754
225.75    0.104629417602
225.875    0.104432231636
226.0    0.106951123324
226.125    0.107300969392
226.25    0.0989237462789
226.375    0.106480421342
226.5    0.104565809226
226.625    0.104565809226
226.75    0.105996997685
226.875    0.106225987838
227.0    0.103051929878
227.125    0.102498537007
227.25    0.103897921278
227.375    0.102695722973
227.5    0.100590285729
227.625    0.100723863318
227.75    0.100991018497
227.875    0.0989491896293
228.0    0.107580846246
228.125    0.107708062998
228.25    0.107663537135
228.375    0.102829300562
228.5    0.105252779686
228.625    0.1053736356
228.75    0.105768007531
228.875    0.105768007531
229.0    0.104654860952
229.125    0.104457674987
229.25    0.104534005038
229.375    0.104495840012
229.5    0.104107828919
229.625    0.104126911432
229.75    0.103980612167
229.875    0.103140981604
230.0    0.10399969468
230.125    0.10399969468
230.25    0.103853395415
230.375    0.105227336336
230.5    0.108592219423
230.625    0.107390021118
230.75    0.107510877032
230.875    0.107409103631
231.0    0.109514540875
231.125    0.0994389741241
231.25    0.0993372007226
231.375    0.0994326132865
231.5    0.108076991578
231.625    0.108076991578
231.75    0.108089713253
231.875    0.108172404142
232.0    0.101754319009
232.125    0.102034195863
232.25    0.102034195863
232.375    0.102937434801
232.5    0.107631732947
232.625    0.10738366028
232.75    0.107561763733
232.875    0.107943413989
233.0    0.0975498053584
233.125    0.0971617942651
233.25    0.0975434445208
233.375    0.0978424038878
233.5    0.105640790779
233.625    0.105621708267
233.75    0.10553265654
233.875    0.105768007531
234.0    0.102644836272
234.125    0.10249217617
234.25    0.103026486528
234.375    0.103230033331
234.5    0.106639442282
234.625    0.107033814213
234.75    0.10738366028
234.875    0.106003358522
235.0    0.101041905198
235.125    0.102568506221
235.25    0.102562145383
235.375    0.103942447141
235.5    0.104648500114
235.625    0.104648500114
235.75    0.103955168817
235.875    0.103955168817
236.0    0.103140981604
236.125    0.102899269776
236.25    0.102943795639
236.375    0.102981960665
236.5    0.1028356614
236.625    0.1028356614
236.75    0.103490827672
236.875    0.103548075211
237.0    0.0960295651732
237.125    0.0960295651732
237.25    0.09598503931
237.375    0.096188586113
237.5    0.105182810472
237.625    0.105157367122
237.75    0.104953820319
237.875    0.104947459481
238.0    0.0971172684019
238.125    0.0971681551027
238.25    0.0969964124876
238.375    0.107052896725
238.5    0.0945856550391
238.625    0.107180113477
238.75    0.10738366028
238.875    0.107180113477
239.0    0.0999605628069
239.125    0.0990700455436
239.25    0.102842022237
239.375    0.101531689693
240.0    0.101080070224
240.125    0.101080070224
240.25    0.101080070224
240.375    0.101080070224
240.5    0.105405439788
240.625    0.105958832659
240.75    0.105958832659
240.875    0.105927028471
241.0    0.106862071598
241.125    0.117230236878
241.25    0.0986502302623
241.375    0.104858407755
241.5    0.0940195404931
241.625    0.0940195404931
241.75    0.0940195404931
241.875    0.0940195404931
242.0    0.10370709615
242.125    0.102791135537
242.25    0.102772053024
242.375    0.102829300562
242.5    0.0954252856016
242.625    0.0956288324047
242.75    0.0961376994123
242.875    0.0962649161642
243.0    0.105812533394
243.125    0.105647151617
243.25    0.107599928759
243.375    0.107669897972
243.5    0.0963794112409
243.625    0.0940449838435
243.75    0.101582576394
243.875    0.0964684629672
244.0    0.104909294456
244.125    0.106206905325
244.25    0.106175101137
244.375    0.0938159936901
244.5    0.0973780627433
244.625    0.0973780627433
244.75    0.0976706612727
244.875    0.107529959545
245.0    0.0971427117523
245.125    0.0987456428263
245.25    0.0970663817012
245.375    0.0986947561255
245.5    0.100526677353
245.625    0.100660254942
245.75    0.100660254942
245.875    0.100806554207
246.0    0.0966020405567
246.125    0.096283998677
246.25    0.096252194489
246.375    0.0956542757551
246.5    0.102549423708
246.625    0.101805205709
246.75    0.103331806732
246.875    0.103401775946
247.0    0.0975943312216
247.125    0.0974989186576
247.25    0.0974098669313
247.375    0.0975370836832
247.5    0.0955843065415
247.625    0.0955588631911
247.75    0.0956033890543
247.875    0.0956033890543
248.0    0.104743912678
248.125    0.105061954558
248.25    0.104762995191
248.375    0.104762995191
248.5    0.104718469328
248.625    0.103974251329
248.75    0.104107828919
248.875    0.103993333842
249.0    0.0991400147572
249.125    0.104177798132
249.25    0.104044220543
249.375    0.10399969468
249.5    0.107987939852
249.625    0.107987939852
249.75    0.108127878279
249.875    0.107987939852
250.0    0.0982876625194
250.125    0.1003485739
250.25    0.100431264789
250.375    0.100431264789
250.5    0.0988156120398
250.625    0.0988092512022
250.75    0.0988728595782
250.875    0.0988728595782
251.0    0.104254128184
251.125    0.104540365875
251.25    0.104165076457
251.375    0.104724830166
251.5    0.102555784546
251.625    0.102555784546
251.75    0.0937333028013
251.875    0.101824288222
252.0    0.103115538254
252.125    0.103115538254
252.25    0.102746609674
252.375    0.102969238989
252.5    0.0952026562858
252.625    0.0974671144697
252.75    0.10751723787
252.875    0.106321400402
253.0    0.101474442155
253.125    0.102803857212
253.25    0.102899269776
253.375    0.10249217617
253.5    0.0923275576928
253.625    0.0935424776735
253.75    0.0925692695214
253.875    0.106594916419
254.0    0.105742564181
254.125    0.105742564181
254.25    0.105742564181
254.375    0.107294608554
254.5    0.0938986845788
254.625    0.0938986845788
254.75    0.0921430934025
254.875    0.0947573976541
255.0    0.099063684706
255.125    0.099299035697
255.25    0.099299035697
255.375    0.0995852733888
255.5    0.0962076686258
255.625    0.0962076686258
255.75    0.0961822252754
255.875    0.096754700659
256.0    0.103700735313
256.125    0.105558099891
256.25    0.105475409002
256.375    0.104635778439
256.5    0.100634811592
256.625    0.100571203216
256.75    0.100367656413
256.875    0.0973780627433
257.0    0.0968691957357
257.125    0.0968691957357
257.25    0.094350304048
257.375    0.0948655318932
257.5    0.101289977864
257.625    0.101099152736
257.75    0.101118235249
257.875    0.101105513574
258.0    0.101270895352
258.125    0.0996552426024
258.25    0.0996425209272
258.375    0.0996934076279
258.5    0.102886548101
258.625    0.101964226649
258.75    0.102326794392
258.875    0.102371320255
259.0    0.0936188077246
259.125    0.0943057781849
259.25    0.0924738569575
259.375    0.0923975269064
259.5    0.0955270590031
259.625    0.0955652240287
259.75    0.0955334198407
259.875    0.0955334198407
260.0    0.100628450754
260.125    0.100774750019
260.25    0.0994834999873
260.375    0.101391751266
260.5    0.100227717986
260.625    0.100106862072
260.75    0.100106862072
260.875    0.100106862072
261.0    0.0988728595782
261.125    0.0990000763301
261.25    0.0994580566369
261.375    0.0988028903646
261.5    0.101506246343
261.625    0.101220008651
261.75    0.101220008651
261.875    0.100246800499
262.0    0.104177798132
262.125    0.104190519808
262.25    0.0970600208636
262.375    0.104775716866
262.5    0.108554054398
262.625    0.108401394296
262.75    0.108687631987
262.875    0.0986120652368
263.0    0.0980332290156
263.125    0.0979441772893
263.25    0.0980141465028
263.375    0.0971363509147
263.5    0.0962967203522
263.625    0.0964302979416
263.75    0.108961148004
263.875    0.108643106124
264.0    0.102485815332
264.125    0.102390402768
264.25    0.0999669236445
264.375    0.0999223977814
264.5    0.101029183523
264.625    0.0989873546549
264.75    0.098561178536
264.875    0.0983767142457
265.0    0.10082563672
265.125    0.101003740173
265.25    0.100978296822
265.375    0.101124596087
265.5    0.0969964124876
265.625    0.0984466834593
265.75    0.0976134137343
265.875    0.0981159199043
266.0    0.102403124443
266.125    0.101887896598
266.25    0.102097804239
266.375    0.102320433555
266.5    0.0966338447447
266.625    0.0966338447447
266.75    0.094114953057
266.875    0.094210365621
267.0    0.1028356614
267.125    0.103140981604
267.25    0.102053278376
267.375    0.102053278376
267.5    0.100265883011
267.625    0.100450347302
267.75    0.100908327609
267.875    0.102180495128
268.0    0.105087397909
268.125    0.105456326489
268.25    0.104362262423
268.375    0.104095107244
268.5    0.0999478411317
268.625    0.10103554436
268.75    0.100889245096
268.875    0.100781110857
269.0    0.0999669236445
269.125    0.100094140396
269.25    0.100145027097
269.375    0.100176831285
269.5    0.10064117243
269.625    0.0995789125512
269.75    0.0996488817648
269.875    0.0997888201918
270.0    0.0979632598021
270.125    0.0983131058698
270.25    0.0976006920591
270.375    0.112771289723
270.5    0.101410833779
270.625    0.102797496374
270.75    0.1028356614
270.875    0.102746609674
271.0    0.10286110475
271.125    0.102956517314
271.25    0.102606671246
271.375    0.102886548101
271.5    0.104095107244
271.625    0.103160064117
271.75    0.103160064117
271.875    0.103198229143
272.0    0.0909599776099
272.125    0.0908900083963
272.25    0.0909536167723
272.375    0.0933580133832
272.5    0.101258173676
272.625    0.101258173676
272.75    0.100011449508
272.875    0.101429916291
273.0    0.098262219169
273.125    0.0980841157164
273.25    0.103249115844
273.375    0.101837009897
273.5    0.100443986464
273.625    0.100443986464
273.75    0.100176831285
273.875    0.100176831285
274.0    0.102123247589
274.125    0.102123247589
274.25    0.101881535761
274.375    0.101881535761
274.5    0.102543062871
274.625    0.102384041931
274.75    0.102384041931
274.875    0.102384041931
275.0    0.103350889245
275.125    0.103350889245
275.25    0.102797496374
275.375    0.102797496374
275.5    0.10233315523
275.625    0.101334503727
275.75    0.10201511335
275.875    0.10201511335
276.0    0.097320815205
276.125    0.0971045467267
276.25    0.0974353102817
276.375    0.109908912806
276.5    0.102740248836
276.625    0.0952853471745
276.75    0.0971554334275
276.875    0.110773986719
277.0    0.102002391675
277.125    0.101798844872
277.25    0.101798844872
277.375    0.101633463094
277.5    0.100043253696
277.625    0.0972762893418
277.75    0.0972953718546
277.875    0.097257206829
278.0    0.095749688319
278.125    0.0958323792077
278.25    0.102772053024
278.375    0.103757982851
278.5    0.104597613414
278.625    0.105011067857
278.75    0.104788438542
278.875    0.104731191003
279.0    0.0973462585553
279.125    0.0970600208636
279.25    0.0974162277689
279.375    0.0962140294634
279.5    0.0974543927945
279.625    0.0974543927945
279.75    0.0974543927945
279.875    0.0973653410681
280.0    0.100119583747
280.125    0.100119583747
280.25    0.10000508867
280.375    0.10050759484
280.5    0.0849299035697
280.625    0.0856677607307
280.75    0.101926061624
280.875    0.101926061624
281.0    0.100628450754
281.125    0.100469429815
281.25    0.100717502481
281.375    0.100672976618
281.5    0.100800193369
281.625    0.100793832532
281.75    0.100412182276
281.875    0.100927410121
282.0    0.0975498053584
282.125    0.0975498053584
282.25    0.0913670712159
282.375    0.0913670712159
282.5    0.101213647813
282.625    0.106175101137
282.75    0.106302317889
282.875    0.106028801873
283.0    0.102778413862
283.125    0.102600310409
283.25    0.0970663817012
283.375    0.0995852733888
283.5    0.0985993435616
283.625    0.098592982724
283.75    0.0989937154925
283.875    0.0994198916113
284.0    0.103446301809
284.125    0.103446301809
284.25    0.103191868305
284.375    0.103217311656
284.5    0.0885364984861
284.625    0.0885364984861
284.75    0.0891280563825
284.875    0.0892807164848
285.0    0.0918886598988
285.125    0.104896572781
285.25    0.104419509961
285.375    0.0971045467267
285.5    0.101926061624
285.625    0.101779762359
285.75    0.101747958171
285.875    0.102097804239
286.0    0.101283617027
286.125    0.101442637967
286.25    0.101461720479
286.375    0.101410833779
286.5    0.101894257436
286.625    0.101875174923
286.75    0.100952853472
286.875    0.101576215556
287.0    0.0922321451289
287.125    0.0935679210238
287.25    0.0936696944254
287.375    0.0938159936901
287.5    0.0979187339389
287.625    0.098026868178
287.75    0.098026868178
287.875    0.098026868178
288.0    0.0938732412284
288.125    0.101200926138
288.25    0.101200926138
288.375    0.101404472941
288.5    0.0904383889271
288.625    0.0904129455767
288.75    0.0904765539526
288.875    0.0903238938504
289.0    0.0922957535048
289.125    0.0973335368801
289.25    0.0980332290156
289.375    0.0979759814772
289.5    0.100463068977
289.625    0.100488512327
289.75    0.0979696206397
289.875    0.100424903951
290.0    0.100870162583
290.125    0.0983512708954
290.25    0.0985739002112
290.375    0.098828333715
290.5    0.102962878152
290.625    0.102485815332
290.75    0.102962878152
290.875    0.102021474188
291.0    0.100380378088
291.125    0.10169707147
291.25    0.10167162812
291.375    0.100456708139
291.5    0.101041905198
291.625    0.10249217617
291.75    0.102657557947
291.875    0.102657557947
292.0    0.0987074778007
292.125    0.0968501132229
292.25    0.0968946390861
292.375    0.0973589802305
292.5    0.0918886598988
292.625    0.0893761290487
292.75    0.0899358827571
292.875    0.0905210798158
293.0    0.0999414802941
293.125    0.0999351194565
293.25    0.0995153041753
293.375    0.0998269852174
293.5    0.0954380072768
293.625    0.0953171513625
293.75    0.0937587461517
293.875    0.0935488385111
294.0    0.0976833829479
294.125    0.0995598300384
294.25    0.0997760985167
294.375    0.0980459506908
294.5    0.100017810345
294.625    0.100011449508
294.75    0.100119583747
294.875    0.101550772206
295.0    0.0880149098033
295.125    0.0879767447778
295.25    0.0877286721116
295.375    0.0978042388622
295.5    0.103121899092
295.625    0.102714805486
295.75    0.102714805486
295.875    0.102708444648
296.0    0.096519349668
296.125    0.0963666895657
296.25    0.0963794112409
296.375    0.096519349668
296.5    0.0999987278325
296.625    0.100437625627
296.75    0.100119583747
296.875    0.100170470448
297.0    0.0951962954482
297.125    0.0951962954482
297.25    0.0959723176348
297.375    0.0959723176348
297.5    0.101608019744
297.625    0.101608019744
297.75    0.101366307915
297.875    0.101251812839
298.0    0.0998905935934
298.125    0.0998905935934
298.25    0.100113222909
298.375    0.100838358395
298.5    0.101811566547
298.625    0.102205938478
298.75    0.101442637967
298.875    0.101067348548
299.0    0.0953553163881
299.125    0.0953553163881
299.25    0.0952217387986
299.375    0.0952789863369
