0.0    0.137853638167
0.125    0.153690364339
0.25    0.172648501931
0.375    0.153533771792
0.5    0.152896962105
0.625    0.15460904061
0.75    0.1511848836
0.875    0.150850819501
1.0    0.148961269444
1.125    0.156289800605
1.25    0.140515711452
1.375    0.152448063472
1.5    0.156968368306
1.625    0.147823363608
1.75    0.151435431673
1.875    0.1467794133
2.0    0.155329366322
2.125    0.158649128302
2.25    0.156770017747
2.375    0.164516129032
2.5    0.148595886836
2.625    0.142520096043
2.75    0.157667815012
2.875    0.160486480844
3.0    0.143104708216
3.125    0.173003445036
3.25    0.159306816996
3.375    0.151529387201
3.5    0.149462365591
3.625    0.145338761875
3.75    0.145516233427
3.875    0.143668441382
4.0    0.156571667189
4.125    0.171103455476
4.25    0.152573337509
4.375    0.153137070675
4.5    0.148220064725
4.625    0.151080488569
4.75    0.148929950934
4.875    0.152938720117
5.0    0.155308487316
5.125    0.148877753419
5.25    0.164129867418
5.375    0.150683787452
5.5    0.152176636392
5.625    0.152615095521
5.75    0.15406618645
5.875    0.155162334273
6.0    0.149754671678
6.125    0.148324459756
6.25    0.153617287817
6.375    0.150266207329
6.5    0.155235410794
6.625    0.149055224971
6.75    0.148825555904
6.875    0.156488151164
7.0    0.143605804364
7.125    0.153512892786
7.25    0.153920033406
7.375    0.156415074642
7.5    0.151498068692
7.625    0.152281031423
7.75    0.138793193444
7.875    0.149598079131
8.0    0.137383860528
8.125    0.14925357553
8.25    0.159108466437
8.375    0.150767303476
8.5    0.153669485333
8.625    0.151226641612
8.75    0.151237081115
8.875    0.133030587744
9.0    0.145777221004
9.125    0.153324981731
9.25    0.150955214532
9.375    0.150642029439
9.5    0.154776072659
9.625    0.145912934544
9.75    0.144075582002
9.875    0.146027769078
10.0    0.154953544211
10.125    0.154243658002
10.25    0.153700803842
10.375    0.154254097505
10.5    0.152260152417
10.625    0.154055746946
10.75    0.155308487316
10.875    0.152093120367
11.0    0.150193130807
11.125    0.138365173818
11.25    0.151675540244
11.375    0.151257960121
11.5    0.154055746946
11.625    0.153711243345
11.75    0.153199707694
11.875    0.160945818979
12.0    0.159275498486
12.125    0.161801858232
12.25    0.162710094999
12.375    0.159943626683
12.5    0.153711243345
12.625    0.153805198873
12.75    0.153157949682
12.875    0.154003549431
13.0    0.158367261718
13.125    0.15637331663
13.25    0.155235410794
13.375    0.147165674914
13.5    0.154755193653
13.625    0.151654661238
13.75    0.14416953753
13.875    0.153554650799
14.0    0.154087065456
14.125    0.142353063994
14.25    0.163691408289
14.375    0.163952395866
14.5    0.154400250548
14.625    0.154368932039
14.75    0.154316734523
14.875    0.151393673661
15.0    0.147155235411
15.125    0.152834325086
15.25    0.152573337509
15.375    0.151821693287
15.5    0.151529387201
15.625    0.137258586491
15.75    0.153450255768
15.875    0.151498068692
16.0    0.147572815534
16.125    0.144273932561
16.25    0.142039878902
16.375    0.146685457772
16.5    0.142572293559
16.625    0.145223927341
16.75    0.145777221004
16.875    0.161071093016
17.0    0.13976406723
17.125    0.143167345234
17.25    0.162062845809
17.375    0.162449107422
17.5    0.153471134774
17.625    0.149921703727
17.75    0.157479903957
17.875    0.149222257021
18.0    0.146685457772
18.125    0.146904687337
18.25    0.140494832446
18.375    0.154181020983
18.5    0.149598079131
18.625    0.147343146466
18.75    0.147708529074
18.875    0.150850819501
19.0    0.155381563838
19.125    0.166144691513
19.25    0.16061175488
19.375    0.162804050527
19.5    0.15610188955
19.625    0.157396387932
19.75    0.157500782963
19.875    0.148460173296
20.0    0.166071614991
20.125    0.153909593903
20.25    0.170738072868
20.375    0.169975989143
20.5    0.142520096043
20.625    0.147510178516
20.75    0.14637227268
20.875    0.132696523645
21.0    0.14389811045
21.125    0.150182691304
21.25    0.150234888819
21.375    0.14898214845
21.5    0.14993214323
21.625    0.149076103977
21.75    0.149702474162
21.875    0.149128301493
22.0    0.161833176741
22.125    0.149921703727
22.25    0.150683787452
22.375    0.15132059714
22.5    0.137853638167
22.625    0.136517381773
22.75    0.138594842885
22.875    0.139179455058
23.0    0.14003549431
23.125    0.138051988725
23.25    0.137237707485
23.375    0.138208581272
23.5    0.164505689529
23.625    0.164328217977
23.75    0.158492535755
23.875    0.146246998643
24.0    0.143584925358
24.125    0.15610188955
24.25    0.153857396388
24.375    0.153324981731
24.5    0.144075582002
24.625    0.155746946445
24.75    0.157229355883
24.875    0.166927654244
25.0    0.142885478651
25.125    0.14515085082
25.25    0.145495354421
25.375    0.144253053555
25.5    0.145505793924
25.625    0.145881616035
25.75    0.144660194175
25.875    0.156728259735
26.0    0.144722831193
26.125    0.144649754672
26.25    0.147698089571
26.375    0.146894247834
26.5    0.151967846331
26.625    0.151685979747
26.75    0.162355151895
26.875    0.148533249817
27.0    0.146288756655
27.125    0.147906879633
27.25    0.146027769078
27.375    0.146591502244
27.5    0.150725545464
27.625    0.164537008038
27.75    0.144649754672
27.875    0.153554650799
28.0    0.14718655392
28.125    0.136486063263
28.25    0.15142499217
28.375    0.15844033824
28.5    0.167386992379
28.625    0.151466750183
28.75    0.153053554651
28.875    0.144388767095
29.0    0.172199603299
29.125    0.14569370498
29.25    0.162856248043
29.375    0.152604656018
29.5    0.15132059714
29.625    0.150328844347
29.75    0.164286459965
29.875    0.147343146466
30.0    0.148721160873
30.125    0.148387096774
30.25    0.165716671886
30.375    0.150381041862
30.5    0.150412360372
30.625    0.150193130807
30.75    0.15104917006
30.875    0.149775550684
31.0    0.152197515398
31.125    0.151362355152
31.25    0.151946967324
31.375    0.152604656018
31.5    0.1461008456
31.625    0.150015659255
31.75    0.145672825973
31.875    0.149618958138
32.0    0.14786512162
32.125    0.134700908237
32.25    0.126244910742
32.375    0.15213487838
32.5    0.149911264224
32.625    0.14938928907
32.75    0.149190938511
32.875    0.14911786199
33.0    0.147750287086
33.125    0.149284894039
33.25    0.149128301493
33.375    0.150245328322
33.5    0.162208998852
33.625    0.145223927341
33.75    0.146737655288
33.875    0.146748094791
34.0    0.162302954379
34.125    0.162229877858
34.25    0.165706232383
34.375    0.169746320075
34.5    0.152051362355
34.625    0.152374986951
34.75    0.165299091763
34.875    0.158158471657
35.0    0.146257438146
35.125    0.138323415805
35.25    0.149587639628
35.375    0.15349201378
35.5    0.148199185719
35.625    0.151216202109
35.75    0.152322789435
35.875    0.151581584717
36.0    0.151623342729
36.125    0.151800814281
36.25    0.150558513415
36.375    0.149629397641
36.5    0.153930472909
36.625    0.151518947698
36.75    0.152333228938
36.875    0.157448585447
37.0    0.151623342729
37.125    0.148460173296
37.25    0.14816786721
37.375    0.148209625222
37.5    0.155705188433
37.625    0.15542332185
37.75    0.148762918885
37.875    0.150903017016
38.0    0.146601941748
38.125    0.14871072137
38.25    0.149994780248
38.375    0.147332706963
38.5    0.149608518635
38.625    0.152834325086
38.75    0.146414030692
38.875    0.149681595156
39.0    0.153523332289
39.125    0.147823363608
39.25    0.147812924105
39.375    0.147927758639
39.5    0.150683787452
39.625    0.151028291053
39.75    0.150955214532
39.875    0.14623655914
40.0    0.150234888819
40.125    0.150422799875
40.25    0.150819500992
40.375    0.154546403591
40.5    0.142843720639
40.625    0.172763336465
40.75    0.146288756655
40.875    0.148637644848
41.0    0.153679924836
41.125    0.14854368932
41.25    0.148940390437
41.375    0.148021714166
41.5    0.148501931308
41.625    0.148929950934
41.75    0.148355778265
41.875    0.15735462992
42.0    0.151873890803
42.125    0.155987055016
42.25    0.155527716881
42.375    0.153523332289
42.5    0.159505167554
42.625    0.159974945193
42.75    0.147311827957
42.875    0.146320075164
43.0    0.158315064203
43.125    0.159150224449
43.25    0.158628249295
43.375    0.155726067439
43.5    0.149806869193
43.625    0.149326652051
43.75    0.149347531058
43.875    0.152489821484
44.0    0.133750913457
44.125    0.156352437624
44.25    0.148460173296
44.375    0.152395865957
44.5    0.152865643595
44.625    0.133656957929
44.75    0.150443678881
44.875    0.151247520618
45.0    0.147854682117
45.125    0.158012318614
45.25    0.135473431465
45.375    0.149190938511
45.5    0.177607265894
45.625    0.132216306504
45.75    0.151769495772
45.875    0.142937676167
46.0    0.151926088318
46.125    0.143501409333
46.25    0.146309635661
46.375    0.157250234889
46.5    0.143950307965
46.625    0.144472283119
46.75    0.144472283119
46.875    0.144524480635
47.0    0.137310784007
47.125    0.13196575843
47.25    0.154870028187
47.375    0.155444200856
47.5    0.145714583986
47.625    0.147457981
47.75    0.147457981
47.875    0.149420607579
48.0    0.143073389707
48.125    0.141789330828
48.25    0.142749765111
48.375    0.142520096043
48.5    0.152176636392
48.625    0.14088109406
48.75    0.141653617288
48.875    0.145474475415
49.0    0.14925357553
49.125    0.148627205345
49.25    0.149264015033
49.375    0.145912934544
49.5    0.146226119637
49.625    0.14593381355
49.75    0.166113373003
49.875    0.15749034346
50.0    0.145818979017
50.125    0.145077774298
50.25    0.166520513624
50.375    0.149441486585
50.5    0.155099697254
50.625    0.155600793402
50.75    0.15664474371
50.875    0.155339805825
51.0    0.149514563107
51.125    0.147666771062
51.25    0.162522183944
51.375    0.159045829419
51.5    0.161248564568
51.625    0.155736506942
51.75    0.131203674705
51.875    0.148992587953
52.0    0.163649650277
52.125    0.152750809061
52.25    0.140839336048
52.375    0.166979851759
52.5    0.143125587222
52.625    0.14895082994
52.75    0.147311827957
52.875    0.140640985489
53.0    0.157636496503
53.125    0.162532623447
53.25    0.165413926297
53.375    0.162563941956
53.5    0.172940808018
53.625    0.171040818457
53.75    0.16528865226
53.875    0.177116609249
54.0    0.1633886627
54.125    0.168817204301
54.25    0.169495772001
54.375    0.153471134774
54.5    0.168608414239
54.625    0.169568848523
54.75    0.171667188642
54.875    0.13949264015
55.0    0.139137697046
55.125    0.141705814803
55.25    0.127435014093
55.375    0.127414135087
55.5    0.164255141455
55.625    0.163639210774
55.75    0.16651007412
55.875    0.166113373003
56.0    0.168671051258
56.125    0.177555068379
56.25    0.154139262971
56.375    0.153742561854
56.5    0.153471134774
56.625    0.141142081637
56.75    0.140954170581
56.875    0.158043637123
57.0    0.165800187911
57.125    0.164620524063
57.25    0.179841319553
57.375    0.179611650485
57.5    0.167668858962
57.625    0.15857605178
57.75    0.159891429168
57.875    0.159285937989
58.0    0.165674913874
58.125    0.166426558096
58.25    0.166207328531
58.375    0.156498590667
58.5    0.166896335734
58.625    0.166865017225
58.75    0.139565716672
58.875    0.157939242092
59.0    0.138740995929
59.125    0.139753627727
59.25    0.149900824721
59.375    0.152552458503
59.5    0.142989873682
59.625    0.159995824199
59.75    0.160382085813
59.875    0.146173922121
60.0    0.136172878171
60.125    0.139064620524
60.25    0.143031631694
60.375    0.140442634931
60.5    0.158148032154
60.625    0.167094686293
60.75    0.156456832655
60.875    0.142561854056
61.0    0.158106274141
61.125    0.154629919616
61.25    0.15294915962
61.375    0.154556843094
61.5    0.147938198142
61.625    0.136162438668
61.75    0.15128927863
61.875    0.143104708216
62.0    0.154682117131
62.125    0.156884852281
62.25    0.158701325817
62.375    0.143960747468
62.5    0.157177158367
62.625    0.163065038104
62.75    0.162908445558
62.875    0.16281449003
63.0    0.157396387932
63.125    0.157260674392
63.25    0.160402964819
63.375    0.154671677628
63.5    0.127299300553
63.625    0.149086543481
63.75    0.162689215993
63.875    0.160194174757
64.0    0.152792567074
64.125    0.132947071719
64.25    0.166530953127
64.375    0.206816995511
64.5    0.176448481052
64.625    0.180258899676
64.75    0.177607265894
64.875    0.155840901973
65.0    0.148282701743
65.125    0.166123812507
65.25    0.173285311619
65.375    0.160215053763
65.5    0.14827226224
65.625    0.15020357031
65.75    0.16254306295
65.875    0.15749034346
66.0    0.160674391899
66.125    0.182461634826
66.25    0.168556216724
66.375    0.151790374778
66.5    0.160350767303
66.625    0.170289174235
66.75    0.158116713644
66.875    0.159202421965
67.0    0.14278108362
67.125    0.155277168807
67.25    0.155235410794
67.375    0.167251278839
67.5    0.152990917632
67.625    0.152959599123
67.75    0.153231026203
67.875    0.152468942478
68.0    0.150892577513
68.125    0.149545881616
68.25    0.154995302224
68.375    0.157678254515
68.5    0.153909593903
68.625    0.166990291262
68.75    0.161081532519
68.875    0.176897379685
69.0    0.14966071615
69.125    0.15776177054
69.25    0.158231548178
69.375    0.159014510909
69.5    0.150767303476
69.625    0.149264015033
69.75    0.149284894039
69.875    0.150088735776
70.0    0.16047604134
70.125    0.150861259004
70.25    0.140045933814
70.375    0.139116818039
70.5    0.152113999374
70.625    0.153502453283
70.75    0.146706336778
70.875    0.144211295542
71.0    0.152771688068
71.125    0.158816160351
71.25    0.158670007308
71.375    0.152896962105
71.5    0.143543167345
71.625    0.145547551937
71.75    0.118832863556
71.875    0.139461321641
72.0    0.140139889341
72.125    0.140098131329
72.25    0.14376239691
72.375    0.143292619271
72.5    0.139346487107
72.625    0.160663952396
72.75    0.160559557365
72.875    0.137582211087
73.0    0.134773984758
73.125    0.132957511222
73.25    0.132602568118
73.375    0.13471134774
73.5    0.121745484915
73.625    0.147009082368
73.75    0.138720116922
73.875    0.144879423739
74.0    0.141131642134
74.125    0.139638793193
74.25    0.160058461217
74.375    0.152876083098
74.5    0.139054181021
74.625    0.140087691826
74.75    0.139858022758
74.875    0.12867731496
75.0    0.13962835369
75.125    0.156989247312
75.25    0.129272366635
75.375    0.13732122351
75.5    0.138365173818
75.625    0.135650903017
75.75    0.139116818039
75.875    0.139680551206
76.0    0.139638793193
76.125    0.137070675436
76.25    0.137122872951
76.375    0.150234888819
76.5    0.157636496503
76.625    0.153585969308
76.75    0.151779935275
76.875    0.144420085604
77.0    0.155757385948
77.125    0.142384382503
77.25    0.141601419772
77.375    0.141392629711
77.5    0.130650381042
77.625    0.132696523645
77.75    0.138093746738
77.875    0.13894978599
78.0    0.139576156175
78.125    0.135379475937
78.25    0.13511848836
78.375    0.13688276438
78.5    0.141632738282
78.625    0.143678880885
78.75    0.141497024742
78.875    0.143104708216
79.0    0.132278943522
79.125    0.118832863556
79.25    0.135191564882
79.375    0.135181125378
79.5    0.149295333542
79.625    0.148470612799
79.75    0.150234888819
79.875    0.150349723353
80.0    0.135494310471
80.125    0.135264641403
80.25    0.135295959912
80.375    0.135682221526
80.5    0.144106900512
80.625    0.144952500261
80.75    0.133228938303
80.875    0.142833281136
81.0    0.1338970665
81.125    0.134105856561
81.25    0.139586595678
81.375    0.123843825034
81.5    0.126485019313
81.625    0.157239795386
81.75    0.14911786199
81.875    0.149733792671
82.0    0.143564046351
82.125    0.14128823468
82.25    0.140494832446
82.375    0.143856352438
82.5    0.136308591711
82.625    0.1366113373
82.75    0.1366113373
82.875    0.13688276438
83.0    0.142290426976
83.125    0.142227789957
83.25    0.142227789957
83.375    0.142227789957
83.5    0.150767303476
83.625    0.136319031214
83.75    0.140536590458
83.875    0.138751435432
84.0    0.135849253576
84.125    0.135744858545
84.25    0.136037164631
84.375    0.135723979539
84.5    0.132623447124
84.625    0.133416849358
84.75    0.133656957929
84.875    0.132633886627
85.0    0.134356404635
85.125    0.146414030692
85.25    0.146622820754
85.375    0.146894247834
85.5    0.135588265999
85.625    0.135369036434
85.75    0.138239899781
85.875    0.137561332081
86.0    0.148334899259
86.125    0.151111807078
86.25    0.117266938094
86.375    0.116943313498
86.5    0.157532101472
86.625    0.142791523124
86.75    0.149493684101
86.875    0.14827226224
87.0    0.133448167867
87.125    0.133573441904
87.25    0.151884330306
87.375    0.152228833908
87.5    0.150840379998
87.625    0.150568952918
87.75    0.149702474162
87.875    0.152500260988
88.0    0.129585551728
88.125    0.157448585447
88.25    0.149149180499
88.375    0.149284894039
88.5    0.153638166823
88.625    0.151936527821
88.75    0.152917841111
88.875    0.153231026203
89.0    0.137373421025
89.125    0.138229460278
89.25    0.13772836413
89.375    0.138594842885
89.5    0.149023906462
89.625    0.148230504228
89.75    0.138751435432
89.875    0.146591502244
90.0    0.146142603612
90.125    0.139461321641
90.25    0.138375613321
90.375    0.155371124334
90.5    0.141256916171
90.625    0.141684935797
90.75    0.141737133312
90.875    0.140870654557
91.0    0.140515711452
91.125    0.140411316421
91.25    0.139753627727
91.375    0.156258482096
91.5    0.129512475206
91.625    0.136183317674
91.75    0.136120680656
91.875    0.133072345756
92.0    0.140672303998
92.125    0.139262971083
92.25    0.139346487107
92.375    0.140599227477
92.5    0.155736506942
92.625    0.143574485854
92.75    0.144691512684
92.875    0.141768451822
93.0    0.138386052824
93.125    0.138104186241
93.25    0.138104186241
93.375    0.138104186241
93.5    0.142979434179
93.625    0.142979434179
93.75    0.142968994676
93.875    0.1403382399
94.0    0.149859066708
94.125    0.149859066708
94.25    0.150297525838
94.375    0.149420607579
94.5    0.139116818039
94.625    0.139294289592
94.75    0.13922121307
94.875    0.139158576052
95.0    0.138177262762
95.125    0.147280509448
95.25    0.132894874204
95.375    0.131955318927
95.5    0.141476145735
95.625    0.141497024742
95.75    0.138354734315
95.875    0.14074538052
96.0    0.136559139785
96.125    0.136538260779
96.25    0.138469568849
96.375    0.136266833699
96.5    0.144086021505
96.625    0.144430525107
96.75    0.137436058044
96.875    0.13732122351
97.0    0.140828896545
97.125    0.140828896545
97.25    0.140828896545
97.375    0.140828896545
97.5    0.137237707485
97.625    0.14925357553
97.75    0.137603090093
97.875    0.14925357553
98.0    0.135483870968
98.125    0.135974527612
98.25    0.136517381773
98.375    0.127936110241
98.5    0.138751435432
98.625    0.13867835891
98.75    0.138584403382
98.875    0.138699237916
99.0    0.142561854056
99.125    0.142478338031
99.25    0.142634930577
99.375    0.143177784737
99.5    0.148345338762
99.625    0.149378849567
99.75    0.158335943209
99.875    0.149806869193
100.0    0.139617914187
100.125    0.139732748721
100.25    0.139816264746
100.375    0.142885478651
100.5    0.136903643387
100.625    0.13691408289
100.75    0.137644848105
100.875    0.137634408602
101.0    0.136945401399
101.125    0.133281135818
101.25    0.131767407871
101.375    0.130775655079
101.5    0.139471761144
101.625    0.139774506733
101.75    0.140254723875
101.875    0.139826704249
102.0    0.139179455058
102.125    0.13949264015
102.25    0.138908027978
102.375    0.13786407767
102.5    0.138511326861
102.625    0.138511326861
102.75    0.136214636183
102.875    0.148533249817
103.0    0.139941538783
103.125    0.139847583255
103.25    0.155569474893
103.375    0.139910220274
103.5    0.135515189477
103.625    0.135348157428
103.75    0.137958033198
103.875    0.138072867731
104.0    0.131924000418
104.125    0.132404217559
104.25    0.13237289905
104.375    0.132247625013
104.5    0.138104186241
104.625    0.138177262762
104.75    0.137832759161
104.875    0.137895396179
105.0    0.149556321119
105.125    0.150234888819
105.25    0.150370602359
105.375    0.150642029439
105.5    0.137352542019
105.625    0.137289905001
105.75    0.138239899781
105.875    0.13759265059
106.0    0.117861989769
106.125    0.148094790688
106.25    0.147979956154
106.375    0.13101576365
106.5    0.140432195428
106.625    0.140828896545
106.75    0.139743188224
106.875    0.139534398163
107.0    0.133959703518
107.125    0.131809165884
107.25    0.140390437415
107.375    0.137884956676
107.5    0.152698611546
107.625    0.143292619271
107.75    0.142551414553
107.875    0.143543167345
108.0    0.141392629711
108.125    0.135494310471
108.25    0.135891011588
108.375    0.136214636183
108.5    0.151936527821
108.625    0.150694226955
108.75    0.151821693287
108.875    0.14115252114
109.0    0.138594842885
109.125    0.139878901764
109.25    0.149869506212
109.375    0.150318404844
109.5    0.138010230713
109.625    0.138594842885
109.75    0.138824511953
109.875    0.140526150955
110.0    0.143365695793
110.125    0.144388767095
110.25    0.150735984967
110.375    0.150735984967
110.5    0.141277795177
110.625    0.138427810836
110.75    0.138125065247
110.875    0.138125065247
111.0    0.141162960643
111.125    0.138051988725
111.25    0.137874517173
111.375    0.137832759161
111.5    0.134784424261
111.625    0.135327278422
111.75    0.137623969099
111.875    0.138657479904
112.0    0.148856874413
112.125    0.149326652051
112.25    0.141476145735
112.375    0.153450255768
112.5    0.143104708216
112.625    0.140995928594
112.75    0.140828896545
112.875    0.141183839649
113.0    0.140943731078
113.125    0.140985489091
113.25    0.140985489091
113.375    0.141048126109
113.5    0.149712913665
113.625    0.150735984967
113.75    0.151090928072
113.875    0.151738177263
114.0    0.140181647354
114.125    0.157960121098
114.25    0.144044263493
114.375    0.143209103247
114.5    0.135703100532
114.625    0.135703100532
114.75    0.139262971083
114.875    0.139398684623
115.0    0.138260778787
115.125    0.138260778787
115.25    0.138219020775
115.375    0.153940912413
115.5    0.15101785155
115.625    0.151257960121
115.75    0.151717298257
115.875    0.151717298257
116.0    0.138521766364
116.125    0.138459129345
116.25    0.141142081637
116.375    0.141215158158
116.5    0.145171729826
116.625    0.136548700282
116.75    0.151571145213
116.875    0.151571145213
117.0    0.141726693809
117.125    0.141298674183
117.25    0.141726693809
117.375    0.141768451822
117.5    0.13962835369
117.625    0.140661864495
117.75    0.140265163378
117.875    0.140588787974
118.0    0.143115147719
118.125    0.140286042384
118.25    0.123468002923
118.375    0.133249817309
118.5    0.13650694227
118.625    0.136663534816
118.75    0.136684413822
118.875    0.136673974319
119.0    0.140578348471
119.125    0.140954170581
119.25    0.140943731078
119.375    0.143115147719
120.0    0.140557469464
120.125    0.138354734315
120.25    0.120555381564
120.375    0.138876709469
120.5    0.148940390437
120.625    0.147833803111
120.75    0.14403382399
120.875    0.144534920138
121.0    0.147332706963
121.125    0.146487107214
121.25    0.146393151686
121.375    0.147604134043
121.5    0.139116818039
121.625    0.139231652573
121.75    0.138824511953
121.875    0.13989978077
122.0    0.146821171312
122.125    0.147082158889
122.25    0.147708529074
122.375    0.135222883391
122.5    0.140171207851
122.625    0.138824511953
122.75    0.139106378536
122.875    0.139461321641
123.0    0.144514041132
123.125    0.141945923374
123.25    0.141893725859
123.375    0.140150328844
123.5    0.143543167345
123.625    0.124042175592
123.75    0.140651424992
123.875    0.139920659777
124.0    0.140077252323
124.125    0.140077252323
124.25    0.140077252323
124.375    0.140296481887
124.5    0.155799143961
124.625    0.146549744232
124.75    0.146800292306
124.875    0.121641089884
125.0    0.131234993214
125.125    0.131391585761
125.25    0.131391585761
125.375    0.141079444618
125.5    0.140442634931
125.625    0.139774506733
125.75    0.13979538574
125.875    0.140254723875
126.0    0.127309740056
126.125    0.12796742875
126.25    0.144628875666
126.375    0.145088213801
126.5    0.150224449316
126.625    0.145704144483
126.75    0.14582941852
126.875    0.133030587744
127.0    0.124428437206
127.125    0.124689424783
127.25    0.124699864286
127.375    0.138156383756
127.5    0.138887148972
127.625    0.139148136549
127.75    0.139179455058
127.875    0.139179455058
128.0    0.137822319658
128.125    0.137801440651
128.25    0.139889341267
128.375    0.138312976302
128.5    0.14515085082
128.625    0.138312976302
128.75    0.138500887358
128.875    0.127121829001
129.0    0.147374464975
129.125    0.144179977033
129.25    0.141476145735
129.375    0.141611859275
129.5    0.135108048857
129.625    0.136193757177
129.75    0.139701430212
129.875    0.136632216307
130.0    0.126359745276
130.125    0.146163482618
130.25    0.146038208581
130.375    0.146414030692
130.5    0.13650694227
130.625    0.135984967116
130.75    0.136151999165
130.875    0.136151999165
131.0    0.138688798413
131.125    0.139242092076
131.25    0.139617914187
131.375    0.139179455058
131.5    0.139816264746
131.625    0.140359118906
131.75    0.140557469464
131.875    0.140734941017
132.0    0.140077252323
132.125    0.140119010335
132.25    0.140359118906
132.375    0.140327800397
132.5    0.137206388976
132.625    0.134961895814
132.75    0.134826182274
132.875    0.135588265999
133.0    0.13416849358
133.125    0.140891533563
133.25    0.142833281136
133.375    0.139597035181
133.5    0.140463513937
133.625    0.139565716672
133.75    0.139565716672
133.875    0.142895918154
134.0    0.1410168076
134.125    0.140766259526
134.25    0.157740891534
134.375    0.140755820023
134.5    0.143042071197
134.625    0.143271740265
134.75    0.144420085604
134.875    0.137770122142
135.0    0.130921808122
135.125    0.131203674705
135.25    0.154128823468
135.375    0.142979434179
135.5    0.138292097296
135.625    0.138615721892
135.75    0.138918467481
135.875    0.138448689842
136.0    0.142311305982
136.125    0.142530535547
136.25    0.140296481887
136.375    0.151800814281
136.5    0.139231652573
136.625    0.1396596722
136.75    0.139649232697
136.875    0.139826704249
137.0    0.135911890594
137.125    0.144566238647
137.25    0.135964088109
137.375    0.138928906984
137.5    0.135609145005
137.625    0.135817935066
137.75    0.137884956676
137.875    0.136402547239
138.0    0.139471761144
138.125    0.135786616557
138.25    0.13566134252
138.375    0.163200751644
138.5    0.139273410586
138.625    0.139565716672
138.75    0.137310784007
138.875    0.139565716672
139.0    0.138960225493
139.125    0.120263075478
139.25    0.130024010857
139.375    0.158899676375
139.5    0.125033928385
139.625    0.143793715419
139.75    0.13471134774
139.875    0.137509134565
140.0    0.141507464245
140.125    0.14196680238
140.25    0.140223405366
140.375    0.140181647354
140.5    0.136099801649
140.625    0.11688067648
140.75    0.123572397954
140.875    0.146278317152
141.0    0.146059087587
141.125    0.146163482618
141.25    0.144232174549
141.375    0.143699759891
141.5    0.139158576052
141.625    0.13952395866
141.75    0.139231652573
141.875    0.140212965863
142.0    0.144931621255
142.125    0.138490447855
142.25    0.138782753941
142.375    0.13881407245
142.5    0.138260778787
142.625    0.13881407245
142.75    0.139283850089
142.875    0.119866374361
143.0    0.129909176323
143.125    0.139555277169
143.25    0.141580540766
143.375    0.140098131329
143.5    0.141726693809
143.625    0.141674496294
143.75    0.142311305982
143.875    0.121014719699
144.0    0.125336673974
144.125    0.142332184988
144.25    0.13976406723
144.375    0.148188746216
144.5    0.136141559662
144.625    0.117757594738
144.75    0.118477920451
144.875    0.138239899781
145.0    0.15420189999
145.125    0.139189894561
145.25    0.139242092076
145.375    0.142718446602
145.5    0.144639315169
145.625    0.14484810523
145.75    0.146612381251
145.875    0.137289905001
146.0    0.141977241883
146.125    0.13993109928
146.25    0.139367366113
146.375    0.139419563629
146.5    0.138845390959
146.625    0.139001983506
146.75    0.138511326861
146.875    0.140348679403
147.0    0.146570623238
147.125    0.142353063994
147.25    0.143918989456
147.375    0.145098653304
147.5    0.128552040923
147.625    0.130086647876
147.75    0.130525107005
147.875    0.144086021505
148.0    0.138699237916
148.125    0.138908027978
148.25    0.139075060027
148.375    0.131610815325
148.5    0.141538782754
148.625    0.126422382295
148.75    0.149065664474
148.875    0.146320075164
149.0    0.140755820023
149.125    0.140860215054
149.25    0.131495980791
149.375    0.131454222779
149.5    0.143323937781
149.625    0.143449211818
149.75    0.143449211818
149.875    0.143522288339
150.0    0.14088109406
150.125    0.140818457041
150.25    0.140860215054
150.375    0.141403069214
150.5    0.146424470195
150.625    0.155183213279
150.75    0.133823989978
150.875    0.150819500992
151.0    0.134638271218
151.125    0.131892681908
151.25    0.132539931099
151.375    0.132383338553
151.5    0.133844868984
151.625    0.139847583255
151.75    0.141705814803
151.875    0.139941538783
152.0    0.128301492849
152.125    0.128886105021
152.25    0.127810836204
152.375    0.127675122664
152.5    0.134627831715
152.625    0.13416849358
152.75    0.133792671469
152.875    0.133792671469
153.0    0.134064098549
153.125    0.130671260048
153.25    0.130827852594
153.375    0.134450360163
153.5    0.126056999687
153.625    0.131318509239
153.75    0.129000939555
153.875    0.129230608623
154.0    0.14362668337
154.125    0.131370706754
154.25    0.131663012841
154.375    0.13552562898
154.5    0.124699864286
154.625    0.124585029753
154.75    0.126411942792
154.875    0.129042697568
155.0    0.136465184257
155.125    0.14335525629
155.25    0.13484706128
155.375    0.142154713436
155.5    0.146205240631
155.625    0.146142603612
155.75    0.14596513206
155.875    0.144075582002
156.0    0.146090406097
156.125    0.142217350454
156.25    0.135546507986
156.375    0.135891011588
156.5    0.132811358179
156.625    0.133124543272
156.75    0.132623447124
156.875    0.136151999165
157.0    0.14457667815
157.125    0.143793715419
157.25    0.124825138323
157.375    0.137091554442
157.5    0.132696523645
157.625    0.136183317674
157.75    0.136151999165
157.875    0.135024532832
158.0    0.12454327174
158.125    0.124344921182
158.25    0.12471030379
158.375    0.124595469256
158.5    0.144106900512
158.625    0.145986011066
158.75    0.137206388976
158.875    0.145025576783
159.0    0.12756028813
159.125    0.128520722414
159.25    0.128520722414
159.375    0.131537738804
159.5    0.144273932561
159.625    0.144315690573
159.75    0.143271740265
159.875    0.136590458294
160.0    0.144795907715
160.125    0.143918989456
160.25    0.144670633678
160.375    0.145474475415
160.5    0.136256394196
160.625    0.134794863764
160.75    0.1128823468
160.875    0.122883390751
161.0    0.130660820545
161.125    0.131683891847
161.25    0.131600375822
161.375    0.138125065247
161.5    0.139993736298
161.625    0.139993736298
161.75    0.139941538783
161.875    0.124083933605
162.0    0.132884434701
162.125    0.132550370602
162.25    0.132174548491
162.375    0.133155861781
162.5    0.154295855517
162.625    0.13704979643
162.75    0.137279465497
162.875    0.137122872951
163.0    0.145986011066
163.125    0.137070675436
163.25    0.137279465497
163.375    0.155026620733
163.5    0.146215680134
163.625    0.137394300031
163.75    0.150057417267
163.875    0.147176114417
164.0    0.13993109928
164.125    0.134554755194
164.25    0.134471239169
164.375    0.150683787452
164.5    0.150798621986
164.625    0.151675540244
164.75    0.170758951874
164.875    0.149399728573
165.0    0.135076730348
165.125    0.147009082368
165.25    0.142467898528
165.375    0.141121202631
165.5    0.136412986742
165.625    0.123165257334
165.75    0.12386470404
165.875    0.12386470404
166.0    0.129742144274
166.125    0.129522914709
166.25    0.120283954484
166.375    0.136945401399
166.5    0.134293767617
166.625    0.134105856561
166.75    0.131537738804
166.875    0.131631694331
167.0    0.150767303476
167.125    0.173817726276
167.25    0.154504645579
167.375    0.128416327383
167.5    0.138991544003
167.625    0.13925253158
167.75    0.13925253158
167.875    0.13925253158
168.0    0.120482305042
168.125    0.120231756968
168.25    0.156696941226
168.375    0.14060966698
168.5    0.157866165571
168.625    0.1416953753
168.75    0.141841528343
168.875    0.131266311724
169.0    0.134648710721
169.125    0.115742770644
169.25    0.117266938094
169.375    0.13057730452
169.5    0.122622403174
169.625    0.138667919407
169.75    0.136099801649
169.875    0.133375091346
170.0    0.134993214323
170.125    0.128364129867
170.25    0.127706441173
170.375    0.130639941539
170.5    0.134763545255
170.625    0.134930577305
170.75    0.135243762397
170.875    0.132435536068
171.0    0.120952082681
171.125    0.12152625535
171.25    0.122768556217
171.375    0.129919615826
171.5    0.142520096043
171.625    0.146434909698
171.75    0.143323937781
171.875    0.142791523124
172.0    0.142634930577
172.125    0.132988829732
172.25    0.13376135296
172.375    0.138918467481
172.5    0.133834429481
172.625    0.133615199916
172.75    0.135943209103
172.875    0.147029961374
173.0    0.128729512475
173.125    0.133928385009
173.25    0.138448689842
173.375    0.141883286356
173.5    0.127894352229
173.625    0.12786303372
173.75    0.128489403904
173.875    0.128614677941
174.0    0.136684413822
174.125    0.113675749034
174.25    0.115878484184
174.375    0.125587222048
174.5    0.124877335839
174.625    0.12535755298
174.75    0.125430629502
174.875    0.125493266521
175.0    0.137394300031
175.125    0.14843929429
175.25    0.139471761144
175.375    0.139398684623
175.5    0.137352542019
175.625    0.136517381773
175.75    0.126088318196
175.875    0.136183317674
176.0    0.142426140516
176.125    0.121181751749
176.25    0.127956989247
176.375    0.129230608623
176.5    0.139315168598
176.625    0.138302536799
176.75    0.138145944253
176.875    0.140181647354
177.0    0.140567908968
177.125    0.140724501514
177.25    0.128698193966
177.375    0.12867731496
177.5    0.12827017434
177.625    0.107631276751
177.75    0.141006368097
177.875    0.129961373839
178.0    0.143751957407
178.125    0.124741622299
178.25    0.144232174549
178.375    0.124919093851
178.5    0.128176218812
178.625    0.125816891116
178.75    0.135671782023
178.875    0.137352542019
179.0    0.119991648398
179.125    0.11976197933
179.25    0.145077774298
179.375    0.14142394822
180.0    0.14816786721
180.125    0.141747572816
180.25    0.14555799144
180.375    0.14498381877
180.5    0.122611963671
180.625    0.135640463514
180.75    0.135671782023
180.875    0.132226746007
181.0    0.121891637958
181.125    0.135003653826
181.25    0.137540453074
181.375    0.135462991962
181.5    0.142373943
181.625    0.144597557156
181.75    0.139450882138
181.875    0.13854264537
182.0    0.1403382399
182.125    0.133823989978
182.25    0.140484392943
182.375    0.133991022027
182.5    0.135442112955
182.625    0.142008560393
182.75    0.142593172565
182.875    0.142342624491
183.0    0.135348157428
183.125    0.136099801649
183.25    0.136966280405
183.375    0.137477816056
183.5    0.135577826495
183.625    0.139346487107
183.75    0.139158576052
183.875    0.146361833177
184.0    0.138020670216
184.125    0.144127779518
184.25    0.144148658524
184.375    0.135348157428
184.5    0.123133938825
184.625    0.124031736089
184.75    0.1244075582
184.875    0.124334481679
185.0    0.120524063055
185.125    0.130358074956
185.25    0.123541079445
185.375    0.125555903539
185.5    0.144075582002
185.625    0.130723457563
185.75    0.131047082159
185.875    0.134283328114
186.0    0.132832237186
186.125    0.133134982775
186.25    0.130086647876
186.375    0.134700908237
186.5    0.138981104499
186.625    0.148178306713
186.75    0.151257960121
186.875    0.138532205867
187.0    0.128144900303
187.125    0.137394300031
187.25    0.137884956676
187.375    0.137978912204
187.5    0.145714583986
187.625    0.147144795908
187.75    0.146351393674
187.875    0.143908549953
188.0    0.134533876187
188.125    0.114218603194
188.25    0.127184466019
188.375    0.131193235202
188.5    0.137926714688
188.625    0.140839336048
188.75    0.142029439399
188.875    0.148616765842
189.0    0.139711869715
189.125    0.13376135296
189.25    0.137279465497
189.375    0.13677836935
189.5    0.131224553711
189.625    0.152427184466
189.75    0.126933917946
189.875    0.127570727633
190.0    0.134199812089
190.125    0.137550892578
190.25    0.149681595156
190.375    0.119960329888
190.5    0.131579496816
190.625    0.132613007621
190.75    0.129199290114
190.875    0.122611963671
191.0    0.124752061802
191.125    0.134502557678
191.25    0.134648710721
191.375    0.137028917424
191.5    0.143470090824
191.625    0.142436580019
191.75    0.154640359119
191.875    0.136423426245
192.0    0.136872324877
192.125    0.140995928594
192.25    0.137811880155
192.375    0.136726171834
192.5    0.138459129345
192.625    0.136037164631
192.75    0.151811253784
192.875    0.159620002088
193.0    0.127602046143
193.125    0.131036642656
193.25    0.132080592964
193.375    0.133636078923
193.5    0.134095417058
193.625    0.132686084142
193.75    0.132153669485
193.875    0.132425096565
194.0    0.13688276438
194.125    0.134920137801
194.25    0.136903643387
194.375    0.124397118697
194.5    0.150777742979
194.625    0.139116818039
194.75    0.140808017538
194.875    0.142875039148
195.0    0.137811880155
195.125    0.136987159411
195.25    0.146163482618
195.375    0.141747572816
195.5    0.125816891116
195.625    0.14291679716
195.75    0.135682221526
195.875    0.135817935066
196.0    0.129397640672
196.125    0.14335525629
196.25    0.142467898528
196.375    0.143240421756
196.5    0.130159724397
196.625    0.130358074956
196.75    0.131610815325
196.875    0.128572919929
197.0    0.10355987055
197.125    0.119574068274
197.25    0.128980060549
197.375    0.158502975258
197.5    0.136392107736
197.625    0.138480008352
197.75    0.142332184988
197.875    0.119344399207
198.0    0.140212965863
198.125    0.14020252636
198.25    0.140150328844
198.375    0.140150328844
198.5    0.134794863764
198.625    0.136392107736
198.75    0.137749243136
198.875    0.134878379789
199.0    0.136924522393
199.125    0.150579392421
199.25    0.134450360163
199.375    0.134011901034
199.5    0.130410272471
199.625    0.130994884643
199.75    0.129136653095
199.875    0.126432821798
200.0    0.132800918676
200.125    0.132884434701
200.25    0.129846539305
200.375    0.129950934336
200.5    0.136590458294
200.625    0.129710825765
200.75    0.129961373839
200.875    0.130337195949
201.0    0.138573963879
201.125    0.134220691095
201.25    0.156978807809
201.375    0.151331036643
201.5    0.126432821798
201.625    0.126276229252
201.75    0.126286668755
201.875    0.141747572816
202.0    0.135285520409
202.125    0.135588265999
202.25    0.138866269966
202.375    0.138970664996
202.5    0.130504227999
202.625    0.134523436684
202.75    0.137811880155
202.875    0.13840693183
203.0    0.135556947489
203.125    0.143365695793
203.25    0.137791001148
203.375    0.13691408289
203.5    0.118018582315
203.625    0.118728468525
203.75    0.119594947281
203.875    0.139231652573
204.0    0.125200960434
204.125    0.128760830984
204.25    0.132550370602
204.375    0.147270069945
204.5    0.137644848105
204.625    0.130733897067
204.75    0.153554650799
204.875    0.139116818039
205.0    0.129909176323
205.125    0.11098235724
205.25    0.124397118697
205.375    0.133959703518
205.5    0.112537843199
205.625    0.111222465811
205.75    0.11589936319
205.875    0.128583359432
206.0    0.127936110241
206.125    0.151028291053
206.25    0.13264432613
206.375    0.134252009604
206.5    0.128092702787
206.625    0.129324564151
206.75    0.135755298048
206.875    0.148658523854
207.0    0.124992170373
207.125    0.135640463514
207.25    0.125545464036
207.375    0.134533876187
207.5    0.135995406619
207.625    0.126975675958
207.75    0.107913143334
207.875    0.126808643909
208.0    0.129136653095
208.125    0.132435536068
208.25    0.132821797682
208.375    0.133093224763
208.5    0.138292097296
208.625    0.137644848105
208.75    0.125096565403
208.875    0.163555694749
209.0    0.140567908968
209.125    0.132706963149
209.25    0.126662490865
209.375    0.128186658315
209.5    0.139805825243
209.625    0.135483870968
209.75    0.137634408602
209.875    0.139012423009
210.0    0.130368514459
210.125    0.129658628249
210.25    0.132310262032
210.375    0.133876187493
210.5    0.113801023071
210.625    0.113884539096
210.75    0.113947176114
210.875    0.115043323938
211.0    0.136715732331
211.125    0.148376657271
211.25    0.13840693183
211.375    0.137843198664
211.5    0.128572919929
211.625    0.131370706754
211.75    0.131339388245
211.875    0.128781709991
212.0    0.136580018791
212.125    0.130107526882
212.25    0.131005324147
212.375    0.133698715941
212.5    0.145171729826
212.625    0.139064620524
212.75    0.139419563629
212.875    0.140442634931
213.0    0.138939346487
213.125    0.132393778056
213.25    0.142927236664
213.375    0.133302014824
213.5    0.132070153461
213.625    0.131976197933
213.75    0.132435536068
213.875    0.130337195949
214.0    0.130399832968
214.125    0.130462469986
214.25    0.130180603403
214.375    0.129669067752
214.5    0.126599853847
214.625    0.126693809375
214.75    0.126693809375
214.875    0.126975675958
215.0    0.131871802902
215.125    0.131924000418
215.25    0.120294393987
215.375    0.122966906775
215.5    0.125493266521
215.625    0.127466332603
215.75    0.14321954275
215.875    0.13976406723
216.0    0.153502453283
216.125    0.154087065456
216.25    0.154274976511
216.375    0.128082263284
216.5    0.138302536799
216.625    0.144221735045
216.75    0.141664056791
216.875    0.141799770331
217.0    0.13989978077
217.125    0.14020252636
217.25    0.13115147719
217.375    0.140160768347
217.5    0.130504227999
217.625    0.132894874204
217.75    0.132873995198
217.875    0.131652573338
218.0    0.128980060549
218.125    0.135546507986
218.25    0.135410794446
218.375    0.135765737551
218.5    0.123791627519
218.625    0.136820127362
218.75    0.160726589414
218.875    0.160726589414
219.0    0.136058043637
219.125    0.136600897797
219.25    0.136350349723
219.375    0.135891011588
219.5    0.130827852594
219.625    0.130775655079
219.75    0.140567908968
219.875    0.134419041654
220.0    0.122350976094
220.125    0.131245432717
220.25    0.13060862303
220.375    0.131725649859
220.5    0.134951456311
220.625    0.136997598914
220.75    0.128562480426
220.875    0.128896544524
221.0    0.140265163378
221.125    0.13718550997
221.25    0.124115252114
221.375    0.13416849358
221.5    0.122820753732
221.625    0.132853116192
221.75    0.133134982775
221.875    0.134419041654
222.0    0.145954692557
222.125    0.160288130285
222.25    0.143731078401
222.375    0.160966697985
222.5    0.142154713436
222.625    0.142499217037
222.75    0.124585029753
222.875    0.141329992692
223.0    0.140985489091
223.125    0.140901973066
223.25    0.141027247103
223.375    0.141319553189
223.5    0.136830566865
223.625    0.139638793193
223.75    0.138605282389
223.875    0.132665205136
224.0    0.138250339284
224.125    0.136214636183
224.25    0.135160246372
224.375    0.136016285625
224.5    0.136433865748
224.625    0.136736611337
224.75    0.13362563942
224.875    0.134492118175
225.0    0.126276229252
225.125    0.124365800188
225.25    0.153638166823
225.375    0.130953126631
225.5    0.134419041654
225.625    0.134262449107
225.75    0.117841110763
225.875    0.126380624282
226.0    0.136496502766
226.125    0.139461321641
226.25    0.137582211087
226.375    0.137582211087
226.5    0.135149806869
226.625    0.13498277482
226.75    0.135515189477
226.875    0.171500156593
227.0    0.135567386992
227.125    0.135671782023
227.25    0.135233322894
227.375    0.135953648606
227.5    0.132184987995
227.625    0.132007516442
227.75    0.132654765633
227.875    0.144347009082
228.0    0.135233322894
228.125    0.135087169851
228.25    0.14128823468
228.375    0.135723979539
228.5    0.125232278944
228.625    0.125942165153
228.75    0.127080070989
228.875    0.136715732331
229.0    0.128510282911
229.125    0.144284372064
229.25    0.142864599645
229.375    0.143376135296
229.5    0.1416953753
229.625    0.142499217037
229.75    0.142864599645
229.875    0.13620419668
230.0    0.136559139785
230.125    0.136830566865
230.25    0.162167240839
230.375    0.144973379267
230.5    0.144148658524
230.625    0.143908549953
230.75    0.143971186972
230.875    0.140693183005
231.0    0.126297108258
231.125    0.127048752479
231.25    0.1288130285
231.375    0.141246476668
231.5    0.138918467481
231.625    0.138855830462
231.75    0.135776177054
231.875    0.116410898841
232.0    0.135431673452
232.125    0.135348157428
232.25    0.14223822946
232.375    0.143658001879
232.5    0.13373003445
232.625    0.13376135296
232.75    0.134272888611
232.875    0.128552040923
233.0    0.105564255141
233.125    0.105564255141
233.25    0.115502662073
233.375    0.116045516233
233.5    0.138584403382
233.625    0.136245954693
233.75    0.13637122873
233.875    0.121902077461
234.0    0.0947071719386
234.125    0.12030483349
234.25    0.121077356718
234.375    0.121578452866
234.5    0.125274036956
234.625    0.125169641925
234.75    0.125148762919
234.875    0.125148762919
235.0    0.1294915962
235.125    0.128729512475
235.25    0.129867418311
235.375    0.129648188746
235.5    0.135316838918
235.625    0.128572919929
235.75    0.11962626579
235.875    0.12867731496
236.0    0.131997076939
236.125    0.132665205136
236.25    0.132456415075
236.375    0.137362981522
236.5    0.129710825765
236.625    0.129679507255
236.75    0.130117966385
236.875    0.1301701639
237.0    0.12867731496
237.125    0.125284476459
237.25    0.128719072972
237.375    0.130201482409
237.5    0.137404739534
237.625    0.136966280405
237.75    0.138720116922
237.875    0.117548804677
238.0    0.146883808331
238.125    0.1583046247
238.25    0.13606848314
238.375    0.136245954693
238.5    0.128980060549
238.625    0.124731182796
238.75    0.125670738073
238.875    0.129982252845
239.0    0.136308591711
239.125    0.136987159411
239.25    0.137884956676
239.375    0.138981104499
240.0    0.137258586491
240.125    0.138375613321
240.25    0.128061384278
240.375    0.128071823781
240.5    0.141392629711
240.625    0.138782753941
240.75    0.140661864495
240.875    0.125347113477
241.0    0.127267982044
241.125    0.105251070049
241.25    0.0967950725546
241.375    0.114792775864
241.5    0.129752583777
241.625    0.12922016912
241.75    0.130326756446
241.875    0.132613007621
242.0    0.123217454849
242.125    0.126307547761
242.25    0.12674600689
242.375    0.129909176323
242.5    0.132425096565
242.625    0.133938824512
242.75    0.134022340537
242.875    0.129324564151
243.0    0.132800918676
243.125    0.133134982775
243.25    0.133302014824
243.375    0.129689946759
243.5    0.136872324877
243.625    0.120785050632
243.75    0.139095939033
243.875    0.129157532101
244.0    0.155381563838
244.125    0.156143647562
244.25    0.130201482409
244.375    0.133260256812
244.5    0.147405783485
244.625    0.152959599123
244.75    0.147426662491
244.875    0.147531057522
245.0    0.129428959182
245.125    0.155746946445
245.25    0.138198141768
245.375    0.138908027978
245.5    0.142822841633
245.625    0.125942165153
245.75    0.12674600689
245.875    0.126892159933
246.0    0.129846539305
246.125    0.130201482409
246.25    0.132017955945
246.375    0.132519052093
246.5    0.127602046143
246.625    0.140494832446
246.75    0.134158054077
246.875    0.121348783798
247.0    0.129053137071
247.125    0.125921286147
247.25    0.129418519678
247.375    0.130378953962
247.5    0.120680655601
247.625    0.145098653304
247.75    0.132675644639
247.875    0.14857500783
248.0    0.133740473953
248.125    0.153168389185
248.25    0.134158054077
248.375    0.140682743501
248.5    0.142937676167
248.625    0.131078400668
248.75    0.144242614052
248.875    0.142603612068
249.0    0.14074538052
249.125    0.134398162647
249.25    0.134680029231
249.375    0.135108048857
249.5    0.13332289383
249.625    0.130838292097
249.75    0.130911368619
249.875    0.140578348471
250.0    0.132205867001
250.125    0.13278003967
250.25    0.124647666771
250.375    0.129178411108
250.5    0.140160768347
250.625    0.139972857292
250.75    0.140536590458
250.875    0.139461321641
251.0    0.140954170581
251.125    0.139816264746
251.25    0.144159098027
251.375    0.144232174549
251.5    0.137310784007
251.625    0.12139054181
251.75    0.122674600689
251.875    0.128645996451
252.0    0.142311305982
252.125    0.140599227477
252.25    0.141319553189
252.375    0.141267355674
252.5    0.138803632947
252.625    0.122580645161
252.75    0.150036538261
252.875    0.139419563629
253.0    0.131850923896
253.125    0.132665205136
253.25    0.129188850611
253.375    0.132623447124
253.5    0.129867418311
253.625    0.13003445036
253.75    0.13003445036
253.875    0.13993109928
254.0    0.13664265581
254.125    0.137008038417
254.25    0.134450360163
254.375    0.134450360163
254.5    0.140453074434
254.625    0.117058148032
254.75    0.123499321432
254.875    0.155684309427
255.0    0.141549222257
255.125    0.140818457041
255.25    0.140390437415
255.375    0.140139889341
255.5    0.144096461008
255.625    0.159766155131
255.75    0.148721160873
255.875    0.137122872951
256.0    0.145714583986
256.125    0.145505793924
256.25    0.1454222779
256.375    0.13993109928
256.5    0.133291575321
256.625    0.132665205136
256.75    0.133688276438
256.875    0.134064098549
257.0    0.119198246163
257.125    0.1223718551
257.25    0.128416327383
257.375    0.154817830671
257.5    0.128071823781
257.625    0.127748199186
257.75    0.12922016912
257.875    0.12552458503
258.0    0.136266833699
258.125    0.129669067752
258.25    0.129877857814
258.375    0.127539409124
258.5    0.126599853847
258.625    0.126944357449
258.75    0.12759160664
258.875    0.12772732018
259.0    0.133103664266
259.125    0.123280091868
259.25    0.130754776073
259.375    0.122403173609
259.5    0.138887148972
259.625    0.138062428228
259.75    0.135452552459
259.875    0.135995406619
260.0    0.149577200125
260.125    0.145317882869
260.25    0.12827017434
260.375    0.131443783276
260.5    0.147009082368
260.625    0.136120680656
260.75    0.134867940286
260.875    0.134972335317
261.0    0.134492118175
261.125    0.134481678672
261.25    0.122789435223
261.375    0.125107004907
261.5    0.136621776803
261.625    0.136621776803
261.75    0.135828374569
261.875    0.133521244389
262.0    0.12783171521
262.125    0.127080070989
262.25    0.143261300762
262.375    0.130953126631
262.5    0.12210042802
262.625    0.113237289905
262.75    0.130222361416
262.875    0.130201482409
263.0    0.136527821276
263.125    0.136600897797
263.25    0.117381772628
263.375    0.130253679925
263.5    0.132247625013
263.625    0.132362459547
263.75    0.133197619793
263.875    0.133166301284
264.0    0.142300866479
264.125    0.12922016912
264.25    0.136590458294
264.375    0.131767407871
264.5    0.127518530118
264.625    0.127351498069
264.75    0.142614051571
264.875    0.125472387514
265.0    0.125127883913
265.125    0.125002609876
265.25    0.14772940808
265.375    0.132414657062
265.5    0.13030587744
265.625    0.131527299301
265.75    0.13057730452
265.875    0.131579496816
266.0    0.148522810314
266.125    0.145818979017
266.25    0.139430003132
266.375    0.139743188224
266.5    0.139784946237
266.625    0.136548700282
266.75    0.129303685145
266.875    0.13362563942
267.0    0.156467272158
267.125    0.139972857292
267.25    0.125952604656
267.375    0.126589414344
267.5    0.131099279674
267.625    0.131047082159
267.75    0.131109719177
267.875    0.133803110972
268.0    0.133427288861
268.125    0.132017955945
268.25    0.16091450047
268.375    0.136966280405
268.5    0.124083933605
268.625    0.124459755716
268.75    0.113132894874
268.875    0.124564150746
269.0    0.143741517904
269.125    0.144179977033
269.25    0.144388767095
269.375    0.136621776803
269.5    0.128959181543
269.625    0.125702056582
269.75    0.149712913665
269.875    0.146434909698
270.0    0.146768973797
270.125    0.147019521871
270.25    0.14718655392
270.375    0.137477816056
270.5    0.135452552459
270.625    0.135452552459
270.75    0.13403278004
270.875    0.132174548491
271.0    0.13935692661
271.125    0.131349827748
271.25    0.130076208372
271.375    0.127299300553
271.5    0.134794863764
271.625    0.135045411838
271.75    0.135870132582
271.875    0.136110241153
272.0    0.147969516651
272.125    0.135128927863
272.25    0.115377388036
272.375    0.13088005011
272.5    0.143282179768
272.625    0.143918989456
272.75    0.157041444827
272.875    0.137717924627
273.0    0.139816264746
273.125    0.139784946237
273.25    0.139576156175
273.375    0.140453074434
273.5    0.136903643387
273.625    0.136214636183
273.75    0.1396596722
273.875    0.139972857292
274.0    0.13074433657
274.125    0.129303685145
274.25    0.128343250861
274.375    0.136016285625
274.5    0.129564672722
274.625    0.131454222779
274.75    0.133364651843
274.875    0.133949264015
275.0    0.126839962418
275.125    0.137676166614
275.25    0.116807599958
275.375    0.123969099071
275.5    0.126829522915
275.625    0.120555381564
275.75    0.13060862303
275.875    0.136705292828
276.0    0.126182273724
276.125    0.126182273724
276.25    0.132028395448
276.375    0.132686084142
276.5    0.123123499321
276.625    0.130838292097
276.75    0.131203674705
276.875    0.131172356196
277.0    0.138177262762
277.125    0.150172251801
277.25    0.13715419146
277.375    0.130942687128
277.5    0.13691408289
277.625    0.130535546508
277.75    0.13030587744
277.875    0.130932247625
278.0    0.117726276229
278.125    0.117851550266
278.25    0.127549848627
278.375    0.127622925149
278.5    0.128040505272
278.625    0.127988307757
278.75    0.127925670738
278.875    0.124125691617
279.0    0.134408602151
279.125    0.132247625013
279.25    0.116431777847
279.375    0.116285624804
279.5    0.128583359432
279.625    0.132435536068
279.75    0.13101576365
279.875    0.134011901034
280.0    0.13538991544
280.125    0.131569057313
280.25    0.131245432717
280.375    0.131569057313
280.5    0.134220691095
280.625    0.133907506003
280.75    0.134565194697
280.875    0.13772836413
281.0    0.132038834951
281.125    0.131882242405
281.25    0.132414657062
281.375    0.132654765633
281.5    0.13691408289
281.625    0.136767929847
281.75    0.136799248356
281.875    0.13633991022
282.0    0.134867940286
282.125    0.134867940286
282.25    0.138292097296
282.375    0.15844033824
282.5    0.1301701639
282.625    0.129982252845
282.75    0.132717402652
282.875    0.122476250131
283.0    0.140077252323
283.125    0.137175070467
283.25    0.133855308487
283.375    0.133583881407
283.5    0.13345860737
283.625    0.134189372586
283.75    0.113832341581
283.875    0.13484706128
284.0    0.125075686397
284.125    0.134857500783
284.25    0.132143229982
284.375    0.123039983297
284.5    0.131683891847
284.625    0.13030587744
284.75    0.130337195949
284.875    0.123415805408
285.0    0.138010230713
285.125    0.137738803633
285.25    0.138010230713
285.375    0.141413508717
285.5    0.131318509239
285.625    0.131266311724
285.75    0.134565194697
285.875    0.134565194697
286.0    0.141006368097
286.125    0.134105856561
286.25    0.134617392212
286.375    0.135160246372
286.5    0.145234366844
286.625    0.145401398893
286.75    0.145401398893
286.875    0.148470612799
287.0    0.143793715419
287.125    0.137331663013
287.25    0.131412464767
287.375    0.131527299301
287.5    0.122079549013
287.625    0.121996032989
287.75    0.122768556217
287.875    0.144639315169
288.0    0.134659150224
288.125    0.134909698298
288.25    0.135619584508
288.375    0.135619584508
288.5    0.134826182274
288.625    0.135327278422
288.75    0.135536068483
288.875    0.135431673452
289.0    0.126015241675
289.125    0.125837770122
289.25    0.125806451613
289.375    0.126401503288
289.5    0.124939972857
289.625    0.1250861259
289.75    0.125994362668
289.875    0.126485019313
290.0    0.122632842677
290.125    0.119010335108
290.25    0.120002087901
290.375    0.122309218081
290.5    0.124501513728
290.625    0.150840379998
290.75    0.124762501305
290.875    0.125023488882
291.0    0.135567386992
291.125    0.135567386992
291.25    0.135567386992
291.375    0.136600897797
291.5    0.120315272993
291.625    0.120430107527
291.75    0.120952082681
291.875    0.121327904792
292.0    0.141444827226
292.125    0.138490447855
292.25    0.141632738282
292.375    0.141632738282
292.5    0.134920137801
292.625    0.134961895814
292.75    0.13373003445
292.875    0.134105856561
293.0    0.124877335839
293.125    0.12250756864
293.25    0.147656331559
293.375    0.147687650068
293.5    0.135536068483
293.625    0.135410794446
293.75    0.134199812089
293.875    0.136433865748
294.0    0.126056999687
294.125    0.126056999687
294.25    0.126056999687
294.375    0.126422382295
294.5    0.124658106274
294.625    0.124511953231
294.75    0.124511953231
294.875    0.124971291367
295.0    0.136037164631
295.125    0.136058043637
295.25    0.136131120159
295.375    0.136110241153
295.5    0.142760204614
295.625    0.140212965863
295.75    0.140212965863
295.875    0.136538260779
296.0    0.140233844869
296.125    0.104060966698
296.25    0.146497546717
296.375    0.159901868671
296.5    0.125639419564
296.625    0.163952395866
296.75    0.138104186241
296.875    0.125837770122
297.0    0.12084768765
297.125    0.121411420816
297.25    0.140703622508
297.375    0.140755820023
297.5    0.126944357449
297.625    0.127038312976
297.75    0.126547656332
297.875    0.127278421547
298.0    0.129940494832
298.125    0.148752479382
298.25    0.142112955423
298.375    0.129324564151
298.5    0.138605282389
298.625    0.138657479904
298.75    0.137947593695
298.875    0.138302536799
299.0    0.105136235515
299.125    0.127800396701
299.25    0.143584925358
299.375    0.133813550475
