0.0    0.212556399252
0.125    0.22779795312
0.25    0.227302740178
0.375    0.227266057738
0.5    0.227431128719
0.625    0.227137669198
0.75    0.225450276952
0.875    0.226752503577
1.0    0.228109753861
1.125    0.231686291772
1.25    0.231557903232
1.375    0.231667950552
1.5    0.230494112468
1.625    0.226165584535
1.75    0.226018854774
1.875    0.222460658083
2.0    0.227669564579
2.125    0.227687905799
2.25    0.22798136532
2.375    0.22781629434
2.5    0.22790800044
2.625    0.227357763838
2.75    0.227357763838
2.875    0.228384872162
3.0    0.226293973075
3.125    0.226367337955
3.25    0.226605773816
3.375    0.230695865889
3.5    0.228641649242
3.625    0.231191078831
3.75    0.219856204835
3.875    0.225266864752
4.0    0.22154359708
4.125    0.225670371593
4.25    0.225670371593
4.375    0.232786764976
4.5    0.227009280657
4.625    0.227009280657
4.75    0.227504493599
4.875    0.232199845934
5.0    0.229063497304
5.125    0.228366530942
5.25    0.228366530942
5.375    0.228219801181
5.5    0.226440702836
5.625    0.232053116173
5.75    0.232016433733
5.875    0.232016433733
6.0    0.224203073988
6.125    0.224276438869
6.25    0.223139283225
6.375    0.224478192289
6.5    0.227431128719
6.625    0.226697479916
6.75    0.226697479916
6.875    0.226697479916
7.0    0.223047577125
7.125    0.223432742746
7.25    0.223432742746
7.375    0.2277796119
7.5    0.232163163494
7.625    0.228018047761
7.75    0.228018047761
7.875    0.232346575694
8.0    0.229980558307
8.125    0.228898426323
8.25    0.228751696563
8.375    0.229265250724
8.5    0.226220608195
8.625    0.225963831114
8.75    0.226770844797
8.875    0.223102600785
9.0    0.22460658083
9.125    0.216041231063
9.25    0.216041231063
9.375    0.216041231063
9.5    0.228329848502
9.625    0.228329848502
9.75    0.228036388981
9.875    0.228238142401
10.0    0.225670371593
10.125    0.225688712813
10.25    0.225597006713
10.375    0.225358570852
10.5    0.2277796119
10.625    0.228146436301
10.75    0.228513260702
10.875    0.228513260702
11.0    0.22772458824
11.125    0.21842558967
11.25    0.220626536077
11.375    0.220846630718
11.5    0.233281977917
11.625    0.23425406258
11.75    0.232419940574
11.875    0.228439895822
12.0    0.229742122446
12.125    0.212813176332
12.25    0.225413594512
12.375    0.232309893254
12.5    0.228568284362
12.625    0.229613733906
12.75    0.228293166061
12.875    0.230145629287
13.0    0.222038810022
13.125    0.21829720113
13.25    0.225468618172
13.375    0.225431935732
13.5    0.231227761271
13.625    0.229448662925
13.75    0.222148857342
13.875    0.222148857342
14.0    0.225395253292
14.125    0.225395253292
14.25    0.225193499872
14.375    0.224955064011
14.5    0.230530794908
14.625    0.230310700268
14.75    0.230750889549
14.875    0.230530794908
15.0    0.229026814864
15.125    0.227229375298
15.25    0.22783463556
15.375    0.228128095081
15.5    0.223359377866
15.625    0.223359377866
15.75    0.223249330545
15.875    0.223652837387
16.0    0.230255676608
16.125    0.230255676608
16.25    0.230255676608
16.375    0.230750889549
16.5    0.222900847364
16.625    0.222900847364
16.75    0.223010894685
16.875    0.224349803749
17.0    0.225175158652
17.125    0.222185539782
17.25    0.22471662815
17.375    0.233410366458
17.5    0.219929569715
17.625    0.220369758996
17.75    0.223194306885
17.875    0.223194306885
18.0    0.224496533509
18.125    0.224441509849
18.25    0.223432742746
18.375    0.224918381571
18.5    0.221305161219
18.625    0.221305161219
18.75    0.221305161219
18.875    0.222057151242
19.0    0.225982172334
19.125    0.233795532079
19.25    0.213528483915
19.375    0.213473460255
19.5    0.222093833682
19.625    0.222093833682
19.75    0.222203881002
19.875    0.222203881002
20.0    0.22462492205
20.125    0.225083452551
20.25    0.222478999303
20.375    0.222478999303
20.5    0.232860129856
20.625    0.215986207403
20.75    0.216077913503
20.875    0.224056344228
21.0    0.224184732768
21.125    0.21189611533
21.25    0.212262939731
21.375    0.213143318294
21.5    0.224404827409
21.625    0.224404827409
21.75    0.234584204541
21.875    0.220919995598
22.0    0.223396060306
22.125    0.221782032941
22.25    0.22770624702
22.375    0.222148857342
22.5    0.225358570852
22.625    0.225285205972
22.75    0.225285205972
22.875    0.225285205972
23.0    0.225248523532
23.125    0.225248523532
23.25    0.225248523532
23.375    0.225101793771
23.5    0.226807527237
23.625    0.226147243315
23.75    0.225413594512
23.875    0.225688712813
24.0    0.224313121309
24.125    0.225652030373
24.25    0.226587432596
24.375    0.226293973075
24.5    0.224038003008
24.625    0.224991746451
24.75    0.217013315726
24.875    0.217233410366
25.0    0.221323502439
25.125    0.22148857342
25.25    0.221323502439
25.375    0.221268478779
25.5    0.217526869887
25.625    0.217526869887
25.75    0.217655258428
25.875    0.225523641833
26.0    0.222515681743
26.125    0.222442316863
26.25    0.22159862074
26.375    0.217728623308
26.5    0.222277245882
26.625    0.222735776384
26.75    0.223872932027
26.875    0.222735776384
27.0    0.226275631855
27.125    0.227100986758
27.25    0.227266057738
27.375    0.227009280657
27.5    0.220057958255
27.625    0.219379333113
27.75    0.219379333113
27.875    0.219379333113
28.0    0.222900847364
28.125    0.218829096511
28.25    0.218829096511
28.375    0.220681559737
28.5    0.22158027952
28.625    0.222093833682
28.75    0.217545211107
28.875    0.218095447709
29.0    0.226697479916
29.125    0.22469828693
29.25    0.223689519827
29.375    0.223946296908
29.5    0.225175158652
29.625    0.2214702322
29.75    0.222258904662
29.875    0.223817908367
30.0    0.21532592348
30.125    0.212721470232
30.25    0.224404827409
30.375    0.225395253292
30.5    0.226110560875
30.625    0.221855397821
30.75    0.22799970654
30.875    0.2153442647
31.0    0.220901654378
31.125    0.220754924618
31.25    0.218077106489
31.375    0.220443123877
31.5    0.223579472507
31.625    0.223414401526
31.75    0.226000513554
31.875    0.222919188584
32.0    0.225413594512
32.125    0.225486959393
32.25    0.219727816294
32.375    0.21530758226
32.5    0.218884120172
32.625    0.220259711676
32.75    0.220149664356
32.875    0.220259711676
33.0    0.223872932027
33.125    0.224166391548
33.25    0.216499761564
33.375    0.216499761564
33.5    0.217728623308
33.625    0.217728623308
33.75    0.217948717949
33.875    0.225890466234
34.0    0.230567477349
34.125    0.214463886138
34.25    0.217857011848
34.375    0.21844393089
34.5    0.222075492462
34.625    0.225266864752
34.75    0.225266864752
34.875    0.22453321595
35.0    0.221855397821
35.125    0.221837056601
35.25    0.22792634166
35.375    0.228293166061
35.5    0.219966252155
35.625    0.219966252155
35.75    0.220002934595
35.875    0.220223029236
36.0    0.223010894685
36.125    0.22150691464
36.25    0.222148857342
36.375    0.222387293203
36.5    0.223671178607
36.625    0.222845823704
36.75    0.227504493599
36.875    0.225230182312
37.0    0.21824217747
37.125    0.221763691721
37.25    0.222130516122
37.375    0.218609001871
37.5    0.213821943436
37.625    0.220828289498
37.75    0.223561131286
37.875    0.223377719086
38.0    0.222057151242
38.125    0.222497340523
38.25    0.222497340523
38.375    0.222497340523
38.5    0.226110560875
38.625    0.221855397821
38.75    0.222717435164
38.875    0.222937529804
39.0    0.223542790066
39.125    0.223157624445
39.25    0.22453321595
39.375    0.224349803749
39.5    0.217288434027
39.625    0.217288434027
39.75    0.217985400389
39.875    0.218774072851
40.0    0.223744543487
40.125    0.223744543487
40.25    0.223744543487
40.375    0.223817908367
40.5    0.214794028099
40.625    0.21844393089
40.75    0.230604159789
40.875    0.227449469939
41.0    0.220846630718
41.125    0.220846630718
41.25    0.220846630718
41.375    0.220846630718
41.5    0.223157624445
41.625    0.218627343091
41.75    0.22141520854
41.875    0.22159862074
42.0    0.221231796339
42.125    0.222827482484
42.25    0.221176772679
42.375    0.221195113899
42.5    0.219030849932
42.625    0.217710282088
42.75    0.217710282088
42.875    0.217710282088
43.0    0.228109753861
43.125    0.224423168629
43.25    0.224459851069
43.375    0.224459851069
43.5    0.221121749019
43.625    0.229540369025
43.75    0.225835442574
43.875    0.220736583398
44.0    0.221947103921
44.125    0.222222222222
44.25    0.222112174902
44.375    0.227174351638
44.5    0.216664832545
44.625    0.215582700561
44.75    0.215582700561
44.875    0.220057958255
45.0    0.219984593375
45.125    0.219984593375
45.25    0.220571512417
45.375    0.220589853637
45.5    0.219489380434
45.625    0.232309893254
45.75    0.219672792634
45.875    0.219672792634
46.0    0.220516488757
46.125    0.223102600785
46.25    0.223322695426
46.375    0.225120134991
46.5    0.220131323136
46.625    0.220131323136
46.75    0.218957485052
46.875    0.219049191152
47.0    0.220938336818
47.125    0.220002934595
47.25    0.220204688016
47.375    0.220021275815
47.5    0.225083452551
47.625    0.225083452551
47.75    0.226147243315
47.875    0.226238949415
48.0    0.218939143832
48.125    0.219397674333
48.25    0.220131323136
48.375    0.215729430322
48.5    0.229210227064
48.625    0.229503686585
48.75    0.221030042918
48.875    0.221176772679
49.0    0.218975826272
49.125    0.219067532372
49.25    0.220571512417
49.375    0.220571512417
49.5    0.216976633286
49.625    0.216976633286
49.75    0.216976633286
49.875    0.216774879865
50.0    0.216793221085
50.125    0.217930376729
50.25    0.217930376729
50.375    0.218168812589
50.5    0.225560324273
50.625    0.220864971938
50.75    0.220864971938
50.875    0.220516488757
51.0    0.219746157514
51.125    0.219746157514
51.25    0.219746157514
51.375    0.219819522395
51.5    0.219764498734
51.625    0.216316349364
51.75    0.216664832545
51.875    0.216664832545
52.0    0.220424782657
52.125    0.220002934595
52.25    0.220699900957
52.375    0.220699900957
52.5    0.219764498734
52.625    0.222497340523
52.75    0.218865778952
52.875    0.222900847364
53.0    0.227669564579
53.125    0.22792634166
53.25    0.212593081692
53.375    0.224936722791
53.5    0.221323502439
53.625    0.221323502439
53.75    0.221323502439
53.875    0.220388100216
54.0    0.217435163787
54.125    0.217343457687
54.25    0.217306775247
54.375    0.218792414071
54.5    0.211034077987
54.625    0.211492608488
54.75    0.211492608488
54.875    0.215986207403
55.0    0.219305968233
55.125    0.219305968233
55.25    0.219801181175
55.375    0.219837863615
55.5    0.217581893548
55.625    0.21829720113
55.75    0.217912035509
55.875    0.217930376729
56.0    0.216573126444
56.125    0.216554785224
56.25    0.216573126444
56.375    0.220094640695
56.5    0.210410476505
56.625    0.219159238473
56.75    0.21206118631
56.875    0.212501375591
57.0    0.217160045486
57.125    0.217160045486
57.25    0.214170426617
57.375    0.216866585965
57.5    0.216738197425
57.625    0.212849858773
57.75    0.217728623308
57.875    0.217710282088
58.0    0.201826785518
58.125    0.214372180037
58.25    0.209933604783
58.375    0.216719856205
58.5    0.212281280951
58.625    0.212923223653
58.75    0.21202450387
58.875    0.217398481347
59.0    0.212556399252
59.125    0.212519716812
59.25    0.212226257291
59.375    0.212336304611
59.5    0.215380947141
59.625    0.212703129012
59.75    0.214518909798
59.875    0.21521587616
60.0    0.213014929753
60.125    0.214995781519
60.25    0.213436777814
60.375    0.209786875023
60.5    0.208337918638
60.625    0.204082755585
60.75    0.217123363046
60.875    0.214243791497
61.0    0.207567587396
61.125    0.205329958549
61.25    0.205329958549
61.375    0.217912035509
61.5    0.223542790066
61.625    0.208172847658
61.75    0.20879644914
61.875    0.20879644914
62.0    0.211841091669
62.125    0.211712703129
62.25    0.214518909798
62.375    0.211565973369
62.5    0.210245405524
62.625    0.210813983346
62.75    0.211712703129
62.875    0.211712703129
63.0    0.208172847658
63.125    0.20877810792
63.25    0.206999009574
63.375    0.207109056894
63.5    0.196929679762
63.625    0.202230292359
63.75    0.209988628444
63.875    0.214427203698
64.0    0.210924030667
64.125    0.213546825135
64.25    0.213565166355
64.375    0.217838670628
64.5    0.207732658376
64.625    0.208337918638
64.75    0.209181614761
64.875    0.208172847658
65.0    0.216151278383
65.125    0.216298008143
65.25    0.213161659514
65.375    0.213161659514
65.5    0.198341953707
65.625    0.198323612487
65.75    0.198323612487
65.875    0.198470342247
66.0    0.208246212538
66.125    0.208209530098
66.25    0.207494222516
66.375    0.207530904956
66.5    0.199625839111
66.625    0.202853893841
66.75    0.210245405524
66.875    0.201221525256
67.0    0.210080334544
67.125    0.210355452845
67.25    0.214628957118
67.375    0.214170426617
67.5    0.222552364183
67.625    0.203275741902
67.75    0.205366640989
67.875    0.200249440593
68.0    0.216463079124
68.125    0.212758152672
68.25    0.208356259858
68.375    0.213051612193
68.5    0.21528924104
68.625    0.202817211401
68.75    0.204412897546
68.875    0.200267781813
69.0    0.213216683174
69.125    0.20888815524
69.25    0.205128205128
69.375    0.200726312314
69.5    0.204486262426
69.625    0.204486262426
69.75    0.202945599941
69.875    0.213601848795
70.0    0.21213455119
70.125    0.214262132717
70.25    0.214262132717
70.375    0.214555592238
70.5    0.208136165218
70.625    0.220259711676
70.75    0.214500568578
70.875    0.219324309453
71.0    0.21187777411
71.125    0.198617072008
71.25    0.198617072008
71.375    0.197828399545
71.5    0.208374601078
71.625    0.20901654378
71.75    0.20886981402
71.875    0.209218297201
72.0    0.199534133011
72.125    0.221140090239
72.25    0.22141520854
72.375    0.198305271267
72.5    0.205293276109
72.625    0.211474267268
72.75    0.216408055464
72.875    0.216921609625
73.0    0.211180807747
73.125    0.207659293496
73.25    0.206118631011
73.375    0.207861046917
73.5    0.205238252449
73.625    0.210905689446
73.75    0.210924030667
73.875    0.201148160376
74.0    0.210593888705
74.125    0.204559627306
74.25    0.203569201423
74.375    0.203569201423
74.5    0.205054840248
74.625    0.205036499028
74.75    0.200414511573
74.875    0.206320384432
75.0    0.208594695719
75.125    0.208668060599
75.25    0.208594695719
75.375    0.207714317156
75.5    0.208081141558
75.625    0.208081141558
75.75    0.207420857635
75.875    0.207457540076
76.0    0.212904882433
76.125    0.20879644914
76.25    0.20879644914
76.375    0.209108249881
76.5    0.209273320861
76.625    0.20879644914
76.75    0.204706357067
76.875    0.202046880158
77.0    0.206045266131
77.125    0.206430431752
77.25    0.206430431752
77.375    0.206613843953
77.5    0.20239536334
77.625    0.201826785518
77.75    0.201826785518
77.875    0.202303657239
78.0    0.204119438025
78.125    0.20879644914
78.25    0.203055647262
78.375    0.197901764425
78.5    0.211455926048
78.625    0.211455926048
78.75    0.211786068009
78.875    0.211767726789
79.0    0.21207952753
79.125    0.210465500165
79.25    0.211070760427
79.375    0.211547632148
79.5    0.205513370749
79.625    0.19940574447
79.75    0.211034077987
79.875    0.209805216243
80.0    0.207677634716
80.125    0.207567587396
80.25    0.209328344521
80.375    0.209328344521
80.5    0.211639338249
80.625    0.21215289241
80.75    0.208649719379
80.875    0.208649719379
81.0    0.211822750449
81.125    0.212409669491
81.25    0.199827592531
81.375    0.212464693151
81.5    0.203110670922
81.625    0.208649719379
81.75    0.204577968526
81.875    0.204357873886
82.0    0.204577968526
82.125    0.223341036646
82.25    0.218975826272
82.375    0.211217490187
82.5    0.213913649536
82.625    0.214280473937
82.75    0.214170426617
82.875    0.20901654378
83.0    0.216353031804
83.125    0.215435970801
83.25    0.210575547485
83.375    0.209640145262
83.5    0.205513370749
83.625    0.205495029529
83.75    0.205513370749
83.875    0.205513370749
84.0    0.204229485345
84.125    0.210722277246
84.25    0.209841898683
84.375    0.211089101647
84.5    0.209933604783
84.625    0.209218297201
84.75    0.206485455412
84.875    0.209823557463
85.0    0.213913649536
85.125    0.213913649536
85.25    0.214152085397
85.375    0.214152085397
85.5    0.210172040644
85.625    0.208594695719
85.75    0.207806023257
85.875    0.210043652104
86.0    0.206925644694
86.125    0.206925644694
86.25    0.207347492755
86.375    0.210025310884
86.5    0.206540479073
86.625    0.206467114192
86.75    0.208099482778
86.875    0.207530904956
87.0    0.201606690877
87.125    0.202707164081
87.25    0.202780528961
87.375    0.209970287223
87.5    0.208062800337
87.625    0.208264553758
87.75    0.207109056894
87.875    0.200176075713
88.0    0.204577968526
88.125    0.205219911228
88.25    0.205440005869
88.375    0.205440005869
88.5    0.191922526686
88.625    0.191867503026
88.75    0.194215179194
88.875    0.193940060893
89.0    0.207274127875
89.125    0.207347492755
89.25    0.206852279814
89.375    0.207274127875
89.5    0.201404937456
89.625    0.20259711676
89.75    0.20567844173
89.875    0.200909724515
90.0    0.209805216243
90.125    0.206503796633
90.25    0.209731851363
90.375    0.20901654378
90.5    0.213876967096
90.625    0.210318770405
90.75    0.209456733062
90.875    0.209786875023
91.0    0.207549246176
91.125    0.208392942299
91.25    0.206522137853
91.375    0.206687208833
91.5    0.211455926048
91.625    0.206650526393
91.75    0.204614650967
91.875    0.204706357067
92.0    0.210447158945
92.125    0.210850665786
92.25    0.197736693445
92.375    0.198030152966
92.5    0.20874142548
92.625    0.20874142548
92.75    0.200231099373
92.875    0.200231099373
93.0    0.208062800337
93.125    0.208502989619
93.25    0.20874142548
93.375    0.20874142548
93.5    0.207806023257
93.625    0.211437584828
93.75    0.211107442867
93.875    0.21213455119
94.0    0.21530758226
94.125    0.214298815157
94.25    0.214775686879
94.375    0.214775686879
94.5    0.201313231356
94.625    0.200928065735
94.75    0.201900150398
94.875    0.205128205128
95.0    0.208594695719
95.125    0.204724698287
95.25    0.207787682037
95.375    0.207402516415
95.5    0.19949745057
95.625    0.19949745057
95.75    0.194563662375
95.875    0.199790910091
96.0    0.21209786875
96.125    0.199955981072
96.25    0.200762994754
96.375    0.201074795495
96.5    0.206136972231
96.625    0.203330765563
96.75    0.206943985914
96.875    0.205421664649
97.0    0.208392942299
97.125    0.208411283519
97.25    0.208411283519
97.375    0.208502989619
97.5    0.20883313158
97.625    0.20883313158
97.75    0.20874142548
97.875    0.20872308426
98.0    0.209365026962
98.125    0.209933604783
98.25    0.209933604783
98.375    0.209823557463
98.5    0.209420050622
98.625    0.209420050622
98.75    0.209768533803
98.875    0.209768533803
99.0    0.209438391842
99.125    0.209438391842
99.25    0.209438391842
99.375    0.209438391842
99.5    0.208172847658
99.625    0.207842705697
99.75    0.209731851363
99.875    0.209731851363
100.0    0.209163273541
100.125    0.209163273541
100.25    0.209108249881
100.375    0.209108249881
100.5    0.220901654378
100.625    0.208356259858
100.75    0.208356259858
100.875    0.206797256153
101.0    0.206448772972
101.125    0.208319577418
101.25    0.209768533803
101.375    0.207182421775
101.5    0.207622611056
101.625    0.207054033234
101.75    0.210337111625
101.875    0.209878581123
102.0    0.200836359635
102.125    0.205219911228
102.25    0.203807637284
102.375    0.203807637284
102.5    0.205274934889
102.625    0.205274934889
102.75    0.205274934889
102.875    0.205274934889
103.0    0.212299622171
103.125    0.212666446572
103.25    0.212923223653
103.375    0.213235024394
103.5    0.206852279814
103.625    0.198030152966
103.75    0.212721470232
103.875    0.212959906093
104.0    0.20243204578
104.125    0.20241370456
104.25    0.203239059462
104.375    0.203275741902
104.5    0.208466307179
104.625    0.208447965959
104.75    0.208447965959
104.875    0.190968783243
105.0    0.206999009574
105.125    0.206008583691
105.25    0.206026924911
105.375    0.206467114192
105.5    0.203954367044
105.625    0.203954367044
105.75    0.200304464253
105.875    0.201771761858
106.0    0.204816404387
106.125    0.206430431752
106.25    0.210355452845
106.375    0.192069256447
106.5    0.207090715674
106.625    0.207677634716
106.75    0.208007776677
106.875    0.206778914933
107.0    0.199992663512
107.125    0.199992663512
107.25    0.201423278676
107.375    0.200561241334
107.5    0.203477495323
107.625    0.205458347089
107.75    0.209786875023
107.875    0.211125784087
108.0    0.205513370749
108.125    0.20566010051
108.25    0.205935218811
108.375    0.211199148967
108.5    0.210117016984
108.625    0.210703936026
108.75    0.207494222516
108.875    0.204632992187
109.0    0.207769340817
109.125    0.20879644914
109.25    0.209511756722
109.375    0.204284509006
109.5    0.209933604783
109.625    0.209933604783
109.75    0.209933604783
109.875    0.20892483768
110.0    0.204871428047
110.125    0.204669674627
110.25    0.204706357067
110.375    0.206448772972
110.5    0.209365026962
110.625    0.209603462822
110.75    0.209731851363
110.875    0.209695168923
111.0    0.207494222516
111.125    0.207494222516
111.25    0.211584314589
111.375    0.193389824291
111.5    0.20560507685
111.625    0.205898536371
111.75    0.205898536371
111.875    0.20573346539
112.0    0.211180807747
112.125    0.211841091669
112.25    0.202101903819
112.375    0.212648105352
112.5    0.210172040644
112.625    0.210172040644
112.75    0.213345071714
112.875    0.213345071714
113.0    0.206797256153
113.125    0.206797256153
113.25    0.206797256153
113.375    0.206797256153
113.5    0.208044459117
113.625    0.20569678295
113.75    0.20575180661
113.875    0.206778914933
114.0    0.20246872822
114.125    0.203202377022
114.25    0.204321191446
114.375    0.203642566304
114.5    0.207567587396
114.625    0.207567587396
114.75    0.203092329702
114.875    0.207347492755
115.0    0.206540479073
115.125    0.206448772972
115.25    0.206283701992
115.375    0.206302043212
115.5    0.207365833975
115.625    0.207384175195
115.75    0.207365833975
115.875    0.206503796633
116.0    0.185246322585
116.125    0.188694471956
116.25    0.188694471956
116.375    0.207329151535
116.5    0.207127398115
116.625    0.207127398115
116.75    0.211217490187
116.875    0.207329151535
117.0    0.206595502733
117.125    0.211107442867
117.25    0.202853893841
117.375    0.202853893841
117.5    0.208594695719
117.625    0.20874142548
117.75    0.20877810792
117.875    0.208594695719
118.0    0.204101096805
118.125    0.204101096805
118.25    0.204119438025
118.375    0.207329151535
118.5    0.205274934889
118.625    0.205256593669
118.75    0.206687208833
118.875    0.206613843953
119.0    0.209860239903
119.125    0.209199955981
119.25    0.209199955981
119.375    0.203844319724
120.0    0.209585121602
120.125    0.205880195151
120.25    0.211419243608
120.375    0.210648912366
120.5    0.196617879021
120.625    0.213895308316
120.75    0.205274934889
120.875    0.203624225083
121.0    0.194398591394
121.125    0.195957595099
121.25    0.197113091963
121.375    0.196874656102
121.5    0.214042038076
121.625    0.212886541213
121.75    0.194673709695
121.875    0.193976743333
122.0    0.195077216536
122.125    0.195315652397
122.25    0.195517405818
122.375    0.209566780382
122.5    0.207127398115
122.625    0.207695975936
122.75    0.205495029529
122.875    0.204614650967
123.0    0.198048494186
123.125    0.198341953707
123.25    0.198947213969
123.375    0.199057261289
123.5    0.205476688309
123.625    0.205476688309
123.75    0.20560507685
123.875    0.20560507685
124.0    0.207439198855
124.125    0.207512563736
124.25    0.207787682037
124.375    0.207971094237
124.5    0.21198782143
124.625    0.212519716812
124.75    0.212428010711
124.875    0.212428010711
125.0    0.207457540076
125.125    0.207457540076
125.25    0.207494222516
125.375    0.207457540076
125.5    0.207695975936
125.625    0.207695975936
125.75    0.207806023257
125.875    0.207806023257
126.0    0.212207916071
126.125    0.212886541213
126.25    0.216298008143
126.375    0.206797256153
126.5    0.192821246469
126.625    0.197516598804
126.75    0.191647408386
126.875    0.192601151829
127.0    0.210153699424
127.125    0.210006969664
127.25    0.210043652104
127.375    0.212464693151
127.5    0.201881809178
127.625    0.201863467958
127.75    0.197278162943
127.875    0.197956788086
128.0    0.201019771835
128.125    0.201019771835
128.25    0.201019771835
128.375    0.201093136715
128.5    0.199882616192
128.625    0.217123363046
128.75    0.217435163787
128.875    0.203715931184
129.0    0.195517405818
129.125    0.195499064598
129.25    0.203954367044
129.375    0.192087597667
129.5    0.198305271267
129.625    0.199552474231
129.75    0.203569201423
129.875    0.203569201423
130.0    0.197700011005
130.125    0.197700011005
130.25    0.198873849088
130.375    0.197773375885
130.5    0.193609918932
130.625    0.197718352225
130.75    0.197883423205
130.875    0.197461575144
131.0    0.204247826565
131.125    0.204412897546
131.25    0.204688015847
131.375    0.204688015847
131.5    0.201845126738
131.625    0.202321998459
131.75    0.201771761858
131.875    0.201184842816
132.0    0.202707164081
132.125    0.202707164081
132.25    0.202853893841
132.375    0.202963941161
132.5    0.187593998753
132.625    0.19942408569
132.75    0.19940574447
132.875    0.199130626169
133.0    0.198488683467
133.125    0.202872235061
133.25    0.203000623601
133.375    0.203000623601
133.5    0.18682366751
133.625    0.203385789223
133.75    0.202890576281
133.875    0.203440812883
134.0    0.202817211401
134.125    0.20265214042
134.25    0.206613843953
134.375    0.206613843953
134.5    0.199937639852
134.625    0.200726312314
134.75    0.201404937456
134.875    0.20239536334
135.0    0.199644180331
135.125    0.200121052052
135.25    0.199919298632
135.375    0.19938740325
135.5    0.200139393272
135.625    0.199955981072
135.75    0.200029345952
135.875    0.200029345952
136.0    0.201771761858
136.125    0.201001430615
136.25    0.200799677195
136.375    0.200891383295
136.5    0.206613843953
136.625    0.206705550053
136.75    0.206705550053
136.875    0.203642566304
137.0    0.199644180331
137.125    0.199717545211
137.25    0.199075602509
137.375    0.198910531529
137.5    0.201514984777
137.625    0.201514984777
137.75    0.202853893841
137.875    0.201753420638
138.0    0.195627453138
138.125    0.195755841679
138.25    0.194196837974
138.375    0.194490297495
138.5    0.205531711969
138.625    0.200286123033
138.75    0.200432852793
138.875    0.200432852793
139.0    0.204357873886
139.125    0.204357873886
139.25    0.201331572576
139.375    0.203422471663
139.5    0.191519019845
139.625    0.194141814313
139.75    0.198653754448
139.875    0.194141814313
140.0    0.201661714537
140.125    0.200341146693
140.25    0.201643373317
140.375    0.199974322292
140.5    0.198121859066
140.625    0.201973515278
140.75    0.201973515278
140.875    0.203000623601
141.0    0.201918491618
141.125    0.201423278676
141.25    0.201570008437
141.375    0.201753420638
141.5    0.202982282381
141.625    0.202982282381
141.75    0.202982282381
141.875    0.202982282381
142.0    0.173214482227
142.125    0.187208833132
142.25    0.187208833132
142.375    0.18981328638
142.5    0.198452001027
142.625    0.198360294927
142.75    0.198360294927
142.875    0.198360294927
143.0    0.199589156671
143.125    0.199589156671
143.25    0.200011004732
143.375    0.200011004732
143.5    0.201900150398
143.625    0.199570815451
143.75    0.199754227651
143.875    0.198268588827
144.0    0.201093136715
144.125    0.19946076813
144.25    0.199589156671
144.375    0.201368255016
144.5    0.195077216536
144.625    0.207695975936
144.75    0.195077216536
144.875    0.200652947434
145.0    0.194838780676
145.125    0.195150581417
145.25    0.209236638421
145.375    0.208466307179
145.5    0.197644987345
145.625    0.202230292359
145.75    0.200854700855
145.875    0.201239866476
146.0    0.192491104508
146.125    0.207530904956
146.25    0.205531711969
146.375    0.205531711969
146.5    0.206375408092
146.625    0.206338725652
146.75    0.206338725652
146.875    0.206338725652
147.0    0.196379443161
147.125    0.196379443161
147.25    0.179505520707
147.375    0.205091522688
147.5    0.200066028392
147.625    0.200157734492
147.75    0.200157734492
147.875    0.200524558894
148.0    0.197534940024
148.125    0.198066835406
148.25    0.210813983346
148.375    0.210813983346
148.5    0.203055647262
148.625    0.190913759583
148.75    0.190473570302
148.875    0.191684090826
149.0    0.204266167785
149.125    0.209365026962
149.25    0.209456733062
149.375    0.204981475368
149.5    0.199882616192
149.625    0.18673196141
149.75    0.203697589964
149.875    0.203624225083
150.0    0.196012618759
150.125    0.195462382158
150.25    0.209053226221
150.375    0.200047687172
150.5    0.201716738197
150.625    0.201496643557
150.75    0.211767726789
150.875    0.198653754448
151.0    0.199717545211
151.125    0.178093246763
151.25    0.178093246763
151.375    0.178093246763
151.5    0.198085176626
151.625    0.199057261289
151.75    0.205384982209
151.875    0.206650526393
152.0    0.209310003301
152.125    0.205384982209
152.25    0.20560507685
152.375    0.198286930047
152.5    0.202743846521
152.625    0.197113091963
152.75    0.197113091963
152.875    0.197113091963
153.0    0.198818825428
153.125    0.198818825428
153.25    0.199662521551
153.375    0.199662521551
153.5    0.20555005319
153.625    0.20564175929
153.75    0.20564175929
153.875    0.203972708265
154.0    0.197094750743
154.125    0.196397784381
154.25    0.182696892997
154.375    0.197865081985
154.5    0.199827592531
154.625    0.199882616192
154.75    0.199882616192
154.875    0.198965555189
155.0    0.207732658376
155.125    0.199148967389
155.25    0.199148967389
155.375    0.198782142988
155.5    0.204302850226
155.625    0.204321191446
155.75    0.204266167785
155.875    0.204467921206
156.0    0.189391438318
156.125    0.187007079711
156.25    0.202963941161
156.375    0.201093136715
156.5    0.207824364477
156.625    0.203294083122
156.75    0.201973515278
156.875    0.203294083122
157.0    0.194453615054
157.125    0.194288544074
157.25    0.194288544074
157.375    0.195040534096
157.5    0.206833938594
157.625    0.207292469095
157.75    0.207292469095
157.875    0.208191188878
158.0    0.210392135285
158.125    0.211034077987
158.25    0.210905689446
158.375    0.211125784087
158.5    0.206705550053
158.625    0.206797256153
158.75    0.206943985914
158.875    0.207035692014
159.0    0.207310810315
159.125    0.204999816588
159.25    0.203825978504
159.375    0.203660907524
159.5    0.20268882286
159.625    0.20250541066
159.75    0.204027731925
159.875    0.203917684604
160.0    0.208209530098
160.125    0.207861046917
160.25    0.193408165511
160.375    0.19289461135
160.5    0.209768533803
160.625    0.209530097942
160.75    0.201019771835
160.875    0.214482227358
161.0    0.211584314589
161.125    0.21198782143
161.25    0.195609111918
161.375    0.195865888999
161.5    0.206412090532
161.625    0.208301236198
161.75    0.190528593962
161.875    0.211382561168
162.0    0.209805216243
162.125    0.210227064304
162.25    0.214757345659
162.375    0.212556399252
162.5    0.192876270129
162.625    0.210172040644
162.75    0.210172040644
162.875    0.211107442867
163.0    0.194251861634
163.125    0.199735886431
163.25    0.194508638715
163.375    0.198727119328
163.5    0.214702321998
163.625    0.21514251128
163.75    0.198543707127
163.875    0.216811562305
164.0    0.200579582554
164.125    0.200671288654
164.25    0.201203184036
164.375    0.198892190308
164.5    0.200561241334
164.625    0.198672095668
164.75    0.198983896409
164.875    0.203844319724
165.0    0.207145739335
165.125    0.207530904956
165.25    0.203202377022
165.375    0.203881002164
165.5    0.210887348226
165.625    0.21213455119
165.75    0.20577014783
165.875    0.206393749312
166.0    0.207384175195
166.125    0.206797256153
166.25    0.223799567147
166.375    0.22770624702
166.5    0.211529290928
166.625    0.209951946003
166.75    0.209621804042
166.875    0.213014929753
167.0    0.20890649646
167.125    0.210740618466
167.25    0.213601848795
167.375    0.213840284656
167.5    0.197296504163
167.625    0.210135358204
167.75    0.211125784087
167.875    0.207494222516
168.0    0.213840284656
168.125    0.215490994461
168.25    0.216664832545
168.375    0.217655258428
168.5    0.217655258428
168.625    0.219287627013
168.75    0.215527676901
168.875    0.218920802612
169.0    0.214867392979
169.125    0.216389714244
169.25    0.216994974506
169.375    0.216719856205
169.5    0.220149664356
169.625    0.217912035509
169.75    0.212593081692
169.875    0.216114595943
170.0    0.211419243608
170.125    0.215509335681
170.25    0.21193279777
170.375    0.214995781519
170.5    0.220828289498
170.625    0.222020468802
170.75    0.206687208833
170.875    0.211217490187
171.0    0.21848061333
171.125    0.217105021826
171.25    0.216976633286
171.375    0.217471846227
171.5    0.216866585965
171.625    0.219232603353
171.75    0.219122556032
171.875    0.218150471369
172.0    0.206357066872
172.125    0.206393749312
172.25    0.206833938594
172.375    0.207347492755
172.5    0.224294780089
172.625    0.21196948021
172.75    0.2087597667
172.875    0.207274127875
173.0    0.218058765269
173.125    0.218755731631
173.25    0.219617768974
173.375    0.219654451414
173.5    0.216866585965
173.625    0.218022082829
173.75    0.208191188878
173.875    0.209493415502
174.0    0.216096254723
174.125    0.215637724221
174.25    0.217123363046
174.375    0.215949524962
174.5    0.220534829977
174.625    0.221690326841
174.75    0.221323502439
174.875    0.220461465097
175.0    0.22163530318
175.125    0.224991746451
175.25    0.223964638128
175.375    0.225597006713
175.5    0.210758959686
175.625    0.211639338249
175.75    0.211272513848
175.875    0.214097061737
176.0    0.208429624739
176.125    0.209530097942
176.25    0.209144932321
176.375    0.207842705697
176.5    0.211089101647
176.625    0.21206118631
176.75    0.213381754154
176.875    0.212923223653
177.0    0.220901654378
177.125    0.220002934595
177.25    0.218957485052
177.375    0.220608194857
177.5    0.216261325703
177.625    0.219892887275
177.75    0.217013315726
177.875    0.216334690584
178.0    0.20555005319
178.125    0.209420050622
178.25    0.206247019552
178.375    0.217508528667
178.5    0.210428817725
178.625    0.210428817725
178.75    0.220241370456
178.875    0.204137779245
179.0    0.213950331976
179.125    0.214317156377
179.25    0.212978247313
179.375    0.214628957118
180.0    0.218150471369
180.125    0.213418436594
180.25    0.213235024394
180.375    0.212868199993
180.5    0.204816404387
180.625    0.195700818018
180.75    0.197259821723
180.875    0.205898536371
181.0    0.209695168923
181.125    0.209695168923
181.25    0.209328344521
181.375    0.208631378159
181.5    0.2216536444
181.625    0.209456733062
181.75    0.210153699424
181.875    0.20571512417
182.0    0.203789296064
182.125    0.203440812883
182.25    0.203495836543
182.375    0.204577968526
182.5    0.211804409229
182.625    0.212538058032
182.75    0.190877077143
182.875    0.191849161806
183.0    0.19935072081
183.125    0.201661714537
183.25    0.201790103078
183.375    0.201808444298
183.5    0.20267048164
183.625    0.203679248744
183.75    0.202780528961
183.875    0.203807637284
184.0    0.207090715674
184.125    0.208466307179
184.25    0.210722277246
184.375    0.205311617329
184.5    0.210648912366
184.625    0.210905689446
184.75    0.20888815524
184.875    0.210887348226
185.0    0.214060379296
185.125    0.213546825135
185.25    0.2151608525
185.375    0.21527089982
185.5    0.203881002164
185.625    0.204284509006
185.75    0.204541286086
185.875    0.20237702212
186.0    0.213675213675
186.125    0.212684787792
186.25    0.211822750449
186.375    0.213858625876
186.5    0.204908110487
186.625    0.200744653534
186.75    0.201239866476
186.875    0.211070760427
187.0    0.204376215106
187.125    0.204082755585
187.25    0.204834745607
187.375    0.201386596236
187.5    0.202908917501
187.625    0.204357873886
187.75    0.200267781813
187.875    0.203018964822
188.0    0.199057261289
188.125    0.198910531529
188.25    0.2026337992
188.375    0.20250541066
188.5    0.200506217674
188.625    0.21204284509
188.75    0.209878581123
188.875    0.199735886431
189.0    0.207971094237
189.125    0.207090715674
189.25    0.206742232493
189.375    0.207659293496
189.5    0.204229485345
189.625    0.205128205128
189.75    0.205311617329
189.875    0.206026924911
190.0    0.202010197718
190.125    0.19946076813
190.25    0.202945599941
190.375    0.203312424342
190.5    0.206540479073
190.625    0.206540479073
190.75    0.206852279814
190.875    0.207054033234
191.0    0.204724698287
191.125    0.204963134148
191.25    0.205164887568
191.375    0.204651333407
191.5    0.193664942592
191.625    0.197755034665
191.75    0.20239536334
191.875    0.186090018708
192.0    0.195113898977
192.125    0.19925901471
192.25    0.202743846521
192.375    0.198983896409
192.5    0.206320384432
192.625    0.199809251311
192.75    0.203257400682
192.875    0.203679248744
193.0    0.185704853087
193.125    0.185704853087
193.25    0.186016653828
193.375    0.189684897839
193.5    0.198690436888
193.625    0.19938740325
193.75    0.201441619897
193.875    0.200029345952
194.0    0.206118631011
194.125    0.205916877591
194.25    0.20558673563
194.375    0.205109863908
194.5    0.201918491618
194.625    0.198708778108
194.75    0.198708778108
194.875    0.197810058325
195.0    0.202835552621
195.125    0.196709585122
195.25    0.195535747038
195.375    0.210887348226
195.5    0.186291772129
195.625    0.181706467114
195.75    0.179890686328
195.875    0.181688125894
196.0    0.202963941161
196.125    0.202963941161
196.25    0.202963941161
196.375    0.202963941161
196.5    0.203514177763
196.625    0.203660907524
196.75    0.191042148124
196.875    0.20246872822
197.0    0.18344888302
197.125    0.18344888302
197.25    0.184145849382
197.375    0.187630681193
197.5    0.194398591394
197.625    0.194783757016
197.75    0.194783757016
197.875    0.194930486776
198.0    0.195884230219
198.125    0.195645794358
198.25    0.19626939584
198.375    0.196636220241
198.5    0.194435273834
198.625    0.177047797219
198.75    0.184274237922
198.875    0.18344888302
199.0    0.192069256447
199.125    0.190785371043
199.25    0.191408972525
199.375    0.191940867907
199.5    0.197589963684
199.625    0.19309636477
199.75    0.19309636477
199.875    0.210447158945
200.0    0.197149774403
200.125    0.19636110194
200.25    0.195278969957
200.375    0.195609111918
200.5    0.203532518983
200.625    0.197700011005
200.75    0.198213565166
200.875    0.212189574851
201.0    0.197534940024
201.125    0.19936906203
201.25    0.199093943729
201.375    0.197259821723
201.5    0.202450387
201.625    0.202450387
201.75    0.202450387
201.875    0.202450387
202.0    0.198727119328
202.125    0.197865081985
202.25    0.198727119328
202.375    0.193830013572
202.5    0.203330765563
202.625    0.203697589964
202.75    0.203697589964
202.875    0.203697589964
203.0    0.200799677195
203.125    0.200799677195
203.25    0.205201570008
203.375    0.199699203991
203.5    0.198250247606
203.625    0.198250247606
203.75    0.198507024687
203.875    0.198507024687
204.0    0.193389824291
204.125    0.194930486776
204.25    0.193683283812
204.375    0.189281390998
204.5    0.203330765563
204.625    0.204064414365
204.75    0.204064414365
204.875    0.186952056051
205.0    0.186933714831
205.125    0.190125087121
205.25    0.189134661238
205.375    0.190161769561
205.5    0.197204798063
205.625    0.195664135578
205.75    0.19612266608
205.875    0.19630607828
206.0    0.181504713694
206.125    0.194105131873
206.25    0.190290158101
206.375    0.182476798357
206.5    0.201991856498
206.625    0.201991856498
206.75    0.199845933752
206.875    0.200377829133
207.0    0.19944242691
207.125    0.196562855361
207.25    0.19634276072
207.375    0.19621437218
207.5    0.1960493012
207.625    0.1960493012
207.75    0.1960493012
207.875    0.196452808041
208.0    0.199057261289
208.125    0.203330765563
208.25    0.203954367044
208.375    0.204211144125
208.5    0.200432852793
208.625    0.19944242691
208.75    0.200542900114
208.875    0.199552474231
209.0    0.198837166648
209.125    0.197131433183
209.25    0.192729540369
209.375    0.194600344815
209.5    0.192619493049
209.625    0.193353141851
209.75    0.198782142988
209.875    0.194361908954
210.0    0.190583617622
210.125    0.190583617622
210.25    0.190583617622
210.375    0.190767029823
210.5    0.205128205128
210.625    0.201551667217
210.75    0.1961410073
210.875    0.203000623601
211.0    0.194306885294
211.125    0.197755034665
211.25    0.197791717105
211.375    0.194343567734
211.5    0.192362715968
211.625    0.191555702285
211.75    0.191353948865
211.875    0.191757455706
212.0    0.196581196581
212.125    0.195242287517
212.25    0.195242287517
212.375    0.195242287517
212.5    0.192637834269
212.625    0.192876270129
212.75    0.192876270129
212.875    0.192802905249
213.0    0.197314845384
213.125    0.197076409523
213.25    0.200634606214
213.375    0.197424892704
213.5    0.192362715968
213.625    0.183889072301
213.75    0.183889072301
213.875    0.183889072301
214.0    0.197828399545
214.125    0.198195223946
214.25    0.198195223946
214.375    0.197681669785
214.5    0.205036499028
214.625    0.205036499028
214.75    0.204137779245
214.875    0.187263856792
215.0    0.183797366201
215.125    0.184292579142
215.25    0.187263856792
215.375    0.187263856792
215.5    0.197003044643
215.625    0.188052529254
215.75    0.195902571439
215.875    0.197021385863
216.0    0.183870731081
216.125    0.183870731081
216.25    0.183962437181
216.375    0.183944095961
216.5    0.190455229082
216.625    0.185576464546
216.75    0.186145042368
216.875    0.186145042368
217.0    0.192124280107
217.125    0.192784564029
217.25    0.19304134111
217.375    0.19304134111
217.5    0.176901067459
217.625    0.177414621621
217.75    0.178808554345
217.875    0.178808554345
218.0    0.206118631011
218.125    0.203495836543
218.25    0.202908917501
218.375    0.20248706944
218.5    0.186530207989
218.625    0.186530207989
218.75    0.186530207989
218.875    0.186016653828
219.0    0.195774182899
219.125    0.19610432486
219.25    0.195187263857
219.375    0.195003851656
219.5    0.18975826272
219.625    0.18990499248
219.75    0.1898316276
219.875    0.190400205422
220.0    0.18031253439
220.125    0.1771211621
220.25    0.177653057481
220.375    0.178606800924
220.5    0.188749495616
220.625    0.188987931477
220.75    0.190051722241
220.875    0.189446461979
221.0    0.187428927772
221.125    0.186200066028
221.25    0.190895418363
221.375    0.190583617622
221.5    0.193830013572
221.625    0.187007079711
221.75    0.187025420931
221.875    0.187007079711
222.0    0.188217600235
222.125    0.187869117054
222.25    0.187740728513
222.375    0.188034188034
222.5    0.177799787242
222.625    0.178074905543
222.75    0.17708447966
222.875    0.173342870768
223.0    0.18999669858
223.125    0.187483951432
223.25    0.187759069733
223.375    0.189134661238
223.5    0.189244708558
223.625    0.1898316276
223.75    0.189134661238
223.875    0.189134661238
224.0    0.197626646124
224.125    0.189061296357
224.25    0.190730347383
224.375    0.190675323723
224.5    0.197534940024
224.625    0.184109166942
224.75    0.201368255016
224.875    0.193444847951
225.0    0.185411393566
225.125    0.185429734786
225.25    0.188896225377
225.375    0.185448076006
225.5    0.18972158028
225.625    0.189354755878
225.75    0.189006272697
225.875    0.189648215399
226.0    0.188951249037
226.125    0.197534940024
226.25    0.175708888155
226.375    0.175800594256
226.5    0.192454422068
226.625    0.192399398408
226.75    0.192472763288
226.875    0.192472763288
227.0    0.190803712263
227.125    0.190932100803
227.25    0.190932100803
227.375    0.190932100803
227.5    0.192747881589
227.625    0.193334800631
227.75    0.193940060893
227.875    0.193940060893
228.0    0.189171343678
228.125    0.189171343678
228.25    0.188235941455
228.375    0.188144235355
228.5    0.203734272404
228.625    0.191995891567
228.75    0.192307692308
228.875    0.194435273834
229.0    0.192637834269
229.125    0.192637834269
229.25    0.192637834269
229.375    0.191830820586
229.5    0.18986831004
229.625    0.190161769561
229.75    0.190381864202
229.875    0.193536554052
230.0    0.190070063461
230.125    0.193591577712
230.25    0.190070063461
230.375    0.19305968233
230.5    0.189373097098
230.625    0.191463996185
230.75    0.187282198012
230.875    0.183173764719
231.0    0.184806133304
231.125    0.184310920362
231.25    0.184989545505
231.375    0.180092439749
231.5    0.187465610212
231.625    0.18363229522
231.75    0.188162576575
231.875    0.188309306335
232.0    0.191078830564
232.125    0.187355562892
232.25    0.187557316313
232.375    0.187557316313
232.5    0.187960823154
232.625    0.187098785811
232.75    0.186126701148
232.875    0.186420160669
233.0    0.190363522982
233.125    0.188052529254
233.25    0.188052529254
233.375    0.188199259015
233.5    0.188767836837
233.625    0.188786178057
233.75    0.190051722241
233.875    0.185649829427
234.0    0.188217600235
234.125    0.184237555482
234.25    0.191922526686
234.375    0.188566083416
234.5    0.179285426067
234.625    0.179285426067
234.75    0.179285426067
234.875    0.179285426067
235.0    0.18686034995
235.125    0.186236748469
235.25    0.189006272697
235.375    0.187355562892
235.5    0.194765415795
235.625    0.18357727156
235.75    0.18348556546
235.875    0.18348556546
236.0    0.185741535527
236.125    0.193591577712
236.25    0.193848354793
236.375    0.190271816881
236.5    0.192472763288
236.625    0.192656175489
236.75    0.192766222809
236.875    0.193298118191
237.0    0.18350390668
237.125    0.184237555482
237.25    0.188914566597
237.375    0.186548549209
237.5    0.18990499248
237.625    0.190418546642
237.75    0.190436887862
237.875    0.190638641282
238.0    0.194967169216
238.125    0.194068449433
238.25    0.194765415795
238.375    0.197351527824
238.5    0.190968783243
238.625    0.191115513004
238.75    0.192105938887
238.875    0.190877077143
239.0    0.192637834269
239.125    0.192747881589
239.25    0.192747881589
239.375    0.193334800631
240.0    0.191335607645
240.125    0.195132240197
240.25    0.194013425773
240.375    0.192637834269
240.5    0.191885844246
240.625    0.188162576575
240.75    0.189556509299
240.875    0.191940867907
241.0    0.18999669858
241.125    0.188217600235
241.25    0.187282198012
241.375    0.186291772129
241.5    0.192454422068
241.625    0.191665749606
241.75    0.191665749606
241.875    0.191665749606
242.0    0.190381864202
242.125    0.190968783243
242.25    0.191794138146
242.375    0.188364329995
242.5    0.184531015003
242.625    0.184274237922
242.75    0.184475991343
242.875    0.184475991343
243.0    0.187685704853
243.125    0.187245515572
243.25    0.183724001321
243.375    0.188290965115
243.5    0.171692160963
243.625    0.172939363926
243.75    0.172847657826
243.875    0.172847657826
244.0    0.18981328638
244.125    0.190491911522
244.25    0.18990499248
244.375    0.188877884157
244.5    0.18979494516
244.625    0.188345988775
244.75    0.188345988775
244.875    0.186401819449
245.0    0.188749495616
245.125    0.186016653828
245.25    0.182348409816
245.375    0.185869924067
245.5    0.185759876747
245.625    0.188492718536
245.75    0.188345988775
245.875    0.185888265287
246.0    0.194893804336
246.125    0.193903378453
246.25    0.193903378453
246.375    0.193903378453
246.5    0.187483951432
246.625    0.188345988775
246.75    0.186933714831
246.875    0.186933714831
247.0    0.181779831994
247.125    0.181798173214
247.25    0.181743149554
247.375    0.194471956275
247.5    0.18984996882
247.625    0.18984996882
247.75    0.192436080848
247.875    0.18984996882
248.0    0.18348556546
248.125    0.183999119621
248.25    0.18366897766
248.375    0.183760683761
248.5    0.191372290085
248.625    0.191372290085
248.75    0.191537361065
248.875    0.190235134441
249.0    0.18682366751
249.125    0.186438501889
249.25    0.186438501889
249.375    0.18665859653
249.5    0.188382671215
249.625    0.188162576575
249.75    0.187942481934
249.875    0.187685704853
250.0    0.195242287517
250.125    0.195737500459
250.25    0.198140200286
250.375    0.197278162943
250.5    0.190106745901
250.625    0.190051722241
250.75    0.185998312608
250.875    0.184897839404
251.0    0.185704853087
251.125    0.185704853087
251.25    0.185704853087
251.375    0.187905799494
251.5    0.182220021276
251.625    0.183944095961
251.75    0.184035802062
251.875    0.184255896702
252.0    0.198011811746
252.125    0.198011811746
252.25    0.197131433183
252.375    0.191702432046
252.5    0.1962327134
252.625    0.185668170647
252.75    0.191959209127
252.875    0.183357176919
253.0    0.185814900407
253.125    0.182293386156
253.25    0.194618686035
253.375    0.179248743626
253.5    0.183705660101
253.625    0.183925754741
253.75    0.183925754741
253.875    0.184641062323
254.0    0.1899233337
254.125    0.190235134441
254.25    0.188290965115
254.375    0.188144235355
254.5    0.183375518139
254.625    0.183045376178
254.75    0.173764718829
254.875    0.173434576868
255.0    0.18341220058
255.125    0.183907413521
255.25    0.182990352518
255.375    0.182935328858
255.5    0.188712813176
255.625    0.188731154396
255.75    0.191592384725
255.875    0.187593998753
256.0    0.192014232787
256.125    0.192014232787
256.25    0.190767029823
256.375    0.192344374748
256.5    0.186493525549
256.625    0.191904185466
256.75    0.189336414658
256.875    0.18997835736
257.0    0.189226367338
257.125    0.184494332563
257.25    0.184494332563
257.375    0.186053336268
257.5    0.184292579142
257.625    0.188731154396
257.75    0.188731154396
257.875    0.188731154396
258.0    0.184732768424
258.125    0.184842815744
258.25    0.185356369906
258.375    0.185136275265
258.5    0.18669527897
258.625    0.186236748469
258.75    0.182018267855
258.875    0.182018267855
259.0    0.192399398408
259.125    0.192344374748
259.25    0.192050915227
259.375    0.192344374748
259.5    0.187575657533
259.625    0.187593998753
259.75    0.187520633873
259.875    0.188034188034
260.0    0.193408165511
260.125    0.188712813176
260.25    0.188712813176
260.375    0.193719966252
260.5    0.175433769854
260.625    0.175745570595
260.75    0.175745570595
260.875    0.175452111074
261.0    0.183210447159
261.125    0.183210447159
261.25    0.183192105939
261.375    0.183192105939
261.5    0.181046183192
261.625    0.186236748469
261.75    0.194141814313
261.875    0.181504713694
262.0    0.198727119328
262.125    0.193774989912
262.25    0.168757565753
262.375    0.168757565753
262.5    0.191005465684
262.625    0.190932100803
262.75    0.191097171784
262.875    0.190748688603
263.0    0.191977550347
263.125    0.18664025531
263.25    0.18686034995
263.375    0.184347602803
263.5    0.190051722241
263.625    0.190051722241
263.75    0.190070063461
263.875    0.190070063461
264.0    0.18027585195
264.125    0.18027585195
264.25    0.180972818312
264.375    0.180972818312
264.5    0.174425002751
264.625    0.174425002751
264.75    0.174425002751
264.875    0.174425002751
265.0    0.187630681193
265.125    0.170389934338
265.25    0.166740031547
265.375    0.166758372767
265.5    0.194068449433
265.625    0.19289461135
265.75    0.19304134111
265.875    0.193481530391
266.0    0.189116320018
266.125    0.189042955137
266.25    0.188676130736
266.375    0.189593191739
266.5    0.185833241627
266.625    0.185943288948
266.75    0.186200066028
266.875    0.186328454569
267.0    0.184035802062
267.125    0.183852389861
267.25    0.184200873042
267.375    0.18053262903
267.5    0.183779024981
267.625    0.18366897766
267.75    0.184219214262
267.875    0.184219214262
268.0    0.179964051209
268.125    0.18036755805
268.25    0.187722387293
268.375    0.187960823154
268.5    0.189574850519
268.625    0.18979494516
268.75    0.1898316276
268.875    0.190271816881
269.0    0.188969590257
269.125    0.188712813176
269.25    0.186456843109
269.375    0.187557316313
269.5    0.172554198305
269.625    0.173122776127
269.75    0.172810975386
269.875    0.173049411247
270.0    0.191739114486
270.125    0.191739114486
270.25    0.178515094824
270.375    0.18031253439
270.5    0.191904185466
270.625    0.191904185466
270.75    0.18999669858
270.875    0.18996001614
271.0    0.192747881589
271.125    0.179450497047
271.25    0.179964051209
271.375    0.175562158395
271.5    0.179927368769
271.625    0.179927368769
271.75    0.180550970251
271.875    0.18029419317
272.0    0.187630681193
272.125    0.178826895565
272.25    0.178826895565
272.375    0.179652250468
272.5    0.188584424636
272.625    0.187960823154
272.75    0.187593998753
272.875    0.188107552914
273.0    0.176589266718
273.125    0.189446461979
273.25    0.189446461979
273.375    0.189538168079
273.5    0.183082058619
273.625    0.18359561278
273.75    0.178900260445
273.875    0.18359561278
274.0    0.172609221965
274.125    0.172609221965
274.25    0.171527089982
274.375    0.172132350244
274.5    0.196617879021
274.625    0.196874656102
274.75    0.184072484502
274.875    0.184072484502
275.0    0.18038589927
275.125    0.174425002751
275.25    0.174425002751
275.375    0.188786178057
275.5    0.183613954
275.625    0.179670591688
275.75    0.179707274128
275.875    0.180917794652
276.0    0.173306188328
276.125    0.183338835699
276.25    0.182036609075
276.375    0.176680972818
276.5    0.179725615348
276.625    0.179707274128
276.75    0.175562158395
276.875    0.173746377609
277.0    0.179909027548
277.125    0.179909027548
277.25    0.18033087561
277.375    0.179450497047
277.5    0.185448076006
277.625    0.185998312608
277.75    0.186218407248
277.875    0.183320494479
278.0    0.182330068596
278.125    0.198855507868
278.25    0.199038920069
278.375    0.192289351088
278.5    0.177708081142
278.625    0.183925754741
278.75    0.166905102527
278.875    0.167565386449
279.0    0.181339642713
279.125    0.181192912953
279.25    0.181614761014
279.375    0.178111587983
279.5    0.177469645281
279.625    0.177469645281
279.75    0.177469645281
279.875    0.178184952863
280.0    0.182146656396
280.125    0.182183338836
280.25    0.180826088551
280.375    0.180165804629
280.5    0.183999119621
280.625    0.183980778401
280.75    0.184420967683
280.875    0.184696085984
281.0    0.19615934852
281.125    0.175103627893
281.25    0.17092182972
281.375    0.169949745057
281.5    0.178441729944
281.625    0.173893107369
281.75    0.183192105939
281.875    0.179982392429
282.0    0.180789406111
282.125    0.183375518139
282.25    0.180129122189
282.375    0.178661824585
282.5    0.175195333994
282.625    0.175195333994
282.75    0.175250357654
282.875    0.190436887862
283.0    0.1897399215
283.125    0.188584424636
283.25    0.188327647555
283.375    0.176277465977
283.5    0.178955284105
283.625    0.17407651957
283.75    0.175011921793
283.875    0.178405047504
284.0    0.178056564323
284.125    0.178056564323
284.25    0.179248743626
284.375    0.178845236785
284.5    0.187465610212
284.625    0.18665859653
284.75    0.182733575437
284.875    0.182733575437
285.0    0.18357727156
285.125    0.18357727156
285.25    0.182256703716
285.375    0.183027034958
285.5    0.178496753604
285.625    0.178698507025
285.75    0.18029419317
285.875    0.17416822567
286.0    0.186493525549
286.125    0.186053336268
286.25    0.182880305198
286.375    0.173141117347
286.5    0.167015149848
286.625    0.166538278126
286.75    0.173012728807
286.875    0.176625949158
287.0    0.184806133304
287.125    0.180771064891
287.25    0.176149077437
287.375    0.179688932908
287.5    0.185539782106
287.625    0.185943288948
287.75    0.185961630168
287.875    0.185319687466
288.0    0.180092439749
288.125    0.179267084846
288.25    0.179560544367
288.375    0.179303767287
288.5    0.176754337699
288.625    0.176754337699
288.75    0.182641869337
288.875    0.18363229522
289.0    0.183357176919
289.125    0.183357176919
289.25    0.184365944023
289.375    0.185117934045
289.5    0.186383478229
289.625    0.173562965408
289.75    0.173838083709
289.875    0.178478412384
290.0    0.181174571732
290.125    0.164905909541
290.25    0.166850078867
290.375    0.165566193463
290.5    0.175837276696
290.625    0.165015956861
290.75    0.165566193463
290.875    0.182385092256
291.0    0.180789406111
291.125    0.181064524412
291.25    0.177543010161
291.375    0.178423388724
291.5    0.174388320311
291.625    0.173141117347
291.75    0.173544624188
291.875    0.173489600528
292.0    0.176680972818
292.125    0.174571732512
292.25    0.173177799787
292.375    0.173746377609
292.5    0.179432155827
292.625    0.18027585195
292.75    0.18038589927
292.875    0.180899453432
293.0    0.164043872198
293.125    0.163933824878
293.25    0.163365247056
293.375    0.161035912109
293.5    0.171875573163
293.625    0.172334103665
293.75    0.172334103665
293.875    0.175507134735
294.0    0.178331682624
294.125    0.178331682624
294.25    0.178331682624
294.375    0.180147463409
294.5    0.176405854517
294.625    0.176717655258
294.75    0.176754337699
294.875    0.181321301493
295.0    0.175232016434
295.125    0.178588459704
295.25    0.178093246763
295.375    0.175030263013
295.5    0.16784050475
295.625    0.166996808628
295.75    0.167235244488
295.875    0.167290268149
296.0    0.158504823741
296.125    0.158394776421
296.25    0.158468141301
296.375    0.159550273284
296.5    0.181504713694
296.625    0.180147463409
296.75    0.179835662668
296.875    0.179817321448
297.0    0.162741645574
297.125    0.174443343971
297.25    0.173196141007
297.375    0.174388320311
297.5    0.187172150691
297.625    0.187172150691
297.75    0.178955284105
297.875    0.180734382451
298.0    0.18682366751
298.125    0.186016653828
298.25    0.185466417226
298.375    0.174296614211
298.5    0.178588459704
298.625    0.18049594659
298.75    0.18031253439
298.875    0.18034921683
299.0    0.183760683761
299.125    0.183063717398
299.25    0.17713950332
299.375    0.175672205715
