0.0    0.2399750934
0.125    0.240784557908
0.25    0.235865504359
0.375    0.238397675384
0.5    0.237380655874
0.625    0.237629721876
0.75    0.237339144873
0.875    0.25097550851
1.0    0.245765877958
1.125    0.241158156912
1.25    0.241158156912
1.375    0.240909090909
1.5    0.246326276463
1.625    0.246575342466
1.75    0.246596097966
1.875    0.247384806974
2.0    0.241905354919
2.125    0.241905354919
2.25    0.24196762142
2.375    0.24196762142
2.5    0.244769613948
2.625    0.244769613948
2.75    0.24495641345
2.875    0.244935657949
3.0    0.244541303445
3.125    0.244499792445
3.25    0.244250726443
3.375    0.244624325446
3.5    0.238750518887
3.625    0.238875051889
3.75    0.238937318389
3.875    0.238937318389
4.0    0.23698630137
4.125    0.23802407638
4.25    0.238107098381
4.375    0.238397675384
4.5    0.246118721461
4.625    0.24595267746
4.75    0.246139476961
4.875    0.232503113325
5.0    0.246097965961
5.125    0.246554586966
5.25    0.240307181403
5.375    0.236591946866
5.5    0.237214611872
5.625    0.237214611872
5.75    0.237256122873
5.875    0.237380655874
6.0    0.246845163968
6.125    0.246845163968
6.25    0.247073474471
6.375    0.247073474471
6.5    0.240141137401
6.625    0.240099626401
6.75    0.240099626401
6.875    0.240099626401
7.0    0.226940639269
7.125    0.226940639269
7.25    0.240577002906
7.375    0.240722291407
7.5    0.239518472395
7.625    0.239850560398
7.75    0.239809049398
7.875    0.239414694894
8.0    0.247322540473
8.125    0.247322540473
8.25    0.246948941469
8.375    0.233312577833
8.5    0.236322125363
8.625    0.236322125363
8.75    0.236322125363
8.875    0.240867579909
9.0    0.23401826484
9.125    0.23401826484
9.25    0.23401826484
9.375    0.234122042341
9.5    0.237235367372
9.625    0.237235367372
9.75    0.239456205895
9.875    0.239456205895
10.0    0.236280614363
10.125    0.236280614363
10.25    0.236280614363
10.375    0.236280614363
10.5    0.234682440847
10.625    0.234682440847
10.75    0.234786218348
10.875    0.234786218348
11.0    0.244146948941
11.125    0.239393939394
11.25    0.239393939394
11.375    0.239393939394
11.5    0.235699460357
11.625    0.235907015359
11.75    0.23599003736
11.875    0.23599003736
12.0    0.236218347862
12.125    0.233914487339
12.25    0.233914487339
12.375    0.233914487339
12.5    0.235180572852
12.625    0.235720215857
12.75    0.235720215857
12.875    0.235740971357
13.0    0.2400166044
13.125    0.2400166044
13.25    0.2400166044
13.375    0.240390203404
13.5    0.237816521378
13.625    0.23798256538
13.75    0.234267330843
13.875    0.242943129929
14.0    0.235139061851
14.125    0.235740971357
14.25    0.235139061851
14.375    0.235574927356
14.5    0.236239103362
14.625    0.235886259859
14.75    0.235886259859
14.875    0.235886259859
15.0    0.240078870901
15.125    0.240078870901
15.25    0.240078870901
15.375    0.240120381901
15.5    0.235616438356
15.625    0.235595682856
15.75    0.235595682856
15.875    0.23497301785
16.0    0.227833125778
16.125    0.227833125778
16.25    0.227833125778
16.375    0.229535076795
16.5    0.237380655874
16.625    0.237401411374
16.75    0.237401411374
16.875    0.237546699875
17.0    0.236135325861
17.125    0.236135325861
17.25    0.236135325861
17.375    0.235761726858
17.5    0.232067247821
17.625    0.231755915318
17.75    0.231091739311
17.875    0.227334993773
18.0    0.235429638854
18.125    0.234889995849
18.25    0.234889995849
18.375    0.234889995849
18.5    0.235076795351
18.625    0.235076795351
18.75    0.235076795351
18.875    0.235076795351
19.0    0.242590286426
19.125    0.229327521793
19.25    0.229742631797
19.375    0.242673308427
19.5    0.234267330843
19.625    0.234578663346
19.75    0.234578663346
19.875    0.234557907846
20.0    0.236612702366
20.125    0.236612702366
20.25    0.236737235367
20.375    0.236737235367
20.5    0.238231631382
20.625    0.238335408883
20.75    0.238335408883
20.875    0.238335408883
21.0    0.242528019925
21.125    0.242528019925
21.25    0.242528019925
21.375    0.240888335409
21.5    0.242880863429
21.625    0.242880863429
21.75    0.242880863429
21.875    0.243254462433
22.0    0.241407222914
22.125    0.241324200913
22.25    0.241324200913
22.375    0.241324200913
22.5    0.235471149855
22.625    0.235471149855
22.75    0.235471149855
22.875    0.235471149855
23.0    0.243088418431
23.125    0.243752594438
23.25    0.244084682441
23.375    0.243420506434
23.5    0.237463677875
23.625    0.238439186384
23.75    0.238439186384
23.875    0.238439186384
24.0    0.23603154836
24.125    0.235159817352
24.25    0.235512660855
24.375    0.236737235367
24.5    0.23798256538
24.625    0.237629721876
24.75    0.242673308427
24.875    0.237608966376
25.0    0.238293897883
25.125    0.238293897883
25.25    0.235076795351
25.375    0.235076795351
25.5    0.230614362806
25.625    0.230614362806
25.75    0.230614362806
25.875    0.230614362806
26.0    0.237276878373
26.125    0.237276878373
26.25    0.237276878373
26.375    0.237276878373
26.5    0.232191780822
26.625    0.232938978829
26.75    0.232918223329
26.875    0.232461602325
27.0    0.232461602325
27.125    0.232461602325
27.25    0.232835201328
27.375    0.23202573682
27.5    0.242756330428
27.625    0.243586550436
27.75    0.242112909921
27.875    0.242112909921
28.0    0.237837276878
28.125    0.237837276878
28.25    0.237837276878
28.375    0.237256122873
28.5    0.232440846824
28.625    0.232440846824
28.75    0.232440846824
28.875    0.232440846824
29.0    0.229638854296
29.125    0.230448318804
29.25    0.227895392279
29.375    0.245288501453
29.5    0.238231631382
29.625    0.238231631382
29.75    0.238210875882
29.875    0.238169364882
30.0    0.236924034869
30.125    0.236924034869
30.25    0.236924034869
30.375    0.23700705687
30.5    0.231216272312
30.625    0.231216272312
30.75    0.231382316314
30.875    0.231382316314
31.0    0.243586550436
31.125    0.242880863429
31.25    0.24300539643
31.375    0.243067662931
31.5    0.237505188875
31.625    0.237505188875
31.75    0.237505188875
31.875    0.242569530926
32.0    0.241303445413
32.125    0.242714819427
32.25    0.242714819427
32.375    0.242714819427
32.5    0.245309256953
32.625    0.245765877958
32.75    0.246139476961
32.875    0.246139476961
33.0    0.225923619759
33.125    0.226650062267
33.25    0.226650062267
33.375    0.226836861768
33.5    0.240224159402
33.625    0.240224159402
33.75    0.240307181403
33.875    0.240224159402
34.0    0.238459941885
34.125    0.238459941885
34.25    0.238729763387
34.375    0.238729763387
34.5    0.244707347447
34.625    0.241282689913
34.75    0.241427978414
34.875    0.237297633873
35.0    0.236280614363
35.125    0.236508924865
35.25    0.236488169365
35.375    0.236259858863
35.5    0.234059775841
35.625    0.234142797841
35.75    0.233561643836
35.875    0.233561643836
36.0    0.225155666252
36.125    0.225155666252
36.25    0.225155666252
36.375    0.225155666252
36.5    0.240929846409
36.625    0.240639269406
36.75    0.240639269406
36.875    0.240805313408
37.0    0.240846824408
37.125    0.240929846409
37.25    0.240473225405
37.375    0.241241178912
37.5    0.239373183894
37.625    0.239373183894
37.75    0.239207139892
37.875    0.239207139892
38.0    0.234308841843
38.125    0.234308841843
38.25    0.234308841843
38.375    0.234308841843
38.5    0.236073059361
38.625    0.236737235367
38.75    0.236737235367
38.875    0.236737235367
39.0    0.233291822333
39.125    0.233291822333
39.25    0.233291822333
39.375    0.232627646326
39.5    0.249543378995
39.625    0.24599418846
39.75    0.245869655459
39.875    0.236342880863
40.0    0.240452469905
40.125    0.245433789954
40.25    0.241926110419
40.375    0.242237442922
40.5    0.241511000415
40.625    0.241511000415
40.75    0.246575342466
40.875    0.242154420922
41.0    0.23902034039
41.125    0.23899958489
41.25    0.23899958489
41.375    0.239539227895
41.5    0.229472810295
41.625    0.229555832296
41.75    0.231299294313
41.875    0.230718140307
42.0    0.238667496887
42.125    0.239248650892
42.25    0.234889995849
42.375    0.234889995849
42.5    0.235782482358
42.625    0.235782482358
42.75    0.241656288917
42.875    0.236799501868
43.0    0.232876712329
43.125    0.23302200083
43.25    0.23302200083
43.375    0.23302200083
43.5    0.241490244915
43.625    0.241490244915
43.75    0.242777085928
43.875    0.242777085928
44.0    0.236737235367
44.125    0.236799501868
44.25    0.236280614363
44.375    0.236280614363
44.5    0.237401411374
44.625    0.237401411374
44.75    0.237401411374
44.875    0.238459941885
45.0    0.234620174346
45.125    0.234827729348
45.25    0.25300954753
45.375    0.249896222499
45.5    0.240452469905
45.625    0.240452469905
45.75    0.240452469905
45.875    0.234848484848
46.0    0.247364051474
46.125    0.242299709423
46.25    0.242465753425
46.375    0.242299709423
46.5    0.236903279369
46.625    0.23704856787
46.75    0.23704856787
46.875    0.23698630137
47.0    0.248526359485
47.125    0.248526359485
47.25    0.248381070984
47.375    0.248132004981
47.5    0.242341220423
47.625    0.242361975924
47.75    0.242361975924
47.875    0.242361975924
48.0    0.24298464093
48.125    0.243129929431
48.25    0.243275217933
48.375    0.243275217933
48.5    0.247530095475
48.625    0.247530095475
48.75    0.247509339975
48.875    0.247509339975
49.0    0.242341220423
49.125    0.242341220423
49.25    0.242341220423
49.375    0.242341220423
49.5    0.222561228726
49.625    0.222498962225
49.75    0.222540473225
49.875    0.22895392279
50.0    0.242922374429
50.125    0.243648816936
50.25    0.243648816936
50.375    0.238418430884
50.5    0.244645080946
50.625    0.244624325446
50.75    0.244935657949
50.875    0.244935657949
51.0    0.243275217933
51.125    0.248422581984
51.25    0.248422581984
51.375    0.244790369448
51.5    0.24101286841
51.625    0.241054379411
51.75    0.241303445413
51.875    0.241365711914
52.0    0.225217932752
52.125    0.238771274388
52.25    0.239290161893
52.375    0.239227895392
52.5    0.240618513906
52.625    0.240618513906
52.75    0.236073059361
52.875    0.236280614363
53.0    0.247820672478
53.125    0.244873391449
53.25    0.244873391449
53.375    0.244873391449
53.5    0.244935657949
53.625    0.24497716895
53.75    0.244852635949
53.875    0.245226234952
54.0    0.241220423412
54.125    0.241054379411
54.25    0.240473225405
54.375    0.24099211291
54.5    0.240929846409
54.625    0.240493980905
54.75    0.242590286426
54.875    0.246367787464
55.0    0.235305105853
55.125    0.235305105853
55.25    0.235471149855
55.375    0.235471149855
55.5    0.232731423827
55.625    0.23295973433
55.75    0.23295973433
55.875    0.23295973433
56.0    0.230240763802
56.125    0.230240763802
56.25    0.232067247821
56.375    0.23196347032
56.5    0.239767538398
56.625    0.240244914902
56.75    0.240244914902
56.875    0.235471149855
57.0    0.248879202989
57.125    0.25103777501
57.25    0.25101701951
57.375    0.241739310917
57.5    0.231652137817
57.625    0.231652137817
57.75    0.231652137817
57.875    0.232150269822
58.0    0.226691573267
58.125    0.236342880863
58.25    0.235699460357
58.375    0.235637193856
58.5    0.245060190951
58.625    0.240888335409
58.75    0.240722291407
58.875    0.237629721876
59.0    0.241365711914
59.125    0.241344956413
59.25    0.227708592777
59.375    0.227708592777
59.5    0.238376919884
59.625    0.238459941885
59.75    0.235076795351
59.875    0.235512660855
60.0    0.240763802408
60.125    0.235948526359
60.25    0.236322125363
60.375    0.236405147364
60.5    0.238522208385
60.625    0.236135325861
60.75    0.24095060191
60.875    0.24101286841
61.0    0.25101701951
61.125    0.251888750519
61.25    0.257762557078
61.375    0.252718970527
61.5    0.239746782897
61.625    0.240244914902
61.75    0.239871315899
61.875    0.231299294313
62.0    0.241365711914
62.125    0.240058115401
62.25    0.238667496887
62.375    0.240307181403
62.5    0.237173100872
62.625    0.236405147364
62.75    0.235408883354
62.875    0.235408883354
63.0    0.236322125363
63.125    0.236882523869
63.25    0.236695724367
63.375    0.236239103362
63.5    0.234537152345
63.625    0.234661685347
63.75    0.233208800332
63.875    0.233333333333
64.0    0.232357824824
64.125    0.232399335824
64.25    0.232399335824
64.375    0.232088003321
64.5    0.234599418846
64.625    0.234599418846
64.75    0.234599418846
64.875    0.235159817352
65.0    0.234827729348
65.125    0.23497301785
65.25    0.234765462848
65.375    0.234786218348
65.5    0.239809049398
65.625    0.240452469905
65.75    0.240452469905
65.875    0.240556247406
66.0    0.23599003736
66.125    0.236695724367
66.25    0.239373183894
66.375    0.240535491905
66.5    0.249149024491
66.625    0.244416770444
66.75    0.249937733499
66.875    0.245496056455
67.0    0.2400373599
67.125    0.240909090909
67.25    0.240826068908
67.375    0.24200913242
67.5    0.243420506434
67.625    0.243794105438
67.75    0.238729763387
67.875    0.243877127439
68.0    0.231320049813
68.125    0.233167289332
68.25    0.233872976339
68.375    0.238335408883
68.5    0.228227480282
68.625    0.229161477792
68.75    0.240099626401
68.875    0.233146533831
69.0    0.239580738896
69.125    0.239580738896
69.25    0.238418430884
69.375    0.23897882939
69.5    0.237816521378
69.625    0.237816521378
69.75    0.238169364882
69.875    0.238646741386
70.0    0.238833540888
70.125    0.238086342881
70.25    0.23802407638
70.375    0.238729763387
70.5    0.243669572437
70.625    0.243669572437
70.75    0.244479036945
70.875    0.24402241594
71.0    0.229244499792
71.125    0.229244499792
71.25    0.22899543379
71.375    0.22897467829
71.5    0.230552096306
71.625    0.248132004981
71.75    0.247862183479
71.875    0.248754669988
72.0    0.240141137401
72.125    0.240182648402
72.25    0.245246990452
72.375    0.245288501453
72.5    0.240182648402
72.625    0.2400166044
72.75    0.239643005396
72.875    0.239788293898
73.0    0.240327936903
73.125    0.240369447904
73.25    0.240369447904
73.375    0.241469489415
73.5    0.246658364467
73.625    0.246658364467
73.75    0.247156496472
73.875    0.247862183479
74.0    0.238480697385
74.125    0.238231631382
74.25    0.238563719386
74.375    0.238356164384
74.5    0.239663760897
74.625    0.242880863429
74.75    0.242278953923
74.875    0.242154420922
75.0    0.244229970942
75.125    0.244229970942
75.25    0.244458281445
75.375    0.244229970942
75.5    0.233312577833
75.625    0.233603154836
75.75    0.233644665836
75.875    0.233520132835
76.0    0.233686176837
76.125    0.235927770859
76.25    0.235284350353
76.375    0.235803237858
76.5    0.24200913242
76.625    0.242528019925
76.75    0.236612702366
76.875    0.237941054379
77.0    0.244748858447
77.125    0.244748858447
77.25    0.244520547945
77.375    0.244188459942
77.5    0.241614777916
77.625    0.241718555417
77.75    0.23696554587
77.875    0.241427978414
78.0    0.236135325861
78.125    0.236612702366
78.25    0.237069323371
78.375    0.232710668327
78.5    0.243939393939
78.625    0.243939393939
78.75    0.244229970942
78.875    0.244250726443
79.0    0.22401411374
79.125    0.22401411374
79.25    0.22401411374
79.375    0.225757575758
79.5    0.239331672893
79.625    0.244312992943
79.75    0.243814860938
79.875    0.24404317144
80.0    0.245143212951
80.125    0.246554586966
80.25    0.243731838937
80.375    0.24404317144
80.5    0.238542963885
80.625    0.240265670403
80.75    0.240182648402
80.875    0.239746782897
81.0    0.219738480697
81.125    0.223349937734
81.25    0.220319634703
81.375    0.221253632213
81.5    0.242590286426
81.625    0.242403486924
81.75    0.251681195517
81.875    0.255479452055
82.0    0.234350352844
82.125    0.246243254462
82.25    0.232606890826
82.375    0.23599003736
82.5    0.222374429224
82.625    0.222872561229
82.75    0.227625570776
82.875    0.227501037775
83.0    0.220859277709
83.125    0.2200290577
83.25    0.220174346202
83.375    0.220547945205
83.5    0.235325861353
83.625    0.235325861353
83.75    0.23702781237
83.875    0.232420091324
84.0    0.235512660855
84.125    0.235512660855
84.25    0.234371108344
84.375    0.234371108344
84.5    0.223163138232
84.625    0.223163138232
84.75    0.222519717725
84.875    0.25498132005
85.0    0.220527189705
85.125    0.226131174761
85.25    0.226131174761
85.375    0.226131174761
85.5    0.227293482773
85.625    0.220506434205
85.75    0.240078870901
85.875    0.243690327937
86.0    0.240743046907
86.125    0.237090078871
86.25    0.217227065172
86.375    0.227314238273
86.5    0.243295973433
86.625    0.243420506434
86.75    0.237380655874
86.875    0.239207139892
87.0    0.240307181403
87.125    0.24402241594
87.25    0.240535491905
87.375    0.240535491905
87.5    0.24404317144
87.625    0.24404317144
87.75    0.24404317144
87.875    0.24298464093
88.0    0.229555832296
88.125    0.231465338315
88.25    0.225487754255
88.375    0.224927355749
88.5    0.248215026982
88.625    0.248173515982
88.75    0.248256537983
88.875    0.244894146949
89.0    0.243378995434
89.125    0.239829804898
89.25    0.226587795766
89.375    0.243503528435
89.5    0.227189705272
89.625    0.227085927771
89.75    0.227189705272
89.875    0.227189705272
90.0    0.232067247821
90.125    0.23401826484
90.25    0.232503113325
90.375    0.232835201328
90.5    0.227272727273
90.625    0.228518057285
90.75    0.227459526775
90.875    0.227168949772
91.0    0.233520132835
91.125    0.235325861353
91.25    0.231444582814
91.375    0.235118306351
91.5    0.246575342466
91.625    0.246513075965
91.75    0.245931921959
91.875    0.232606890826
92.0    0.229348277293
92.125    0.229348277293
92.25    0.228289746783
92.375    0.228289746783
92.5    0.240660024907
92.625    0.2400166044
92.75    0.2400373599
92.875    0.240348692403
93.0    0.222706517227
93.125    0.231755915318
93.25    0.240597758406
93.375    0.24103362391
93.5    0.232295558323
93.625    0.232171025322
93.75    0.234703196347
93.875    0.234640929846
94.0    0.225321710253
94.125    0.225778331258
94.25    0.225716064757
94.375    0.225840597758
94.5    0.222665006227
94.625    0.231672893317
94.75    0.231672893317
94.875    0.222581984226
95.0    0.231361560814
95.125    0.232689912827
95.25    0.232793690328
95.375    0.231237027812
95.5    0.248526359485
95.625    0.248920713989
95.75    0.230635118306
95.875    0.231589871316
96.0    0.235076795351
96.125    0.221814030718
96.25    0.235388127854
96.375    0.2300332088
96.5    0.243877127439
96.625    0.234246575342
96.75    0.234827729348
96.875    0.234412619344
97.0    0.244167704442
97.125    0.240244914902
97.25    0.240244914902
97.375    0.240182648402
97.5    0.234163553342
97.625    0.234163553342
97.75    0.26201743462
97.875    0.26201743462
98.0    0.254794520548
98.125    0.236820257368
98.25    0.23702781237
98.375    0.232710668327
98.5    0.215940224159
98.625    0.224782067248
98.75    0.225383976754
98.875    0.225446243254
99.0    0.227770859278
99.125    0.23198422582
99.25    0.22795765878
99.375    0.227687837277
99.5    0.236156081362
99.625    0.235595682856
99.75    0.235865504359
99.875    0.23399750934
100.0    0.23499377335
100.125    0.234744707347
100.25    0.234620174346
100.375    0.23503528435
100.5    0.23503528435
100.625    0.237629721876
100.75    0.237629721876
100.875    0.237629721876
101.0    0.230718140307
101.125    0.230344541303
101.25    0.230531340805
101.375    0.23397675384
101.5    0.225861353259
101.625    0.225944375259
101.75    0.225944375259
101.875    0.225944375259
102.0    0.238231631382
102.125    0.238231631382
102.25    0.237525944375
102.375    0.237525944375
102.5    0.246948941469
102.625    0.229265255293
102.75    0.228725612287
102.875    0.238086342881
103.0    0.224885844749
103.125    0.224885844749
103.25    0.224885844749
103.375    0.224429223744
103.5    0.238688252387
103.625    0.238688252387
103.75    0.238688252387
103.875    0.239331672893
104.0    0.231921959319
104.125    0.232337069323
104.25    0.232337069323
104.375    0.233561643836
104.5    0.238418430884
104.625    0.239767538398
104.75    0.239705271897
104.875    0.243378995434
105.0    0.235678704857
105.125    0.238646741386
105.25    0.238646741386
105.375    0.239290161893
105.5    0.24404317144
105.625    0.249273557493
105.75    0.243939393939
105.875    0.245371523454
106.0    0.231403071814
106.125    0.232295558323
106.25    0.232378580324
106.375    0.232565379826
106.5    0.256454960565
106.625    0.256392694064
106.75    0.25697384807
106.875    0.243295973433
107.0    0.24499792445
107.125    0.250166044002
107.25    0.250207555002
107.375    0.246907430469
107.5    0.244499792445
107.625    0.244811124948
107.75    0.245786633458
107.875    0.24495641345
108.0    0.247218762972
108.125    0.256122872561
108.25    0.247509339975
108.375    0.247737650477
108.5    0.243482772935
108.625    0.234723951847
108.75    0.234537152345
108.875    0.238418430884
109.0    0.235637193856
109.125    0.235471149855
109.25    0.236633457866
109.375    0.237318389373
109.5    0.237173100872
109.625    0.238875051889
109.75    0.238875051889
109.875    0.238875051889
110.0    0.248609381486
110.125    0.251245330012
110.25    0.250850975508
110.375    0.233250311332
110.5    0.247841427978
110.625    0.247447073474
110.75    0.251494396015
110.875    0.234101286841
111.0    0.250435865504
111.125    0.251452885015
111.25    0.24696969697
111.375    0.244603569946
111.5    0.235657949357
111.625    0.235637193856
111.75    0.235305105853
111.875    0.235305105853
112.0    0.237712743877
112.125    0.236508924865
112.25    0.236529680365
112.375    0.236322125363
112.5    0.240535491905
112.625    0.222789539228
112.75    0.223515981735
112.875    0.224304690743
113.0    0.243877127439
113.125    0.245620589456
113.25    0.245890410959
113.375    0.245392278954
113.5    0.242216687422
113.625    0.24196762142
113.75    0.243711083437
113.875    0.243212951432
114.0    0.239559983396
114.125    0.239207139892
114.25    0.236799501868
114.375    0.239290161893
114.5    0.220485678705
114.625    0.245330012453
114.75    0.244665836447
114.875    0.244541303445
115.0    0.244707347447
115.125    0.244894146949
115.25    0.245724366957
115.375    0.250145288501
115.5    0.235180572852
115.625    0.233457866335
115.75    0.235097550851
115.875    0.234661685347
116.0    0.24497716895
116.125    0.24701120797
116.25    0.246782897468
116.375    0.242694063927
116.5    0.236508924865
116.625    0.236508924865
116.75    0.24103362391
116.875    0.241282689913
117.0    0.233686176837
117.125    0.23401826484
117.25    0.235076795351
117.375    0.235782482358
117.5    0.234122042341
117.625    0.233540888335
117.75    0.233893731839
117.875    0.234142797841
118.0    0.250103777501
118.125    0.250830220008
118.25    0.24595267746
118.375    0.24603569946
118.5    0.236820257368
118.625    0.237276878373
118.75    0.233105022831
118.875    0.233582399336
119.0    0.240597758406
119.125    0.237090078871
119.25    0.236799501868
119.375    0.236799501868
120.0    0.231548360315
120.125    0.231838937318
120.25    0.234391863844
120.375    0.246139476961
120.5    0.240888335409
120.625    0.240286425903
120.75    0.24103362391
120.875    0.240161892902
121.0    0.232357824824
121.125    0.232440846824
121.25    0.233146533831
121.375    0.232544624325
121.5    0.246803652968
121.625    0.247094229971
121.75    0.222623495226
121.875    0.246575342466
122.0    0.235305105853
122.125    0.235927770859
122.25    0.239310917393
122.375    0.244728102947
122.5    0.250933997509
122.625    0.237401411374
122.75    0.250352843504
122.875    0.246782897468
123.0    0.246201743462
123.125    0.238895807389
123.25    0.233582399336
123.375    0.233582399336
123.5    0.233831465338
123.625    0.235097550851
123.75    0.236218347862
123.875    0.213823163138
124.0    0.241095890411
124.125    0.237193856372
124.25    0.240909090909
124.375    0.24302615193
124.5    0.231382316314
124.625    0.247114985471
124.75    0.23802407638
124.875    0.233540888335
125.0    0.240805313408
125.125    0.23202573682
125.25    0.231921959319
125.375    0.23196347032
125.5    0.24802822748
125.625    0.24802822748
125.75    0.247716894977
125.875    0.247716894977
126.0    0.240182648402
126.125    0.238563719386
126.25    0.240058115401
126.375    0.240058115401
126.5    0.244458281445
126.625    0.235222083852
126.75    0.229099211291
126.875    0.242569530926
127.0    0.241677044417
127.125    0.241884599419
127.25    0.243897882939
127.375    0.244271481943
127.5    0.214176006642
127.625    0.218929016189
127.75    0.215089248651
127.875    0.23804483188
128.0    0.229763387298
128.125    0.230863428809
128.25    0.230448318804
128.375    0.230884184309
128.5    0.231195516812
128.625    0.231195516812
128.75    0.249377334994
128.875    0.230614362806
129.0    0.246450809465
129.125    0.248401826484
129.25    0.243524283935
129.375    0.243358239934
129.5    0.241075134911
129.625    0.240639269406
129.75    0.24302615193
129.875    0.24304690743
130.0    0.215608136156
130.125    0.215213781652
130.25    0.22403486924
130.375    0.219634703196
130.5    0.224885844749
130.625    0.224885844749
130.75    0.224138646741
130.875    0.22501037775
131.0    0.239518472395
131.125    0.24095060191
131.25    0.238542963885
131.375    0.223827314238
131.5    0.229223744292
131.625    0.231070983811
131.75    0.209173931092
131.875    0.213283520133
132.0    0.227168949772
132.125    0.227168949772
132.25    0.228393524284
132.375    0.243254462433
132.5    0.234661685347
132.625    0.235118306351
132.75    0.235139061851
132.875    0.234931506849
133.0    0.238501452885
133.125    0.238667496887
133.25    0.238667496887
133.375    0.238729763387
133.5    0.238376919884
133.625    0.238646741386
133.75    0.234474885845
133.875    0.23497301785
134.0    0.20701535907
134.125    0.211270236613
134.25    0.234578663346
134.375    0.215670402657
134.5    0.241095890411
134.625    0.241158156912
134.75    0.240909090909
134.875    0.240743046907
135.0    0.225466998755
135.125    0.23497301785
135.25    0.234682440847
135.375    0.234723951847
135.5    0.235595682856
135.625    0.220900788709
135.75    0.222644250726
135.875    0.222644250726
136.0    0.240784557908
136.125    0.240577002906
136.25    0.240577002906
136.375    0.24196762142
136.5    0.252490660025
136.625    0.252573682026
136.75    0.239124117891
136.875    0.243545039435
137.0    0.232544624325
137.125    0.234288086343
137.25    0.233520132835
137.375    0.22897467829
137.5    0.224242424242
137.625    0.220713989207
137.75    0.22100456621
137.875    0.22100456621
138.0    0.219406392694
138.125    0.228684101287
138.25    0.233146533831
138.375    0.232523868825
138.5    0.230697384807
138.625    0.235242839352
138.75    0.234205064342
138.875    0.234765462848
139.0    0.228476546285
139.125    0.223619759236
139.25    0.228102947281
139.375    0.224138646741
139.5    0.223163138232
139.625    0.223744292237
139.75    0.223868825239
139.875    0.224325446243
140.0    0.240161892902
140.125    0.237152345372
140.25    0.236508924865
140.375    0.23800332088
140.5    0.220153590702
140.625    0.239559983396
140.75    0.225923619759
140.875    0.225508509755
141.0    0.224138646741
141.125    0.245330012453
141.25    0.218202573682
141.375    0.219738480697
141.5    0.2399958489
141.625    0.243648816936
141.75    0.244458281445
141.875    0.243648816936
142.0    0.23599003736
142.125    0.236446658364
142.25    0.236757990868
142.375    0.236757990868
142.5    0.21100041511
142.625    0.211228725612
142.75    0.212536322125
142.875    0.215483603155
143.0    0.246513075965
143.125    0.246430053964
143.25    0.24603569946
143.375    0.245205479452
143.5    0.235429638854
143.625    0.236924034869
143.75    0.237505188875
143.875    0.237505188875
144.0    0.208156911582
144.125    0.208156911582
144.25    0.208302200083
144.375    0.235429638854
144.5    0.23696554587
144.625    0.237442922374
144.75    0.232897467829
144.875    0.232420091324
145.0    0.21500622665
145.125    0.214923204649
145.25    0.219468659195
145.375    0.238065587381
145.5    0.240224159402
145.625    0.240473225405
145.75    0.240556247406
145.875    0.241116645911
146.0    0.214279784143
146.125    0.213906185139
146.25    0.220070568701
146.375    0.219696969697
146.5    0.232212536322
146.625    0.232440846824
146.75    0.232461602325
146.875    0.232814445828
147.0    0.219468659195
147.125    0.237650477377
147.25    0.227708592777
147.375    0.227189705272
147.5    0.234703196347
147.625    0.234703196347
147.75    0.234703196347
147.875    0.234267330843
148.0    0.242507264425
148.125    0.233706932337
148.25    0.233540888335
148.375    0.228165213782
148.5    0.222374429224
148.625    0.227459526775
148.75    0.236924034869
148.875    0.237235367372
149.0    0.22503113325
149.125    0.225238688252
149.25    0.225861353259
149.375    0.241220423412
149.5    0.250664176007
149.625    0.251349107513
149.75    0.219530925695
149.875    0.219572436696
150.0    0.222478206725
150.125    0.222851805729
150.25    0.219053549191
150.375    0.223536737235
150.5    0.249481112495
150.625    0.247094229971
150.75    0.22596513076
150.875    0.22604815276
151.0    0.224470734745
151.125    0.224429223744
151.25    0.224429223744
151.375    0.224076380241
151.5    0.21498547115
151.625    0.215172270652
151.75    0.216500622665
151.875    0.22602739726
152.0    0.234059775841
152.125    0.232316313823
152.25    0.234059775841
152.375    0.234059775841
152.5    0.222602739726
152.625    0.218617683686
152.75    0.219447903694
152.875    0.219613947696
153.0    0.223100871731
153.125    0.223080116231
153.25    0.222478206725
153.375    0.232067247821
153.5    0.235097550851
153.625    0.233686176837
153.75    0.235222083852
153.875    0.235263594853
154.0    0.233229555832
154.125    0.233229555832
154.25    0.233810709838
154.375    0.233540888335
154.5    0.241075134911
154.625    0.241490244915
154.75    0.241490244915
154.875    0.237256122873
155.0    0.238895807389
155.125    0.238895807389
155.25    0.239103362391
155.375    0.22104607721
155.5    0.228476546285
155.625    0.228476546285
155.75    0.224719800747
155.875    0.221087588211
156.0    0.240369447904
156.125    0.240369447904
156.25    0.240369447904
156.375    0.240369447904
156.5    0.224782067248
156.625    0.225155666252
156.75    0.227314238273
156.875    0.222768783728
157.0    0.226234952262
157.125    0.25201328352
157.25    0.252407638024
157.375    0.253113325031
157.5    0.228476546285
157.625    0.22804068078
157.75    0.22895392279
157.875    0.224366957244
158.0    0.235740971357
158.125    0.212557077626
158.25    0.217932752179
158.375    0.241116645911
158.5    0.237214611872
158.625    0.235616438356
158.75    0.237359900374
158.875    0.237380655874
159.0    0.228642590286
159.125    0.230552096306
159.25    0.233229555832
159.375    0.22895392279
159.5    0.23704856787
159.625    0.237359900374
159.75    0.223246160232
159.875    0.237754254878
160.0    0.218410128684
160.125    0.218410128684
160.25    0.218638439186
160.375    0.219759236198
160.5    0.21699875467
160.625    0.21695724367
160.75    0.217164798672
160.875    0.216791199668
161.0    0.238771274388
161.125    0.237816521378
161.25    0.238439186384
161.375    0.238252386883
161.5    0.223889580739
161.625    0.223889580739
161.75    0.223889580739
161.875    0.223889580739
162.0    0.227334993773
162.125    0.227376504774
162.25    0.227791614778
162.375    0.227791614778
162.5    0.220859277709
162.625    0.220755500208
162.75    0.221232876712
162.875    0.2200498132
163.0    0.224699045247
163.125    0.253175591532
163.25    0.25199252802
163.375    0.251618929016
163.5    0.240763802408
163.625    0.240307181403
163.75    0.239207139892
163.875    0.237878787879
164.0    0.240058115401
164.125    0.240058115401
164.25    0.240120381901
164.375    0.238750518887
164.5    0.224221668742
164.625    0.223142382731
164.75    0.223910336239
164.875    0.222665006227
165.0    0.22102532171
165.125    0.22100456621
165.25    0.221606475716
165.375    0.221647986716
165.5    0.22903694479
165.625    0.229099211291
165.75    0.229825653798
165.875    0.230510585305
166.0    0.222748028227
166.125    0.222457451225
166.25    0.245350767953
166.375    0.229244499792
166.5    0.231133250311
166.625    0.22204234122
166.75    0.22204234122
166.875    0.231299294313
167.0    0.218347862183
167.125    0.218347862183
167.25    0.218347862183
167.375    0.219551681196
167.5    0.227625570776
167.625    0.227251971773
167.75    0.225778331258
167.875    0.225363221254
168.0    0.242548775425
168.125    0.242548775425
168.25    0.251639684516
168.375    0.251639684516
168.5    0.221523453715
168.625    0.221523453715
168.75    0.22202158572
168.875    0.221315898713
169.0    0.241490244915
169.125    0.228704856787
169.25    0.242756330428
169.375    0.224616023246
169.5    0.227936903279
169.625    0.228102947281
169.75    0.228663345787
169.875    0.223806558738
170.0    0.222436695724
170.125    0.224200913242
170.25    0.222851805729
170.375    0.224823578248
170.5    0.231548360315
170.625    0.231237027812
170.75    0.231735159817
170.875    0.231838937318
171.0    0.223080116231
171.125    0.223080116231
171.25    0.223080116231
171.375    0.222561228726
171.5    0.229638854296
171.625    0.229431299294
171.75    0.229286010793
171.875    0.229950186799
172.0    0.222893316729
172.125    0.223827314238
172.25    0.224429223744
172.375    0.224221668742
172.5    0.23098796181
172.625    0.231237027812
172.75    0.231195516812
172.875    0.231195516812
173.0    0.228435035284
173.125    0.227853881279
173.25    0.229119966791
173.375    0.229119966791
173.5    0.220444167704
173.625    0.220444167704
173.75    0.220381901204
173.875    0.220402656704
174.0    0.229887920299
174.125    0.211519302615
174.25    0.215504358655
174.375    0.221336654213
174.5    0.226774595268
174.625    0.226774595268
174.75    0.227646326276
174.875    0.227646326276
175.0    0.229701120797
175.125    0.229742631797
175.25    0.229742631797
175.375    0.232482357825
175.5    0.248796180988
175.625    0.248796180988
175.75    0.235097550851
175.875    0.235097550851
176.0    0.231921959319
176.125    0.23200498132
176.25    0.23200498132
176.375    0.23200498132
176.5    0.228497301785
176.625    0.229265255293
176.75    0.229597343296
176.875    0.228933167289
177.0    0.238459941885
177.125    0.225197177252
177.25    0.216811955168
177.375    0.216936488169
177.5    0.225902864259
177.625    0.225902864259
177.75    0.225902864259
177.875    0.225902864259
178.0    0.239061851391
178.125    0.239061851391
178.25    0.239497716895
178.375    0.2399958489
178.5    0.223495226235
178.625    0.21894977169
178.75    0.214632627646
178.875    0.21504773765
179.0    0.221585720216
179.125    0.222519717725
179.25    0.221938563719
179.375    0.22204234122
180.0    0.228912411789
180.125    0.228663345787
180.25    0.224616023246
180.375    0.224117891241
180.5    0.23495226235
180.625    0.23495226235
180.75    0.234931506849
180.875    0.234931506849
181.0    0.235491905355
181.125    0.235907015359
181.25    0.237193856372
181.375    0.237193856372
181.5    0.228414279784
181.625    0.205687007057
181.75    0.210170195102
181.875    0.219261104193
182.0    0.227418015774
182.125    0.227418015774
182.25    0.218327106683
182.375    0.227791614778
182.5    0.225404732254
182.625    0.238335408883
182.75    0.239518472395
182.875    0.235263594853
183.0    0.235740971357
183.125    0.217600664176
183.25    0.219385637194
183.375    0.219447903694
183.5    0.233374844334
183.625    0.232191780822
183.75    0.232191780822
183.875    0.232295558323
184.0    0.231921959319
184.125    0.232233291822
184.25    0.232233291822
184.375    0.227687837277
184.5    0.220257368203
184.625    0.220257368203
184.75    0.220257368203
184.875    0.220713989207
185.0    0.236425902864
185.125    0.236322125363
185.25    0.234557907846
185.375    0.237173100872
185.5    0.217911996679
185.625    0.218596928186
185.75    0.218866749689
185.875    0.218389373184
186.0    0.226421751764
186.125    0.226546284765
186.25    0.227148194271
186.375    0.227148194271
186.5    0.229493565795
186.625    0.231237027812
186.75    0.231776670818
186.875    0.232897467829
187.0    0.234474885845
187.125    0.234371108344
187.25    0.233499377335
187.375    0.233706932337
187.5    0.228185969282
187.625    0.227397260274
187.75    0.227397260274
187.875    0.227293482773
188.0    0.230863428809
188.125    0.222166874222
188.25    0.222353673724
188.375    0.222249896222
188.5    0.234620174346
188.625    0.234661685347
188.75    0.234661685347
188.875    0.234661685347
189.0    0.206454960565
189.125    0.206454960565
189.25    0.216459111665
189.375    0.215545869655
189.5    0.232357824824
189.625    0.232357824824
189.75    0.223266915733
189.875    0.22303860523
190.0    0.225446243254
190.125    0.221502698215
190.25    0.221502698215
190.375    0.221523453715
190.5    0.233167289332
190.625    0.235076795351
190.75    0.234412619344
190.875    0.233789954338
191.0    0.235263594853
191.125    0.235118306351
191.25    0.235118306351
191.375    0.235118306351
191.5    0.222519717725
191.625    0.22299709423
191.75    0.22299709423
191.875    0.223080116231
192.0    0.232440846824
192.125    0.231486093815
192.25    0.231942714819
192.375    0.231942714819
192.5    0.240888335409
192.625    0.24103362391
192.75    0.227542548775
192.875    0.227563304276
193.0    0.227916147779
193.125    0.227936903279
193.25    0.228206724782
193.375    0.241511000415
193.5    0.228455790785
193.625    0.228829389788
193.75    0.228829389788
193.875    0.228829389788
194.0    0.226380240764
194.125    0.232067247821
194.25    0.232565379826
194.375    0.22698215027
194.5    0.222436695724
194.625    0.223246160232
194.75    0.223246160232
194.875    0.222478206725
195.0    0.234205064342
195.125    0.225114155251
195.25    0.225114155251
195.375    0.228912411789
195.5    0.229846409298
195.625    0.229846409298
195.75    0.229721876297
195.875    0.229618098796
196.0    0.235491905355
196.125    0.236322125363
196.25    0.236218347862
196.375    0.222581984226
196.5    0.226442507264
196.625    0.22596513076
196.75    0.222561228726
196.875    0.222519717725
197.0    0.234848484848
197.125    0.23495226235
197.25    0.233727687837
197.375    0.233810709838
197.5    0.228144458281
197.625    0.233395599834
197.75    0.228850145289
197.875    0.224325446243
198.0    0.236841012868
198.125    0.23696554587
198.25    0.23704856787
198.375    0.23704856787
198.5    0.224138646741
198.625    0.224657534247
198.75    0.224138646741
198.875    0.215255292653
199.0    0.230510585305
199.125    0.225861353259
199.25    0.221315898713
199.375    0.221315898713
199.5    0.228268991283
199.625    0.228331257783
199.75    0.228808634288
199.875    0.228808634288
200.0    0.232814445828
200.125    0.233354088834
200.25    0.210626816106
200.375    0.210626816106
200.5    0.224387712744
200.625    0.242611041926
200.75    0.238065587381
200.875    0.256185139062
201.0    0.226400996264
201.125    0.226400996264
201.25    0.19904524699
201.375    0.230863428809
201.5    0.242652552927
201.625    0.238107098381
201.75    0.22901618929
201.875    0.229514321295
202.0    0.228767123288
202.125    0.228870900789
202.25    0.228746367787
202.375    0.228870900789
202.5    0.229950186799
202.625    0.229950186799
202.75    0.229950186799
202.875    0.229950186799
203.0    0.227168949772
203.125    0.227397260274
203.25    0.227397260274
203.375    0.227106683271
203.5    0.231755915318
203.625    0.232233291822
203.75    0.232191780822
203.875    0.232233291822
204.0    0.22303860523
204.125    0.227584059776
204.25    0.213947696139
204.375    0.213947696139
204.5    0.237090078871
204.625    0.237712743877
204.75    0.237712743877
204.875    0.237712743877
205.0    0.225902864259
205.125    0.225799086758
205.25    0.224595267746
205.375    0.220174346202
205.5    0.222727272727
205.625    0.224180157742
205.75    0.222644250726
205.875    0.222291407223
206.0    0.228580323786
206.125    0.228580323786
206.25    0.228497301785
206.375    0.228289746783
206.5    0.234786218348
206.625    0.225695309257
206.75    0.225695309257
206.875    0.225695309257
207.0    0.226899128269
207.125    0.226795350768
207.25    0.226795350768
207.375    0.226691573267
207.5    0.231154005812
207.625    0.231154005812
207.75    0.231548360315
207.875    0.233520132835
208.0    0.219634703196
208.125    0.220070568701
208.25    0.220070568701
208.375    0.220070568701
208.5    0.223059360731
208.625    0.223059360731
208.75    0.223059360731
208.875    0.236695724367
209.0    0.229867164799
209.125    0.2299916978
209.25    0.207264425073
209.375    0.208675799087
209.5    0.224263179743
209.625    0.224263179743
209.75    0.222374429224
209.875    0.222374429224
210.0    0.232420091324
210.125    0.232420091324
210.25    0.209692818597
210.375    0.228082191781
210.5    0.224470734745
210.625    0.22901618929
210.75    0.22901618929
210.875    0.219925280199
211.0    0.216583644666
211.125    0.216583644666
211.25    0.216832710668
211.375    0.21697799917
211.5    0.21704026567
211.625    0.216811955168
211.75    0.217268576173
211.875    0.216770444168
212.0    0.217372353674
212.125    0.21797426318
212.25    0.21797426318
212.375    0.21797426318
212.5    0.215442092154
212.625    0.215442092154
212.75    0.215442092154
212.875    0.215151515152
213.0    0.227625570776
213.125    0.228061436281
213.25    0.231776670818
213.375    0.232503113325
213.5    0.233416355334
213.625    0.220713989207
213.75    0.219759236198
213.875    0.219759236198
214.0    0.213491075135
214.125    0.213491075135
214.25    0.211934412619
214.375    0.211415525114
214.5    0.216147779161
214.625    0.215296803653
214.75    0.215359070154
214.875    0.215379825654
215.0    0.234557907846
215.125    0.234931506849
215.25    0.234350352844
215.375    0.23395599834
215.5    0.235595682856
215.625    0.22195931922
215.75    0.218493150685
215.875    0.221793275218
216.0    0.217683686177
216.125    0.235388127854
216.25    0.235388127854
216.375    0.217061021171
216.5    0.209526774595
216.625    0.209692818597
216.75    0.209692818597
216.875    0.209692818597
217.0    0.229431299294
217.125    0.229431299294
217.25    0.229431299294
217.375    0.229431299294
217.5    0.220402656704
217.625    0.220402656704
217.75    0.219717725197
217.875    0.219717725197
218.0    0.215691158157
218.125    0.215691158157
218.25    0.219302615193
218.375    0.220485678705
218.5    0.217496886675
218.625    0.217725197177
218.75    0.217247820672
218.875    0.217247820672
219.0    0.214528850145
219.125    0.214528850145
219.25    0.214611872146
219.375    0.214881693649
219.5    0.222810294728
219.625    0.222810294728
219.75    0.223246160232
219.875    0.223246160232
220.0    0.220423412204
220.125    0.220464923205
220.25    0.217123287671
220.375    0.216272312163
220.5    0.219385637194
220.625    0.215753424658
220.75    0.233935242839
220.875    0.219302615193
221.0    0.21502698215
221.125    0.214757160648
221.25    0.21500622665
221.375    0.21502698215
221.5    0.196803652968
221.625    0.22100456621
221.75    0.220859277709
221.875    0.22100456621
222.0    0.223515981735
222.125    0.223515981735
222.25    0.223599003736
222.375    0.223599003736
222.5    0.239871315899
222.625    0.23596928186
222.75    0.231465338315
222.875    0.230655873807
223.0    0.22303860523
223.125    0.223266915733
223.25    0.223432959734
223.375    0.224097135741
223.5    0.209111664591
223.625    0.209111664591
223.75    0.209111664591
223.875    0.209194686592
224.0    0.21897052719
224.125    0.21897052719
224.25    0.218825238688
224.375    0.218908260689
224.5    0.215462847655
224.625    0.215462847655
224.75    0.215462847655
224.875    0.215462847655
225.0    0.227936903279
225.125    0.227936903279
225.25    0.227936903279
225.375    0.227936903279
225.5    0.211228725612
225.625    0.211228725612
225.75    0.211228725612
225.875    0.212411789124
226.0    0.237214611872
226.125    0.21903279369
226.25    0.232523868825
226.375    0.214653383147
226.5    0.226089663761
226.625    0.226089663761
226.75    0.226691573267
226.875    0.226774595268
227.0    0.246118721461
227.125    0.242092154421
227.25    0.24198837692
227.375    0.24198837692
227.5    0.224865089249
227.625    0.224865089249
227.75    0.225051888751
227.875    0.225051888751
228.0    0.225612287256
228.125    0.225612287256
228.25    0.225612287256
228.375    0.225612287256
228.5    0.217621419676
228.625    0.217621419676
228.75    0.216832710668
228.875    0.216708177667
229.0    0.210855126609
229.125    0.211394769614
229.25    0.211394769614
229.375    0.211436280614
229.5    0.189809049398
229.625    0.191822332918
229.75    0.21903279369
229.875    0.217144043171
230.0    0.227521793275
230.125    0.218430884184
230.25    0.218866749689
230.375    0.218866749689
230.5    0.22301784973
230.625    0.223391448734
230.75    0.22397260274
230.875    0.224055624741
231.0    0.220298879203
231.125    0.215296803653
231.25    0.215898713159
231.375    0.216272312163
231.5    0.22295558323
231.625    0.22295558323
231.75    0.218410128684
231.875    0.218306351183
232.0    0.214840182648
232.125    0.219344126193
232.25    0.219344126193
232.375    0.219447903694
232.5    0.219572436696
232.625    0.219198837692
232.75    0.219364881694
232.875    0.224927355749
233.0    0.226795350768
233.125    0.226795350768
233.25    0.226608551266
233.375    0.226608551266
233.5    0.228933167289
233.625    0.228933167289
233.75    0.219842258198
233.875    0.210751349108
234.0    0.211913657119
234.125    0.211457036115
234.25    0.211477791615
234.375    0.211477791615
234.5    0.229804898298
234.625    0.230406807804
234.75    0.230406807804
234.875    0.230136986301
235.0    0.225861353259
235.125    0.226463262765
235.25    0.226463262765
235.375    0.226359485264
235.5    0.222581984226
235.625    0.222581984226
235.75    0.225238688252
235.875    0.219302615193
236.0    0.221834786218
236.125    0.222083852221
236.25    0.224221668742
236.375    0.224221668742
236.5    0.216770444168
236.625    0.216770444168
236.75    0.216770444168
236.875    0.212370278124
237.0    0.227625570776
237.125    0.227625570776
237.25    0.227874636779
237.375    0.227334993773
237.5    0.210772104608
237.625    0.210772104608
237.75    0.205749273558
237.875    0.210626816106
238.0    0.224948111249
238.125    0.224844333748
238.25    0.224844333748
238.375    0.223204649232
238.5    0.225197177252
238.625    0.225176421752
238.75    0.225321710253
238.875    0.216210045662
239.0    0.223121627231
239.125    0.216396845164
239.25    0.220942299709
239.375    0.221315898713
240.0    0.226857617269
240.125    0.226857617269
240.25    0.226857617269
240.375    0.226442507264
240.5    0.233603154836
240.625    0.233603154836
240.75    0.232129514321
240.875    0.232855956829
241.0    0.222457451225
241.125    0.222249896222
241.25    0.222083852221
241.375    0.222083852221
241.5    0.225882108759
241.625    0.22600664176
241.75    0.22600664176
241.875    0.198733914487
242.0    0.220091324201
242.125    0.220091324201
242.25    0.219821502698
242.375    0.219904524699
242.5    0.211602324616
242.625    0.211726857617
242.75    0.211726857617
242.875    0.211726857617
243.0    0.235222083852
243.125    0.235139061851
243.25    0.235408883354
243.375    0.221398920714
243.5    0.214383561644
243.625    0.214591116646
243.75    0.214591116646
243.875    0.214591116646
244.0    0.219281859693
244.125    0.219074304691
244.25    0.21897052719
244.375    0.220112079701
244.5    0.218244084682
244.625    0.218285595683
244.75    0.216936488169
244.875    0.216936488169
245.0    0.220776255708
245.125    0.215483603155
245.25    0.215483603155
245.375    0.211706102117
245.5    0.22200083022
245.625    0.221087588211
245.75    0.221087588211
245.875    0.221087588211
246.0    0.225695309257
246.125    0.225840597758
246.25    0.22503113325
246.375    0.224927355749
246.5    0.224553756746
246.625    0.224553756746
246.75    0.202781237028
246.875    0.202781237028
247.0    0.221129099211
247.125    0.221129099211
247.25    0.221129099211
247.375    0.221129099211
247.5    0.223495226235
247.625    0.223495226235
247.75    0.221544209215
247.875    0.223287671233
248.0    0.213387297634
248.125    0.213428808634
248.25    0.213428808634
248.375    0.213428808634
248.5    0.220880033209
248.625    0.220880033209
248.75    0.220880033209
248.875    0.220880033209
249.0    0.224283935243
249.125    0.224595267746
249.25    0.224512245745
249.375    0.224512245745
249.5    0.224180157742
249.625    0.224180157742
249.75    0.228829389788
249.875    0.223370693234
250.0    0.2199875467
250.125    0.206475716065
250.25    0.206475716065
250.375    0.206766293068
250.5    0.233354088834
250.625    0.228289746783
250.75    0.22899543379
250.875    0.22903694479
251.0    0.226546284765
251.125    0.226546284765
251.25    0.226546284765
251.375    0.226234952262
251.5    0.220381901204
251.625    0.220298879203
251.75    0.219863013699
251.875    0.220153590702
252.0    0.214404317144
252.125    0.214404317144
252.25    0.214404317144
252.375    0.214404317144
252.5    0.226338729763
252.625    0.212536322125
252.75    0.212640099626
252.875    0.221731008717
253.0    0.223121627231
253.125    0.21403071814
253.25    0.21403071814
253.375    0.214300539643
253.5    0.197820672478
253.625    0.217123287671
253.75    0.217123287671
253.875    0.217123287671
254.0    0.219406392694
254.125    0.219406392694
254.25    0.219406392694
254.375    0.219406392694
254.5    0.220464923205
254.625    0.221378165214
254.75    0.221378165214
254.875    0.212619344126
255.0    0.22602739726
255.125    0.22602739726
255.25    0.226172685762
255.375    0.225653798257
255.5    0.214923204649
255.625    0.214923204649
255.75    0.215172270652
255.875    0.215172270652
256.0    0.220381901204
256.125    0.219925280199
256.25    0.219427148194
256.375    0.220132835201
256.5    0.229348277293
256.625    0.229348277293
256.75    0.229389788294
256.875    0.233665421337
257.0    0.225238688252
257.125    0.197945205479
257.25    0.220672478207
257.375    0.234308841843
257.5    0.220381901204
257.625    0.219821502698
257.75    0.219821502698
257.875    0.219406392694
258.0    0.22096305521
258.125    0.22096305521
258.25    0.22096305521
258.375    0.211872146119
258.5    0.188916562889
258.625    0.216313823163
258.75    0.233582399336
258.875    0.233416355334
259.0    0.230095475301
259.125    0.231838937318
259.25    0.231838937318
259.375    0.230572851806
259.5    0.217496886675
259.625    0.217496886675
259.75    0.217496886675
259.875    0.217808219178
260.0    0.227065172271
260.125    0.226463262765
260.25    0.226463262765
260.375    0.226463262765
260.5    0.225176421752
260.625    0.225280199253
260.75    0.225280199253
260.875    0.225217932752
261.0    0.212909921129
261.125    0.212909921129
261.25    0.211913657119
261.375    0.212308011623
261.5    0.223723536737
261.625    0.223287671233
261.75    0.226899128269
261.875    0.213885429639
262.0    0.220651722707
262.125    0.219717725197
262.25    0.218347862183
262.375    0.217766708178
262.5    0.228227480282
262.625    0.228206724782
262.75    0.229244499792
262.875    0.228580323786
263.0    0.220672478207
263.125    0.223827314238
263.25    0.223453715235
263.375    0.223827314238
263.5    0.221689497717
263.625    0.221689497717
263.75    0.217144043171
263.875    0.207534246575
264.0    0.222457451225
264.125    0.223640514736
264.25    0.223682025737
264.375    0.225550020756
264.5    0.216272312163
264.625    0.217351598174
264.75    0.217351598174
264.875    0.199169779992
265.0    0.208073889581
265.125    0.208115400581
265.25    0.208115400581
265.375    0.208115400581
265.5    0.209568285596
265.625    0.208924865089
265.75    0.209734329597
265.875    0.209734329597
266.0    0.207866334579
266.125    0.209879618099
266.25    0.209879618099
266.375    0.209858862599
266.5    0.226484018265
266.625    0.226504773765
266.75    0.22297633873
266.875    0.222810294728
267.0    0.22496886675
267.125    0.22496886675
267.25    0.22496886675
267.375    0.22496886675
267.5    0.217683686177
267.625    0.21801577418
267.75    0.217932752179
267.875    0.217849730179
268.0    0.228601079286
268.125    0.228601079286
268.25    0.219510170195
268.375    0.219842258198
268.5    0.209339975093
268.625    0.209339975093
268.75    0.209111664591
268.875    0.209111664591
269.0    0.224865089249
269.125    0.224200913242
269.25    0.224200913242
269.375    0.21901203819
269.5    0.243399750934
269.625    0.243399750934
269.75    0.243275217933
269.875    0.225155666252
270.0    0.227501037775
270.125    0.227418015774
270.25    0.227334993773
270.375    0.227812370278
270.5    0.227355749274
270.625    0.227355749274
270.75    0.227355749274
270.875    0.227355749274
271.0    0.223059360731
271.125    0.221772519718
271.25    0.222063096721
271.375    0.220236612702
271.5    0.216666666667
271.625    0.214923204649
271.75    0.214943960149
271.875    0.211332503113
272.0    0.2299709423
272.125    0.230220008302
272.25    0.230220008302
272.375    0.234682440847
272.5    0.229618098796
272.625    0.229618098796
272.75    0.229618098796
272.875    0.229618098796
273.0    0.223723536737
273.125    0.223723536737
273.25    0.222831050228
273.375    0.222831050228
273.5    0.208281444583
273.625    0.207679535077
273.75    0.207617268576
273.875    0.204420921544
274.0    0.209526774595
274.125    0.209526774595
274.25    0.209589041096
274.375    0.209360730594
274.5    0.22903694479
274.625    0.22903694479
274.75    0.22895392279
274.875    0.228144458281
275.0    0.229099211291
275.125    0.230655873807
275.25    0.229929431299
275.375    0.230780406808
275.5    0.221772519718
275.625    0.226089663761
275.75    0.221751764218
275.875    0.221751764218
276.0    0.213055209631
276.125    0.213055209631
276.25    0.213055209631
276.375    0.222146118721
276.5    0.233437110834
276.625    0.233437110834
276.75    0.232772934828
276.875    0.233250311332
277.0    0.232399335824
277.125    0.213532586135
277.25    0.21396845164
277.375    0.21396845164
277.5    0.226359485264
277.625    0.226276463263
277.75    0.22704441677
277.875    0.227106683271
278.0    0.214072229141
278.125    0.214072229141
278.25    0.213719385637
278.375    0.213657119137
278.5    0.225550020756
278.625    0.22700290577
278.75    0.227376504774
278.875    0.227376504774
279.0    0.217538397675
279.125    0.21695724367
279.25    0.213158987132
279.375    0.213158987132
279.5    0.223163138232
279.625    0.224283935243
279.75    0.219738480697
279.875    0.220547945205
280.0    0.223578248236
280.125    0.223578248236
280.25    0.223578248236
280.375    0.223578248236
280.5    0.229057700291
280.625    0.215421336654
280.75    0.216915732669
280.875    0.225840597758
281.0    0.230178497302
281.125    0.230178497302
281.25    0.230178497302
281.375    0.21195516812
281.5    0.207368202574
281.625    0.206351183064
281.75    0.209443752594
281.875    0.225550020756
282.0    0.227293482773
282.125    0.227293482773
282.25    0.227293482773
282.375    0.227293482773
282.5    0.219634703196
282.625    0.210543794105
282.75    0.210772104608
282.875    0.211228725612
283.0    0.225321710253
283.125    0.225321710253
283.25    0.228352013284
283.375    0.228352013284
283.5    0.211830635118
283.625    0.211830635118
283.75    0.211643835616
283.875    0.211706102117
284.0    0.225072644251
284.125    0.225072644251
284.25    0.225072644251
284.375    0.225072644251
284.5    0.211249481112
284.625    0.211249481112
284.75    0.20900788709
284.875    0.20900788709
285.0    0.208945620589
285.125    0.208945620589
285.25    0.222581984226
285.375    0.222581984226
285.5    0.22704441677
285.625    0.22704441677
285.75    0.22704441677
285.875    0.228435035284
286.0    0.217164798672
286.125    0.217330842673
286.25    0.226421751764
286.375    0.212785388128
286.5    0.232212536322
286.625    0.232212536322
286.75    0.232357824824
286.875    0.232440846824
287.0    0.232316313823
287.125    0.232337069323
287.25    0.232337069323
287.375    0.233354088834
287.5    0.232088003321
287.625    0.227501037775
287.75    0.227501037775
287.875    0.227272727273
288.0    0.222104607721
288.125    0.222166874222
288.25    0.222457451225
288.375    0.23503528435
288.5    0.222581984226
288.625    0.222581984226
288.75    0.222581984226
288.875    0.220755500208
289.0    0.230116230801
289.125    0.230116230801
289.25    0.229908675799
289.375    0.216313823163
289.5    0.225404732254
289.625    0.225404732254
289.75    0.225404732254
289.875    0.22604815276
290.0    0.226691573267
290.125    0.226650062267
290.25    0.226650062267
290.375    0.226670817767
290.5    0.229431299294
290.625    0.229431299294
290.75    0.229431299294
290.875    0.229431299294
291.0    0.221502698215
291.125    0.221502698215
291.25    0.221502698215
291.375    0.221129099211
291.5    0.214425072644
291.625    0.214300539643
291.75    0.214300539643
291.875    0.21403071814
292.0    0.211581569116
292.125    0.211581569116
292.25    0.211830635118
292.375    0.211830635118
292.5    0.21899128269
292.625    0.21899128269
292.75    0.21899128269
292.875    0.219530925695
293.0    0.225425487754
293.125    0.224574512246
293.25    0.224449979244
293.375    0.224761311748
293.5    0.211415525114
293.625    0.211415525114
293.75    0.211415525114
293.875    0.213304275633
294.0    0.213387297634
294.125    0.213387297634
294.25    0.21301369863
294.375    0.21301369863
294.5    0.225861353259
294.625    0.225695309257
294.75    0.225695309257
294.875    0.225695309257
295.0    0.215089248651
295.125    0.215089248651
295.25    0.215753424658
295.375    0.216376089664
295.5    0.217268576173
295.625    0.216749688667
295.75    0.217247820672
295.875    0.216687422167
296.0    0.185305105853
296.125    0.184308841843
296.25    0.212141967621
296.375    0.212141967621
296.5    0.20896637609
296.625    0.20896637609
296.75    0.208924865089
296.875    0.208904109589
297.0    0.215255292653
297.125    0.217351598174
297.25    0.212536322125
297.375    0.236571191366
297.5    0.218825238688
297.625    0.218825238688
297.75    0.219800747198
297.875    0.219779991698
298.0    0.225633042756
298.125    0.224761311748
298.25    0.225466998755
298.375    0.22604815276
298.5    0.225404732254
298.625    0.225259443753
298.75    0.225217932752
298.875    0.223827314238
299.0    0.233623910336
299.125    0.233623910336
299.25    0.233623910336
299.375    0.233665421337
