0.0    -0.582479180013
0.125    -0.583119795003
0.25    -0.585021620756
0.375    -0.584120755926
0.5    -0.581558295964
0.625    -0.582439141576
0.75    -0.581818545804
0.875    -0.5808376041
1.0    -0.584260890455
1.125    -0.58484144779
1.25    -0.584621236387
1.375    -0.58342008328
1.5    -0.581278026906
1.625    -0.582919602819
1.75    -0.582919602819
1.875    -0.583239910314
2.0    -0.58263933376
2.125    -0.583620275464
2.25    -0.582038757207
2.375    -0.58147821909
2.5    -0.582919602819
2.625    -0.582399103139
2.75    -0.583099775785
2.875    -0.583099775785
3.0    -0.583099775785
3.125    -0.583099775785
3.25    -0.583099775785
3.375    -0.582459160794
3.5    -0.581538276746
3.625    -0.581838565022
3.75    -0.582619314542
3.875    -0.582619314542
4.0    -0.582879564382
4.125    -0.581818545804
4.25    -0.583400064061
4.375    -0.581718449712
4.5    -0.581538276746
4.625    -0.581518257527
4.75    -0.581678411275
4.875    -0.581678411275
5.0    -0.58263933376
5.125    -0.583600256246
5.25    -0.581338084561
5.375    -0.58147821909
5.5    -0.581778507367
5.625    -0.581258007687
5.75    -0.580817584881
5.875    -0.5808376041
6.0    -0.58277946829
6.125    -0.58277946829
6.25    -0.580257046765
6.375    -0.58342008328
6.5    -0.583179852659
6.625    -0.584000640615
6.75    -0.583760409994
6.875    -0.582859545163
7.0    -0.581658392056
7.125    -0.580537315823
7.25    -0.578655509289
7.375    -0.576673606662
7.5    -0.583119795003
7.625    -0.583079756566
7.75    -0.58005685458
7.875    -0.579716527867
8.0    -0.581037796284
8.125    -0.580897661755
8.25    -0.580897661755
8.375    -0.580997757848
8.5    -0.58121796925
8.625    -0.581838565022
8.75    -0.581017777066
8.875    -0.581017777066
9.0    -0.580797565663
9.125    -0.580657431134
9.25    -0.580657431134
9.375    -0.580697469571
9.5    -0.581338084561
9.625    -0.580176969891
9.75    -0.581398142217
9.875    -0.579356181935
10.0    -0.579996796925
10.125    -0.580377162076
10.25    -0.579035874439
10.375    -0.582058776425
10.5    -0.5808376041
10.625    -0.579956758488
10.75    -0.578855701473
10.875    -0.580096893017
11.0    -0.577053971813
11.125    -0.577374279308
11.25    -0.579656470211
11.375    -0.579656470211
11.5    -0.57631326073
11.625    -0.57631326073
11.75    -0.580637411915
11.875    -0.581918641896
12.0    -0.580697469571
12.125    -0.580697469571
12.25    -0.580697469571
12.375    -0.581978699552
12.5    -0.581278026906
12.625    -0.580277065983
12.75    -0.581077834721
12.875    -0.581798526586
13.0    -0.57889573991
13.125    -0.578615470852
13.25    -0.578975816784
13.375    -0.578815663037
13.5    -0.580297085202
13.625    -0.580797565663
13.75    -0.581798526586
13.875    -0.580337123639
14.0    -0.581378122998
14.125    -0.581177930814
14.25    -0.581197950032
14.375    -0.581197950032
14.5    -0.581017777066
14.625    -0.581017777066
14.75    -0.580036835362
14.875    -0.580036835362
15.0    -0.580076873799
15.125    -0.580377162076
15.25    -0.579796604741
15.375    -0.579556374119
15.5    -0.57761450993
15.625    -0.57761450993
15.75    -0.5774743754
15.875    -0.574971973094
16.0    -0.578935778347
16.125    -0.579636450993
16.25    -0.579075912876
16.375    -0.578835682255
16.5    -0.575812780269
16.625    -0.575812780269
16.75    -0.575812780269
16.875    -0.578435297886
17.0    -0.576753683536
17.125    -0.576693625881
17.25    -0.576693625881
17.375    -0.576753683536
17.5    -0.576333279949
17.625    -0.576933856502
17.75    -0.576773702755
17.875    -0.577914798206
18.0    -0.576012972454
18.125    -0.580036835362
18.25    -0.575952914798
18.375    -0.575912876361
18.5    -0.578915759129
18.625    -0.580096893017
18.75    -0.579496316464
18.875    -0.577294202434
19.0    -0.576973894939
19.125    -0.576973894939
19.25    -0.576973894939
19.375    -0.576973894939
19.5    -0.576233183857
19.625    -0.575372357463
19.75    -0.57735426009
19.875    -0.572950032031
20.0    -0.577053971813
20.125    -0.576433376041
20.25    -0.576433376041
20.375    -0.576433376041
20.5    -0.575632607303
20.625    -0.575332319026
20.75    -0.575332319026
20.875    -0.57593289558
21.0    -0.577454356182
21.125    -0.57863549007
21.25    -0.571848975016
21.375    -0.574671684817
21.5    -0.576073030109
21.625    -0.576073030109
21.75    -0.576073030109
21.875    -0.575352338245
22.0    -0.578054932735
22.125    -0.578054932735
22.25    -0.577874759769
22.375    -0.577854740551
22.5    -0.578615470852
22.625    -0.578755605381
22.75    -0.574411434978
22.875    -0.577534433056
23.0    -0.575872837924
23.125    -0.575872837924
23.25    -0.57489189622
23.375    -0.57489189622
23.5    -0.573330397181
23.625    -0.573410474055
23.75    -0.574591607944
23.875    -0.574591607944
24.0    -0.574671684817
24.125    -0.574671684817
24.25    -0.574671684817
24.375    -0.575752722614
24.5    -0.5754123959
24.625    -0.577754644459
24.75    -0.574311338885
24.875    -0.573390454837
25.0    -0.573010089686
25.125    -0.576933856502
25.25    -0.576853779628
25.375    -0.574171204356
25.5    -0.573130204997
25.625    -0.574751761691
25.75    -0.574751761691
25.875    -0.574191223575
26.0    -0.577013933376
26.125    -0.577254163997
26.25    -0.573510570147
26.375    -0.577414317745
26.5    -0.574731742473
26.625    -0.57425128123
26.75    -0.573830877643
26.875    -0.573490550929
27.0    -0.574231262012
27.125    -0.574631646381
27.25    -0.574631646381
27.375    -0.574591607944
27.5    -0.571688821268
27.625    -0.572689782191
27.75    -0.572029147982
27.875    -0.572029147982
28.0    -0.573630685458
28.125    -0.573650704676
28.25    -0.572689782191
28.375    -0.574651665599
28.5    -0.573930973735
28.625    -0.573870916079
28.75    -0.574831838565
28.875    -0.573170243434
29.0    -0.573250320307
29.125    -0.573250320307
29.25    -0.573770819987
29.375    -0.576173126201
29.5    -0.575432415118
29.625    -0.575432415118
29.75    -0.574831838565
29.875    -0.574831838565
30.0    -0.573870916079
30.125    -0.572369474696
30.25    -0.572469570788
30.375    -0.573110185778
30.5    -0.573770819987
30.625    -0.572950032031
30.75    -0.573070147341
30.875    -0.574351377322
31.0    -0.57309016656
31.125    -0.571688821268
31.25    -0.571548686739
31.375    -0.574831838565
31.5    -0.574231262012
31.625    -0.574231262012
31.75    -0.574151185138
31.875    -0.5733504164
32.0    -0.572329436259
32.125    -0.572209320948
32.25    -0.570687860346
32.375    -0.57114830237
32.5    -0.572049167201
32.625    -0.572149263293
32.75    -0.569827033953
32.875    -0.570387572069
33.0    -0.573310377963
33.125    -0.570427610506
33.25    -0.571128283152
33.375    -0.569386611147
33.5    -0.573630685458
33.625    -0.572689782191
33.75    -0.572689782191
33.875    -0.572689782191
34.0    -0.572689782191
34.125    -0.57256966688
34.25    -0.5733504164
34.375    -0.5733504164
34.5    -0.570347533632
34.625    -0.571288436899
34.75    -0.570968129404
34.875    -0.571868994234
35.0    -0.571488629084
35.125    -0.571488629084
35.25    -0.570707879564
35.375    -0.570707879564
35.5    -0.569626841768
35.625    -0.570968129404
35.75    -0.570908071749
35.875    -0.570487668161
36.0    -0.571068225496
36.125    -0.571468609865
36.25    -0.57114830237
36.375    -0.570968129404
36.5    -0.571608744395
36.625    -0.570467648943
36.75    -0.570467648943
36.875    -0.571608744395
37.0    -0.571989109545
37.125    -0.57244955157
37.25    -0.57244955157
37.375    -0.572609705317
37.5    -0.573270339526
37.625    -0.570447629725
37.75    -0.570447629725
37.875    -0.570147341448
38.0    -0.570647821909
38.125    -0.570807975657
38.25    -0.571388532992
38.375    -0.571808936579
38.5    -0.569887091608
38.625    -0.570047245356
38.75    -0.570047245356
38.875    -0.569867072389
39.0    -0.570427610506
39.125    -0.569526745676
39.25    -0.569546764894
39.375    -0.570407591288
39.5    -0.572849935938
39.625    -0.568745996156
39.75    -0.568625880846
39.875    -0.569486707239
40.0    -0.571448590647
40.125    -0.571388532992
40.25    -0.570627802691
40.375    -0.569847053171
40.5    -0.568345611787
40.625    -0.569126361307
40.75    -0.569126361307
40.875    -0.570687860346
41.0    -0.570687860346
41.125    -0.571208360026
41.25    -0.570747918001
41.375    -0.569666880205
41.5    -0.569807014734
41.625    -0.569807014734
41.75    -0.567624919923
41.875    -0.568205477258
42.0    -0.569266495836
42.125    -0.568906149904
42.25    -0.56946668802
42.375    -0.56972693786
42.5    -0.569246476618
42.625    -0.568846092249
42.75    -0.568846092249
42.875    -0.568766015375
43.0    -0.567544843049
43.125    -0.568085361947
43.25    -0.568906149904
43.375    -0.569526745676
43.5    -0.568585842409
43.625    -0.569546764894
43.75    -0.567004324151
43.875    -0.569286515054
44.0    -0.56818545804
44.125    -0.56766495836
44.25    -0.567785073671
44.375    -0.567504804612
44.5    -0.567785073671
44.625    -0.568205477258
44.75    -0.570367552851
44.875    -0.569746957079
45.0    -0.570027226137
45.125    -0.566744074311
45.25    -0.569526745676
45.375    -0.567684977578
45.5    -0.570447629725
45.625    -0.568125400384
45.75    -0.567885169763
45.875    -0.568886130685
46.0    -0.568585842409
46.125    -0.568585842409
46.25    -0.567004324151
46.375    -0.56740470852
46.5    -0.567684977578
46.625    -0.566944266496
46.75    -0.567905188981
46.875    -0.566203555413
47.0    -0.568465727098
47.125    -0.566944266496
47.25    -0.566944266496
47.375    -0.566964285714
47.5    -0.567725016015
47.625    -0.567725016015
47.75    -0.565522901986
47.875    -0.567484785394
48.0    -0.567684977578
48.125    -0.567444746957
48.25    -0.567444746957
48.375    -0.568705957719
48.5    -0.566403747598
48.625    -0.566403747598
48.75    -0.566924247277
48.875    -0.566303651505
49.0    -0.566483824472
49.125    -0.565262652146
49.25    -0.565262652146
49.375    -0.565262652146
49.5    -0.566263613069
49.625    -0.566263613069
49.75    -0.566583920564
49.875    -0.565442825112
50.0    -0.564782190903
50.125    -0.564341768097
50.25    -0.565663036515
50.375    -0.569486707239
50.5    -0.568285554132
50.625    -0.56676409353
50.75    -0.569046284433
50.875    -0.568926169122
51.0    -0.565062459962
51.125    -0.567745035234
51.25    -0.567765054452
51.375    -0.564702114029
51.5    -0.564281710442
51.625    -0.563681133889
51.75    -0.563761210762
51.875    -0.562540038437
52.0    -0.565643017297
52.125    -0.565542921204
52.25    -0.565282671365
52.375    -0.563621076233
52.5    -0.565302690583
52.625    -0.564581998719
52.75    -0.565622998078
52.875    -0.564642056374
53.0    -0.56766495836
53.125    -0.567684977578
53.25    -0.5645619795
53.375    -0.566183536195
53.5    -0.561899423447
53.625    -0.563080557335
53.75    -0.563701153107
53.875    -0.563701153107
54.0    -0.563821268418
54.125    -0.563821268418
54.25    -0.567264573991
54.375    -0.566704035874
54.5    -0.56418161435
54.625    -0.564421844971
54.75    -0.563540999359
54.875    -0.562560057655
55.0    -0.564021460602
55.125    -0.563060538117
55.25    -0.563060538117
55.375    -0.565182575272
55.5    -0.563581037796
55.625    -0.563581037796
55.75    -0.563480941704
55.875    -0.563480941704
56.0    -0.560898462524
56.125    -0.563801249199
56.25    -0.564862267777
56.375    -0.564862267777
56.5    -0.563701153107
56.625    -0.563701153107
56.75    -0.562780269058
56.875    -0.562700192185
57.0    -0.565562940423
57.125    -0.567044362588
57.25    -0.563260730301
57.375    -0.560538116592
57.5    -0.564321748879
57.625    -0.56560297886
57.75    -0.56276024984
57.875    -0.563761210762
58.0    -0.563260730301
58.125    -0.562580076874
58.25    -0.561519058296
58.375    -0.562880365151
58.5    -0.563420884049
58.625    -0.562600096092
58.75    -0.562580076874
58.875    -0.562600096092
59.0    -0.561819346573
59.125    -0.560878443306
59.25    -0.561919442665
59.375    -0.561919442665
59.5    -0.564241672005
59.625    -0.564241672005
59.75    -0.562940422806
59.875    -0.56302049968
60.0    -0.559837443946
60.125    -0.563380845612
60.25    -0.566083440103
60.375    -0.558616271621
60.5    -0.560317905189
60.625    -0.559377001922
60.75    -0.558516175529
60.875    -0.558516175529
61.0    -0.558556213965
61.125    -0.562039557976
61.25    -0.562039557976
61.375    -0.563981422165
61.5    -0.56171925048
61.625    -0.563420884049
61.75    -0.564041479821
61.875    -0.562540038437
62.0    -0.562860345932
62.125    -0.562840326714
62.25    -0.561519058296
62.375    -0.561779308136
62.5    -0.558596252402
62.625    -0.5591367713
62.75    -0.560097693786
62.875    -0.559857463165
63.0    -0.558856502242
63.125    -0.558856502242
63.25    -0.558656310058
63.375    -0.558896540679
63.5    -0.558456117873
63.625    -0.558275944907
63.75    -0.558275944907
63.875    -0.560377962844
64.0    -0.558295964126
64.125    -0.559256886611
64.25    -0.559897501602
64.375    -0.560197789878
64.5    -0.559196828956
64.625    -0.558996636771
64.75    -0.558956598334
64.875    -0.55811579116
65.0    -0.557735426009
65.125    -0.557295003203
65.25    -0.557194907111
65.375    -0.557194907111
65.5    -0.557094811019
65.625    -0.559897501602
65.75    -0.559797405509
65.875    -0.559797405509
66.0    -0.559937540038
66.125    -0.559817424728
66.25    -0.559817424728
66.375    -0.559817424728
66.5    -0.559577194106
66.625    -0.559096732864
66.75    -0.559777386291
66.875    -0.56055813581
67.0    -0.560297885971
67.125    -0.560137732223
67.25    -0.554192024343
67.375    -0.55423206278
67.5    -0.55591367713
67.625    -0.554592408712
67.75    -0.560397982063
67.875    -0.557995675849
68.0    -0.560297885971
68.125    -0.558936579116
68.25    -0.558255925689
68.375    -0.559296925048
68.5    -0.55591367713
68.625    -0.556053811659
68.75    -0.556053811659
68.875    -0.555453235106
69.0    -0.55423206278
69.125    -0.553090967329
69.25    -0.5570747918
69.375    -0.559156790519
69.5    -0.553771620756
69.625    -0.554932735426
69.75    -0.554932735426
69.875    -0.554932735426
70.0    -0.555493273543
70.125    -0.553911755285
70.25    -0.559296925048
70.375    -0.553471332479
70.5    -0.555593369635
70.625    -0.554912716208
70.75    -0.554912716208
70.875    -0.555433215887
71.0    -0.55411194747
71.125    -0.55411194747
71.25    -0.553691543882
71.375    -0.554272101217
71.5    -0.554872677771
71.625    -0.557995675849
71.75    -0.558255925689
71.875    -0.557955637412
72.0    -0.555933696348
72.125    -0.555933696348
72.25    -0.553110986547
72.375    -0.553110986547
72.5    -0.554212043562
72.625    -0.554212043562
72.75    -0.554212043562
72.875    -0.557435137732
73.0    -0.552970852018
73.125    -0.553911755285
73.25    -0.553391255605
73.375    -0.553351217168
73.5    -0.552550448431
73.625    -0.555333119795
73.75    -0.554592408712
73.875    -0.555333119795
74.0    -0.553291159513
74.125    -0.551629564382
74.25    -0.554172005125
74.375    -0.554852658552
74.5    -0.557455156951
74.625    -0.554772581678
74.75    -0.55269058296
74.875    -0.555152946829
75.0    -0.552210121717
75.125    -0.552550448431
75.25    -0.552550448431
75.375    -0.55152946829
75.5    -0.554672485586
75.625    -0.552730621397
75.75    -0.553371236387
75.875    -0.553551409353
76.0    -0.553471332479
76.125    -0.553471332479
76.25    -0.553171044202
76.375    -0.552950832799
76.5    -0.554031870596
76.625    -0.554612427931
76.75    -0.554051889814
76.875    -0.553991832159
77.0    -0.552390294683
77.125    -0.551629564382
77.25    -0.551629564382
77.375    -0.552650544523
77.5    -0.552410313901
77.625    -0.553251121076
77.75    -0.556153907751
77.875    -0.552630525304
78.0    -0.552350256246
78.125    -0.555152946829
78.25    -0.553211082639
78.375    -0.553351217168
78.5    -0.55307094811
78.625    -0.55217008328
78.75    -0.55217008328
78.875    -0.552670563741
79.0    -0.552210121717
79.125    -0.553391255605
79.25    -0.552930813581
79.375    -0.551549487508
79.5    -0.551789718129
79.625    -0.551609545163
79.75    -0.553010890455
79.875    -0.553491351698
80.0    -0.554692504805
80.125    -0.554892696989
80.25    -0.554392216528
80.375    -0.55269058296
80.5    -0.552069987188
80.625    -0.551889814222
80.75    -0.55100896861
80.875    -0.552990871236
81.0    -0.552510409994
81.125    -0.552510409994
81.25    -0.551869795003
81.375    -0.551869795003
81.5    -0.551429372197
81.625    -0.54996796925
81.75    -0.549107142857
81.875    -0.549107142857
82.0    -0.553010890455
82.125    -0.552130044843
82.25    -0.553050928892
82.375    -0.553050928892
82.5    -0.555553331198
82.625    -0.554412235746
82.75    -0.554712524023
82.875    -0.552590486867
83.0    -0.550148142217
83.125    -0.550128122998
83.25    -0.550128122998
83.375    -0.549507527226
83.5    -0.549287315823
83.625    -0.549087123639
83.75    -0.553671524664
83.875    -0.553671524664
84.0    -0.55385169763
84.125    -0.552410313901
84.25    -0.55217008328
84.375    -0.55217008328
84.5    -0.551028987828
84.625    -0.553871716848
84.75    -0.553751601537
84.875    -0.55397181294
85.0    -0.551089045484
85.125    -0.552850736707
85.25    -0.552130044843
85.375    -0.552130044843
85.5    -0.551609545163
85.625    -0.551609545163
85.75    -0.551609545163
85.875    -0.554612427931
86.0    -0.551329276105
86.125    -0.551229180013
86.25    -0.550628603459
86.375    -0.550628603459
86.5    -0.55243033312
86.625    -0.55243033312
86.75    -0.55243033312
86.875    -0.551449391416
87.0    -0.552049967969
87.125    -0.552049967969
87.25    -0.552570467649
87.375    -0.552310217809
87.5    -0.553271140295
87.625    -0.553271140295
87.75    -0.553371236387
87.875    -0.550928891736
88.0    -0.551749679693
88.125    -0.551749679693
88.25    -0.549127162076
88.375    -0.551209160794
88.5    -0.551329276105
88.625    -0.551329276105
88.75    -0.551329276105
88.875    -0.549787796284
89.0    -0.552069987188
89.125    -0.552069987188
89.25    -0.552770659833
89.375    -0.551829756566
89.5    -0.550308295964
89.625    -0.550668641896
89.75    -0.551849775785
89.875    -0.550668641896
90.0    -0.554732543242
90.125    -0.552910794363
90.25    -0.553611467008
90.375    -0.550248238309
90.5    -0.551049007047
90.625    -0.550548526586
90.75    -0.550268257527
90.875    -0.550268257527
91.0    -0.550348334401
91.125    -0.55138933376
91.25    -0.551329276105
91.375    -0.55138933376
91.5    -0.549187219731
91.625    -0.548526585522
91.75    -0.549027065983
91.875    -0.548306374119
92.0    -0.548906950673
92.125    -0.548846893017
92.25    -0.549807815503
92.375    -0.550328315183
92.5    -0.54984785394
92.625    -0.550808776425
92.75    -0.552190102498
92.875    -0.550888853299
93.0    -0.550348334401
93.125    -0.550808776425
93.25    -0.5495876041
93.375    -0.550528507367
93.5    -0.548386450993
93.625    -0.54842648943
93.75    -0.548266335682
93.875    -0.547745836003
94.0    -0.552290198591
94.125    -0.553631486227
94.25    -0.551789718129
94.375    -0.551549487508
94.5    -0.548766816144
94.625    -0.548766816144
94.75    -0.549447469571
94.875    -0.550088084561
95.0    -0.54894698911
95.125    -0.54894698911
95.25    -0.551049007047
95.375    -0.549487508008
95.5    -0.547725816784
95.625    -0.547825912876
95.75    -0.547825912876
95.875    -0.549227258168
96.0    -0.551889814222
96.125    -0.546764894299
96.25    -0.54648462524
96.375    -0.546324471493
96.5    -0.549667680974
96.625    -0.549667680974
96.75    -0.548967008328
96.875    -0.551749679693
97.0    -0.54842648943
97.125    -0.54842648943
97.25    -0.54842648943
97.375    -0.54842648943
97.5    -0.548906950673
97.625    -0.549307335042
97.75    -0.547805893658
97.875    -0.547825912876
98.0    -0.549187219731
98.125    -0.54932735426
98.25    -0.549367392697
98.375    -0.549267296605
98.5    -0.549247277386
98.625    -0.549247277386
98.75    -0.549987988469
98.875    -0.549507527226
99.0    -0.549867873158
99.125    -0.549867873158
99.25    -0.548606662396
99.375    -0.549807815503
99.5    -0.550248238309
99.625    -0.550248238309
99.75    -0.549707719411
99.875    -0.550408392056
100.0    -0.548706758488
100.125    -0.548106181935
100.25    -0.549047085202
100.375    -0.546024183216
100.5    -0.55010810378
100.625    -0.549187219731
100.75    -0.549187219731
100.875    -0.548506566304
101.0    -0.550548526586
101.125    -0.550548526586
101.25    -0.549027065983
101.375    -0.550548526586
101.5    -0.551289237668
101.625    -0.551289237668
101.75    -0.544142376682
101.875    -0.547565663037
102.0    -0.548586643177
102.125    -0.551369314542
102.25    -0.549547565663
102.375    -0.549547565663
102.5    -0.54726537476
102.625    -0.54726537476
102.75    -0.547405509289
102.875    -0.547125240231
103.0    -0.548706758488
103.125    -0.547725816784
103.25    -0.549207238949
103.375    -0.549207238949
103.5    -0.54816623959
103.625    -0.549387411915
103.75    -0.548466527867
103.875    -0.548466527867
104.0    -0.546804932735
104.125    -0.546804932735
104.25    -0.548386450993
104.375    -0.548086162716
104.5    -0.546044202434
104.625    -0.546584721332
104.75    -0.546544682896
104.875    -0.545603779628
105.0    -0.546144298527
105.125    -0.546144298527
105.25    -0.546204356182
105.375    -0.546204356182
105.5    -0.545563741192
105.625    -0.544762972454
105.75    -0.544662876361
105.875    -0.546284433056
106.0    -0.544863068546
106.125    -0.54480301089
106.25    -0.545683856502
106.375    -0.545523702755
106.5    -0.548886931454
106.625    -0.544843049327
106.75    -0.544402626521
106.875    -0.548146220372
107.0    -0.545924087124
107.125    -0.54584401025
107.25    -0.548486547085
107.375    -0.546284433056
107.5    -0.544242472774
107.625    -0.544662876361
107.75    -0.544823030109
107.875    -0.545904067905
108.0    -0.546864990391
108.125    -0.546925048046
108.25    -0.545964125561
108.375    -0.546004163997
108.5    -0.545243433696
108.625    -0.545243433696
108.75    -0.544022261371
108.875    -0.545623798847
109.0    -0.547705797566
109.125    -0.547705797566
109.25    -0.545643818065
109.375    -0.545343529789
109.5    -0.5441623959
109.625    -0.544022261371
109.75    -0.542781069827
109.875    -0.544102338245
110.0    -0.543741992313
110.125    -0.54364189622
110.25    -0.546444586803
110.375    -0.542620916079
110.5    -0.542440743113
110.625    -0.544762972454
110.75    -0.544702914798
110.875    -0.543822069186
111.0    -0.543922165279
111.125    -0.544782991672
111.25    -0.542140454837
111.375    -0.54390214606
111.5    -0.541499839846
111.625    -0.543741992313
111.75    -0.54378203075
111.875    -0.544062299808
112.0    -0.543842088405
112.125    -0.539437860346
112.25    -0.543822069186
112.375    -0.543121396541
112.5    -0.540819186419
112.625    -0.541980301089
112.75    -0.544782991672
112.875    -0.540859224856
113.0    -0.541860185778
113.125    -0.54610426009
113.25    -0.542700992953
113.375    -0.544522741832
113.5    -0.541780108905
113.625    -0.541459801409
113.75    -0.540719090327
113.875    -0.542520819987
114.0    -0.54274103139
114.125    -0.542660954516
114.25    -0.539858263933
114.375    -0.542440743113
114.5    -0.54157991672
114.625    -0.541820147341
114.75    -0.540438821268
114.875    -0.539618033312
115.0    -0.542140454837
115.125    -0.539217648943
115.25    -0.540178571429
115.375    -0.539197629725
115.5    -0.541559897502
115.625    -0.541339686099
115.75    -0.541700032031
115.875    -0.538977418322
116.0    -0.539758167841
116.125    -0.539758167841
116.25    -0.54236066624
116.375    -0.540799167201
116.5    -0.539838244715
116.625    -0.539798206278
116.75    -0.539658071749
116.875    -0.539658071749
117.0    -0.538797245356
117.125    -0.543161434978
117.25    -0.542260570147
117.375    -0.541860185778
117.5    -0.540278667521
117.625    -0.539618033312
117.75    -0.539457879564
117.875    -0.543721973094
118.0    -0.542340647021
118.125    -0.539618033312
118.25    -0.539918321589
118.375    -0.539978379244
118.5    -0.54105941704
118.625    -0.539157591288
118.75    -0.538557014734
118.875    -0.539197629725
119.0    -0.541219570788
119.125    -0.539577994875
119.25    -0.538256726457
119.375    -0.540058456118
120.0    -0.539237668161
120.125    -0.539297725817
120.25    -0.537095611787
120.375    -0.537295803972
120.5    -0.54300128123
120.625    -0.53977818706
120.75    -0.539598014094
120.875    -0.539618033312
121.0    -0.540258648302
121.125    -0.539958360026
121.25    -0.539337764254
121.375    -0.539317745035
121.5    -0.538557014734
121.625    -0.5387371877
121.75    -0.537115631006
121.875    -0.535434016656
122.0    -0.541299647662
122.125    -0.540639013453
122.25    -0.541079436259
122.375    -0.541259609225
122.5    -0.537475976938
122.625    -0.537115631006
122.75    -0.537956438181
122.875    -0.537916399744
123.0    -0.537816303652
123.125    -0.537435938501
123.25    -0.537696188341
123.375    -0.537335842409
123.5    -0.538577033953
123.625    -0.538577033953
123.75    -0.538076553491
123.875    -0.538637091608
124.0    -0.53783632287
124.125    -0.538196668802
124.25    -0.538236707239
124.375    -0.538036515054
124.5    -0.536495035234
124.625    -0.539097533632
124.75    -0.538496957079
124.875    -0.537716207559
125.0    -0.53821668802
125.125    -0.53821668802
125.25    -0.537415919283
125.375    -0.537415919283
125.5    -0.537976457399
125.625    -0.538757206919
125.75    -0.538516976297
125.875    -0.537756245996
126.0    -0.537696188341
126.125    -0.53693545804
126.25    -0.537696188341
126.375    -0.537616111467
126.5    -0.538156630365
126.625    -0.537736226778
126.75    -0.53835682255
126.875    -0.538176649584
127.0    -0.536535073671
127.125    -0.535353939782
127.25    -0.535794362588
127.375    -0.535794362588
127.5    -0.535313901345
127.625    -0.537415919283
127.75    -0.537415919283
127.875    -0.535313901345
128.0    -0.536515054452
128.125    -0.536515054452
128.25    -0.537075592569
128.375    -0.536074631646
128.5    -0.535794362588
128.625    -0.536475016015
128.75    -0.537596092249
128.875    -0.534312940423
129.0    -0.538156630365
129.125    -0.536454996797
129.25    -0.536535073671
129.375    -0.535794362588
129.5    -0.535413997438
129.625    -0.536895419603
129.75    -0.536094650865
129.875    -0.53589445868
130.0    -0.538056534273
130.125    -0.538016495836
130.25    -0.53719570788
130.375    -0.538256726457
130.5    -0.53757607303
130.625    -0.539357783472
130.75    -0.534533151826
130.875    -0.532531229981
131.0    -0.536094650865
131.125    -0.538316784113
131.25    -0.536835361947
131.375    -0.536434977578
131.5    -0.535734304933
131.625    -0.535173766816
131.75    -0.53525384369
131.875    -0.536394939142
132.0    -0.536655188981
132.125    -0.536655188981
132.25    -0.533492152466
132.375    -0.535694266496
132.5    -0.5366752082
132.625    -0.536835361947
132.75    -0.536234785394
132.875    -0.537455957719
133.0    -0.533331998719
133.125    -0.534433055734
133.25    -0.533091768097
133.375    -0.532771460602
133.5    -0.534513132607
133.625    -0.534533151826
133.75    -0.534953555413
133.875    -0.536234785394
134.0    -0.536134689302
134.125    -0.536074631646
134.25    -0.536074631646
134.375    -0.536074631646
134.5    -0.534633247918
134.625    -0.5346132287
134.75    -0.5346132287
134.875    -0.534533151826
135.0    -0.534453074952
135.125    -0.535033632287
135.25    -0.533792440743
135.375    -0.534072709801
135.5    -0.536815342729
135.625    -0.532290999359
135.75    -0.536615150545
135.875    -0.536595131326
136.0    -0.53589445868
136.125    -0.534413036515
136.25    -0.535754324151
136.375    -0.535834401025
136.5    -0.533031710442
136.625    -0.533031710442
136.75    -0.533331998719
136.875    -0.53551409353
137.0    -0.536034593209
137.125    -0.536034593209
137.25    -0.535914477899
137.375    -0.536034593209
137.5    -0.533952594491
137.625    -0.533952594491
137.75    -0.534753363229
137.875    -0.534753363229
138.0    -0.535293882127
138.125    -0.535293882127
138.25    -0.53447309417
138.375    -0.532951633568
138.5    -0.533071748879
138.625    -0.534192825112
138.75    -0.53551409353
138.875    -0.533031710442
139.0    -0.534553171044
139.125    -0.534553171044
139.25    -0.534553171044
139.375    -0.535173766816
139.5    -0.535454035874
139.625    -0.534012652146
139.75    -0.534513132607
139.875    -0.534012652146
140.0    -0.534332959641
140.125    -0.535093689942
140.25    -0.535734304933
140.375    -0.535694266496
140.5    -0.537355861627
140.625    -0.537075592569
140.75    -0.535113709161
140.875    -0.534292921204
141.0    -0.53499359385
141.125    -0.53499359385
141.25    -0.536034593209
141.375    -0.535714285714
141.5    -0.535614189622
141.625    -0.535614189622
141.75    -0.532591287636
141.875    -0.531830557335
142.0    -0.531390134529
142.125    -0.534853459321
142.25    -0.534853459321
142.375    -0.533892536835
142.5    -0.534232863549
142.625    -0.534232863549
142.75    -0.533011691224
142.875    -0.533011691224
143.0    -0.534753363229
143.125    -0.537475976938
143.25    -0.533512171685
143.375    -0.532491191544
143.5    -0.533372037156
143.625    -0.53125
143.75    -0.533071748879
143.875    -0.533992632928
144.0    -0.535413997438
144.125    -0.535093689942
144.25    -0.534853459321
144.375    -0.534853459321
144.5    -0.529948750801
144.625    -0.53215086483
144.75    -0.535834401025
144.875    -0.531470211403
145.0    -0.533552210122
145.125    -0.533552210122
145.25    -0.533732383088
145.375    -0.534192825112
145.5    -0.532431133889
145.625    -0.532311018578
145.75    -0.53305172966
145.875    -0.532531229981
146.0    -0.533692344651
146.125    -0.533792440743
146.25    -0.53319186419
146.375    -0.534793401666
146.5    -0.534012652146
146.625    -0.535353939782
146.75    -0.534232863549
146.875    -0.53008888533
147.0    -0.535153747598
147.125    -0.536254804612
147.25    -0.536254804612
147.375    -0.53563420884
147.5    -0.534813420884
147.625    -0.534573190263
147.75    -0.534573190263
147.875    -0.533011691224
148.0    -0.531910634209
148.125    -0.531910634209
148.25    -0.531910634209
148.375    -0.531730461243
148.5    -0.534192825112
148.625    -0.534573190263
148.75    -0.533412075593
148.875    -0.530769538757
149.0    -0.533652306214
149.125    -0.532871556694
149.25    -0.532651345291
149.375    -0.533672325432
149.5    -0.534453074952
149.625    -0.53435297886
149.75    -0.534032671365
149.875    -0.533071748879
150.0    -0.534112748238
150.125    -0.533772421525
150.25    -0.534673286355
150.375    -0.533972613709
150.5    -0.531450192185
150.625    -0.529868673927
150.75    -0.531169923126
150.875    -0.530889654068
151.0    -0.533171844971
151.125    -0.532971652787
151.25    -0.532731422165
151.375    -0.532711402947
151.5    -0.532711402947
151.625    -0.531490230621
151.75    -0.531730461243
151.875    -0.531690422806
152.0    -0.53241111467
152.125    -0.532331037796
152.25    -0.532070787956
152.375    -0.531990711083
152.5    -0.531970691864
152.625    -0.532250960922
152.75    -0.531750480461
152.875    -0.532270980141
153.0    -0.532290999359
153.125    -0.531169923126
153.25    -0.532571268418
153.375    -0.532471172325
153.5    -0.532491191544
153.625    -0.532571268418
153.75    -0.532250960922
153.875    -0.532571268418
154.0    -0.53383247918
154.125    -0.533071748879
154.25    -0.532791479821
154.375    -0.532511210762
154.5    -0.530749519539
154.625    -0.530749519539
154.75    -0.533752402306
154.875    -0.533752402306
155.0    -0.531209961563
155.125    -0.532311018578
155.25    -0.532391095452
155.375    -0.532451153107
155.5    -0.530289077514
155.625    -0.530269058296
155.75    -0.530269058296
155.875    -0.531450192185
156.0    -0.533752402306
156.125    -0.533352017937
156.25    -0.53357222934
156.375    -0.533652306214
156.5    -0.532831518258
156.625    -0.533412075593
156.75    -0.533412075593
156.875    -0.532831518258
157.0    -0.532170884049
157.125    -0.532491191544
157.25    -0.532611306855
157.375    -0.532611306855
157.5    -0.531089846252
157.625    -0.533812459962
157.75    -0.530929692505
157.875    -0.531990711083
158.0    -0.531370115311
158.125    -0.532591287636
158.25    -0.53177049968
158.375    -0.531710442024
158.5    -0.531630365151
158.625    -0.530148942985
158.75    -0.531630365151
158.875    -0.531670403587
159.0    -0.528807655349
159.125    -0.526965887252
159.25    -0.528387251762
159.375    -0.528807655349
159.5    -0.531810538117
159.625    -0.530449231262
159.75    -0.531710442024
159.875    -0.532290999359
160.0    -0.531129884689
160.125    -0.531129884689
160.25    -0.531089846252
160.375    -0.531089846252
160.5    -0.531910634209
160.625    -0.531750480461
160.75    -0.532851537476
160.875    -0.530949711723
161.0    -0.532551249199
161.125    -0.533512171685
161.25    -0.53046925048
161.375    -0.531550288277
161.5    -0.530809577194
161.625    -0.530809577194
161.75    -0.530809577194
161.875    -0.529848654709
162.0    -0.529748558616
162.125    -0.53008888533
162.25    -0.530969730942
162.375    -0.528387251762
162.5    -0.532431133889
162.625    -0.529768577835
162.75    -0.529468289558
162.875    -0.529688500961
163.0    -0.528627482383
163.125    -0.528647501602
163.25    -0.528647501602
163.375    -0.528647501602
163.5    -0.528387251762
163.625    -0.53189061499
163.75    -0.528247117233
163.875    -0.528347213325
164.0    -0.528547405509
164.125    -0.529248078155
164.25    -0.527706598334
164.375    -0.530569346573
164.5    -0.528467328635
164.625    -0.526004964766
164.75    -0.525024023062
164.875    -0.525284272902
165.0    -0.528247117233
165.125    -0.527406310058
165.25    -0.527486386931
165.375    -0.526625560538
165.5    -0.528267136451
165.625    -0.528267136451
165.75    -0.526265214606
165.875    -0.527446348495
166.0    -0.526685618193
166.125    -0.526965887252
166.25    -0.526965887252
166.375    -0.527126040999
166.5    -0.527386290839
166.625    -0.528327194106
166.75    -0.528327194106
166.875    -0.528327194106
167.0    -0.52750640615
167.125    -0.525004003844
167.25    -0.525004003844
167.375    -0.526065022422
167.5    -0.528507367072
167.625    -0.529708520179
167.75    -0.528167040359
167.875    -0.527065983344
168.0    -0.524563581038
168.125    -0.524563581038
168.25    -0.525224215247
168.375    -0.528787636131
168.5    -0.528046925048
168.625    -0.525784753363
168.75    -0.525144138373
168.875    -0.526105060858
169.0    -0.528006886611
169.125    -0.527826713645
169.25    -0.527826713645
169.375    -0.527486386931
169.5    -0.526525464446
169.625    -0.525044042281
169.75    -0.525044042281
169.875    -0.52428331198
170.0    -0.525384368994
170.125    -0.524983984625
170.25    -0.524983984625
170.375    -0.522521620756
170.5    -0.523902946829
170.625    -0.523902946829
170.75    -0.523862908392
170.875    -0.522901985906
171.0    -0.525484465086
171.125    -0.524603619475
171.25    -0.524603619475
171.375    -0.524603619475
171.5    -0.522061178732
171.625    -0.522101217168
171.75    -0.522101217168
171.875    -0.522041159513
172.0    -0.52428331198
172.125    -0.522561659193
172.25    -0.522561659193
172.375    -0.521941063421
172.5    -0.521881005766
172.625    -0.522301409353
172.75    -0.523162235746
172.875    -0.523162235746
173.0    -0.526945868033
173.125    -0.526265214606
173.25    -0.526125080077
173.375    -0.525664638053
173.5    -0.520259449071
173.625    -0.519979180013
173.75    -0.522061178732
173.875    -0.522141255605
174.0    -0.52350256246
174.125    -0.523402466368
174.25    -0.522881966688
174.375    -0.522881966688
174.5    -0.52092008328
174.625    -0.523362427931
174.75    -0.524223254324
174.875    -0.522021140295
175.0    -0.523662716208
175.125    -0.522361467008
175.25    -0.525164157591
175.375    -0.525164157591
175.5    -0.52260169763
175.625    -0.521881005766
175.75    -0.522561659193
175.875    -0.522561659193
176.0    -0.524263292761
176.125    -0.52118033312
176.25    -0.52118033312
176.375    -0.52118033312
176.5    -0.522481582319
176.625    -0.522481582319
176.75    -0.522501601537
176.875    -0.523642696989
177.0    -0.522661755285
177.125    -0.522161274824
177.25    -0.523082158873
177.375    -0.523082158873
177.5    -0.525164157591
177.625    -0.524303331198
177.75    -0.524463484946
177.875    -0.523862908392
178.0    -0.524123158232
178.125    -0.52402306214
178.25    -0.523282351057
178.375    -0.52144058296
178.5    -0.52065983344
178.625    -0.520439622037
178.75    -0.524343369635
178.875    -0.521420563741
179.0    -0.523422485586
179.125    -0.520619795003
179.25    -0.520559737348
179.375    -0.523362427931
180.0    -0.523122197309
180.125    -0.523122197309
180.25    -0.521160313901
180.375    -0.522201313261
180.5    -0.518958199872
180.625    -0.518938180653
180.75    -0.519338565022
180.875    -0.519378603459
181.0    -0.522141255605
181.125    -0.522141255605
181.25    -0.522141255605
181.375    -0.522141255605
181.5    -0.51975896861
181.625    -0.51975896861
181.75    -0.51871796925
181.875    -0.519278507367
182.0    -0.52013933376
182.125    -0.519979180013
182.25    -0.519939141576
182.375    -0.519939141576
182.5    -0.519198430493
182.625    -0.52013933376
182.75    -0.52013933376
182.875    -0.52013933376
183.0    -0.520779948751
183.125    -0.520579756566
183.25    -0.520579756566
183.375    -0.520579756566
183.5    -0.51975896861
183.625    -0.51975896861
183.75    -0.519718930173
183.875    -0.519698910955
184.0    -0.519879083921
184.125    -0.519899103139
184.25    -0.519899103139
184.375    -0.519899103139
184.5    -0.521080237028
184.625    -0.521060217809
184.75    -0.521200352338
184.875    -0.521060217809
185.0    -0.517396700833
185.125    -0.517396700833
185.25    -0.517296604741
185.375    -0.519398622678
185.5    -0.516115470852
185.625    -0.517456758488
185.75    -0.516035393978
185.875    -0.517596893017
186.0    -0.517016335682
186.125    -0.517016335682
186.25    -0.51885810378
186.375    -0.51885810378
186.5    -0.519338565022
186.625    -0.518557815503
186.75    -0.517857142857
186.875    -0.517857142857
187.0    -0.520339525945
187.125    -0.519839045484
187.25    -0.519418641896
187.375    -0.518998238309
187.5    -0.518357623318
187.625    -0.517376681614
187.75    -0.517376681614
187.875    -0.517376681614
188.0    -0.517516816144
188.125    -0.517636931454
188.25    -0.51691623959
188.375    -0.51755685458
188.5    -0.516676008969
188.625    -0.516676008969
188.75    -0.516836162716
188.875    -0.515374759769
189.0    -0.518157431134
189.125    -0.517196508648
189.25    -0.517196508648
189.375    -0.517016335682
189.5    -0.518317584881
189.625    -0.518317584881
189.75    -0.518317584881
189.875    -0.517356662396
190.0    -0.517096412556
190.125    -0.517096412556
190.25    -0.517737027546
190.375    -0.517737027546
190.5    -0.517316623959
190.625    -0.517196508648
190.75    -0.516635970532
190.875    -0.516635970532
191.0    -0.518357623318
191.125    -0.519278507367
191.25    -0.518317584881
191.375    -0.519278507367
191.5    -0.515514894299
191.625    -0.515514894299
191.75    -0.51717648943
191.875    -0.517636931454
192.0    -0.518057335042
192.125    -0.518057335042
192.25    -0.517196508648
192.375    -0.517076393338
192.5    -0.514453875721
192.625    -0.514453875721
192.75    -0.514453875721
192.875    -0.515514894299
193.0    -0.51743673927
193.125    -0.51743673927
193.25    -0.51743673927
193.375    -0.51743673927
193.5    -0.514493914158
193.625    -0.514493914158
193.75    -0.515695067265
193.875    -0.515695067265
194.0    -0.513472934017
194.125    -0.513472934017
194.25    -0.513472934017
194.375    -0.513472934017
194.5    -0.514033472133
194.625    -0.514033472133
194.75    -0.514033472133
194.875    -0.514794202434
195.0    -0.51511450993
195.125    -0.51511450993
195.25    -0.515334721332
195.375    -0.515334721332
195.5    -0.516776105061
195.625    -0.515394778988
195.75    -0.515895259449
195.875    -0.515775144138
196.0    -0.512411915439
196.125    -0.512411915439
196.25    -0.513272741832
196.375    -0.513352818706
196.5    -0.515915278668
196.625    -0.515775144138
196.75    -0.515655028828
196.875    -0.515655028828
197.0    -0.513212684177
197.125    -0.513212684177
197.25    -0.513212684177
197.375    -0.513232703395
197.5    -0.515034433056
197.625    -0.515034433056
197.75    -0.515034433056
197.875    -0.514573991031
198.0    -0.515514894299
198.125    -0.515514894299
198.25    -0.515514894299
198.375    -0.515354740551
198.5    -0.513272741832
198.625    -0.513272741832
198.75    -0.515554932735
198.875    -0.515554932735
199.0    -0.517276585522
199.125    -0.515174567585
199.25    -0.517276585522
199.375    -0.517276585522
199.5    -0.515795163357
199.625    -0.516615951313
199.75    -0.516876201153
199.875    -0.516255605381
200.0    -0.513893337604
200.125    -0.510810377963
200.25    -0.510770339526
200.375    -0.510790358744
200.5    -0.51175128123
200.625    -0.515134529148
200.75    -0.515134529148
200.875    -0.514433856502
201.0    -0.512972453555
201.125    -0.514113549007
201.25    -0.514113549007
201.375    -0.514113549007
201.5    -0.513512972454
201.625    -0.513512972454
201.75    -0.515454836643
201.875    -0.51369314542
202.0    -0.514694106342
202.125    -0.514674087124
202.25    -0.514754163997
202.375    -0.514754163997
202.5    -0.50968930173
202.625    -0.50968930173
202.75    -0.511170723895
202.875    -0.511310858424
203.0    -0.512952434337
203.125    -0.509969570788
203.25    -0.512772261371
203.375    -0.512712203716
203.5    -0.514614029468
203.625    -0.514573991031
203.75    -0.514573991031
203.875    -0.514573991031
204.0    -0.514914317745
204.125    -0.51407351057
204.25    -0.513653106983
204.375    -0.513653106983
204.5    -0.512792280589
204.625    -0.51201153107
204.75    -0.511771300448
204.875    -0.512672165279
205.0    -0.513032511211
205.125    -0.513032511211
205.25    -0.513032511211
205.375    -0.513032511211
205.5    -0.514674087124
205.625    -0.514674087124
205.75    -0.514674087124
205.875    -0.514674087124
206.0    -0.514513933376
206.125    -0.51433376041
206.25    -0.513052530429
206.375    -0.513833279949
206.5    -0.5129123959
206.625    -0.513192664958
206.75    -0.514153587444
206.875    -0.514153587444
207.0    -0.513753203075
207.125    -0.513753203075
207.25    -0.512231742473
207.375    -0.512091607944
207.5    -0.511591127482
207.625    -0.512431934657
207.75    -0.512431934657
207.875    -0.512431934657
208.0    -0.511390935298
208.125    -0.511390935298
208.25    -0.511390935298
208.375    -0.513312780269
208.5    -0.511090647021
208.625    -0.511711242793
208.75    -0.510510089686
208.875    -0.511571108264
209.0    -0.510750320307
209.125    -0.511310858424
209.25    -0.511310858424
209.375    -0.512491992313
209.5    -0.511190743113
209.625    -0.510650224215
209.75    -0.51006966688
209.875    -0.508988629084
210.0    -0.510289878283
210.125    -0.510269859065
210.25    -0.510169762972
210.375    -0.510169762972
210.5    -0.51239189622
210.625    -0.51239189622
210.75    -0.51239189622
210.875    -0.51239189622
211.0    -0.510770339526
211.125    -0.510770339526
211.25    -0.510990550929
211.375    -0.510269859065
211.5    -0.511130685458
211.625    -0.511210762332
211.75    -0.512732222934
211.875    -0.511210762332
212.0    -0.510530108905
212.125    -0.510009609225
212.25    -0.510009609225
212.375    -0.509889493914
212.5    -0.509889493914
212.625    -0.509889493914
212.75    -0.509989590006
212.875    -0.506946668802
213.0    -0.508808456118
213.125    -0.508808456118
213.25    -0.508928571429
213.375    -0.50800768738
213.5    -0.509328955798
213.625    -0.509328955798
213.75    -0.509328955798
213.875    -0.509328955798
214.0    -0.510870435618
214.125    -0.511030589366
214.25    -0.510870435618
214.375    -0.510870435618
214.5    -0.510309897502
214.625    -0.511831358104
214.75    -0.510570147341
214.875    -0.510910474055
215.0    -0.509969570788
215.125    -0.510470051249
215.25    -0.510530108905
215.375    -0.511090647021
215.5    -0.508828475336
215.625    -0.509248878924
215.75    -0.509188821268
215.875    -0.508428090967
216.0    -0.507447149263
216.125    -0.507447149263
216.25    -0.507447149263
216.375    -0.509068705958
216.5    -0.508888532992
216.625    -0.509008648302
216.75    -0.507286995516
216.875    -0.507066784113
217.0    -0.510790358744
217.125    -0.510790358744
217.25    -0.510790358744
217.375    -0.510790358744
217.5    -0.507967648943
217.625    -0.507307014734
217.75    -0.507527226137
217.875    -0.506546284433
218.0    -0.50942905189
218.125    -0.509368994234
218.25    -0.509368994234
218.375    -0.509188821268
218.5    -0.507807495195
218.625    -0.507507206919
218.75    -0.506746476618
218.875    -0.508187860346
219.0    -0.505905669443
219.125    -0.505665438821
219.25    -0.505905669443
219.375    -0.506626361307
219.5    -0.506826553491
219.625    -0.506866591928
219.75    -0.507066784113
219.875    -0.508107783472
220.0    -0.506005765535
220.125    -0.506446188341
220.25    -0.505485265855
220.375    -0.505485265855
220.5    -0.507627322229
220.625    -0.50490470852
220.75    -0.50490470852
220.875    -0.50490470852
221.0    -0.505325112108
221.125    -0.505725496477
221.25    -0.505725496477
221.375    -0.505725496477
221.5    -0.504924727739
221.625    -0.505204996797
221.75    -0.504924727739
221.875    -0.504204035874
222.0    -0.504464285714
222.125    -0.504624439462
222.25    -0.505144939142
222.375    -0.50516495836
222.5    -0.503863709161
222.625    -0.503863709161
222.75    -0.503863709161
222.875    -0.503863709161
223.0    -0.504324151185
223.125    -0.503643497758
223.25    -0.503643497758
223.375    -0.503563420884
223.5    -0.503062940423
223.625    -0.502102017937
223.75    -0.502982863549
223.875    -0.502982863549
224.0    -0.503923766816
224.125    -0.502702594491
224.25    -0.502422325432
224.375    -0.503563420884
224.5    -0.502622517617
224.625    -0.502622517617
224.75    -0.502622517617
224.875    -0.502622517617
225.0    -0.502442344651
225.125    -0.502182094811
225.25    -0.501461402947
225.375    -0.5020619795
225.5    -0.502602498398
225.625    -0.502602498398
225.75    -0.503683536195
225.875    -0.502542440743
226.0    -0.501961883408
226.125    -0.501961883408
226.25    -0.501961883408
226.375    -0.501781710442
226.5    -0.502242152466
226.625    -0.502242152466
226.75    -0.502242152466
226.875    -0.502242152466
227.0    -0.500740711083
227.125    -0.500740711083
227.25    -0.499899903908
227.375    -0.499899903908
227.5    -0.501901825753
227.625    -0.502001921845
227.75    -0.502001921845
227.875    -0.502001921845
228.0    -0.49973975016
228.125    -0.49973975016
228.25    -0.49973975016
228.375    -0.49973975016
228.5    -0.502722613709
228.625    -0.502722613709
228.75    -0.500480461243
228.875    -0.500460442024
229.0    -0.500460442024
229.125    -0.500460442024
229.25    -0.500340326714
229.375    -0.499519538757
229.5    -0.497958039718
229.625    -0.497958039718
229.75    -0.497958039718
229.875    -0.498338404869
230.0    -0.499879884689
230.125    -0.499879884689
230.25    -0.499879884689
230.375    -0.498938981422
230.5    -0.500120115311
230.625    -0.500120115311
230.75    -0.500060057655
230.875    -0.498458520179
231.0    -0.497297405509
231.125    -0.49715727098
231.25    -0.497297405509
231.375    -0.496096252402
231.5    -0.492532831518
231.625    -0.495015214606
231.75    -0.494694907111
231.875    -0.494694907111
232.0    -0.494434657271
232.125    -0.495395579757
232.25    -0.495715887252
232.375    -0.495235426009
232.5    -0.495155349135
232.625    -0.495155349135
232.75    -0.495035233824
232.875    -0.495035233824
233.0    -0.494754964766
233.125    -0.494734945548
233.25    -0.494694907111
233.375    -0.494694907111
233.5    -0.492953235106
233.625    -0.492953235106
233.75    -0.492692985266
233.875    -0.493814061499
234.0    -0.492332639334
234.125    -0.490370755926
234.25    -0.491131486227
234.375    -0.488148622678
234.5    -0.493693946188
234.625    -0.4925128123
234.75    -0.4925128123
234.875    -0.4925128123
235.0    -0.492392696989
235.125    -0.490550928892
235.25    -0.491151505445
235.375    -0.49225256246
235.5    -0.489690102498
235.625    -0.489469891095
235.75    -0.489449871877
235.875    -0.490270659833
236.0    -0.488008488149
236.125    -0.486046604741
236.25    -0.486046604741
236.375    -0.488789237668
236.5    -0.489630044843
236.625    -0.48682735426
236.75    -0.484805413197
236.875    -0.48566623959
237.0    -0.487367873158
237.125    -0.488388853299
237.25    -0.485946508648
237.375    -0.487968449712
237.5    -0.484625240231
237.625    -0.484425048046
237.75    -0.48592648943
237.875    -0.485646220372
238.0    -0.485686258808
238.125    -0.484324951954
238.25    -0.483323991031
238.375    -0.483464125561
238.5    -0.482543241512
238.625    -0.482363068546
238.75    -0.482763452915
238.875    -0.482323030109
239.0    -0.483944586803
239.125    -0.481502242152
239.25    -0.481642376682
239.375    -0.481902626521
240.0    -0.482042761051
240.125    -0.481241992313
240.25    -0.4816623959
240.375    -0.482683376041
240.5    -0.481602338245
240.625    -0.480801569507
240.75    -0.481081838565
240.875    -0.478939782191
241.0    -0.480401185138
241.125    -0.477958840487
241.25    -0.478499359385
241.375    -0.478499359385
241.5    -0.481602338245
241.625    -0.480461242793
241.75    -0.481882607303
241.875    -0.475416399744
242.0    -0.478279147982
242.125    -0.477798686739
242.25    -0.477118033312
242.375    -0.477478379244
242.5    -0.476897821909
242.625    -0.475876841768
242.75    -0.476537475977
242.875    -0.474875880846
243.0    -0.473954996797
243.125    -0.471412556054
243.25    -0.475656630365
243.375    -0.472453555413
243.5    -0.47727818706
243.625    -0.477258167841
243.75    -0.477037956438
243.875    -0.475096092249
244.0    -0.473174247277
244.125    -0.473794843049
244.25    -0.473714766176
244.375    -0.472713805253
244.5    -0.467989269699
244.625    -0.46784913517
244.75    -0.469330557335
244.875    -0.471092248559
245.0    -0.473294362588
245.125    -0.470791960282
245.25    -0.470791960282
245.375    -0.470791960282
245.5    -0.468770019218
245.625    -0.470031229981
245.75    -0.468189461883
245.875    -0.469570787956
246.0    -0.464565983344
246.125    -0.46901024984
246.25    -0.46875
246.375    -0.4653867713
246.5    -0.466728058937
246.625    -0.468029308136
246.75    -0.463985426009
246.875    -0.464045483664
247.0    -0.465727098014
247.125    -0.465627001922
247.25    -0.466227578475
247.375    -0.460942504805
247.5    -0.46564702114
247.625    -0.463424887892
247.75    -0.463204676489
247.875    -0.46242392697
248.0    -0.462664157591
248.125    -0.464385810378
248.25    -0.461843369635
248.375    -0.460802370275
248.5    -0.462664157591
248.625    -0.461683215887
248.75    -0.461683215887
248.875    -0.46100256246
249.0    -0.461623158232
249.125    -0.46178331198
249.25    -0.459421044202
249.375    -0.461703235106
249.5    -0.46100256246
249.625    -0.461142696989
249.75    -0.46100256246
249.875    -0.460982543242
250.0    -0.460141736067
250.125    -0.461162716208
250.25    -0.4612628123
250.375    -0.461342889174
250.5    -0.460862427931
250.625    -0.460241832159
250.75    -0.46010169763
250.875    -0.460622197309
251.0    -0.460582158873
251.125    -0.459240871236
251.25    -0.458700352338
251.375    -0.458640294683
251.5    -0.46306454196
251.625    -0.462964445868
251.75    -0.460662235746
251.875    -0.461042600897
252.0    -0.464505925689
252.125    -0.460562139654
252.25    -0.460562139654
252.375    -0.461843369635
252.5    -0.463945387572
252.625    -0.463865310698
252.75    -0.464145579757
252.875    -0.462403907751
253.0    -0.460962524023
253.125    -0.460922485586
253.25    -0.460762331839
253.375    -0.461402946829
253.5    -0.465947309417
253.625    -0.462744234465
253.75    -0.464045483664
253.875    -0.463725176169
254.0    -0.466627962844
254.125    -0.463945387572
254.25    -0.463825272261
254.375    -0.463124599616
254.5    -0.464465887252
254.625    -0.464726137092
254.75    -0.464886290839
254.875    -0.462604099936
255.0    -0.464565983344
255.125    -0.464565983344
255.25    -0.463605060858
255.375    -0.463605060858
255.5    -0.462924407431
255.625    -0.462904388213
255.75    -0.463745195388
255.875    -0.46410554132
256.0    -0.46848975016
256.125    -0.469210442024
256.25    -0.466107463165
256.375    -0.466107463165
256.5    -0.471632767457
256.625    -0.470872037156
256.75    -0.469490711083
256.875    -0.469490711083
257.0    -0.471432575272
257.125    -0.469931133889
257.25    -0.472393497758
257.375    -0.471412556054
257.5    -0.468990230621
257.625    -0.469290518898
257.75    -0.468009288917
257.875    -0.468169442665
258.0    -0.471933055734
258.125    -0.470711883408
258.25    -0.468629884689
258.375    -0.470051249199
258.5    -0.470791960282
258.625    -0.471392536835
258.75    -0.471632767457
258.875    -0.471512652146
259.0    -0.474395419603
259.125    -0.475456438181
259.25    -0.477358263933
259.375    -0.477098014094
259.5    -0.475236226778
259.625    -0.476217168482
259.75    -0.4762371877
259.875    -0.475556534273
260.0    -0.475816784113
260.125    -0.478339205637
260.25    -0.477698590647
260.375    -0.472553651505
260.5    -0.477958840487
260.625    -0.477858744395
260.75    -0.475236226778
260.875    -0.475176169122
261.0    -0.476577514414
261.125    -0.476737668161
261.25    -0.475656630365
261.375    -0.475656630365
261.5    -0.481642376682
261.625    -0.480200992953
261.75    -0.480200992953
261.875    -0.480200992953
262.0    -0.479139974375
262.125    -0.479240070468
262.25    -0.480321108264
262.375    -0.478379244074
262.5    -0.478339205637
262.625    -0.47739830237
262.75    -0.480581358104
262.875    -0.479800608584
263.0    -0.47727818706
263.125    -0.479880685458
263.25    -0.476217168482
263.375    -0.475796764894
263.5    -0.478999839846
263.625    -0.479640454837
263.75    -0.481622357463
263.875    -0.47907991672
264.0    -0.479119955157
264.125    -0.479800608584
264.25    -0.480221012172
264.375    -0.482643337604
264.5    -0.481181934657
264.625    -0.481181934657
264.75    -0.479820627803
264.875    -0.479820627803
265.0    -0.481882607303
265.125    -0.478719570788
265.25    -0.478799647662
265.375    -0.477218129404
265.5    -0.480140935298
265.625    -0.479740550929
265.75    -0.479580397181
265.875    -0.4796004164
266.0    -0.478739590006
266.125    -0.481342088405
266.25    -0.481262011531
266.375    -0.480200992953
266.5    -0.480921684817
266.625    -0.480921684817
266.75    -0.480921684817
266.875    -0.481702434337
267.0    -0.482262972454
267.125    -0.482262972454
267.25    -0.482883568226
267.375    -0.481902626521
267.5    -0.479660474055
267.625    -0.479700512492
267.75    -0.480301089045
267.875    -0.477778667521
268.0    -0.481201953876
268.125    -0.480160954516
268.25    -0.480160954516
268.375    -0.48024103139
268.5    -0.484965566944
268.625    -0.484965566944
268.75    -0.482783472133
268.875    -0.480060858424
269.0    -0.482202914798
269.125    -0.482062780269
269.25    -0.483143818065
269.375    -0.483063741192
269.5    -0.48334401025
269.625    -0.48192264574
269.75    -0.482383087764
269.875    -0.484124759769
270.0    -0.47986066624
270.125    -0.482523222293
270.25    -0.480481262012
270.375    -0.480641415759
270.5    -0.480881646381
270.625    -0.480421204356
270.75    -0.478299167201
270.875    -0.481582319026
271.0    -0.482683376041
271.125    -0.482603299167
271.25    -0.479820627803
271.375    -0.478519378603
271.5    -0.479460281871
271.625    -0.479280108905
271.75    -0.479200032031
271.875    -0.479119955157
272.0    -0.480561338885
272.125    -0.477778667521
272.25    -0.480200992953
272.375    -0.479580397181
272.5    -0.480261050609
272.625    -0.481862588085
272.75    -0.480521300448
272.875    -0.478979820628
273.0    -0.482162876361
273.125    -0.482503203075
273.25    -0.481722453555
273.375    -0.481722453555
273.5    -0.482262972454
273.625    -0.481882607303
273.75    -0.480861627162
273.875    -0.480721492633
274.0    -0.481482222934
274.125    -0.481442184497
274.25    -0.482723414478
274.375    -0.482843529789
274.5    -0.480641415759
274.625    -0.480641415759
274.75    -0.479760570147
274.875    -0.481682415119
275.0    -0.483263933376
275.125    -0.483263933376
275.25    -0.483123798847
275.375    -0.481862588085
275.5    -0.481442184497
275.625    -0.47998078155
275.75    -0.480801569507
275.875    -0.479840647021
276.0    -0.4796004164
276.125    -0.479640454837
276.25    -0.479640454837
276.375    -0.47817905189
276.5    -0.47765855221
276.625    -0.479019859065
276.75    -0.480381165919
276.875    -0.478899743754
277.0    -0.480701473414
277.125    -0.482042761051
277.25    -0.481782511211
277.375    -0.481722453555
277.5    -0.481161915439
277.625    -0.481322069186
277.75    -0.481201953876
277.875    -0.481221973094
278.0    -0.481482222934
278.125    -0.480901665599
278.25    -0.480261050609
278.375    -0.480521300448
278.5    -0.480080877643
278.625    -0.478519378603
278.75    -0.479480301089
278.875    -0.476036995516
279.0    -0.481201953876
279.125    -0.481201953876
279.25    -0.478519378603
279.375    -0.478199071108
279.5    -0.477498398463
279.625    -0.477498398463
279.75    -0.476477418322
279.875    -0.476477418322
280.0    -0.479520339526
280.125    -0.479520339526
280.25    -0.482022741832
280.375    -0.482503203075
280.5    -0.479900704677
280.625    -0.479900704677
280.75    -0.482723414478
280.875    -0.481181934657
281.0    -0.47713805253
281.125    -0.477438340807
281.25    -0.478759609225
281.375    -0.47571668802
281.5    -0.480160954516
281.625    -0.47881966688
281.75    -0.479159993594
281.875    -0.480321108264
282.0    -0.480381165919
282.125    -0.480401185138
282.25    -0.480160954516
282.375    -0.481041800128
282.5    -0.478379244074
282.625    -0.478379244074
282.75    -0.478959801409
282.875    -0.479119955157
283.0    -0.477198110186
283.125    -0.478058936579
283.25    -0.478058936579
283.375    -0.478058936579
283.5    -0.480941704036
283.625    -0.480981742473
283.75    -0.479099935939
283.875    -0.479520339526
284.0    -0.478078955798
284.125    -0.478058936579
284.25    -0.47934016656
284.375    -0.479240070468
284.5    -0.47727818706
284.625    -0.476797725817
284.75    -0.477298206278
284.875    -0.479500320307
285.0    -0.479660474055
285.125    -0.477558456118
285.25    -0.479580397181
285.375    -0.479540358744
285.5    -0.478379244074
285.625    -0.47559657271
285.75    -0.478038917361
285.875    -0.478379244074
286.0    -0.475436418962
286.125    -0.475436418962
286.25    -0.47701793722
286.375    -0.475576553491
286.5    -0.478499359385
286.625    -0.478599455477
286.75    -0.48128203075
286.875    -0.481041800128
287.0    -0.478139013453
287.125    -0.478139013453
287.25    -0.476277226137
287.375    -0.476057014734
287.5    -0.476057014734
287.625    -0.476057014734
287.75    -0.477258167841
287.875    -0.477518417681
288.0    -0.482663356823
288.125    -0.480581358104
288.25    -0.480581358104
288.375    -0.480261050609
288.5    -0.479840647021
288.625    -0.478599455477
288.75    -0.477258167841
288.875    -0.477258167841
289.0    -0.478859705317
289.125    -0.478939782191
289.25    -0.477798686739
289.375    -0.477318225496
289.5    -0.477738629084
289.625    -0.477738629084
289.75    -0.477738629084
289.875    -0.477738629084
290.0    -0.477518417681
290.125    -0.478779628443
290.25    -0.479039878283
290.375    -0.478659513133
290.5    -0.480281069827
290.625    -0.480281069827
290.75    -0.480421204356
290.875    -0.478879724536
291.0    -0.480040839206
291.125    -0.480040839206
291.25    -0.47907991672
291.375    -0.480060858424
291.5    -0.475796764894
291.625    -0.475656630365
291.75    -0.474155188981
291.875    -0.47611707239
292.0    -0.478499359385
292.125    -0.478499359385
292.25    -0.478499359385
292.375    -0.477958840487
292.5    -0.479540358744
292.625    -0.477098014094
292.75    -0.476377322229
292.875    -0.476257206919
293.0    -0.477758648302
293.125    -0.477758648302
293.25    -0.476357303011
293.375    -0.478599455477
293.5    -0.47727818706
293.625    -0.477218129404
293.75    -0.477218129404
293.875    -0.477818705958
294.0    -0.479960762332
294.125    -0.478999839846
294.25    -0.479119955157
294.375    -0.478199071108
294.5    -0.47881966688
294.625    -0.47881966688
294.75    -0.477057975657
294.875    -0.47739830237
295.0    -0.478979820628
295.125    -0.478979820628
295.25    -0.478779628443
295.375    -0.478759609225
295.5    -0.479740550929
295.625    -0.479740550929
295.75    -0.479840647021
295.875    -0.478679532351
296.0    -0.478018898142
296.125    -0.477858744395
296.25    -0.477618513773
296.375    -0.47727818706
296.5    -0.47713805253
296.625    -0.476977898783
296.75    -0.476977898783
296.875    -0.475896860987
297.0    -0.477057975657
297.125    -0.477758648302
297.25    -0.477498398463
297.375    -0.476657591288
297.5    -0.475936899423
297.625    -0.475936899423
297.75    -0.475416399744
297.875    -0.476337283792
298.0    -0.47765855221
298.125    -0.480401185138
298.25    -0.480401185138
298.375    -0.477758648302
298.5    -0.477118033312
298.625    -0.478159032671
298.75    -0.478159032671
298.875    -0.478159032671
299.0    -0.477498398463
299.125    -0.477498398463
299.25    -0.477238148623
299.375    -0.47791880205
