0.0    -0.834115932642
0.125    -0.83611291019
0.25    -0.835627158895
0.375    -0.835735103627
0.5    -0.833468264249
0.625    -0.833576208981
0.75    -0.833576208981
0.875    -0.830823618307
1.0    -0.832550734024
1.125    -0.832523747841
1.25    -0.834520725389
1.375    -0.834196891192
1.5    -0.833009499136
1.625    -0.833009499136
1.75    -0.833009499136
1.875    -0.833009499136
2.0    -0.831336355786
2.125    -0.830904576857
2.25    -0.830904576857
2.375    -0.830823618307
2.5    -0.831741148532
2.625    -0.831741148532
2.75    -0.831741148532
2.875    -0.831741148532
3.0    -0.832766623489
3.125    -0.834439766839
3.25    -0.834682642487
3.375    -0.836544689119
3.5    -0.832226899827
3.625    -0.832037996546
3.75    -0.832037996546
3.875    -0.831876079447
4.0    -0.833549222798
4.125    -0.831768134715
4.25    -0.833495250432
4.375    -0.831822107081
4.5    -0.833171416235
4.625    -0.833063471503
4.75    -0.832766623489
4.875    -0.832766623489
5.0    -0.830553756477
5.125    -0.830553756477
5.25    -0.834844559585
5.375    -0.837084412781
5.5    -0.829933074266
5.625    -0.830445811744
5.75    -0.833387305699
5.875    -0.833387305699
6.0    -0.834871545769
6.125    -0.834871545769
6.25    -0.834871545769
6.375    -0.834952504318
6.5    -0.831498272884
6.625    -0.831498272884
6.75    -0.831498272884
6.875    -0.831498272884
7.0    -0.833873056995
7.125    -0.833873056995
7.25    -0.833873056995
7.375    -0.83365716753
7.5    -0.832172927461
7.625    -0.829663212435
7.75    -0.831336355786
7.875    -0.831336355786
8.0    -0.831498272884
8.125    -0.830985535406
8.25    -0.830985535406
8.375    -0.830985535406
8.5    -0.833360319516
8.625    -0.833117443869
8.75    -0.833117443869
8.875    -0.833117443869
9.0    -0.830526770294
9.125    -0.830526770294
9.25    -0.830526770294
9.375    -0.830526770294
9.5    -0.831444300518
9.625    -0.831444300518
9.75    -0.83190306563
9.875    -0.83190306563
10.0    -0.831498272884
10.125    -0.833279360967
10.25    -0.833279360967
10.375    -0.833279360967
10.5    -0.830121977548
10.625    -0.830256908463
10.75    -0.830256908463
10.875    -0.830256908463
11.0    -0.830661701209
11.125    -0.830661701209
11.25    -0.830661701209
11.375    -0.833819084629
11.5    -0.831579231434
11.625    -0.82742335924
11.75    -0.831417314335
11.875    -0.832118955095
12.0    -0.829717184801
12.125    -0.831039507772
12.25    -0.831039507772
12.375    -0.831039507772
12.5    -0.834115932642
12.625    -0.834115932642
12.75    -0.831363341969
12.875    -0.83155224525
13.0    -0.831444300518
13.125    -0.831444300518
13.25    -0.831444300518
13.375    -0.831444300518
13.5    -0.829825129534
13.625    -0.829825129534
13.75    -0.826262953368
13.875    -0.829825129534
14.0    -0.83093156304
14.125    -0.83093156304
14.25    -0.829582253886
14.375    -0.829582253886
14.5    -0.829042530225
14.625    -0.829501295337
14.75    -0.829501295337
14.875    -0.829501295337
15.0    -0.82882664076
15.125    -0.82882664076
15.25    -0.82882664076
15.375    -0.82882664076
15.5    -0.830445811744
15.625    -0.830445811744
15.75    -0.830445811744
15.875    -0.830445811744
16.0    -0.829906088083
16.125    -0.829258419689
16.25    -0.829258419689
16.375    -0.82672171848
16.5    -0.830553756477
16.625    -0.830553756477
16.75    -0.830364853195
16.875    -0.831363341969
17.0    -0.830337867012
17.125    -0.830337867012
17.25    -0.829663212435
17.375    -0.829663212435
17.5    -0.829555267703
17.625    -0.829339378238
17.75    -0.829339378238
17.875    -0.829339378238
18.0    -0.831120466321
18.125    -0.830742659758
18.25    -0.830337867012
18.375    -0.830391839378
18.5    -0.829933074266
18.625    -0.829420336788
18.75    -0.829420336788
18.875    -0.829420336788
19.0    -0.826775690846
19.125    -0.828313903282
19.25    -0.829501295337
19.375    -0.829501295337
19.5    -0.83120142487
19.625    -0.83120142487
19.75    -0.83120142487
19.875    -0.83120142487
20.0    -0.828178972366
20.125    -0.828151986183
20.25    -0.828017055268
20.375    -0.828017055268
20.5    -0.827045552677
20.625    -0.827045552677
20.75    -0.827045552677
20.875    -0.827045552677
21.0    -0.828151986183
21.125    -0.827720207254
21.25    -0.827153497409
21.375    -0.825696243523
21.5    -0.828718696028
21.625    -0.828718696028
21.75    -0.828718696028
21.875    -0.828718696028
22.0    -0.828718696028
22.125    -0.828529792746
22.25    -0.828367875648
22.375    -0.828367875648
22.5    -0.826667746114
22.625    -0.826667746114
22.75    -0.82539939551
22.875    -0.826074050086
23.0    -0.827720207254
23.125    -0.827828151986
23.25    -0.828151986183
23.375    -0.827288428325
23.5    -0.827963082902
23.625    -0.827963082902
23.75    -0.828529792746
23.875    -0.828529792746
24.0    -0.828718696028
24.125    -0.828718696028
24.25    -0.828718696028
24.375    -0.826937607945
24.5    -0.824292962003
24.625    -0.825075561313
24.75    -0.825075561313
24.875    -0.825075561313
25.0    -0.827234455959
25.125    -0.827234455959
25.25    -0.825966105354
25.375    -0.8263708981
25.5    -0.828313903282
25.625    -0.828313903282
25.75    -0.828313903282
25.875    -0.824023100173
26.0    -0.820379965458
26.125    -0.820379965458
26.25    -0.825264464594
26.375    -0.826235967185
26.5    -0.824994602763
26.625    -0.824994602763
26.75    -0.821648316062
26.875    -0.824158031088
27.0    -0.824158031088
27.125    -0.824158031088
27.25    -0.824158031088
27.375    -0.824158031088
27.5    -0.821594343696
27.625    -0.82426597582
27.75    -0.82426597582
27.875    -0.82426597582
28.0    -0.824994602763
28.125    -0.824994602763
28.25    -0.824994602763
28.375    -0.822053108808
28.5    -0.822889680484
28.625    -0.82504857513
28.75    -0.82504857513
28.875    -0.82504857513
29.0    -0.822808721934
29.125    -0.82602007772
29.25    -0.823051597582
29.375    -0.823051597582
29.5    -0.82496761658
29.625    -0.824886658031
29.75    -0.824832685665
29.875    -0.824832685665
30.0    -0.820919689119
30.125    -0.820919689119
30.25    -0.820919689119
30.375    -0.820919689119
30.5    -0.823159542314
30.625    -0.823159542314
30.75    -0.822727763385
30.875    -0.822862694301
31.0    -0.820029145078
31.125    -0.820029145078
31.25    -0.823591321244
31.375    -0.820029145078
31.5    -0.820919689119
31.625    -0.820919689119
31.75    -0.820919689119
31.875    -0.820919689119
32.0    -0.821945164076
32.125    -0.820029145078
32.25    -0.820029145078
32.375    -0.821729274611
32.5    -0.820460924007
32.625    -0.820460924007
32.75    -0.821702288428
32.875    -0.821702288428
33.0    -0.818841753022
33.125    -0.818841753022
33.25    -0.818841753022
33.375    -0.818841753022
33.5    -0.82426597582
33.625    -0.823456390328
33.75    -0.819651338515
33.875    -0.818086139896
34.0    -0.821702288428
34.125    -0.818140112263
34.25    -0.821702288428
34.375    -0.821702288428
34.5    -0.821729274611
34.625    -0.821729274611
34.75    -0.820892702936
34.875    -0.820892702936
35.0    -0.822484887737
35.125    -0.821918177893
35.25    -0.821918177893
35.375    -0.821432426598
35.5    -0.820460924007
35.625    -0.819516407599
35.75    -0.819192573402
35.875    -0.819192573402
36.0    -0.823375431779
36.125    -0.819624352332
36.25    -0.819624352332
36.375    -0.820245034542
36.5    -0.819030656304
36.625    -0.819030656304
36.75    -0.819030656304
36.875    -0.819030656304
37.0    -0.821945164076
37.125    -0.822457901554
37.25    -0.82118955095
37.375    -0.82118955095
37.5    -0.81768134715
37.625    -0.81768134715
37.75    -0.820056131261
37.875    -0.817519430052
38.0    -0.818517918826
38.125    -0.818517918826
38.25    -0.818544905009
38.375    -0.818544905009
38.5    -0.818895725389
38.625    -0.818706822107
38.75    -0.819111614853
38.875    -0.819111614853
39.0    -0.822484887737
39.125    -0.818922711572
39.25    -0.818275043178
39.375    -0.818275043178
39.5    -0.816412996546
39.625    -0.816412996546
39.75    -0.816412996546
39.875    -0.816412996546
40.0    -0.818248056995
40.125    -0.818059153713
40.25    -0.818059153713
40.375    -0.818059153713
40.5    -0.817195595855
40.625    -0.817114637306
40.75    -0.817114637306
40.875    -0.817114637306
41.0    -0.820919689119
41.125    -0.818140112263
41.25    -0.818140112263
41.375    -0.815441493955
41.5    -0.818652849741
41.625    -0.818652849741
41.75    -0.816143134715
41.875    -0.818625863558
42.0    -0.814847797927
42.125    -0.814847797927
42.25    -0.814577936097
42.375    -0.814281088083
42.5    -0.817168609672
42.625    -0.817168609672
42.75    -0.81768134715
42.875    -0.818517918826
43.0    -0.818760794473
43.125    -0.818436960276
43.25    -0.818436960276
43.375    -0.818356001727
43.5    -0.815765328152
43.625    -0.811663428325
43.75    -0.812607944732
43.875    -0.812715889465
44.0    -0.813957253886
44.125    -0.812715889465
44.25    -0.814227115717
44.375    -0.813039723661
44.5    -0.81390328152
44.625    -0.815765328152
44.75    -0.815873272884
44.875    -0.815873272884
45.0    -0.816736830743
45.125    -0.815171632124
45.25    -0.815171632124
45.375    -0.815171632124
45.5    -0.816412996546
45.625    -0.815171632124
45.75    -0.816412996546
45.875    -0.816412996546
46.0    -0.815711355786
46.125    -0.815225604491
46.25    -0.818194084629
46.375    -0.818194084629
46.5    -0.813444516408
46.625    -0.812958765112
46.75    -0.812796848014
46.875    -0.812796848014
47.0    -0.815630397237
47.125    -0.815630397237
47.25    -0.816116148532
47.375    -0.816116148532
47.5    -0.815333549223
47.625    -0.815333549223
47.75    -0.814982728843
47.875    -0.814739853195
48.0    -0.813390544041
48.125    -0.812607944732
48.25    -0.814443005181
48.375    -0.814874784111
48.5    -0.814901770294
48.625    -0.814901770294
48.75    -0.814901770294
48.875    -0.814443005181
49.0    -0.812904792746
49.125    -0.812904792746
49.25    -0.809855354059
49.375    -0.813066709845
49.5    -0.812473013817
49.625    -0.812580958549
49.75    -0.812580958549
49.875    -0.814092184801
50.0    -0.815522452504
50.125    -0.815522452504
50.25    -0.815495466321
50.375    -0.813795336788
50.5    -0.8160082038
50.625    -0.815522452504
50.75    -0.815522452504
50.875    -0.815522452504
51.0    -0.814847797927
51.125    -0.815819300518
51.25    -0.813660405872
51.375    -0.8160082038
51.5    -0.8107458981
51.625    -0.813282599309
51.75    -0.81285082038
51.875    -0.814712867012
52.0    -0.812715889465
52.125    -0.815711355786
52.25    -0.815252590674
52.375    -0.815252590674
52.5    -0.812553972366
52.625    -0.812257124352
52.75    -0.812257124352
52.875    -0.809612478411
53.0    -0.808317141624
53.125    -0.809396588946
53.25    -0.810880829016
53.375    -0.810880829016
53.5    -0.812095207254
53.625    -0.812095207254
53.75    -0.812068221071
53.875    -0.812068221071
54.0    -0.81214917962
54.125    -0.811555483592
54.25    -0.812958765112
54.375    -0.812985751295
54.5    -0.810610967185
54.625    -0.810610967185
54.75    -0.810610967185
54.875    -0.810610967185
55.0    -0.813039723661
55.125    -0.812257124352
55.25    -0.812257124352
55.375    -0.812257124352
55.5    -0.8089917962
55.625    -0.809045768567
55.75    -0.809396588946
55.875    -0.809720423143
56.0    -0.80864097582
56.125    -0.810125215889
56.25    -0.810125215889
56.375    -0.810125215889
56.5    -0.811528497409
56.625    -0.809666450777
56.75    -0.809666450777
56.875    -0.808155224525
57.0    -0.809396588946
57.125    -0.809396588946
57.25    -0.806886873921
57.375    -0.806886873921
57.5    -0.80977439551
57.625    -0.809747409326
57.75    -0.806724956822
57.875    -0.809747409326
58.0    -0.810961787565
58.125    -0.810961787565
58.25    -0.810772884283
58.375    -0.8089917962
58.5    -0.808506044905
58.625    -0.808506044905
58.75    -0.808317141624
58.875    -0.808317141624
59.0    -0.809531519862
59.125    -0.80802029361
59.25    -0.80802029361
59.375    -0.808155224525
59.5    -0.808182210708
59.625    -0.809180699482
59.75    -0.807426597582
59.875    -0.810718911917
60.0    -0.808667962003
60.125    -0.808667962003
60.25    -0.808667962003
60.375    -0.808667962003
60.5    -0.805483592401
60.625    -0.809855354059
60.75    -0.807291666667
60.875    -0.805699481865
61.0    -0.80864097582
61.125    -0.807615500864
61.25    -0.807804404145
61.375    -0.807804404145
61.5    -0.808802892919
61.625    -0.808694948187
61.75    -0.807048791019
61.875    -0.806212219344
62.0    -0.809180699482
62.125    -0.808560017271
62.25    -0.807885362694
62.375    -0.807885362694
62.5    -0.806697970639
62.625    -0.806886873921
62.75    -0.80521373057
62.875    -0.80521373057
63.0    -0.805996329879
63.125    -0.806832901554
63.25    -0.806832901554
63.375    -0.806832901554
63.5    -0.809450561313
63.625    -0.806940846287
63.75    -0.803378670121
63.875    -0.803378670121
64.0    -0.807399611399
64.125    -0.806886873921
64.25    -0.806886873921
64.375    -0.806886873921
64.5    -0.80766947323
64.625    -0.80766947323
64.75    -0.80766947323
64.875    -0.806185233161
65.0    -0.806994818653
65.125    -0.80205634715
65.25    -0.804404145078
65.375    -0.804808937824
65.5    -0.805024827288
65.625    -0.803594559585
65.75    -0.80486291019
65.875    -0.80486291019
66.0    -0.807831390328
66.125    -0.803054835924
66.25    -0.803054835924
66.375    -0.803054835924
66.5    -0.804997841105
66.625    -0.804997841105
66.75    -0.806104274611
66.875    -0.804997841105
67.0    -0.805888385147
67.125    -0.805888385147
67.25    -0.805888385147
67.375    -0.805888385147
67.5    -0.804593048359
67.625    -0.804593048359
67.75    -0.802488126079
67.875    -0.804674006908
68.0    -0.802677029361
68.125    -0.805024827288
68.25    -0.802677029361
68.375    -0.802677029361
68.5    -0.796227331606
68.625    -0.799573618307
68.75    -0.799573618307
68.875    -0.799573618307
69.0    -0.802946891192
69.125    -0.802946891192
69.25    -0.802245250432
69.375    -0.800761010363
69.5    -0.801759499136
69.625    -0.801759499136
69.75    -0.798737046632
69.875    -0.798548143351
70.0    -0.797549654577
70.125    -0.801111830743
70.25    -0.801111830743
70.375    -0.797549654577
70.5    -0.799654576857
70.625    -0.799654576857
70.75    -0.802596070812
70.875    -0.800464162349
71.0    -0.802245250432
71.125    -0.800626079447
71.25    -0.800626079447
71.375    -0.79582253886
71.5    -0.797441709845
71.625    -0.797441709845
71.75    -0.80143566494
71.875    -0.800761010363
72.0    -0.799006908463
72.125    -0.802137305699
72.25    -0.7986291019
72.375    -0.7986291019
72.5    -0.798359240069
72.625    -0.798359240069
72.75    -0.800626079447
72.875    -0.80003238342
73.0    -0.798737046632
73.125    -0.798170336788
73.25    -0.801138816926
73.375    -0.797954447323
73.5    -0.799708549223
73.625    -0.803054835924
73.75    -0.803054835924
73.875    -0.802704015544
74.0    -0.794041450777
74.125    -0.799816493955
74.25    -0.800707037997
74.375    -0.794581174439
74.5    -0.793285837651
74.625    -0.793285837651
74.75    -0.793285837651
74.875    -0.793285837651
75.0    -0.797387737478
75.125    -0.796875
75.25    -0.800518134715
75.375    -0.801732512953
75.5    -0.795255829016
75.625    -0.794851036269
75.75    -0.795255829016
75.875    -0.79099201209
76.0    -0.79582253886
76.125    -0.799384715026
76.25    -0.796848013817
76.375    -0.796848013817
76.5    -0.794446243523
76.625    -0.79266515544
76.75    -0.795795552677
76.875    -0.795795552677
77.0    -0.793852547496
77.125    -0.798332253886
77.25    -0.795444732297
77.375    -0.797144861831
77.5    -0.796443221071
77.625    -0.796443221071
77.75    -0.796443221071
77.875    -0.794905008636
78.0    -0.791774611399
78.125    -0.790128454231
78.25    -0.795741580311
78.375    -0.797198834197
78.5    -0.80003238342
78.625    -0.79547171848
78.75    -0.79547171848
78.875    -0.799384715026
79.0    -0.791531735751
79.125    -0.791531735751
79.25    -0.795741580311
79.375    -0.795741580311
79.5    -0.791369818653
79.625    -0.790587219344
79.75    -0.793420768567
79.875    -0.793339810017
80.0    -0.792125431779
80.125    -0.792125431779
80.25    -0.791396804836
80.375    -0.791450777202
80.5    -0.794931994819
80.625    -0.794500215889
80.75    -0.798062392055
80.875    -0.794041450777
81.0    -0.793636658031
81.125    -0.79274611399
81.25    -0.794230354059
81.375    -0.793906519862
81.5    -0.792827072539
81.625    -0.795957469775
81.75    -0.79301597582
81.875    -0.79301597582
82.0    -0.792962003454
82.125    -0.792962003454
82.25    -0.792962003454
82.375    -0.792962003454
82.5    -0.792179404145
82.625    -0.79274611399
82.75    -0.79274611399
82.875    -0.79274611399
83.0    -0.795066925734
83.125    -0.794662132988
83.25    -0.794662132988
83.375    -0.794662132988
83.5    -0.793555699482
83.625    -0.791963514681
83.75    -0.791963514681
83.875    -0.791963514681
84.0    -0.794473229706
84.125    -0.794473229706
84.25    -0.794473229706
84.375    -0.794473229706
84.5    -0.790830094991
84.625    -0.790830094991
84.75    -0.790830094991
84.875    -0.790695164076
85.0    -0.793582685665
85.125    -0.793231865285
85.25    -0.793231865285
85.375    -0.793150906736
85.5    -0.789912564767
85.625    -0.795417746114
85.75    -0.794931994819
85.875    -0.790020509499
86.0    -0.786566278066
86.125    -0.786566278066
86.25    -0.791801597582
86.375    -0.791450777202
86.5    -0.791747625216
86.625    -0.791747625216
86.75    -0.791747625216
86.875    -0.793231865285
87.0    -0.791288860104
87.125    -0.792260362694
87.25    -0.789372841105
87.375    -0.796227331606
87.5    -0.794581174439
87.625    -0.791558721934
87.75    -0.793636658031
87.875    -0.793636658031
88.0    -0.787025043178
88.125    -0.790074481865
88.25    -0.790074481865
88.375    -0.787861614853
88.5    -0.792179404145
88.625    -0.787942573402
88.75    -0.791855569948
88.875    -0.790479274611
89.0    -0.792071459413
89.125    -0.792071459413
89.25    -0.792071459413
89.375    -0.792071459413
89.5    -0.789993523316
89.625    -0.788941062176
89.75    -0.788941062176
89.875    -0.789210924007
90.0    -0.791261873921
90.125    -0.790911053541
90.25    -0.790101468048
90.375    -0.790182426598
90.5    -0.786701208981
90.625    -0.786701208981
90.75    -0.786701208981
90.875    -0.786701208981
91.0    -0.793123920553
91.125    -0.793123920553
91.25    -0.791261873921
91.375    -0.791207901554
91.5    -0.791504749568
91.625    -0.788833117444
91.75    -0.788833117444
91.875    -0.790047495682
92.0    -0.792071459413
92.125    -0.792071459413
92.25    -0.79204447323
92.375    -0.796497193437
92.5    -0.790776122625
92.625    -0.788482297064
92.75    -0.789561744387
92.875    -0.787186960276
93.0    -0.790722150259
93.125    -0.790722150259
93.25    -0.790722150259
93.375    -0.790722150259
93.5    -0.789102979275
93.625    -0.789102979275
93.75    -0.789102979275
93.875    -0.789102979275
94.0    -0.791585708117
94.125    -0.793555699482
94.25    -0.784029576857
94.375    -0.788239421416
94.5    -0.787052029361
94.625    -0.789723661485
94.75    -0.78923791019
94.875    -0.78923791019
95.0    -0.789912564767
95.125    -0.78923791019
95.25    -0.788158462867
95.375    -0.784731217617
95.5    -0.78616148532
95.625    -0.785648747841
95.75    -0.785648747841
95.875    -0.785648747841
96.0    -0.789291882556
96.125    -0.791558721934
96.25    -0.791855569948
96.375    -0.793501727116
96.5    -0.788239421416
96.625    -0.788239421416
96.75    -0.786620250432
96.875    -0.786458333333
97.0    -0.789183937824
97.125    -0.789183937824
97.25    -0.789183937824
97.375    -0.789183937824
97.5    -0.789345854922
97.625    -0.792692141624
97.75    -0.792692141624
97.875    -0.789345854922
98.0    -0.788725172712
98.125    -0.788725172712
98.25    -0.787079015544
98.375    -0.787726683938
98.5    -0.791018998273
98.625    -0.791018998273
98.75    -0.791018998273
98.875    -0.788347366149
99.0    -0.788482297064
99.125    -0.788482297064
99.25    -0.788293393782
99.375    -0.788293393782
99.5    -0.788725172712
99.625    -0.788725172712
99.75    -0.787888601036
99.875    -0.787969559585
100.0    -0.787996545769
100.125    -0.787996545769
100.25    -0.788455310881
100.375    -0.791450777202
100.5    -0.790371329879
100.625    -0.790371329879
100.75    -0.790371329879
100.875    -0.790371329879
101.0    -0.789426813472
101.125    -0.789426813472
101.25    -0.792476252159
101.375    -0.790965025907
101.5    -0.791801597582
101.625    -0.791801597582
101.75    -0.789291882556
101.875    -0.784839162349
102.0    -0.788995034542
102.125    -0.788995034542
102.25    -0.788995034542
102.375    -0.788995034542
102.5    -0.792638169257
102.625    -0.789642702936
102.75    -0.788131476684
102.875    -0.788131476684
103.0    -0.789966537133
103.125    -0.789966537133
103.25    -0.789966537133
103.375    -0.789966537133
103.5    -0.785783678756
103.625    -0.788644214162
103.75    -0.788590241796
103.875    -0.788239421416
104.0    -0.790830094991
104.125    -0.790317357513
104.25    -0.791099956822
104.375    -0.791099956822
104.5    -0.788806131261
104.625    -0.789831606218
104.75    -0.789831606218
104.875    -0.788401338515
105.0    -0.790722150259
105.125    -0.786458333333
105.25    -0.788671200345
105.375    -0.788671200345
105.5    -0.785972582038
105.625    -0.787672711572
105.75    -0.787672711572
105.875    -0.787861614853
106.0    -0.785864637306
106.125    -0.785864637306
106.25    -0.785864637306
106.375    -0.788212435233
106.5    -0.787564766839
106.625    -0.787564766839
106.75    -0.784893134715
106.875    -0.788347366149
107.0    -0.788563255613
107.125    -0.788023531952
107.25    -0.787618739206
107.375    -0.787052029361
107.5    -0.789507772021
107.625    -0.788617227979
107.75    -0.789075993092
107.875    -0.786863126079
108.0    -0.787429835924
108.125    -0.787213946459
108.25    -0.788752158895
108.375    -0.78678216753
108.5    -0.786485319516
108.625    -0.787888601036
108.75    -0.785405872193
108.875    -0.78545984456
109.0    -0.787429835924
109.125    -0.786755181347
109.25    -0.788941062176
109.375    -0.787402849741
109.5    -0.787402849741
109.625    -0.787402849741
109.75    -0.786485319516
109.875    -0.789156951641
110.0    -0.78510902418
110.125    -0.78608052677
110.25    -0.78608052677
110.375    -0.785540803109
110.5    -0.785945595855
110.625    -0.787915587219
110.75    -0.785702720207
110.875    -0.78581066494
111.0    -0.786728195164
111.125    -0.786809153713
111.25    -0.786377374784
111.375    -0.786485319516
111.5    -0.783867659758
111.625    -0.783516839378
111.75    -0.783246977548
111.875    -0.78265328152
112.0    -0.786242443869
112.125    -0.78545984456
112.25    -0.786269430052
112.375    -0.786269430052
112.5    -0.783516839378
112.625    -0.782842184801
112.75    -0.78335492228
112.875    -0.78335492228
113.0    -0.784245466321
113.125    -0.786242443869
113.25    -0.786242443869
113.375    -0.785513816926
113.5    -0.786512305699
113.625    -0.786215457686
113.75    -0.78572970639
113.875    -0.783381908463
114.0    -0.785621761658
114.125    -0.78545984456
114.25    -0.78510902418
114.375    -0.784785189983
114.5    -0.783732728843
114.625    -0.782410405872
114.75    -0.783462867012
114.875    -0.782518350605
115.0    -0.783948618307
115.125    -0.782356433506
115.25    -0.784083549223
115.375    -0.784083549223
115.5    -0.783759715026
115.625    -0.783273963731
115.75    -0.783219991364
115.875    -0.783219991364
116.0    -0.784785189983
116.125    -0.780791234888
116.25    -0.784785189983
116.375    -0.7847582038
116.5    -0.781115069085
116.625    -0.783948618307
116.75    -0.783948618307
116.875    -0.783948618307
117.0    -0.782518350605
117.125    -0.781735751295
117.25    -0.781762737478
117.375    -0.781546848014
117.5    -0.782140544041
117.625    -0.782005613126
117.75    -0.782005613126
117.875    -0.781627806563
118.0    -0.77852439551
118.125    -0.780251511226
118.25    -0.780251511226
118.375    -0.78160082038
118.5    -0.783759715026
118.625    -0.780521373057
118.75    -0.781978626943
118.875    -0.783112046632
119.0    -0.779954663212
119.125    -0.779954663212
119.25    -0.779954663212
119.375    -0.782464378238
120.0    -0.780791234888
120.125    -0.780791234888
120.25    -0.785001079447
120.375    -0.780818221071
120.5    -0.781978626943
120.625    -0.782194516408
120.75    -0.781465889465
120.875    -0.78160082038
121.0    -0.780683290155
121.125    -0.780683290155
121.25    -0.776878238342
121.375    -0.776878238342
121.5    -0.782815198618
121.625    -0.781088082902
121.75    -0.780872193437
121.875    -0.782329447323
122.0    -0.780629317789
122.125    -0.780629317789
122.25    -0.782518350605
122.375    -0.78265328152
122.5    -0.782329447323
122.625    -0.782329447323
122.75    -0.779792746114
122.875    -0.779468911917
123.0    -0.781142055268
123.125    -0.781762737478
123.25    -0.781762737478
123.375    -0.781330958549
123.5    -0.780305483592
123.625    -0.779954663212
123.75    -0.781681778929
123.875    -0.779333981002
124.0    -0.781088082902
124.125    -0.780845207254
124.25    -0.779549870466
124.375    -0.780413428325
124.5    -0.778821243523
124.625    -0.778821243523
124.75    -0.778821243523
124.875    -0.778713298791
125.0    -0.774881260794
125.125    -0.774881260794
125.25    -0.776311528497
125.375    -0.774503454231
125.5    -0.776149611399
125.625    -0.777579879102
125.75    -0.777903713299
125.875    -0.776554404145
126.0    -0.776554404145
126.125    -0.776014680484
126.25    -0.776149611399
126.375    -0.775555915371
126.5    -0.775798791019
126.625    -0.775232081174
126.75    -0.775232081174
126.875    -0.775313039724
127.0    -0.777984671848
127.125    -0.777579879102
127.25    -0.777579879102
127.375    -0.777876727116
127.5    -0.776473445596
127.625    -0.778254533679
127.75    -0.776473445596
127.875    -0.780143566494
128.0    -0.778011658031
128.125    -0.777417962003
128.25    -0.776743307427
128.375    -0.774962219344
128.5    -0.780710276339
128.625    -0.77879425734
128.75    -0.77536701209
128.875    -0.773450993092
129.0    -0.775474956822
129.125    -0.773370034542
129.25    -0.776365500864
129.375    -0.772992227979
129.5    -0.776203583765
129.625    -0.775232081174
129.75    -0.771777849741
129.875    -0.777930699482
130.0    -0.773801813472
130.125    -0.776635362694
130.25    -0.77536701209
130.375    -0.777310017271
130.5    -0.776500431779
130.625    -0.776392487047
130.75    -0.77606865285
130.875    -0.77606865285
131.0    -0.773801813472
131.125    -0.774179620035
131.25    -0.774179620035
131.375    -0.774179620035
131.5    -0.776824265976
131.625    -0.775205094991
131.75    -0.775205094991
131.875    -0.775205094991
132.0    -0.774503454231
132.125    -0.77361291019
132.25    -0.778038644214
132.375    -0.778038644214
132.5    -0.775528929188
132.625    -0.775340025907
132.75    -0.775340025907
132.875    -0.775340025907
133.0    -0.77431455095
133.125    -0.772182642487
133.25    -0.771022236615
133.375    -0.774449481865
133.5    -0.773747841105
133.625    -0.774395509499
133.75    -0.774395509499
133.875    -0.774395509499
134.0    -0.77256044905
134.125    -0.77361291019
134.25    -0.77361291019
134.375    -0.77361291019
134.5    -0.771750863558
134.625    -0.771750863558
134.75    -0.774044689119
134.875    -0.775825777202
135.0    -0.771966753022
135.125    -0.771966753022
135.25    -0.771669905009
135.375    -0.776527417962
135.5    -0.774017702936
135.625    -0.773774827288
135.75    -0.775151122625
135.875    -0.773990716753
136.0    -0.773639896373
136.125    -0.773235103627
136.25    -0.773855785838
136.375    -0.772479490501
136.5    -0.772965241796
136.625    -0.774287564767
136.75    -0.776878238342
136.875    -0.774881260794
137.0    -0.77291126943
137.125    -0.77291126943
137.25    -0.771669905009
137.375    -0.771669905009
137.5    -0.772155656304
137.625    -0.775151122625
137.75    -0.774125647668
137.875    -0.774125647668
138.0    -0.774125647668
138.125    -0.773127158895
138.25    -0.772614421416
138.375    -0.771481001727
138.5    -0.772290587219
138.625    -0.772155656304
138.75    -0.772155656304
138.875    -0.772155656304
139.0    -0.771993739206
139.125    -0.771993739206
139.25    -0.768377590674
139.375    -0.772236614853
139.5    -0.771373056995
139.625    -0.768026770294
139.75    -0.770914291883
139.875    -0.769618955095
140.0    -0.771427029361
140.125    -0.771427029361
140.25    -0.771723877375
140.375    -0.772263601036
140.5    -0.77045552677
140.625    -0.769969775475
140.75    -0.770212651123
140.875    -0.770212651123
141.0    -0.769915803109
141.125    -0.769915803109
141.25    -0.769915803109
141.375    -0.77018566494
141.5    -0.77361291019
141.625    -0.77361291019
141.75    -0.77361291019
141.875    -0.772668393782
142.0    -0.770077720207
142.125    -0.769511010363
142.25    -0.769511010363
142.375    -0.769888816926
142.5    -0.772803324698
142.625    -0.771346070812
142.75    -0.771346070812
142.875    -0.771292098446
143.0    -0.769915803109
143.125    -0.769214162349
143.25    -0.768323618307
143.375    -0.770077720207
143.5    -0.772317573402
143.625    -0.769430051813
143.75    -0.769430051813
143.875    -0.768863341969
144.0    -0.76870142487
144.125    -0.76870142487
144.25    -0.768269645941
144.375    -0.768269645941
144.5    -0.770509499136
144.625    -0.770374568221
144.75    -0.769807858377
144.875    -0.770158678756
145.0    -0.772263601036
145.125    -0.769160189983
145.25    -0.768998272884
145.375    -0.768890328152
145.5    -0.769376079447
145.625    -0.769187176166
145.75    -0.767541018998
145.875    -0.770320595855
146.0    -0.770671416235
146.125    -0.770050734024
146.25    -0.768917314335
146.375    -0.768917314335
146.5    -0.767190198618
146.625    -0.767190198618
146.75    -0.767190198618
146.875    -0.767433074266
147.0    -0.772803324698
147.125    -0.772074697755
147.25    -0.770968264249
147.375    -0.766434585492
147.5    -0.768944300518
147.625    -0.767163212435
147.75    -0.766299654577
147.875    -0.770482512953
148.0    -0.769187176166
148.125    -0.768755397237
148.25    -0.768755397237
148.375    -0.768350604491
148.5    -0.769996761658
148.625    -0.767055267703
148.75    -0.767891839378
148.875    -0.766056778929
149.0    -0.767244170984
149.125    -0.769106217617
149.25    -0.770590457686
149.375    -0.768512521589
149.5    -0.769106217617
149.625    -0.770887305699
149.75    -0.771427029361
149.875    -0.770752374784
150.0    -0.767594991364
150.125    -0.767406088083
150.25    -0.77053648532
150.375    -0.767406088083
150.5    -0.766704447323
150.625    -0.769376079447
150.75    -0.767810880829
150.875    -0.77053648532
151.0    -0.769295120898
151.125    -0.766353626943
151.25    -0.765894861831
151.375    -0.768404576857
151.5    -0.7691332038
151.625    -0.768944300518
151.75    -0.768944300518
151.875    -0.77080634715
152.0    -0.766353626943
152.125    -0.766542530225
152.25    -0.765813903282
152.375    -0.770158678756
152.5    -0.767756908463
152.625    -0.76843156304
152.75    -0.767864853195
152.875    -0.766407599309
153.0    -0.765786917098
153.125    -0.765786917098
153.25    -0.767163212435
153.375    -0.767163212435
153.5    -0.768755397237
153.625    -0.768755397237
153.75    -0.765382124352
153.875    -0.768377590674
154.0    -0.768350604491
154.125    -0.768377590674
154.25    -0.768620466321
154.375    -0.768566493955
154.5    -0.767406088083
154.625    -0.766704447323
154.75    -0.766704447323
154.875    -0.764356649396
155.0    -0.766623488774
155.125    -0.766515544041
155.25    -0.766515544041
155.375    -0.766515544041
155.5    -0.764248704663
155.625    -0.764248704663
155.75    -0.763601036269
155.875    -0.763601036269
156.0    -0.766380613126
156.125    -0.766245682211
156.25    -0.767163212435
156.375    -0.767271157168
156.5    -0.765517055268
156.625    -0.765517055268
156.75    -0.764761442142
156.875    -0.767406088083
157.0    -0.763762953368
157.125    -0.763196243523
157.25    -0.762683506045
157.375    -0.766164723661
157.5    -0.765705958549
157.625    -0.764788428325
157.75    -0.761954879102
157.875    -0.765409110535
158.0    -0.767244170984
158.125    -0.766515544041
158.25    -0.766407599309
158.375    -0.766407599309
158.5    -0.76254857513
158.625    -0.765031303972
158.75    -0.765031303972
158.875    -0.765031303972
159.0    -0.764653497409
159.125    -0.763412132988
159.25    -0.762737478411
159.375    -0.765193221071
159.5    -0.765436096718
159.625    -0.764788428325
159.75    -0.764788428325
159.875    -0.762602547496
160.0    -0.764626511226
160.125    -0.765166234888
160.25    -0.763978842832
160.375    -0.763978842832
160.5    -0.76457253886
160.625    -0.76457253886
160.75    -0.767702936097
160.875    -0.765571027634
161.0    -0.765544041451
161.125    -0.765544041451
161.25    -0.765544041451
161.375    -0.765517055268
161.5    -0.763762953368
161.625    -0.766110751295
161.75    -0.766002806563
161.875    -0.763142271157
162.0    -0.763115284974
162.125    -0.762764464594
162.25    -0.760227763385
162.375    -0.76289939551
162.5    -0.763466105354
162.625    -0.763412132988
162.75    -0.763250215889
162.875    -0.762980354059
163.0    -0.762602547496
163.125    -0.761253238342
163.25    -0.762602547496
163.375    -0.761253238342
163.5    -0.76254857513
163.625    -0.760848445596
163.75    -0.761712003454
163.875    -0.761712003454
164.0    -0.762494602763
164.125    -0.76219775475
164.25    -0.765544041451
164.375    -0.76492335924
164.5    -0.763978842832
164.625    -0.763601036269
164.75    -0.76289939551
164.875    -0.76289939551
165.0    -0.761738989637
165.125    -0.761873920553
165.25    -0.761873920553
165.375    -0.762008851468
165.5    -0.762008851468
165.625    -0.761334196891
165.75    -0.760281735751
165.875    -0.75974201209
166.0    -0.763034326425
166.125    -0.763034326425
166.25    -0.763007340242
166.375    -0.761631044905
166.5    -0.760254749568
166.625    -0.760227763385
166.75    -0.760227763385
166.875    -0.76422171848
167.0    -0.761900906736
167.125    -0.761253238342
167.25    -0.761577072539
167.375    -0.761037348877
167.5    -0.764437607945
167.625    -0.760416666667
167.75    -0.762683506045
167.875    -0.761954879102
168.0    -0.760065846287
168.125    -0.761010362694
168.25    -0.760956390328
168.375    -0.762170768567
168.5    -0.758581606218
168.625    -0.758878454231
168.75    -0.758554620035
168.875    -0.758554620035
169.0    -0.758365716753
169.125    -0.759795984456
169.25    -0.761631044905
169.375    -0.761631044905
169.5    -0.760956390328
169.625    -0.760821459413
169.75    -0.760821459413
169.875    -0.760821459413
170.0    -0.758770509499
170.125    -0.759283246978
170.25    -0.759688039724
170.375    -0.759634067358
170.5    -0.758446675302
170.625    -0.758446675302
170.75    -0.758446675302
170.875    -0.761118307427
171.0    -0.755963946459
171.125    -0.755963946459
171.25    -0.755963946459
171.375    -0.755963946459
171.5    -0.760146804836
171.625    -0.760146804836
171.75    -0.760146804836
171.875    -0.760146804836
172.0    -0.756908462867
172.125    -0.75904037133
172.25    -0.760524611399
172.375    -0.75939119171
172.5    -0.758149827288
172.625    -0.758149827288
172.75    -0.757933937824
172.875    -0.757933937824
173.0    -0.756800518135
173.125    -0.75280656304
173.25    -0.75280656304
173.375    -0.756800518135
173.5    -0.759364205527
173.625    -0.759364205527
173.75    -0.759715025907
173.875    -0.759715025907
174.0    -0.752617659758
174.125    -0.757205310881
174.25    -0.756962435233
174.375    -0.754722582038
174.5    -0.756098877375
174.625    -0.755451208981
174.75    -0.755451208981
174.875    -0.755909974093
175.0    -0.750836571675
175.125    -0.752482728843
175.25    -0.752428756477
175.375    -0.75105246114
175.5    -0.757313255613
175.625    -0.757313255613
175.75    -0.757313255613
175.875    -0.757313255613
176.0    -0.756962435233
176.125    -0.756962435233
176.25    -0.756962435233
176.375    -0.753724093264
176.5    -0.752941493955
176.625    -0.752941493955
176.75    -0.752941493955
176.875    -0.749595207254
177.0    -0.74754425734
177.125    -0.748893566494
177.25    -0.748893566494
177.375    -0.748137953368
177.5    -0.750755613126
177.625    -0.750755613126
177.75    -0.750971502591
177.875    -0.750971502591
178.0    -0.753292314335
178.125    -0.753292314335
178.25    -0.753292314335
178.375    -0.753292314335
178.5    -0.748704663212
178.625    -0.748704663212
178.75    -0.7517541019
178.875    -0.748704663212
179.0    -0.746437823834
179.125    -0.745709196891
179.25    -0.745709196891
179.375    -0.745331390328
180.0    -0.748056994819
180.125    -0.748056994819
180.25    -0.748056994819
180.375    -0.748056994819
180.5    -0.750593696028
180.625    -0.750134930915
180.75    -0.750134930915
180.875    -0.750134930915
181.0    -0.752482728843
181.125    -0.752482728843
181.25    -0.752482728843
181.375    -0.748488773748
181.5    -0.747760146805
181.625    -0.747949050086
181.75    -0.747949050086
181.875    -0.747949050086
182.0    -0.746275906736
182.125    -0.746275906736
182.25    -0.746275906736
182.375    -0.746275906736
182.5    -0.746437823834
182.625    -0.746599740933
182.75    -0.746599740933
182.875    -0.74587111399
183.0    -0.749082469775
183.125    -0.749082469775
183.25    -0.749082469775
183.375    -0.748974525043
183.5    -0.743739205527
183.625    -0.743739205527
183.75    -0.743739205527
183.875    -0.746248920553
184.0    -0.749487262522
184.125    -0.749487262522
184.25    -0.749487262522
184.375    -0.749109455959
184.5    -0.748191925734
184.625    -0.748191925734
184.75    -0.748110967185
184.875    -0.748110967185
185.0    -0.744953583765
185.125    -0.744953583765
185.25    -0.744251943005
185.375    -0.743874136442
185.5    -0.746626727116
185.625    -0.747976036269
185.75    -0.746896588946
185.875    -0.746896588946
186.0    -0.750188903282
186.125    -0.750188903282
186.25    -0.750188903282
186.375    -0.750188903282
186.5    -0.747490284974
186.625    -0.748272884283
186.75    -0.748083981002
186.875    -0.748083981002
187.0    -0.747976036269
187.125    -0.747976036269
187.25    -0.747976036269
187.375    -0.747976036269
187.5    -0.746680699482
187.625    -0.746680699482
187.75    -0.746680699482
187.875    -0.745952072539
188.0    -0.744683721934
188.125    -0.744683721934
188.25    -0.744683721934
188.375    -0.744009067358
188.5    -0.742956606218
188.625    -0.742686744387
188.75    -0.744899611399
188.875    -0.743847150259
189.0    -0.745196459413
189.125    -0.745196459413
189.25    -0.745196459413
189.375    -0.745196459413
189.5    -0.744305915371
189.625    -0.743874136442
189.75    -0.743874136442
189.875    -0.747436312608
190.0    -0.747814119171
190.125    -0.747814119171
190.25    -0.747814119171
190.375    -0.747814119171
190.5    -0.745304404145
190.625    -0.745304404145
190.75    -0.745466321244
190.875    -0.745304404145
191.0    -0.743469343696
191.125    -0.743469343696
191.25    -0.743469343696
191.375    -0.743469343696
191.5    -0.746464810017
191.625    -0.746464810017
191.75    -0.746464810017
191.875    -0.746464810017
192.0    -0.74411701209
192.125    -0.74411701209
192.25    -0.74411701209
192.375    -0.74411701209
192.5    -0.74060880829
192.625    -0.741580310881
192.75    -0.745331390328
192.875    -0.747058506045
193.0    -0.744521804836
193.125    -0.744521804836
193.25    -0.744521804836
193.375    -0.744332901554
193.5    -0.745034542314
193.625    -0.740581822107
193.75    -0.740338946459
193.875    -0.740096070812
194.0    -0.742794689119
194.125    -0.742794689119
194.25    -0.745925086356
194.375    -0.745925086356
194.5    -0.741553324698
194.625    -0.74271373057
194.75    -0.741958117444
194.875    -0.741958117444
195.0    -0.746087003454
195.125    -0.742956606218
195.25    -0.742956606218
195.375    -0.742956606218
195.5    -0.742497841105
195.625    -0.743874136442
195.75    -0.743874136442
195.875    -0.743199481865
196.0    -0.742093048359
196.125    -0.742093048359
196.25    -0.742093048359
196.375    -0.742093048359
196.5    -0.743010578584
196.625    -0.743010578584
196.75    -0.743010578584
196.875    -0.743010578584
197.0    -0.741067573402
197.125    -0.741067573402
197.25    -0.740878670121
197.375    -0.740878670121
197.5    -0.746680699482
197.625    -0.746113989637
197.75    -0.746113989637
197.875    -0.743280440415
198.0    -0.741364421416
198.125    -0.741364421416
198.25    -0.741364421416
198.375    -0.741985103627
198.5    -0.741121545769
198.625    -0.741121545769
198.75    -0.74095962867
198.875    -0.74095962867
199.0    -0.740824697755
199.125    -0.740554835924
199.25    -0.740554835924
199.375    -0.740554835924
199.5    -0.740365932642
199.625    -0.743361398964
199.75    -0.743442357513
199.875    -0.743442357513
200.0    -0.741148531952
200.125    -0.742848661485
200.25    -0.742308937824
200.375    -0.743496329879
200.5    -0.73823402418
200.625    -0.73823402418
200.75    -0.73823402418
200.875    -0.73823402418
201.0    -0.740123056995
201.125    -0.740123056995
201.25    -0.739988126079
201.375    -0.739988126079
201.5    -0.743928108808
201.625    -0.743928108808
201.75    -0.743172495682
201.875    -0.743172495682
202.0    -0.74095962867
202.125    -0.74095962867
202.25    -0.740851683938
202.375    -0.740851683938
202.5    -0.738314982729
202.625    -0.738314982729
202.75    -0.738314982729
202.875    -0.738314982729
203.0    -0.740150043178
203.125    -0.740150043178
203.25    -0.740150043178
203.375    -0.73920552677
203.5    -0.741742227979
203.625    -0.741742227979
203.75    -0.741742227979
203.875    -0.741742227979
204.0    -0.741445379965
204.125    -0.741445379965
204.25    -0.741445379965
204.375    -0.741445379965
204.5    -0.740311960276
204.625    -0.740311960276
204.75    -0.740446891192
204.875    -0.741985103627
205.0    -0.742821675302
205.125    -0.742821675302
205.25    -0.741607297064
205.375    -0.741607297064
205.5    -0.739826208981
205.625    -0.739826208981
205.75    -0.739826208981
205.875    -0.739826208981
206.0    -0.739961139896
206.125    -0.740015112263
206.25    -0.737667314335
206.375    -0.740015112263
206.5    -0.739016623489
206.625    -0.739016623489
206.75    -0.739016623489
206.875    -0.739016623489
207.0    -0.736344991364
207.125    -0.739853195164
207.25    -0.739394430052
207.375    -0.739394430052
207.5    -0.742308937824
207.625    -0.742308937824
207.75    -0.740338946459
207.875    -0.73745142487
208.0    -0.73928648532
208.125    -0.73928648532
208.25    -0.73928648532
208.375    -0.73928648532
208.5    -0.735508419689
208.625    -0.735508419689
208.75    -0.734267055268
208.875    -0.734267055268
209.0    -0.738180051813
209.125    -0.735049654577
209.25    -0.737397452504
209.375    -0.737397452504
209.5    -0.737775259067
209.625    -0.737775259067
209.75    -0.737586355786
209.875    -0.737586355786
210.0    -0.738692789292
210.125    -0.737937176166
210.25    -0.737937176166
210.375    -0.737937176166
210.5    -0.737343480138
210.625    -0.737343480138
210.75    -0.737343480138
210.875    -0.737991148532
211.0    -0.735211571675
211.125    -0.735211571675
211.25    -0.735211571675
211.375    -0.73472582038
211.5    -0.735616364421
211.625    -0.735616364421
211.75    -0.735616364421
211.875    -0.735616364421
212.0    -0.733430483592
212.125    -0.733430483592
212.25    -0.733430483592
212.375    -0.736021157168
212.5    -0.736021157168
212.625    -0.736021157168
212.75    -0.736021157168
212.875    -0.73577828152
213.0    -0.737370466321
213.125    -0.737370466321
213.25    -0.737370466321
213.375    -0.737370466321
213.5    -0.737127590674
213.625    -0.735805267703
213.75    -0.735859240069
213.875    -0.735859240069
214.0    -0.735022668394
214.125    -0.734348013817
214.25    -0.734348013817
214.375    -0.734348013817
214.5    -0.733889248705
214.625    -0.733889248705
214.75    -0.733511442142
214.875    -0.733511442142
215.0    -0.732512953368
215.125    -0.732405008636
215.25    -0.732405008636
215.375    -0.732405008636
215.5    -0.734321027634
215.625    -0.734321027634
215.75    -0.734321027634
215.875    -0.734321027634
216.0    -0.735643350605
216.125    -0.737289507772
216.25    -0.735940198618
216.375    -0.732135146805
216.5    -0.737559369603
216.625    -0.737559369603
216.75    -0.737559369603
216.875    -0.737559369603
217.0    -0.734752806563
217.125    -0.73542746114
217.25    -0.73542746114
217.375    -0.73542746114
217.5    -0.732081174439
217.625    -0.732081174439
217.75    -0.732081174439
217.875    -0.732081174439
218.0    -0.735967184801
218.125    -0.735373488774
218.25    -0.735616364421
218.375    -0.735616364421
218.5    -0.737262521589
218.625    -0.737262521589
218.75    -0.737262521589
218.875    -0.737262521589
219.0    -0.734159110535
219.125    -0.734159110535
219.25    -0.734105138169
219.375    -0.736911701209
219.5    -0.734240069085
219.625    -0.729652417962
219.75    -0.729652417962
219.875    -0.729652417962
220.0    -0.734267055268
220.125    -0.734941709845
220.25    -0.734941709845
220.375    -0.732728842832
220.5    -0.733079663212
220.625    -0.732135146805
220.75    -0.728518998273
220.875    -0.732512953368
221.0    -0.73647992228
221.125    -0.73647992228
221.25    -0.73647992228
221.375    -0.73647992228
221.5    -0.73367335924
221.625    -0.73367335924
221.75    -0.731163644214
221.875    -0.73367335924
222.0    -0.731973229706
222.125    -0.731271588946
222.25    -0.731271588946
222.375    -0.731271588946
222.5    -0.732243091537
222.625    -0.732243091537
222.75    -0.732243091537
222.875    -0.732539939551
223.0    -0.73297171848
223.125    -0.73297171848
223.25    -0.73297171848
223.375    -0.73297171848
223.5    -0.729706390328
223.625    -0.729706390328
223.75    -0.729706390328
223.875    -0.729706390328
224.0    -0.731082685665
224.125    -0.729328583765
224.25    -0.729328583765
224.375    -0.729328583765
224.5    -0.732539939551
224.625    -0.731487478411
224.75    -0.728384067358
224.875    -0.728950777202
225.0    -0.73297171848
225.125    -0.73297171848
225.25    -0.73297171848
225.375    -0.73297171848
225.5    -0.732162132988
225.625    -0.732162132988
225.75    -0.732162132988
225.875    -0.732162132988
226.0    -0.726495034542
226.125    -0.726117227979
226.25    -0.728977763385
226.375    -0.729517487047
226.5    -0.72849201209
226.625    -0.72849201209
226.75    -0.72849201209
226.875    -0.72849201209
227.0    -0.727709412781
227.125    -0.727709412781
227.25    -0.727034758204
227.375    -0.727034758204
227.5    -0.72981433506
227.625    -0.72981433506
227.75    -0.72981433506
227.875    -0.730758851468
228.0    -0.727412564767
228.125    -0.726683937824
228.25    -0.72814119171
228.375    -0.728761873921
228.5    -0.727196675302
228.625    -0.727196675302
228.75    -0.727196675302
228.875    -0.727196675302
229.0    -0.72919365285
229.125    -0.725847366149
229.25    -0.725847366149
229.375    -0.725847366149
229.5    -0.724039291883
229.625    -0.724039291883
229.75    -0.724039291883
229.875    -0.724039291883
230.0    -0.729139680484
230.125    -0.729139680484
230.25    -0.729328583765
230.375    -0.729328583765
230.5    -0.725442573402
230.625    -0.725442573402
230.75    -0.728788860104
230.875    -0.730354058722
231.0    -0.728033246978
231.125    -0.728033246978
231.25    -0.724039291883
231.375    -0.727385578584
231.5    -0.726171200345
231.625    -0.726171200345
231.75    -0.726171200345
231.875    -0.726063255613
232.0    -0.725253670121
232.125    -0.724659974093
232.25    -0.728006260794
232.375    -0.730704879102
232.5    -0.727169689119
232.625    -0.727169689119
232.75    -0.726360103627
232.875    -0.726360103627
233.0    -0.72331066494
233.125    -0.724120250432
233.25    -0.724120250432
233.375    -0.724120250432
233.5    -0.720881908463
233.625    -0.7205041019
233.75    -0.719856433506
233.875    -0.719856433506
234.0    -0.726549006908
234.125    -0.726252158895
234.25    -0.725766407599
234.375    -0.725766407599
234.5    -0.724875863558
234.625    -0.724875863558
234.75    -0.724875863558
234.875    -0.721529576857
235.0    -0.72463298791
235.125    -0.725415587219
235.25    -0.725415587219
235.375    -0.725415587219
235.5    -0.722204231434
235.625    -0.722204231434
235.75    -0.722015328152
235.875    -0.722015328152
236.0    -0.720342184801
236.125    -0.720342184801
236.25    -0.720342184801
236.375    -0.720666018998
236.5    -0.721259715026
236.625    -0.718264248705
236.75    -0.721259715026
236.875    -0.724606001727
237.0    -0.720315198618
237.125    -0.723796416235
237.25    -0.720234240069
237.375    -0.720234240069
237.5    -0.719910405872
237.625    -0.719910405872
237.75    -0.719910405872
237.875    -0.719910405872
238.0    -0.717400690846
238.125    -0.717400690846
238.25    -0.720531088083
238.375    -0.720531088083
238.5    -0.722123272884
238.625    -0.720666018998
238.75    -0.720666018998
238.875    -0.720666018998
239.0    -0.717427677029
239.125    -0.717427677029
239.25    -0.717805483592
239.375    -0.718237262522
240.0    -0.717454663212
240.125    -0.717454663212
240.25    -0.716591105354
240.375    -0.716591105354
240.5    -0.714405224525
240.625    -0.714405224525
240.75    -0.714405224525
240.875    -0.713163860104
241.0    -0.716564119171
241.125    -0.716564119171
241.25    -0.716564119171
241.375    -0.718911917098
241.5    -0.715727547496
241.625    -0.716968911917
241.75    -0.717157815199
241.875    -0.716483160622
242.0    -0.718723013817
242.125    -0.718291234888
242.25    -0.718507124352
242.375    -0.718507124352
242.5    -0.716618091537
242.625    -0.716618091537
242.75    -0.713622625216
242.875    -0.713784542314
243.0    -0.714000431779
243.125    -0.714000431779
243.25    -0.714054404145
243.375    -0.714054404145
243.5    -0.71418933506
243.625    -0.717076856649
243.75    -0.716510146805
243.875    -0.716348229706
244.0    -0.713622625216
244.125    -0.712381260794
244.25    -0.712381260794
244.375    -0.712381260794
244.5    -0.719073834197
244.625    -0.719073834197
244.75    -0.719073834197
244.875    -0.719073834197
245.0    -0.713730569948
245.125    -0.711517702936
245.25    -0.711517702936
245.375    -0.712678108808
245.5    -0.713838514681
245.625    -0.713838514681
245.75    -0.713838514681
245.875    -0.713838514681
246.0    -0.714729058722
246.125    -0.711139896373
246.25    -0.714324265976
246.375    -0.711139896373
246.5    -0.712893998273
246.625    -0.712893998273
246.75    -0.712893998273
246.875    -0.712893998273
247.0    -0.710357297064
247.125    -0.709952504318
247.25    -0.710141407599
247.375    -0.710141407599
247.5    -0.710330310881
247.625    -0.710330310881
247.75    -0.712111398964
247.875    -0.712111398964
248.0    -0.712381260794
248.125    -0.714432210708
248.25    -0.714432210708
248.375    -0.714432210708
248.5    -0.712543177893
248.625    -0.712111398964
248.75    -0.712111398964
248.875    -0.712111398964
249.0    -0.71041126943
249.125    -0.709763601036
249.25    -0.709763601036
249.375    -0.709763601036
249.5    -0.710519214162
249.625    -0.710519214162
249.75    -0.710519214162
249.875    -0.711409758204
250.0    -0.711301813472
250.125    -0.710249352332
250.25    -0.709223877375
250.375    -0.709223877375
250.5    -0.709601683938
250.625    -0.712597150259
250.75    -0.712597150259
250.875    -0.712597150259
251.0    -0.710303324698
251.125    -0.707011010363
251.25    -0.707011010363
251.375    -0.709412780656
251.5    -0.712354274611
251.625    -0.711409758204
251.75    -0.711760578584
251.875    -0.710681131261
252.0    -0.709601683938
252.125    -0.711625647668
252.25    -0.709925518135
252.375    -0.709925518135
252.5    -0.709574697755
252.625    -0.709574697755
252.75    -0.709574697755
252.875    -0.709952504318
253.0    -0.708333333333
253.125    -0.706363341969
253.25    -0.705958549223
253.375    -0.704474309154
253.5    -0.704042530225
253.625    -0.704042530225
253.75    -0.704042530225
253.875    -0.707928540587
254.0    -0.708387305699
254.125    -0.708387305699
254.25    -0.708387305699
254.375    -0.708522236615
254.5    -0.707415803109
254.625    -0.707415803109
254.75    -0.706849093264
254.875    -0.706849093264
255.0    -0.704285405872
255.125    -0.706498272884
255.25    -0.706768134715
255.375    -0.706768134715
255.5    -0.707793609672
255.625    -0.707307858377
255.75    -0.707307858377
255.875    -0.707307858377
256.0    -0.703637737478
256.125    -0.703637737478
256.25    -0.703637737478
256.375    -0.703205958549
256.5    -0.704744170984
256.625    -0.704744170984
256.75    -0.70452828152
256.875    -0.70452828152
257.0    -0.705148963731
257.125    -0.705148963731
257.25    -0.705148963731
257.375    -0.704717184801
257.5    -0.704636226252
257.625    -0.704636226252
257.75    -0.704636226252
257.875    -0.704636226252
258.0    -0.700534326425
258.125    -0.700615284974
258.25    -0.698942141624
258.375    -0.696405440415
258.5    -0.704312392055
258.625    -0.704312392055
258.75    -0.704312392055
258.875    -0.704312392055
259.0    -0.701235967185
259.125    -0.700885146805
259.25    -0.700885146805
259.375    -0.699535837651
259.5    -0.695973661485
259.625    -0.693598877375
259.75    -0.69513708981
259.875    -0.694867227979
260.0    -0.697457901554
260.125    -0.698618307427
260.25    -0.697134067358
260.375    -0.697053108808
260.5    -0.695433937824
260.625    -0.695433937824
260.75    -0.693976683938
260.875    -0.689443005181
261.0    -0.692438471503
261.125    -0.690522452504
261.25    -0.690063687392
261.375    -0.688687392055
261.5    -0.695649827288
261.625    -0.695784758204
261.75    -0.695784758204
261.875    -0.69303216753
262.0    -0.695919689119
262.125    -0.695919689119
262.25    -0.695919689119
262.375    -0.695919689119
262.5    -0.695002158895
262.625    -0.693922711572
262.75    -0.693436960276
262.875    -0.694111614853
263.0    -0.697673791019
263.125    -0.696675302245
263.25    -0.693248056995
263.375    -0.693248056995
263.5    -0.697026122625
263.625    -0.695946675302
263.75    -0.695946675302
263.875    -0.694273531952
264.0    -0.69303216753
264.125    -0.691439982729
264.25    -0.691439982729
264.375    -0.689982728843
264.5    -0.694192573402
264.625    -0.696918177893
264.75    -0.696108592401
264.875    -0.696108592401
265.0    -0.694840241796
265.125    -0.694624352332
265.25    -0.694624352332
265.375    -0.694624352332
265.5    -0.694354490501
265.625    -0.693625863558
265.75    -0.695164075993
265.875    -0.691386010363
266.0    -0.688633419689
266.125    -0.688957253886
266.25    -0.69092724525
266.375    -0.690090673575
266.5    -0.688120682211
266.625    -0.691062176166
266.75    -0.691062176166
266.875    -0.69241148532
267.0    -0.692627374784
267.125    -0.692438471503
267.25    -0.692438471503
267.375    -0.692438471503
267.5    -0.695892702936
267.625    -0.695892702936
267.75    -0.694030656304
267.875    -0.693356001727
268.0    -0.691305051813
268.125    -0.691305051813
268.25    -0.691305051813
268.375    -0.691305051813
268.5    -0.691305051813
268.625    -0.690144645941
268.75    -0.691817789292
268.875    -0.693436960276
269.0    -0.695191062176
269.125    -0.695272020725
269.25    -0.694516407599
269.375    -0.694894214162
269.5    -0.694678324698
269.625    -0.695703799655
269.75    -0.695595854922
269.875    -0.696621329879
270.0    -0.69268134715
270.125    -0.69268134715
270.25    -0.693167098446
270.375    -0.693167098446
270.5    -0.695703799655
270.625    -0.695703799655
270.75    -0.695703799655
270.875    -0.695703799655
271.0    -0.69654037133
271.125    -0.695406951641
271.25    -0.695406951641
271.375    -0.694948186529
271.5    -0.696000647668
271.625    -0.696000647668
271.75    -0.700858160622
271.875    -0.696945164076
272.0    -0.69724201209
272.125    -0.69724201209
272.25    -0.696378454231
272.375    -0.696378454231
272.5    -0.698780224525
272.625    -0.698780224525
272.75    -0.699131044905
272.875    -0.701208981002
273.0    -0.697484887737
273.125    -0.697484887737
273.25    -0.696270509499
273.375    -0.695919689119
273.5    -0.700723229706
273.625    -0.70039939551
273.75    -0.699508851468
273.875    -0.699778713299
274.0    -0.698780224525
274.125    -0.698753238342
274.25    -0.697727763385
274.375    -0.697188039724
274.5    -0.703313903282
274.625    -0.699751727116
274.75    -0.698429404145
274.875    -0.698429404145
275.0    -0.698348445596
275.125    -0.698348445596
275.25    -0.698348445596
275.375    -0.700507340242
275.5    -0.698456390328
275.625    -0.698456390328
275.75    -0.698456390328
275.875    -0.698456390328
276.0    -0.698753238342
276.125    -0.698753238342
276.25    -0.698753238342
276.375    -0.702531303972
276.5    -0.699077072539
276.625    -0.699077072539
276.75    -0.700291450777
276.875    -0.69996761658
277.0    -0.698807210708
277.125    -0.698807210708
277.25    -0.698807210708
277.375    -0.698807210708
277.5    -0.698834196891
277.625    -0.698834196891
277.75    -0.698834196891
277.875    -0.698834196891
278.0    -0.698969127807
278.125    -0.698969127807
278.25    -0.698942141624
278.375    -0.698942141624
278.5    -0.699400906736
278.625    -0.699400906736
278.75    -0.699400906736
278.875    -0.699400906736
279.0    -0.703907599309
279.125    -0.703907599309
279.25    -0.703907599309
279.375    -0.703907599309
279.5    -0.699373920553
279.625    -0.699373920553
279.75    -0.699373920553
279.875    -0.699373920553
280.0    -0.696297495682
280.125    -0.696297495682
280.25    -0.695919689119
280.375    -0.695919689119
280.5    -0.694651338515
280.625    -0.697565846287
280.75    -0.69891515544
280.875    -0.701316925734
281.0    -0.69969775475
281.125    -0.699643782383
281.25    -0.698240500864
281.375    -0.696783246978
281.5    -0.695406951641
281.625    -0.695406951641
281.75    -0.695406951641
281.875    -0.695406951641
282.0    -0.70207253886
282.125    -0.701856649396
282.25    -0.697322970639
282.375    -0.697322970639
282.5    -0.696135578584
282.625    -0.696135578584
282.75    -0.696135578584
282.875    -0.700129533679
283.0    -0.697889680484
283.125    -0.697430915371
283.25    -0.697430915371
283.375    -0.697322970639
283.5    -0.696999136442
283.625    -0.696999136442
283.75    -0.697376943005
283.875    -0.697376943005
284.0    -0.695730785838
284.125    -0.695029145078
284.25    -0.695541882556
284.375    -0.695541882556
284.5    -0.693005181347
284.625    -0.695676813472
284.75    -0.695784758204
284.875    -0.693571891192
285.0    -0.693086139896
285.125    -0.694651338515
285.25    -0.694651338515
285.375    -0.694354490501
285.5    -0.696108592401
285.625    -0.696108592401
285.75    -0.694516407599
285.875    -0.694516407599
286.0    -0.696675302245
286.125    -0.696675302245
286.25    -0.696675302245
286.375    -0.696675302245
286.5    -0.693841753022
286.625    -0.693841753022
286.75    -0.693841753022
286.875    -0.693841753022
287.0    -0.69724201209
287.125    -0.697134067358
287.25    -0.69689119171
287.375    -0.69689119171
287.5    -0.695541882556
287.625    -0.698456390328
287.75    -0.696810233161
287.875    -0.695865716753
288.0    -0.690036701209
288.125    -0.692708333333
288.25    -0.692708333333
288.375    -0.692708333333
288.5    -0.692492443869
288.625    -0.696216537133
288.75    -0.695784758204
288.875    -0.695056131261
289.0    -0.692141623489
289.125    -0.695245034542
289.25    -0.695245034542
289.375    -0.695245034542
289.5    -0.696702288428
289.625    -0.696702288428
289.75    -0.696702288428
289.875    -0.696351468048
290.0    -0.697565846287
290.125    -0.697565846287
290.25    -0.697565846287
290.375    -0.696756260794
290.5    -0.694894214162
290.625    -0.694894214162
290.75    -0.694894214162
290.875    -0.694894214162
291.0    -0.696459412781
291.125    -0.695164075993
291.25    -0.695164075993
291.375    -0.695164075993
291.5    -0.690387521589
291.625    -0.690387521589
291.75    -0.692168609672
291.875    -0.693598877375
292.0    -0.692600388601
292.125    -0.692600388601
292.25    -0.695784758204
292.375    -0.695784758204
292.5    -0.690684369603
292.625    -0.690684369603
292.75    -0.690684369603
292.875    -0.691574913644
293.0    -0.69794365285
293.125    -0.69794365285
293.25    -0.697376943005
293.375    -0.697322970639
293.5    -0.695946675302
293.625    -0.695946675302
293.75    -0.696000647668
293.875    -0.695811744387
294.0    -0.688687392055
294.125    -0.691817789292
294.25    -0.689550949914
294.375    -0.689550949914
294.5    -0.690333549223
294.625    -0.690333549223
294.75    -0.690333549223
294.875    -0.690333549223
295.0    -0.69241148532
295.125    -0.69241148532
295.25    -0.69241148532
295.375    -0.691736830743
295.5    -0.692573402418
295.625    -0.692573402418
295.75    -0.692573402418
295.875    -0.69233052677
296.0    -0.695406951641
296.125    -0.695406951641
296.25    -0.695406951641
296.375    -0.695541882556
296.5    -0.692843264249
296.625    -0.692843264249
296.75    -0.692843264249
296.875    -0.693005181347
297.0    -0.693706822107
297.125    -0.694057642487
297.25    -0.694057642487
297.375    -0.690387521589
297.5    -0.691547927461
297.625    -0.691547927461
297.75    -0.691170120898
297.875    -0.691170120898
298.0    -0.695083117444
298.125    -0.695083117444
298.25    -0.695083117444
298.375    -0.695083117444
298.5    -0.694894214162
298.625    -0.694894214162
298.75    -0.694894214162
298.875    -0.694894214162
299.0    -0.691844775475
299.125    -0.691844775475
299.25    -0.691844775475
299.375    -0.692087651123
