0.0    0.0756513427682
0.125    0.0703666019178
0.25    0.0741158696389
0.375    0.069827028027
0.5    0.073779792187
0.625    0.0705670150772
0.75    0.0717664107545
0.875    0.0752967656399
1.0    0.0737921253045
1.125    0.0742114512996
1.25    0.0793790275337
1.375    0.0793266117843
1.5    0.0702895199334
1.625    0.0721364042796
1.75    0.0739493725526
1.875    0.0741035365214
2.0    0.0747201923966
2.125    0.0760583356458
2.25    0.0762001664971
2.375    0.072287484969
2.5    0.0800635155551
2.625    0.0735022970431
2.75    0.0751734344649
2.875    0.0736132951007
3.0    0.0746369438535
3.125    0.0743656152684
3.25    0.0744920297228
3.375    0.0766626584035
3.5    0.0794006104893
3.625    0.0746554435297
3.75    0.0761970832177
3.875    0.0762957481577
4.0    0.0739832886258
4.125    0.0740233712577
4.25    0.0757993401782
4.375    0.0724508987759
4.5    0.0788887861129
4.625    0.0801806801714
4.75    0.0757315080319
4.875    0.0757900903401
5.0    0.0710480066599
5.125    0.0731538864736
5.25    0.0734591311319
5.375    0.072796226066
5.5    0.0739863719051
5.625    0.071565997595
5.75    0.0727068109641
5.875    0.0748527734098
6.0    0.0742453673727
6.125    0.0742484506521
6.25    0.0724755650109
6.375    0.072648228656
6.5    0.0763450806277
6.625    0.0726698116116
6.75    0.0721209878827
6.875    0.0721117380446
7.0    0.0765670767428
7.125    0.0716091635063
7.25    0.0770172355317
7.375    0.0774612277618
7.5    0.0735577960719
7.625    0.0759966700583
7.75    0.0750809360836
7.875    0.0646101193229
8.0    0.075010020658
8.125    0.0750809360836
8.25    0.0749421885117
8.375    0.0744488638116
8.5    0.0711220053649
8.625    0.0709400918817
8.75    0.0693244534887
8.875    0.0741436191533
9.0    0.073033638578
9.125    0.0719421576789
9.25    0.072287484969
9.375    0.0714241667437
9.5    0.0735732124688
9.625    0.0729688897111
9.75    0.0738907902445
9.875    0.0732340517374
10.0    0.0773964788949
10.125    0.0720130731045
10.25    0.07129466901
10.375    0.0762001664971
10.5    0.0684272191903
10.625    0.066373755126
10.75    0.0704251842259
10.875    0.0749884377023
11.0    0.075084019363
11.125    0.077282397558
11.25    0.0776616409213
11.375    0.0704467671816
11.5    0.0728856411679
11.625    0.0723799833503
11.75    0.0757777572226
11.875    0.0759473375883
12.0    0.0755711775044
12.125    0.0762371658496
12.25    0.0741837017852
12.375    0.0746061110597
12.5    0.0727129775229
12.625    0.0741436191533
12.75    0.0701939382727
12.875    0.0703296025653
13.0    0.0693614528412
13.125    0.0761169179539
13.25    0.0707026793698
13.375    0.0708537600592
13.5    0.0745290290753
13.625    0.0739432059939
13.75    0.0785033761909
13.875    0.0815681558906
14.0    0.0715814139919
14.125    0.0763327475102
14.25    0.0707674282367
14.375    0.0721703203527
14.5    0.0758733388832
14.625    0.0730182221811
14.75    0.0691178737705
14.875    0.077692473715
15.0    0.0757130083557
15.125    0.0704621835785
15.25    0.0711960040699
15.375    0.0697653624395
15.5    0.0735300465575
15.625    0.0650726112293
15.75    0.0707057626492
15.875    0.075010020658
16.0    0.0752351000524
16.125    0.0737397095551
16.25    0.0729442234761
16.375    0.0733203835599
16.5    0.0758887552801
16.625    0.0722227361021
16.75    0.069876360497
16.875    0.0737705423488
17.0    0.0775290599081
17.125    0.0760305861314
17.25    0.0738599574507
17.375    0.0753460981099
17.5    0.0749637714673
17.625    0.0781179662689
17.75    0.0780840501958
17.875    0.0736040452625
18.0    0.0719637406345
18.125    0.0722165695434
18.25    0.0738352912157
18.375    0.0699842752752
18.5    0.0753522646687
18.625    0.0738383744951
18.75    0.0736071285419
18.875    0.0734467980144
19.0    0.0756605926063
19.125    0.0646841180279
19.25    0.064594702926
19.375    0.0674467363488
19.5    0.0745721949866
19.625    0.0736780439676
19.75    0.0830080473592
19.875    0.0743501988715
20.0    0.0714950821694
20.125    0.0731292202386
20.25    0.0722165695434
20.375    0.071778743872
20.5    0.0738167915395
20.625    0.0737982918632
20.75    0.0752782659637
20.875    0.0731199704005
21.0    0.0738414577745
21.125    0.0740881201246
21.25    0.0743471155921
21.375    0.0743101162396
21.5    0.0732833842074
21.625    0.0735793790275
21.75    0.0731878025468
21.875    0.0719606573552
22.0    0.0721425708383
22.125    0.0727993093454
22.25    0.0727777263898
22.375    0.0725927296272
22.5    0.0729133906823
22.625    0.0725526469953
22.75    0.0727160608023
22.875    0.0720994049271
23.0    0.0745598618691
23.125    0.0749668547467
23.25    0.074599944501
23.375    0.0744796966053
23.5    0.0708506767798
23.625    0.0740141214195
23.75    0.0729719729905
23.875    0.072746893596
24.0    0.0729658064317
24.125    0.0730058890636
24.25    0.074075787007
24.375    0.0726266457004
24.5    0.0750161872167
24.625    0.076289581599
24.75    0.0766102426541
24.875    0.0720284895014
25.0    0.0743532821509
25.125    0.0755064286375
25.25    0.0752166003762
25.375    0.0774519779237
25.5    0.0754786791231
25.625    0.0737335429963
25.75    0.0733327166775
25.875    0.0736657108501
26.0    0.0762741652021
26.125    0.0758949218389
26.25    0.0761385009096
26.375    0.0744334474147
26.5    0.0752381833318
26.625    0.0718188265039
26.75    0.0743162827984
26.875    0.07351771344
27.0    0.0753152653162
27.125    0.0753090987574
27.25    0.068448802146
27.375    0.0737181265994
27.5    0.0746801097647
27.625    0.0796010236487
27.75    0.0780100514908
27.875    0.0691517898437
28.0    0.0752875158018
28.125    0.0752196836555
28.25    0.0739555391114
28.375    0.0740141214195
28.5    0.0723399007184
28.625    0.0733111337218
28.75    0.0742607837696
28.875    0.0745968612216
29.0    0.0742207011377
29.125    0.0750994357599
29.25    0.0745197792372
29.375    0.0741158696389
29.5    0.0682638053834
29.625    0.0730182221811
29.75    0.066497086301
29.875    0.0728548083742
30.0    0.0748558566892
30.125    0.0752782659637
30.25    0.0746801097647
30.375    0.0727592267135
30.5    0.0759411710295
30.625    0.0799987666882
30.75    0.0809946659267
30.875    0.0758116732957
31.0    0.0754355132118
31.125    0.0752196836555
31.25    0.077331730028
31.375    0.0780254678876
31.5    0.0727191440816
31.625    0.0733912989856
31.75    0.072771559831
31.875    0.0773964788949
32.0    0.0703542688003
32.125    0.0778620540807
32.25    0.0774180618506
32.375    0.0706040144297
32.5    0.0687848795979
32.625    0.0753645977862
32.75    0.0684919680572
32.875    0.0752998489193
33.0    0.0743532821509
33.125    0.0736256282182
33.25    0.0735269632781
33.375    0.0734252150587
33.5    0.0678938118583
33.625    0.0692627879012
33.75    0.0772638978818
33.875    0.0735639626306
34.0    0.0704560170197
34.125    0.0698732772177
34.25    0.0699195264083
34.375    0.0696543643819
34.5    0.0757253414732
34.625    0.0775352264669
34.75    0.0772916473962
34.875    0.0757407578701
35.0    0.0814232417599
35.125    0.0761970832177
35.25    0.0702155212284
35.375    0.0784817932353
35.5    0.076215582894
35.625    0.0762371658496
35.75    0.076748990226
35.875    0.0686122159529
36.0    0.0715351648013
36.125    0.0701291894058
36.25    0.070089106774
36.375    0.0769771528998
36.5    0.0793851940924
36.625    0.076363580304
36.75    0.0795085252675
36.875    0.0752011839793
37.0    0.070089106774
37.125    0.0694046187525
37.25    0.0724447322172
37.375    0.0720932383683
37.5    0.07144266642
37.625    0.0713871673912
37.75    0.0719668239139
37.875    0.072524897481
38.0    0.077035735208
38.125    0.0796256898838
38.25    0.0720192396633
38.375    0.0716184133444
38.5    0.0699287762464
38.625    0.062905065828
38.75    0.0718619924151
38.875    0.0720469891777
39.0    0.0848425985879
39.125    0.0757253414732
39.25    0.0796966053094
39.375    0.0729966392255
39.5    0.0697931119539
39.625    0.0699873585545
39.75    0.0735207967194
39.875    0.0711836709524
40.0    0.0776369746863
40.125    0.0773903123362
40.25    0.0774488946443
40.375    0.0791909474918
40.5    0.0740881201246
40.625    0.0729195572411
40.75    0.0682730552215
40.875    0.0705084327691
41.0    0.077011068973
41.125    0.0680078931952
41.25    0.0742823667252
41.375    0.075182684303
41.5    0.0712977522893
41.625    0.0716214966238
41.75    0.0723676502328
41.875    0.0770789011192
42.0    0.0736194616594
42.125    0.0729565565936
42.25    0.0734899639256
42.375    0.0739092899207
42.5    0.0759134215151
42.625    0.0761878333796
42.75    0.0722011531465
42.875    0.0694477846638
43.0    0.0740418709339
43.125    0.072287484969
43.25    0.0723953997472
43.375    0.0722936515278
43.5    0.0730798877686
43.625    0.0680356427096
43.75    0.0664045879197
43.875    0.0730274720192
44.0    0.0759134215151
44.125    0.0744180310178
44.25    0.0739894551845
44.375    0.0729288070792
44.5    0.061986248574
44.625    0.0700212746277
44.75    0.073132303518
44.875    0.0730675546511
45.0    0.077954552462
45.125    0.0750501032899
45.25    0.0742453673727
45.375    0.0744642802084
45.5    0.0711466715999
45.625    0.0713748342737
45.75    0.0713532513181
45.875    0.0721271544415
46.0    0.0595812906607
46.125    0.0688249622298
46.25    0.0746307772947
46.375    0.074821940616
46.5    0.0713655844356
46.625    0.0689544599636
46.75    0.0710695896155
46.875    0.0729781395492
47.0    0.07149199889
47.125    0.0690901242561
47.25    0.0767181574322
47.375    0.0796626892363
47.5    0.0757715906638
47.625    0.0730182221811
47.75    0.0731292202386
47.875    0.073230968458
48.0    0.0734252150587
48.125    0.0732895507662
48.25    0.073394382265
48.375    0.0735362131163
48.5    0.0723399007184
48.625    0.0724323990997
48.75    0.0724755650109
48.875    0.0716184133444
49.0    0.0712885024512
49.125    0.0714796657725
49.25    0.0696389479851
49.375    0.0733573829125
49.5    0.063601886967
49.625    0.0797551876176
49.75    0.0708691764561
49.875    0.0714827490519
50.0    0.0722474023371
50.125    0.0784262942065
50.25    0.0728948910061
50.375    0.0739062066414
50.5    0.0704560170197
50.625    0.0804766749915
50.75    0.0788918693923
50.875    0.0731415533562
51.0    0.0722196528227
51.125    0.0731600530324
51.25    0.0717849104307
51.375    0.0739647889495
51.5    0.0665988345204
51.625    0.0685197175716
51.75    0.0742422840934
51.875    0.0722350692196
52.0    0.0742946998428
52.125    0.0727653932723
52.25    0.0723923164678
52.375    0.0723553171153
52.5    0.0661702586871
52.625    0.0737489593932
52.75    0.0728794746092
52.875    0.0723214010421
53.0    0.0703265192859
53.125    0.0706348472235
53.25    0.0706656800173
53.375    0.0705824314741
53.5    0.0680849751796
53.625    0.0681990565165
53.75    0.0690377085068
53.875    0.06931828693
54.0    0.0751888508618
54.125    0.0750809360836
54.25    0.0754385964912
54.375    0.0753923473006
54.5    0.0715752474332
54.625    0.0712299201431
54.75    0.071081922733
54.875    0.0713748342737
55.0    0.0728270588598
55.125    0.074165202109
55.25    0.0717417445195
55.375    0.0729812228286
55.5    0.0739956217433
55.625    0.0737952085838
55.75    0.0722258193815
55.875    0.071106588968
56.0    0.0715320815219
56.125    0.0735300465575
56.25    0.0732648845312
56.375    0.0728332254185
56.5    0.0727561434341
56.625    0.0742422840934
56.75    0.0733173002806
56.875    0.0732926340456
57.0    0.0787377054235
57.125    0.0761631671446
57.25    0.0694693676194
57.375    0.0687632966423
57.5    0.071368667715
57.625    0.0719174914439
57.75    0.0712638362162
57.875    0.0713902506706
58.0    0.0722011531465
58.125    0.0718219097832
58.25    0.0723645669534
58.375    0.0721579872352
58.5    0.0691764560787
58.625    0.0664446705516
58.75    0.0731723861499
58.875    0.0730459716955
59.0    0.0707489285604
59.125    0.0699349428052
59.25    0.0696204483088
59.375    0.0699996916721
59.5    0.0700736903771
59.625    0.0701970215521
59.75    0.0620633305584
59.875    0.0616378380045
60.0    0.0699102765702
60.125    0.0738476243332
60.25    0.073952455832
60.375    0.0747571917491
60.5    0.0657879320445
60.625    0.0769555699442
60.75    0.0731353867974
60.875    0.0731538864736
61.0    0.0722844016896
61.125    0.0709277587642
61.25    0.0710449233805
61.375    0.0834643727068
61.5    0.0741374525946
61.625    0.0748065242191
61.75    0.0765547436253
61.875    0.0767212407116
62.0    0.0707643449573
62.125    0.0714981654488
62.25    0.0738137082601
62.375    0.0721919033084
62.5    0.0735824623069
62.625    0.0735947954244
62.75    0.0732741343693
62.875    0.0679955600777
63.0    0.0739432059939
63.125    0.0733049671631
63.25    0.077445811365
63.375    0.0800696821139
63.5    0.0739740387876
63.625    0.0746646933679
63.75    0.0695094502513
63.875    0.0732710510899
64.0    0.0682298893103
64.125    0.0696851971757
64.25    0.073394382265
64.375    0.0736194616594
64.5    0.074960688188
64.625    0.0735300465575
64.75    0.0684611352635
64.875    0.0700582739802
65.0    0.0752535997287
65.125    0.0717232448432
65.25    0.0746122776185
65.375    0.074362531989
65.5    0.0778620540807
65.625    0.0782597971202
65.75    0.0761755002621
65.875    0.0757623408257
66.0    0.0750038540992
66.125    0.0775413930256
66.25    0.077035735208
66.375    0.0757191749144
66.5    0.0746307772947
66.625    0.0720439058983
66.75    0.0781148829895
66.875    0.0791878642124
67.0    0.0725896463479
67.125    0.0801097647458
67.25    0.072934973638
67.375    0.0716245799032
67.5    0.0710726728949
67.625    0.0771898991768
67.75    0.0794992754293
67.875    0.0736040452625
68.0    0.0730182221811
68.125    0.0710757561743
68.25    0.0724878981284
68.375    0.0779761354176
68.5    0.0732772176487
68.625    0.0726297289797
68.75    0.0722196528227
68.875    0.0718681589739
69.0    0.0738568741714
69.125    0.0797274381032
69.25    0.0745074461197
69.375    0.0670613264268
69.5    0.0756790922825
69.625    0.0721117380446
69.75    0.0727253106404
69.875    0.0733234668393
70.0    0.0750038540992
70.125    0.0770789011192
70.25    0.0841026115376
70.375    0.0771806493386
70.5    0.0754663460056
70.625    0.0779853852557
70.75    0.0776616409213
70.875    0.0781117997102
71.0    0.0786328739247
71.125    0.0783738784571
71.25    0.0785095427497
71.375    0.0846360188697
71.5    0.0833872907224
71.625    0.0828631332285
71.75    0.0838621157463
71.875    0.0735608793513
72.0    0.0802269293621
72.125    0.081546572935
72.25    0.0808096691641
72.375    0.0785712083372
72.5    0.0860728270589
72.625    0.087050226621
72.75    0.0814016588043
72.875    0.0865445688034
73.0    0.0779607190208
73.125    0.0765331606697
73.25    0.0767798230198
73.375    0.0814664076712
73.5    0.0866956494928
73.625    0.080538340579
73.75    0.086803564271
73.875    0.0909012425616
74.0    0.0820583973114
74.125    0.0831005457405
74.25    0.0892270218604
74.375    0.0867203157278
74.5    0.0777818888169
74.625    0.0834612894274
74.75    0.0825023895415
74.875    0.084105694817
75.0    0.0853698393611
75.125    0.085187925878
75.25    0.0846113526347
75.375    0.0850214287917
75.5    0.0897850954275
75.625    0.0797212715444
75.75    0.0847593500447
75.875    0.0804242592421
76.0    0.0843153578146
76.125    0.0847007677365
76.25    0.0847994326766
76.375    0.0847562667653
76.5    0.0815342398175
76.625    0.0826750531866
76.75    0.0867357321247
76.875    0.0813184102611
77.0    0.0819905651651
77.125    0.0805599235347
77.25    0.0835476212499
77.375    0.0803471772577
77.5    0.0817069034625
77.625    0.0818672339901
77.75    0.0822125612802
77.875    0.0818179015201
78.0    0.0814818240681
78.125    0.0732525514137
78.25    0.0808620849135
78.375    0.081333826658
78.5    0.0860204113095
78.625    0.0858045817531
78.75    0.0861098264114
78.875    0.0804273425215
79.0    0.0785712083372
79.125    0.0855363364474
79.25    0.0843770234021
79.375    0.0845928529584
79.5    0.0822526439121
79.625    0.0911972373817
79.75    0.0920913884007
79.875    0.0870687262973
80.0    0.0805321740203
80.125    0.0804581753153
80.25    0.0805198409028
80.375    0.081793235285
80.5    0.0885641167946
80.625    0.0837326180125
80.75    0.088517867604
80.875    0.0874510529399
81.0    0.0832824592236
81.125    0.0843739401227
81.25    0.0850337619092
81.375    0.0839237813338
81.5    0.0804520087565
81.625    0.0807973360466
81.75    0.0858107483119
81.875    0.0816051552431
82.0    0.0812505781149
82.125    0.0814109086424
82.25    0.0813122437024
82.375    0.0819258162982
82.5    0.0851200937317
82.625    0.0874202201461
82.75    0.087287639133
82.875    0.092356550427
83.0    0.0848549317054
83.125    0.0861098264114
83.25    0.085360589523
83.375    0.0802115129652
83.5    0.0818919002251
83.625    0.0821231461783
83.75    0.0823081429408
83.875    0.0840501957882
84.0    0.0799648506151
84.125    0.0853050904942
84.25    0.0856627509018
84.375    0.0891468565967
84.5    0.0837295347331
84.625    0.0834242900749
84.75    0.0832793759443
84.875    0.0831005457405
85.0    0.0829525483304
85.125    0.084031696112
85.25    0.0840594456264
85.375    0.0837017852188
85.5    0.082490056424
85.625    0.0832207936361
85.75    0.0830789627848
85.875    0.0835167884562
86.0    0.0831406283723
86.125    0.0822156445595
86.25    0.0803101779052
86.375    0.0813430764962
86.5    0.0815650726112
86.625    0.0810840810286
86.75    0.0805475904172
86.875    0.0813245768199
87.0    0.0832547097092
87.125    0.0826318872753
87.25    0.0819535658126
87.375    0.0825825548053
87.5    0.0752135170968
87.625    0.0798939351895
87.75    0.0736194616594
87.875    0.073829124657
88.0    0.0794468596799
88.125    0.0792186970061
88.25    0.0830419634323
88.375    0.0831560447692
88.5    0.0793111953874
88.625    0.0792618629174
88.75    0.0787562050997
88.875    0.0776030586131
89.0    0.0768075725341
89.125    0.0775907254956
89.25    0.0771251503099
89.375    0.0769740696204
89.5    0.0725125643634
89.625    0.0852650078624
89.75    0.0788425369223
89.875    0.076215582894
90.0    0.0808343353991
90.125    0.0812783276293
90.25    0.0810069990442
90.375    0.0805599235347
90.5    0.0766472420066
90.625    0.0772299818086
90.75    0.0762094163352
90.875    0.0765855764191
91.0    0.0743255326365
91.125    0.0749576049086
91.25    0.0754478463294
91.375    0.0801313477014
91.5    0.0833071254586
91.625    0.0742731168871
91.75    0.0745598618691
91.875    0.0834674559862
92.0    0.0810563315142
92.125    0.0771559831036
92.25    0.0787932044523
92.375    0.0781518823421
92.5    0.0778589708013
92.625    0.0778928868745
92.75    0.0782536305615
92.875    0.0779576357414
93.0    0.0808065858847
93.125    0.0779823019764
93.25    0.0783738784571
93.375    0.076027502852
93.5    0.0742546172109
93.625    0.0744858631641
93.75    0.0743440323128
93.875    0.0771713995005
94.0    0.0759689205439
94.125    0.0738907902445
94.25    0.0785280424259
94.375    0.0746215274566
94.5    0.074362531989
94.625    0.0762371658496
94.75    0.0766410754479
94.875    0.076052169087
95.0    0.0709123423673
95.125    0.0730922208861
95.25    0.0784848765147
95.375    0.0736256282182
95.5    0.075034686893
95.625    0.0749514383498
95.75    0.0751518515093
95.875    0.0746184441772
96.0    0.0721302377208
96.125    0.0733080504424
96.25    0.074165202109
96.375    0.0756235932538
96.5    0.0766441587272
96.625    0.0762001664971
96.75    0.0712145037462
96.875    0.0718465760182
97.0    0.0779144698301
97.125    0.0782197144883
97.25    0.0782998797521
97.375    0.0774118952918
97.5    0.075306015478
97.625    0.0754971787994
97.75    0.0756760090032
97.875    0.072213486264
98.0    0.0770172355317
98.125    0.075716091635
98.25    0.0751241019949
98.375    0.0730151389017
98.5    0.0724786482903
98.625    0.0724508987759
98.75    0.0726543952147
98.875    0.0751271852743
99.0    0.0738198748189
99.125    0.0741066198008
99.25    0.0776400579656
99.375    0.0743594487096
99.5    0.0710418401011
99.625    0.0713625011562
99.75    0.0717448277988
99.875    0.0721672370733
100.0    0.0759473375883
100.125    0.0754971787994
100.25    0.0758240064132
100.375    0.0746770264854
100.5    0.0827829679647
100.625    0.0828538833904
100.75    0.0740819535658
100.875    0.074001788302
101.0    0.0707581783985
101.125    0.0767767397404
101.25    0.0732648845312
101.375    0.0723984830265
101.5    0.0716677458144
101.625    0.0719884068695
101.75    0.0732587179724
101.875    0.0638516325964
102.0    0.0721302377208
102.125    0.0719390743995
102.25    0.0715690808744
102.375    0.0710634230568
102.5    0.0729966392255
102.625    0.0733789658681
102.75    0.07336971603
102.875    0.0729072241236
103.0    0.07351771344
103.125    0.0718989917676
103.25    0.0735547127925
103.375    0.0720315727808
103.5    0.0702987697715
103.625    0.0686584651435
103.75    0.0757685073845
103.875    0.0706780131348
104.0    0.065004779083
104.125    0.0692288718281
104.25    0.0693275367681
104.375    0.0744026146209
104.5    0.0717818271514
104.625    0.0751796010236
104.75    0.075518761755
104.875    0.0739339561558
105.0    0.0701600221996
105.125    0.0704251842259
105.25    0.0702062713902
105.375    0.0703666019178
105.5    0.076264915364
105.625    0.0747263589554
105.75    0.0729226405204
105.875    0.0777849720963
106.0    0.0739555391114
106.125    0.0723953997472
106.25    0.0723584003947
106.375    0.0724632318934
106.5    0.0719699071933
106.625    0.0672278235131
106.75    0.0674436530694
106.875    0.0732463848549
107.0    0.0756143434157
107.125    0.0751796010236
107.25    0.0757222581938
107.375    0.07356704591
107.5    0.0745228625166
107.625    0.0741004532421
107.75    0.072820892301
107.875    0.0726913945673
108.0    0.0737705423488
108.125    0.0705300157247
108.25    0.0740387876545
108.375    0.0758455893689
108.5    0.0731107205624
108.625    0.072796226066
108.75    0.0730737212099
108.875    0.0694693676194
109.0    0.069392285635
109.125    0.0692473715043
109.25    0.0691117072118
109.375    0.069540283045
109.5    0.0700829402152
109.625    0.0628249005642
109.75    0.0631578947368
109.875    0.0617765855764
110.0    0.0710541732186
110.125    0.0716831622113
110.25    0.0707735947954
110.375    0.070499182931
110.5    0.0716615792557
110.625    0.069827028027
110.75    0.0698609441001
110.875    0.0750932692011
111.0    0.0723799833503
111.125    0.0732648845312
111.25    0.0735269632781
111.375    0.0726389788179
111.5    0.072524897481
111.625    0.0725773132303
111.75    0.0749236888354
111.875    0.0786883729535
112.0    0.072410816144
112.125    0.0719329078408
112.25    0.0720685721333
112.375    0.0726143125829
112.5    0.0725156476428
112.625    0.0727129775229
112.75    0.0763234976721
112.875    0.0756945086794
113.0    0.0749021058798
113.125    0.074673943206
113.25    0.0725464804366
113.375    0.0726759781704
113.5    0.0720408226189
113.625    0.072139487559
113.75    0.0724909814078
113.875    0.0720469891777
114.0    0.0700860234946
114.125    0.0703141861684
114.25    0.0721518206765
114.375    0.0705330990041
114.5    0.0739617056701
114.625    0.0740727037277
114.75    0.0738013751426
114.875    0.0737767089076
115.0    0.0736657108501
115.125    0.0736564610119
115.25    0.0722689852928
115.375    0.0723830666297
115.5    0.0720593222952
115.625    0.0687170474517
115.75    0.0703789350353
115.875    0.0685135510129
116.0    0.0719359911202
116.125    0.071926741282
116.25    0.0719174914439
116.375    0.072262818734
116.5    0.0741621188296
116.625    0.0741960349027
116.75    0.0756575093269
116.875    0.0721055714858
117.0    0.0707427620017
117.125    0.0703696851972
117.25    0.0700521074214
117.375    0.0704005179909
117.5    0.0714580828169
117.625    0.0713594178768
117.75    0.0723491505565
117.875    0.0725125643634
118.0    0.0717664107545
118.125    0.0724786482903
118.25    0.0781611321802
118.375    0.0758178398545
118.5    0.0715228316838
118.625    0.0706040144297
118.75    0.071007924028
118.875    0.0748620232479
119.0    0.0740387876545
119.125    0.0736348780563
119.25    0.0728393919773
119.375    0.0724447322172
120.0    0.0703943514322
120.125    0.070548515401
120.25    0.0705546819597
120.375    0.0689174606111
120.5    0.0709555082786
120.625    0.07134400148
120.75    0.0716307464619
120.875    0.0657170166189
121.0    0.0722443190577
121.125    0.0761939999383
121.25    0.0727160608023
121.375    0.0711189220855
121.5    0.0710850060124
121.625    0.0716831622113
121.75    0.0720315727808
121.875    0.0713810008325
122.0    0.0719668239139
122.125    0.0702401874634
122.25    0.0711960040699
122.375    0.0750069373786
122.5    0.0697591958807
122.625    0.0704529337403
122.75    0.0688434619061
122.875    0.0636573859957
123.0    0.0758085900163
123.125    0.0758363395307
123.25    0.0778990534332
123.375    0.0719791570314
123.5    0.0727407270373
123.625    0.0713871673912
123.75    0.0751025190392
123.875    0.0734252150587
124.0    0.0727376437579
124.125    0.0660777603058
124.25    0.0726266457004
124.375    0.0725187309222
124.5    0.0669503283692
124.625    0.0676255665526
124.75    0.067825979712
124.875    0.0674714025838
125.0    0.0660685104677
125.125    0.0673542379675
125.25    0.0724940646872
125.375    0.0723090679246
125.5    0.0676471495082
125.625    0.0664816699041
125.75    0.0665248358154
125.875    0.0670089106774
126.0    0.0746924428822
126.125    0.0755557611075
126.25    0.0738075417013
126.375    0.0704467671816
126.5    0.0699318595258
126.625    0.0702741035365
126.75    0.0697715289982
126.875    0.0700798569358
127.0    0.0683223876915
127.125    0.0682792217803
127.25    0.0736317947769
127.375    0.0678167298739
127.5    0.0765732433016
127.625    0.0767582400641
127.75    0.0767890728579
127.875    0.0751148521567
128.0    0.070884592853
128.125    0.0709925076311
128.25    0.0712237535843
128.375    0.0710510899393
128.5    0.0714734992138
128.625    0.0722319859402
128.75    0.0724601486141
128.875    0.0731878025468
129.0    0.0733481330743
129.125    0.0734807140875
129.25    0.0650140289212
129.375    0.0666512502698
129.5    0.0718095766657
129.625    0.0720284895014
129.75    0.0718064933863
129.875    0.0720870718096
130.0    0.0745721949866
130.125    0.0744087811797
130.25    0.0746400271328
130.375    0.0688804612586
130.5    0.0686276323498
130.625    0.0686831313785
130.75    0.071803410107
130.875    0.0684950513366
131.0    0.0676502327876
131.125    0.0711960040699
131.25    0.0661455924521
131.375    0.0724200659822
131.5    0.0655936854438
131.625    0.0656954336632
131.75    0.0725618968335
131.875    0.0735022970431
132.0    0.0731693028705
132.125    0.0732741343693
132.25    0.0750747695249
132.375    0.0750809360836
132.5    0.0727931427867
132.625    0.0798507692782
132.75    0.0780963833133
132.875    0.0781981315327
133.0    0.0748404402923
133.125    0.0731477199149
133.25    0.0732001356643
133.375    0.0733573829125
133.5    0.0695834489563
133.625    0.0697191132489
133.75    0.0695957820738
133.875    0.0732710510899
134.0    0.0720377393396
134.125    0.0672617395862
134.25    0.072524897481
134.375    0.0727253106404
134.5    0.0720099898252
134.625    0.0667252489748
134.75    0.0662442573922
134.875    0.07154133136
135.0    0.0741467024327
135.125    0.0709277587642
135.25    0.0710202571455
135.375    0.0716708290938
135.5    0.0684426355872
135.625    0.0684426355872
135.75    0.0685628834829
135.875    0.0685351339685
136.0    0.0745906946628
136.125    0.0725279807603
136.25    0.0731693028705
136.375    0.0734067153825
136.5    0.0665680017266
136.625    0.0664076711991
136.75    0.0665495020504
136.875    0.0660530940709
137.0    0.0693830357969
137.125    0.0696821138963
137.25    0.0759504208676
137.375    0.0745074461197
137.5    0.0659235963371
137.625    0.0662874233034
137.75    0.0660345943946
137.875    0.0660654271883
138.0    0.0680325594302
138.125    0.0681558906052
138.25    0.0679523941664
138.375    0.0679308112108
138.5    0.0673943205994
138.625    0.0671877408812
138.75    0.0678475626677
138.875    0.0678413961089
139.0    0.0736657108501
139.125    0.0698362778651
139.25    0.0701507723615
139.375    0.0703141861684
139.5    0.0705053494897
139.625    0.069679030617
139.75    0.0696759473376
139.875    0.0689267104492
140.0    0.0769555699442
140.125    0.0770141522523
140.25    0.0734837973669
140.375    0.0739216230383
140.5    0.066882496223
140.625    0.0677334813307
140.75    0.0678598957851
140.875    0.068137390929
141.0    0.0684642185428
141.125    0.0687910461567
141.25    0.068572133321
141.375    0.0687139641723
141.5    0.0683963863966
141.625    0.0684950513366
141.75    0.0682884716184
141.875    0.0685320506891
142.0    0.0687478802454
142.125    0.067267906145
142.25    0.0669164122961
142.375    0.0670150772361
142.5    0.0687108808929
142.625    0.068596799556
142.75    0.0689267104492
142.875    0.0685536336447
143.0    0.0743933647828
143.125    0.0639225480221
143.25    0.0722967348071
143.375    0.0776955569944
143.5    0.0646717849104
143.625    0.0695957820738
143.75    0.0679123115345
143.875    0.0674960688188
144.0    0.0679924767983
144.125    0.0653624394906
144.25    0.0649122807017
144.375    0.0649122807017
144.5    0.0686368821879
144.625    0.0687047143342
144.75    0.0689945425955
144.875    0.0692627879012
145.0    0.0665895846823
145.125    0.0670736595443
145.25    0.0669102457374
145.375    0.0669749946043
145.5    0.0696266148676
145.625    0.069130206888
145.75    0.0692072888724
145.875    0.0692227052693
146.0    0.0765424105078
146.125    0.0773132303518
146.25    0.0741621188296
146.375    0.0713470847593
146.5    0.0691487065643
146.625    0.0686677149816
146.75    0.068260722104
146.875    0.0690685413005
147.0    0.067005827398
147.125    0.067603983597
147.25    0.0730428884161
147.375    0.0698424444239
147.5    0.0639472142571
147.625    0.0691332901674
147.75    0.0695371997657
147.875    0.0696882804551
148.0    0.0754755958437
148.125    0.075420096815
148.25    0.0754231800943
148.375    0.0684148860728
148.5    0.0683624703234
148.625    0.0686029661148
148.75    0.0690253753893
148.875    0.0689205438905
149.0    0.0675577344063
149.125    0.0677920636389
149.25    0.068162057164
149.375    0.0686245490704
149.5    0.0680294761508
149.625    0.0680510591065
149.75    0.0717355779607
149.875    0.0680078931952
150.0    0.0666635833873
150.125    0.0666635833873
150.25    0.066833163753
150.375    0.0664785866247
150.5    0.0704714334166
150.625    0.0705423488422
150.75    0.0707766780748
150.875    0.0779422193445
151.0    0.0682761385009
151.125    0.0683439706472
151.25    0.0685413005272
151.375    0.0685598002035
151.5    0.0723029013659
151.625    0.071877408812
151.75    0.0724601486141
151.875    0.0778188881694
152.0    0.0676748990226
152.125    0.0676933986989
152.25    0.0684703851016
152.375    0.0687725464804
152.5    0.0700983566121
152.625    0.0754879289612
152.75    0.0760151697345
152.875    0.0757561742669
153.0    0.0775290599081
153.125    0.0773903123362
153.25    0.0721857367496
153.375    0.0775537261431
153.5    0.0711744211143
153.625    0.0696851971757
153.75    0.0696481978232
153.875    0.0696851971757
154.0    0.0703018530509
154.125    0.0704159343878
154.25    0.0704714334166
154.375    0.0706410137823
154.5    0.0696451145438
154.625    0.0709400918817
154.75    0.0669934942805
154.875    0.0723029013659
155.0    0.0705947645916
155.125    0.0704560170197
155.25    0.0701754385965
155.375    0.0703296025653
155.5    0.0689513766842
155.625    0.0721086547652
155.75    0.0692042055931
155.875    0.0693090370919
156.0    0.0753923473006
156.125    0.0721703203527
156.25    0.0727499768754
156.375    0.0676317331113
156.5    0.0707489285604
156.625    0.0716862454907
156.75    0.0730891376068
156.875    0.0731600530324
157.0    0.0676440662288
157.125    0.0677581475657
157.25    0.0680048099158
157.375    0.068063392224
157.5    0.0658125982795
157.625    0.0661455924521
157.75    0.066808497518
157.875    0.0669904110011
158.0    0.0662072580396
158.125    0.0667375820923
158.25    0.0635833872907
158.375    0.067267906145
158.5    0.0680325594302
158.625    0.0680202263127
158.75    0.0681928899578
158.875    0.0683624703234
159.0    0.0666050010791
159.125    0.0666759165048
159.25    0.0714303333025
159.375    0.0667653316067
159.5    0.0697345296457
159.625    0.0641445441371
159.75    0.0709616748373
159.875    0.0715844972713
160.0    0.0673943205994
160.125    0.0657879320445
160.25    0.0665895846823
160.375    0.0664785866247
160.5    0.0677889803595
160.625    0.0680263928715
160.75    0.0669595782074
160.875    0.0700243579071
161.0    0.0687386304073
161.125    0.0691487065643
161.25    0.068957543243
161.375    0.0687232140104
161.5    0.072312151204
161.625    0.0671075756174
161.75    0.0671599913668
161.875    0.0713748342737
162.0    0.0669842444424
162.125    0.066931828693
162.25    0.0704868498134
162.375    0.070671846576
162.5    0.07766780748
162.625    0.0729072241236
162.75    0.0725865630685
162.875    0.0726790614497
163.0    0.0658125982795
163.125    0.0657817654858
163.25    0.0678845620202
163.375    0.0675700675238
163.5    0.0711836709524
163.625    0.0712515030987
163.75    0.071106588968
163.875    0.0712638362162
164.0    0.0691271236087
164.125    0.0695741991182
164.25    0.0698640273795
164.375    0.0691672062406
164.5    0.0693984521937
164.625    0.0676995652576
164.75    0.0661887583634
164.875    0.0659605956896
165.0    0.0663768384053
165.125    0.0666173341966
165.25    0.0670674929855
165.375    0.0676193999938
165.5    0.0661209262171
165.625    0.0658156815589
165.75    0.0658064317208
165.875    0.0659205130577
166.0    0.0705824314741
166.125    0.0676132334351
166.25    0.06753923473
166.375    0.0670335769124
166.5    0.0682823050597
166.625    0.0683532204853
166.75    0.0683717201616
166.875    0.0677180649339
167.0    0.0742577004902
167.125    0.0724909814078
167.25    0.0746431104122
167.375    0.0731723861499
167.5    0.0706101809885
167.625    0.0699904418339
167.75    0.0705885980329
167.875    0.0741744519471
168.0    0.0733481330743
168.125    0.069950359202
168.25    0.0698671106589
168.375    0.0698671106589
168.5    0.0692843708568
168.625    0.0690377085068
168.75    0.0690654580211
168.875    0.0692165387106
169.0    0.0708722597355
169.125    0.0694601177813
169.25    0.0713347516418
169.375    0.0713039188481
169.5    0.0603243609904
169.625    0.0708260105448
169.75    0.070884592853
169.875    0.0727684765517
170.0    0.0700490241421
170.125    0.0707520118398
170.25    0.0706872629729
170.375    0.07544476305
170.5    0.0736934603644
170.625    0.0736934603644
170.75    0.0739247063176
170.875    0.074189868344
171.0    0.0678290629914
171.125    0.0680664755033
171.25    0.0681589738846
171.375    0.0682977214565
171.5    0.0719976567077
171.625    0.0723676502328
171.75    0.0707489285604
171.875    0.0703696851972
172.0    0.0699811919958
172.125    0.069802361792
172.25    0.0700860234946
172.375    0.0700921900533
172.5    0.0685998828354
172.625    0.0692720377393
172.75    0.0686307156291
172.875    0.0708599266179
173.0    0.0705515986804
173.125    0.0688712114205
173.25    0.0690654580211
173.375    0.0725341473191
173.5    0.0659174297783
173.625    0.0660561773502
173.75    0.0725063978047
173.875    0.0726204791416
174.0    0.0691394567262
174.125    0.0691271236087
174.25    0.0694231184288
174.375    0.0641044615053
174.5    0.0707766780748
174.625    0.0708013443098
174.75    0.0762279160115
174.875    0.0744396139734
175.0    0.0660099281596
175.125    0.067317238615
175.25    0.0663028397003
175.375    0.0663552554497
175.5    0.0701692720377
175.625    0.0690901242561
175.75    0.0689205438905
175.875    0.0736626275707
176.0    0.0721579872352
176.125    0.0722689852928
176.25    0.0727376437579
176.375    0.0723337341596
176.5    0.0634045570869
176.625    0.0636728023926
176.75    0.0700336077452
176.875    0.0702895199334
177.0    0.070163105479
177.125    0.0710387568217
177.25    0.0674529029075
177.375    0.0675238183332
177.5    0.0656615175901
177.625    0.0657231831776
177.75    0.0658310979558
177.875    0.0659482625721
178.0    0.073903123362
178.125    0.0711096722474
178.25    0.0713316683625
178.375    0.0715320815219
178.5    0.0656091018407
178.625    0.0655967687232
178.75    0.0661733419665
178.875    0.0669410785311
179.0    0.0740387876545
179.125    0.0715814139919
179.25    0.0703851015941
179.375    0.0711590047174
180.0    0.0734498812937
180.125    0.0684148860728
180.25    0.068038725989
180.375    0.0680757253415
180.5    0.0681312243702
180.625    0.0681435574877
180.75    0.0679153948139
180.875    0.0664785866247
181.0    0.0673018222181
181.125    0.0668855795024
181.25    0.0674066537169
181.375    0.0669965775599
181.5    0.0683748034409
181.625    0.0685197175716
181.75    0.0717818271514
181.875    0.0715012487281
182.0    0.0720716554127
182.125    0.0721764869115
182.25    0.0725218142016
182.375    0.0724724817316
182.5    0.0666389171523
182.625    0.0666389171523
182.75    0.0654487713132
182.875    0.0655936854438
183.0    0.066931828693
183.125    0.0686862146579
183.25    0.0685197175716
183.375    0.0671538248081
183.5    0.0673203218944
183.625    0.0672833225419
183.75    0.067801313477
183.875    0.0662689236272
184.0    0.0722844016896
184.125    0.0744087811797
184.25    0.0734714642494
184.375    0.0691024573737
184.5    0.069901026732
184.625    0.0699565257608
184.75    0.068695464496
184.875    0.0678136465945
185.0    0.0722597354546
185.125    0.076412912774
185.25    0.0693676194
185.375    0.0695433663244
185.5    0.067628649832
185.625    0.0745660284278
185.75    0.0680510591065
185.875    0.0681959732371
186.0    0.063651219437
186.125    0.0687663799217
186.25    0.0700212746277
186.375    0.0697499460426
186.5    0.0687386304073
186.625    0.0687232140104
186.75    0.0688249622298
186.875    0.0690377085068
187.0    0.0684642185428
187.125    0.0683778867203
187.25    0.0681158079734
187.375    0.0651404433756
187.5    0.0676995652576
187.625    0.0672401566306
187.75    0.0667159991367
187.875    0.0651805260075
188.0    0.0675484845682
188.125    0.0681528073259
188.25    0.071926741282
188.375    0.07144266642
188.5    0.0650140289212
188.625    0.0661178429377
188.75    0.0661270927759
188.875    0.0715289982425
189.0    0.0638793821108
189.125    0.0688681281411
189.25    0.0689914593161
189.375    0.0688557950236
189.5    0.0712206703049
189.625    0.0712330034224
189.75    0.0713470847593
189.875    0.0679123115345
190.0    0.0663305892147
190.125    0.0685012178953
190.25    0.0678660623439
190.375    0.070721179046
190.5    0.0680048099158
190.625    0.0684272191903
190.75    0.0682977214565
190.875    0.0687108808929
191.0    0.0712021706287
191.125    0.0711867542318
191.25    0.0708907594117
191.375    0.0699996916721
191.5    0.0707242623254
191.625    0.0707242623254
191.75    0.0716523294176
191.875    0.0669133290167
192.0    0.0682514722659
192.125    0.068547467086
192.25    0.068334720809
192.375    0.0685012178953
192.5    0.0723799833503
192.625    0.0722319859402
192.75    0.0728363086979
192.875    0.0732618012518
193.0    0.0657817654858
193.125    0.0694292849875
193.25    0.0691579564024
193.375    0.0690993740943
193.5    0.0672555730275
193.625    0.0675978170382
193.75    0.0676625659051
193.875    0.0674220701138
194.0    0.0708167607067
194.125    0.0713655844356
194.25    0.0694200351494
194.375    0.0694323682669
194.5    0.0678629790645
194.625    0.0694755341782
194.75    0.0699287762464
194.875    0.0723707335122
195.0    0.072050072457
195.125    0.0724878981284
195.25    0.0651805260075
195.375    0.0597601208645
195.5    0.0717602441957
195.625    0.0666389171523
195.75    0.0596645392039
195.875    0.0693460364444
196.0    0.0698177781889
196.125    0.0700829402152
196.25    0.0666728332254
196.375    0.0704560170197
196.5    0.0703296025653
196.625    0.0687694632011
196.75    0.0695834489563
196.875    0.0696235315882
197.0    0.066373755126
197.125    0.0669904110011
197.25    0.065054111553
197.375    0.0652884407856
197.5    0.0671075756174
197.625    0.0668115807973
197.75    0.0670181605155
197.875    0.0706872629729
198.0    0.0728887244473
198.125    0.0730490549749
198.25    0.0729226405204
198.375    0.0739247063176
198.5    0.072213486264
198.625    0.0669441618105
198.75    0.0722689852928
198.875    0.0727191440816
199.0    0.0654302716369
199.125    0.0710510899393
199.25    0.0708321771036
199.375    0.0653501063731
199.5    0.0743501988715
199.625    0.0781703820183
199.75    0.0783337958252
199.875    0.0732340517374
200.0    0.0687879628773
200.125    0.0691332901674
200.25    0.0690192088305
200.375    0.0690962908149
200.5    0.0613079271113
200.625    0.0676378996701
200.75    0.0702679369778
200.875    0.0709215922055
201.0    0.0706040144297
201.125    0.0672617395862
201.25    0.0675361514507
201.375    0.067727314772
201.5    0.0670582431474
201.625    0.0673789042025
201.75    0.065849597632
201.875    0.0653624394906
202.0    0.0683593870441
202.125    0.0689513766842
202.25    0.0673357382912
202.375    0.0673480714087
202.5    0.0702494373015
202.625    0.0688434619061
202.75    0.0650633613912
202.875    0.0669934942805
203.0    0.0710942558505
203.125    0.0713039188481
203.25    0.0712360867018
203.375    0.0715351648013
203.5    0.0705454321216
203.625    0.0706872629729
203.75    0.070770511516
203.875    0.0708907594117
204.0    0.0727314771991
204.125    0.0678907285789
204.25    0.0681651404434
204.375    0.070548515401
204.5    0.0615700058582
204.625    0.0620047482502
204.75    0.0690284586686
204.875    0.069130206888
205.0    0.0664570036691
205.125    0.0667005827398
205.25    0.0671507415287
205.375    0.0667776647242
205.5    0.0731600530324
205.625    0.0733635494712
205.75    0.0732679678106
205.875    0.0717694940338
206.0    0.070261770419
206.125    0.0679215613727
206.25    0.0684549687047
206.375    0.0690839576974
206.5    0.0710233404249
206.625    0.0713008355687
206.75    0.0702926032128
206.875    0.0708260105448
207.0    0.0709555082786
207.125    0.070622514106
207.25    0.0706903462523
207.375    0.0683717201616
207.5    0.0610088490118
207.625    0.0684703851016
207.75    0.0684642185428
207.875    0.0666111676379
208.0    0.068162057164
208.125    0.0683254709709
208.25    0.0683593870441
208.375    0.0684858014985
208.5    0.0719822403108
208.625    0.0722813184103
208.75    0.0729226405204
208.875    0.074313199519
209.0    0.0707797613542
209.125    0.0700644405389
209.25    0.0706440970616
209.375    0.0688280455092
209.5    0.0633305583819
209.625    0.0631085622668
209.75    0.0632503931181
209.875    0.0640304628002
210.0    0.0713039188481
210.125    0.0715197484044
210.25    0.0690500416243
210.375    0.072386149909
210.5    0.0737119600407
210.625    0.0733789658681
210.75    0.0739493725526
210.875    0.0734529645731
211.0    0.0752813492431
211.125    0.0748866894829
211.25    0.0753306817131
211.375    0.0681497240465
211.5    0.0704159343878
211.625    0.0685752166004
211.75    0.0668485801498
211.875    0.0672617395862
212.0    0.060780686338
212.125    0.0643850399285
212.25    0.0719976567077
212.375    0.0677889803595
212.5    0.0648290321586
212.625    0.0652761076681
212.75    0.065849597632
212.875    0.0650232787593
213.0    0.0718311596214
213.125    0.0720408226189
213.25    0.0716954953288
213.375    0.0719298245614
213.5    0.0716214966238
213.625    0.0717571609163
213.75    0.0667344988129
213.875    0.0665649184472
214.0    0.0697622791601
214.125    0.0701754385965
214.25    0.0704066845497
214.375    0.0743656152684
214.5    0.0736071285419
214.625    0.0722319859402
214.75    0.0725834797891
214.875    0.0724447322172
215.0    0.0622637437178
215.125    0.0619893318533
215.25    0.0627200690654
215.375    0.0759874202201
215.5    0.0689482934049
215.625    0.0698455277033
215.75    0.0685320506891
215.875    0.069392285635
216.0    0.0688742946998
216.125    0.0687108808929
216.25    0.069056208183
216.375    0.0679369777695
216.5    0.0687571300836
216.625    0.0691795393581
216.75    0.0694971171338
216.875    0.0695680325594
217.0    0.0709154256467
217.125    0.0649338636574
217.25    0.0710387568217
217.375    0.0718126599451
217.5    0.0702494373015
217.625    0.0691733727993
217.75    0.0701014398915
217.875    0.0705947645916
218.0    0.0656676841488
218.125    0.0658403477939
218.25    0.0664138377578
218.375    0.0656553510313
218.5    0.07351771344
218.625    0.0735146301606
218.75    0.0742330342552
218.875    0.0741097030802
219.0    0.066833163753
219.125    0.0674806524219
219.25    0.0677643141245
219.375    0.073443714735
219.5    0.0619091665896
219.625    0.0625628218173
219.75    0.0626984861098
219.875    0.0624980729504
220.0    0.0671877408812
220.125    0.0673758209231
220.25    0.0666913329017
220.375    0.0662473406715
220.5    0.0707828446335
220.625    0.0658896802639
220.75    0.0645977862054
220.875    0.0646594517929
221.0    0.0754755958437
221.125    0.0737612925107
221.25    0.0739462892733
221.375    0.0734776308081
221.5    0.0670736595443
221.625    0.0672062405575
221.75    0.0741497857121
221.875    0.0650726112293
222.0    0.0648351987173
222.125    0.0639256313014
222.25    0.0652545247125
222.375    0.0668269971942
222.5    0.0728702247711
222.625    0.0729688897111
222.75    0.0731508031943
222.875    0.0720531557364
223.0    0.0720069065458
223.125    0.0717633274751
223.25    0.0774303949681
223.375    0.0752597662874
223.5    0.0747448586316
223.625    0.0798661856751
223.75    0.0712515030987
223.875    0.0708506767798
224.0    0.0750531865692
224.125    0.0730675546511
224.25    0.072934973638
224.375    0.0787685382172
224.5    0.0665587518885
224.625    0.073542379675
224.75    0.0665525853298
224.875    0.0667314155336
225.0    0.0700151080689
225.125    0.0696882804551
225.25    0.0699966083927
225.375    0.0708475935004
225.5    0.0738383744951
225.625    0.0685043011747
225.75    0.0739493725526
225.875    0.0713655844356
226.0    0.0668855795024
226.125    0.0676163167144
226.25    0.0672648228656
226.375    0.0687262972898
226.5    0.0715783307125
226.625    0.0713070021275
226.75    0.0641907933278
226.875    0.0714827490519
227.0    0.0666389171523
227.125    0.0667005827398
227.25    0.0664354207135
227.375    0.0658033484414
227.5    0.0650602781118
227.625    0.0651589430518
227.75    0.0657447661332
227.875    0.0724663151728
228.0    0.0701106897296
228.125    0.070745845281
228.25    0.0615330065057
228.375    0.0669842444424
228.5    0.0628464835199
228.625    0.0625998211698
228.75    0.0632103104862
228.875    0.0645669534116
229.0    0.0651897758456
229.125    0.0745567785897
229.25    0.069130206888
229.375    0.0754262633737
229.5    0.0741713686677
229.625    0.0741528689914
229.75    0.0670150772361
229.875    0.0673295717325
230.0    0.0669842444424
230.125    0.0722782351309
230.25    0.0779699688589
230.375    0.073033638578
230.5    0.0676132334351
230.625    0.0677242314926
230.75    0.0678290629914
230.875    0.0679986433571
231.0    0.0701538556409
231.125    0.0699596090402
231.25    0.0755865939013
231.375    0.073394382265
231.5    0.0665556686091
231.625    0.0729719729905
231.75    0.0708876761323
231.875    0.0722659020134
232.0    0.0700736903771
232.125    0.0702679369778
232.25    0.0682483889865
232.375    0.0669441618105
232.5    0.0677889803595
232.625    0.0675114852157
232.75    0.0683069712947
232.875    0.0685320506891
233.0    0.0659636789689
233.125    0.0661640921284
233.25    0.0662905065828
233.375    0.0699781087164
233.5    0.0667036660192
233.625    0.0667221656954
233.75    0.0670335769124
233.875    0.0668115807973
234.0    0.0632935590294
234.125    0.0687632966423
234.25    0.0638084666851
234.375    0.0632010606481
234.5    0.0650140289212
234.625    0.0654734375482
234.75    0.0689976258749
234.875    0.0763666635834
235.0    0.0669873277217
235.125    0.0669472450899
235.25    0.0738753738476
235.375    0.0741929516233
235.5    0.0685659667623
235.625    0.0690500416243
235.75    0.068547467086
235.875    0.0664755033454
236.0    0.0681959732371
236.125    0.0679369777695
236.25    0.0683378040884
236.375    0.0686800480992
236.5    0.0653531896525
236.625    0.0654580211513
236.75    0.0689143773317
236.875    0.0687817963186
237.0    0.0651404433756
237.125    0.063962630654
237.25    0.0721857367496
237.375    0.0720346560602
237.5    0.0695187000894
237.625    0.0790059507292
237.75    0.0771066506336
237.875    0.0684796349397
238.0    0.0688187956711
238.125    0.0751148521567
238.25    0.0688218789504
238.375    0.0687972127154
238.5    0.0641013782259
238.625    0.0643141245028
238.75    0.0640921283877
238.875    0.0644652051922
239.0    0.0658804304258
239.125    0.0663645052878
239.25    0.0667159991367
239.375    0.0664076711991
240.0    0.0649153639811
240.125    0.0645114543829
240.25    0.0646995344248
240.375    0.0667499152098
240.5    0.068646132026
240.625    0.0681034748558
240.75    0.0681250578115
240.875    0.065578269047
241.0    0.0699380260845
241.125    0.0664847531835
241.25    0.0663028397003
241.375    0.0683193044122
241.5    0.0723306508803
241.625    0.0688650448617
241.75    0.0755650109456
241.875    0.0765732433016
242.0    0.0694323682669
242.125    0.068695464496
242.25    0.0688372953473
242.375    0.0687910461567
242.5    0.0669842444424
242.625    0.0676964819782
242.75    0.0674960688188
242.875    0.0654364381957
243.0    0.0650263620387
243.125    0.0646656183517
243.25    0.0651866925662
243.375    0.0656954336632
243.5    0.0731477199149
243.625    0.0672401566306
243.75    0.0666635833873
243.875    0.0662627570684
244.0    0.0660407609533
244.125    0.0719051583264
244.25    0.0722227361021
244.375    0.0651496932137
244.5    0.0676471495082
244.625    0.0673079887768
244.75    0.0677735639626
244.875    0.0665649184472
245.0    0.0684611352635
245.125    0.0668146640767
245.25    0.0670644097061
245.375    0.0653686060494
245.5    0.0631116455462
245.625    0.0633706410138
245.75    0.0632473098387
245.875    0.0637067184658
246.0    0.0722566521752
246.125    0.0673696543644
246.25    0.0674559861869
246.375    0.0716029969475
246.5    0.0651342768168
246.625    0.0654333549163
246.75    0.0652699411094
246.875    0.0654364381957
247.0    0.0670674929855
247.125    0.0668146640767
247.25    0.0676903154195
247.375    0.0655844356057
247.5    0.0666913329017
247.625    0.0671199087349
247.75    0.0665340856535
247.875    0.0674282366725
248.0    0.0658095150002
248.125    0.0703758517559
248.25    0.0706101809885
248.375    0.071319335245
248.5    0.0678783954614
248.625    0.0680973082971
248.75    0.0683470539265
248.875    0.0670366601918
249.0    0.0696512811026
249.125    0.068038725989
249.25    0.0681343076496
249.375    0.0667468319304
249.5    0.0685628834829
249.625    0.0644898714272
249.75    0.0678444793883
249.875    0.0686584651435
250.0    0.0759473375883
250.125    0.0756143434157
250.25    0.075568094225
250.375    0.0691271236087
250.5    0.068670798261
250.625    0.0695279499275
250.75    0.0691487065643
250.875    0.0689051274936
251.0    0.0707335121635
251.125    0.0767212407116
251.25    0.0696481978232
251.375    0.0697931119539
251.5    0.0676009003176
251.625    0.0679462276077
251.75    0.0696574476613
251.875    0.0701600221996
252.0    0.0696142817501
252.125    0.0713255018037
252.25    0.0700706070977
252.375    0.0674529029075
252.5    0.0665371689329
252.625    0.0667499152098
252.75    0.0667899978417
252.875    0.0671414916905
253.0    0.0735978787038
253.125    0.0702155212284
253.25    0.0774797274381
253.375    0.0721209878827
253.5    0.0687509635248
253.625    0.0683963863966
253.75    0.0742207011377
253.875    0.0742731168871
254.0    0.0649646964511
254.125    0.0653007739031
254.25    0.0708075108685
254.375    0.0702432707428
254.5    0.0689852927574
254.625    0.0691487065643
254.75    0.0690901242561
254.875    0.0710942558505
255.0    0.0717849104307
255.125    0.0720963216477
255.25    0.0711775043937
255.375    0.0713285850831
255.5    0.0693090370919
255.625    0.0692843708568
255.75    0.0686769648198
255.875    0.0697437794838
256.0    0.0685043011747
256.125    0.0666666666667
256.25    0.0668855795024
256.375    0.0666142509173
256.5    0.0658372645145
256.625    0.0659451792927
256.75    0.0662319242746
256.875    0.0787531218204
257.0    0.071778743872
257.125    0.064955446613
257.25    0.0697098634107
257.375    0.0702956864921
257.5    0.0684950513366
257.625    0.0684765516603
257.75    0.0723984830265
257.875    0.0740603706102
258.0    0.0689637098017
258.125    0.06734190485
258.25    0.0674128202756
258.375    0.0672833225419
258.5    0.0673511546881
258.625    0.0675639009651
258.75    0.0745814448247
258.875    0.0741590355502
259.0    0.0722751518515
259.125    0.0671939074399
259.25    0.0780223846083
259.375    0.0782104646502
259.5    0.0680448925477
259.625    0.0681497240465
259.75    0.0676317331113
259.875    0.06739123732
260.0    0.0700706070977
260.125    0.0657663490889
260.25    0.0664570036691
260.375    0.0678938118583
260.5    0.0699133598495
260.625    0.0698640273795
260.75    0.0702926032128
260.875    0.0706009311504
261.0    0.068621465791
261.125    0.0685505503654
261.25    0.0700120247896
261.375    0.0707735947954
261.5    0.0712021706287
261.625    0.0716122467857
261.75    0.069827028027
261.875    0.0678198131533
262.0    0.0682175561928
262.125    0.0687756297598
262.25    0.068572133321
262.375    0.0683655536028
262.5    0.0725649801128
262.625    0.072139487559
262.75    0.0727684765517
262.875    0.0721487373971
263.0    0.0700921900533
263.125    0.070138439244
263.25    0.0704375173434
263.375    0.0718496592976
263.5    0.0730028057842
263.625    0.0731353867974
263.75    0.0728393919773
263.875    0.0730120556224
264.0    0.0719822403108
264.125    0.0720038232664
264.25    0.0702309376252
264.375    0.0702895199334
264.5    0.0737520426726
264.625    0.0738322079363
264.75    0.0741713686677
264.875    0.0750131039373
265.0    0.0691672062406
265.125    0.0694539512225
265.25    0.0689606265224
265.375    0.0690623747418
265.5    0.0641322110196
265.625    0.0591187987544
265.75    0.0633521413375
265.875    0.0700860234946
266.0    0.0670613264268
266.125    0.0712576696574
266.25    0.0709277587642
266.375    0.0693152036506
266.5    0.0669595782074
266.625    0.0668115807973
266.75    0.0674344032313
266.875    0.0667005827398
267.0    0.0765609101841
267.125    0.0774365615268
267.25    0.0770018191348
267.375    0.0732679678106
267.5    0.067317238615
267.625    0.060182530139
267.75    0.0672278235131
267.875    0.0609194339099
268.0    0.0634076403663
268.125    0.063675885672
268.25    0.0635186384238
268.375    0.0640674621527
268.5    0.0693367866062
268.625    0.0688773779792
268.75    0.0694847840163
268.875    0.0695187000894
269.0    0.0707304288841
269.125    0.0712175870256
269.25    0.0697807788364
269.375    0.0712915857306
269.5    0.0623130761878
269.625    0.0678568125058
269.75    0.0695187000894
269.875    0.0713995005087
270.0    0.0635648876144
270.125    0.0638917152283
270.25    0.064135294299
270.375    0.0635278882619
270.5    0.0701199395677
270.625    0.0703820183147
270.75    0.0756482594888
270.875    0.0754170135356
271.0    0.063987296889
271.125    0.0691857059168
271.25    0.0637067184658
271.375    0.0714272500231
271.5    0.0672247402337
271.625    0.0673542379675
271.75    0.0718619924151
271.875    0.0719298245614
272.0    0.0644652051922
272.125    0.0614867573151
272.25    0.0632072272068
272.375    0.0629420651805
272.5    0.0712453365399
272.625    0.0716646625351
272.75    0.0723984830265
272.875    0.0711220053649
273.0    0.0656461011932
273.125    0.0655967687232
273.25    0.0757253414732
273.375    0.0695772823975
273.5    0.0638423827583
273.625    0.0642370425184
273.75    0.0639965467271
273.875    0.0715197484044
274.0    0.0725218142016
274.125    0.0730305552986
274.25    0.073132303518
274.375    0.0727931427867
274.5    0.0698640273795
274.625    0.070958591558
274.75    0.0687139641723
274.875    0.0694077020319
275.0    0.0658434310733
275.125    0.0661270927759
275.25    0.0658557641908
275.375    0.0654025221225
275.5    0.0659852619246
275.625    0.0663521721703
275.75    0.0702062713902
275.875    0.0698856103351
276.0    0.0734529645731
276.125    0.0668454968705
276.25    0.0712391699812
276.375    0.0730798877686
276.5    0.0715104985663
276.625    0.0722813184103
276.75    0.0696728640582
276.875    0.0737242931582
277.0    0.0727098942435
277.125    0.0735608793513
277.25    0.0735547127925
277.375    0.0659790953658
277.5    0.0710017574692
277.625    0.0657570992508
277.75    0.0655073536213
277.875    0.0755310948725
278.0    0.0734252150587
278.125    0.0736965436438
278.25    0.0746061110597
278.375    0.073977122067
278.5    0.0707766780748
278.625    0.0637283014214
278.75    0.0721364042796
278.875    0.0707982610304
279.0    0.070089106774
279.125    0.0709215922055
279.25    0.0648783646286
279.375    0.0725927296272
279.5    0.0654857706657
279.625    0.0646872013073
279.75    0.0649030308636
279.875    0.0654580211513
280.0    0.0664354207135
280.125    0.0667869145623
280.25    0.0660222612771
280.375    0.0665680017266
280.5    0.0707581783985
280.625    0.0652360250362
280.75    0.0657139333395
280.875    0.0654456880338
281.0    0.0663614220084
281.125    0.0664508371103
281.25    0.0664200043166
281.375    0.0663953380816
281.5    0.066521752536
281.625    0.070113773009
281.75    0.0663182560972
281.875    0.0677828138007
282.0    0.0761724169827
282.125    0.0761138346746
282.25    0.0745228625166
282.375    0.0747448586316
282.5    0.0628896494311
282.625    0.0626214041254
282.75    0.0620571639996
282.875    0.0625782382142
283.0    0.0726420620972
283.125    0.072845558536
283.25    0.0712114204668
283.375    0.0712792526131
283.5    0.0691024573737
283.625    0.0697684457189
283.75    0.0704282675053
283.875    0.0753090987574
284.0    0.0778713039188
284.125    0.076674991521
284.25    0.0744241975765
284.375    0.0671507415287
284.5    0.0684426355872
284.625    0.0653131070206
284.75    0.0643387907378
284.875    0.0645114543829
285.0    0.0670335769124
285.125    0.0741713686677
285.25    0.0672802392625
285.375    0.0691363734468
285.5    0.0733573829125
285.625    0.0649215305399
285.75    0.069244288225
285.875    0.0730213054605
286.0    0.0632812259119
286.125    0.0634508062775
286.25    0.064545370456
286.375    0.0636666358339
286.5    0.0764714950822
286.625    0.0737458761138
286.75    0.0738846236858
286.875    0.0734560478525
287.0    0.0668146640767
287.125    0.066595751241
287.25    0.0670674929855
287.375    0.064856781673
287.5    0.0648290321586
287.625    0.0720038232664
287.75    0.0638824653902
287.875    0.0638362161995
288.0    0.077208398853
288.125    0.0769185705917
288.25    0.0769524866648
288.375    0.0634816390713
288.5    0.0666080843585
288.625    0.0683532204853
288.75    0.068063392224
288.875    0.0645330373385
289.0    0.0635248049826
289.125    0.0636635525545
289.25    0.0660900934234
289.375    0.065602935282
289.5    0.064258625474
289.625    0.0637375512595
289.75    0.069006875713
289.875    0.0686399654673
290.0    0.0664385039928
290.125    0.0670274103536
290.25    0.0671754077637
290.375    0.067628649832
290.5    0.0724940646872
290.625    0.0690377085068
290.75    0.0694077020319
290.875    0.0722258193815
291.0    0.0662565905097
291.125    0.066161008849
291.25    0.0665618351679
291.375    0.0636543027164
291.5    0.065676933987
291.625    0.065849597632
291.75    0.0658896802639
291.875    0.0661949249221
292.0    0.0744981962816
292.125    0.0746431104122
292.25    0.0739740387876
292.375    0.0734313816175
292.5    0.0677242314926
292.625    0.0677334813307
292.75    0.0684919680572
292.875    0.0653161903
293.0    0.0668208306355
293.125    0.0741004532421
293.25    0.067727314772
293.375    0.0678722289027
293.5    0.0723429839978
293.625    0.0728979742854
293.75    0.0731168871211
293.875    0.0684118027934
294.0    0.0658310979558
294.125    0.0661147596584
294.25    0.0749236888354
294.375    0.0731353867974
294.5    0.064782782968
294.625    0.0654487713132
294.75    0.0639996300065
294.875    0.0642925415472
295.0    0.0666265840348
295.125    0.0673079887768
295.25    0.0674559861869
295.375    0.0712391699812
295.5    0.0680788086208
295.625    0.0690130422717
295.75    0.0701538556409
295.875    0.0707797613542
296.0    0.0650911109056
296.125    0.0647087842629
296.25    0.0703326858447
296.375    0.0705084327691
296.5    0.0661024265409
296.625    0.0655104369007
296.75    0.0640150464033
296.875    0.0646070360435
297.0    0.0650016958036
297.125    0.0652082755218
297.25    0.0628834828724
297.375    0.0756482594888
297.5    0.0706194308266
297.625    0.0705700983566
297.75    0.0705361822835
297.875    0.0780439675639
298.0    0.0668177473561
298.125    0.0662905065828
298.25    0.0660191779977
298.375    0.0667807480036
298.5    0.0699441926433
298.625    0.0694570345019
298.75    0.0679030616964
298.875    0.0682391391484
299.0    0.0678876452995
299.125    0.0678660623439
299.25    0.0654117719606
299.375    0.0645916196466
