0.0    0.328762775344
0.125    0.328731035358
0.25    0.328762775344
0.375    0.328762775344
0.5    0.334571192789
0.625    0.334571192789
0.75    0.334666412747
0.875    0.335650352314
1.0    0.338379991113
1.125    0.333174633403
1.25    0.334190312956
1.375    0.333333333333
1.5    0.327905795721
1.625    0.327905795721
1.75    0.327905795721
1.875    0.327905795721
2.0    0.333460293277
2.125    0.334444232845
2.25    0.334444232845
2.375    0.334444232845
2.5    0.33200025392
2.625    0.329905414842
2.75    0.330032374786
2.875    0.330032374786
3.0    0.331746334032
3.125    0.331746334032
3.25    0.331746334032
3.375    0.331746334032
3.5    0.328921475275
3.625    0.328921475275
3.75    0.328921475275
3.875    0.328921475275
4.0    0.330571954548
4.125    0.330571954548
4.25    0.330571954548
4.375    0.330571954548
4.5    0.336539071923
4.625    0.336348632007
4.75    0.336348632007
4.875    0.336348632007
5.0    0.325557036755
5.125    0.325557036755
5.25    0.325557036755
5.375    0.325557036755
5.5    0.337586491462
5.625    0.337586491462
5.75    0.337586491462
5.875    0.337586491462
6.0    0.330222814702
6.125    0.330222814702
6.25    0.330222814702
6.375    0.330064114772
6.5    0.330921094395
6.625    0.330921094395
6.75    0.330921094395
6.875    0.330921094395
7.0    0.331428934171
7.125    0.331428934171
7.25    0.331428934171
7.375    0.331428934171
7.5    0.330825874437
7.625    0.330825874437
7.75    0.330825874437
7.875    0.332254173808
8.0    0.329302355107
8.125    0.329302355107
8.25    0.329302355107
8.375    0.329302355107
8.5    0.330698914492
8.625    0.330698914492
8.75    0.330984574367
8.875    0.330984574367
9.0    0.326858376182
9.125    0.326858376182
9.25    0.326858376182
9.375    0.326858376182
9.5    0.340125690345
9.625    0.340125690345
9.75    0.334793372691
9.875    0.334793372691
10.0    0.325747476671
10.125    0.325747476671
10.25    0.325747476671
10.375    0.327651875833
10.5    0.327493175903
10.625    0.327493175903
10.75    0.327493175903
10.875    0.327493175903
11.0    0.32847711547
11.125    0.32879451533
11.25    0.32879451533
11.375    0.32879451533
11.5    0.328286675554
11.625    0.328286675554
11.75    0.328350155526
11.875    0.328350155526
12.0    0.332412873738
12.125    0.332412873738
12.25    0.332412873738
12.375    0.332412873738
12.5    0.33552339237
12.625    0.33552339237
12.75    0.3356820923
12.875    0.3356820923
13.0    0.329397575065
13.125    0.329556274995
13.25    0.329556274995
13.375    0.328857995302
13.5    0.328857995302
13.625    0.328857995302
13.75    0.328857995302
13.875    0.328857995302
14.0    0.333301593347
14.125    0.333301593347
14.25    0.333301593347
14.375    0.333301593347
14.5    0.329556274995
14.625    0.329556274995
14.75    0.329714974925
14.875    0.329714974925
15.0    0.329619754967
15.125    0.329619754967
15.25    0.329619754967
15.375    0.329619754967
15.5    0.332952453501
15.625    0.332952453501
15.75    0.332952453501
15.875    0.332952453501
16.0    0.334539452803
16.125    0.334539452803
16.25    0.334539452803
16.375    0.334539452803
16.5    0.330095854758
16.625    0.330381514632
16.75    0.330381514632
16.875    0.330381514632
17.0    0.331873293976
17.125    0.331873293976
17.25    0.331873293976
17.375    0.331873293976
17.5    0.332285913794
17.625    0.331460674157
17.75    0.331555894115
17.875    0.331555894115
18.0    0.336729511839
18.125    0.336729511839
18.25    0.336729511839
18.375    0.336729511839
18.5    0.338094331238
18.625    0.338094331238
18.75    0.338094331238
18.875    0.338094331238
19.0    0.331809814004
19.125    0.331809814004
19.25    0.331809814004
19.375    0.331905033962
19.5    0.330889354409
19.625    0.330889354409
19.75    0.330889354409
19.875    0.330889354409
20.0    0.334952072621
20.125    0.334952072621
20.25    0.334952072621
20.375    0.334952072621
20.5    0.328508855456
20.625    0.329048435219
20.75    0.329048435219
20.875    0.329048435219
21.0    0.327461435917
21.125    0.327461435917
21.25    0.328762775344
21.375    0.328762775344
21.5    0.333714213166
21.625    0.333714213166
21.75    0.332888973529
21.875    0.332888973529
22.0    0.33031803466
22.125    0.33031803466
22.25    0.33031803466
22.375    0.33031803466
22.5    0.332571573669
22.625    0.332571573669
22.75    0.332127213864
22.875    0.332127213864
23.0    0.332349393766
23.125    0.332349393766
23.25    0.332349393766
23.375    0.332349393766
23.5    0.32616009649
23.625    0.32616009649
23.75    0.32616009649
23.875    0.32616009649
24.0    0.336126452104
24.125    0.335618612328
24.25    0.335618612328
24.375    0.335618612328
24.5    0.331936773948
24.625    0.332412873738
24.75    0.332412873738
24.875    0.332412873738
25.0    0.330222814702
25.125    0.330222814702
25.25    0.330222814702
25.375    0.330222814702
25.5    0.335586872342
25.625    0.335586872342
25.75    0.335586872342
25.875    0.335586872342
26.0    0.342157049451
26.125    0.342157049451
26.25    0.342188789437
26.375    0.336189932076
26.5    0.333936393068
26.625    0.335428172412
26.75    0.335428172412
26.875    0.335459912398
27.0    0.333428553291
27.125    0.332381133752
27.25    0.332381133752
27.375    0.33368247318
27.5    0.332095473878
27.625    0.332095473878
27.75    0.332095473878
27.875    0.332095473878
28.0    0.338856090903
28.125    0.338856090903
28.25    0.338856090903
28.375    0.338856090903
28.5    0.331746334032
28.625    0.332285913794
28.75    0.332285913794
28.875    0.327017076112
29.0    0.3356820923
29.125    0.3356820923
29.25    0.3356820923
29.375    0.335777312258
29.5    0.332762013585
29.625    0.332762013585
29.75    0.332762013585
29.875    0.332762013585
30.0    0.336062972132
30.125    0.336062972132
30.25    0.336062972132
30.375    0.336062972132
30.5    0.336602551895
30.625    0.336697771853
30.75    0.336697771853
30.875    0.335777312258
31.0    0.336888211769
31.125    0.336919951755
31.25    0.335872532216
31.375    0.335872532216
31.5    0.327207516029
31.625    0.327207516029
31.75    0.327207516029
31.875    0.327207516029
32.0    0.336761251825
32.125    0.336761251825
32.25    0.338538691043
32.375    0.338348251127
32.5    0.332190693836
32.625    0.332190693836
32.75    0.332190693836
32.875    0.332190693836
33.0    0.339173490764
33.125    0.339173490764
33.25    0.339776550498
33.375    0.339776550498
33.5    0.331555894115
33.625    0.331555894115
33.75    0.331555894115
33.875    0.331555894115
34.0    0.333968133054
34.125    0.333968133054
34.25    0.333968133054
34.375    0.333968133054
34.5    0.336888211769
34.625    0.336888211769
34.75    0.336888211769
34.875    0.336888211769
35.0    0.330222814702
35.125    0.330222814702
35.25    0.330984574367
35.375    0.330984574367
35.5    0.334602932775
35.625    0.334602932775
35.75    0.334063353012
35.875    0.334063353012
36.0    0.341839649591
36.125    0.341839649591
36.25    0.341839649591
36.375    0.341236589856
36.5    0.332539833682
36.625    0.332539833682
36.75    0.332539833682
36.875    0.333968133054
37.0    0.332031993906
37.125    0.332031993906
37.25    0.332031993906
37.375    0.332603313655
37.5    0.335555132356
37.625    0.335555132356
37.75    0.335555132356
37.875    0.335555132356
38.0    0.332825493557
38.125    0.332825493557
38.25    0.332825493557
38.375    0.332825493557
38.5    0.334983812607
38.625    0.334729892719
38.75    0.334729892719
38.875    0.334729892719
39.0    0.334825112677
39.125    0.334825112677
39.25    0.334825112677
39.375    0.334825112677
39.5    0.330413254618
39.625    0.330254554688
39.75    0.330254554688
39.875    0.332349393766
40.0    0.332508093696
40.125    0.332508093696
40.25    0.332349393766
40.375    0.332349393766
40.5    0.331206754269
40.625    0.331206754269
40.75    0.332825493557
40.875    0.332825493557
41.0    0.323589157621
41.125    0.323240017774
41.25    0.323240017774
41.375    0.323240017774
41.5    0.339078270806
41.625    0.339078270806
41.75    0.339078270806
41.875    0.339078270806
42.0    0.333333333333
42.125    0.333333333333
42.25    0.333333333333
42.375    0.333333333333
42.5    0.335237732495
42.625    0.335237732495
42.75    0.335237732495
42.875    0.334793372691
43.0    0.333936393068
43.125    0.333936393068
43.25    0.333936393068
43.375    0.333936393068
43.5    0.335745572272
43.625    0.335745572272
43.75    0.335745572272
43.875    0.335142512537
44.0    0.333460293277
44.125    0.333460293277
44.25    0.333460293277
44.375    0.333904653082
44.5    0.333587253222
44.625    0.333587253222
44.75    0.333587253222
44.875    0.333587253222
45.0    0.332793753571
45.125    0.332793753571
45.25    0.332793753571
45.375    0.332793753571
45.5    0.320700818892
45.625    0.321367358598
45.75    0.321367358598
45.875    0.321367358598
46.0    0.337046911699
46.125    0.337046911699
46.25    0.337046911699
46.375    0.337046911699
46.5    0.336285152035
46.625    0.337142131657
46.75    0.337142131657
46.875    0.336570811909
47.0    0.324160477369
47.125    0.323874817495
47.25    0.323874817495
47.375    0.323874817495
47.5    0.336761251825
47.625    0.336761251825
47.75    0.336697771853
47.875    0.336697771853
48.0    0.32631879642
48.125    0.32631879642
48.25    0.32631879642
48.375    0.32631879642
48.5    0.32695359614
48.625    0.327239256015
48.75    0.327239256015
48.875    0.327239256015
49.0    0.326509236336
49.125    0.326509236336
49.25    0.326128356504
49.375    0.326128356504
49.5    0.33936393068
49.625    0.33936393068
49.75    0.339173490764
49.875    0.339110010792
50.0    0.326572716308
50.125    0.326572716308
50.25    0.326572716308
50.375    0.326572716308
50.5    0.336412111979
50.625    0.336412111979
50.75    0.336412111979
50.875    0.336412111979
51.0    0.325176156922
51.125    0.325176156922
51.25    0.325176156922
51.375    0.325176156922
51.5    0.337459531518
51.625    0.337459531518
51.75    0.337459531518
51.875    0.337459531518
52.0    0.328667555386
52.125    0.329111915191
52.25    0.329111915191
52.375    0.327397955945
52.5    0.325874436615
52.625    0.325874436615
52.75    0.327334475973
52.875    0.327334475973
53.0    0.32831841554
53.125    0.32831841554
53.25    0.32831841554
53.375    0.32831841554
53.5    0.326350536406
53.625    0.326350536406
53.75    0.326350536406
53.875    0.327715355805
54.0    0.327905795721
54.125    0.327905795721
54.25    0.327905795721
54.375    0.327588395861
54.5    0.333936393068
54.625    0.333936393068
54.75    0.333936393068
54.875    0.333936393068
55.0    0.324414397258
55.125    0.324414397258
55.25    0.324414397258
55.375    0.324414397258
55.5    0.329905414842
55.625    0.329873674856
55.75    0.329873674856
55.875    0.329873674856
56.0    0.321748238431
56.125    0.321748238431
56.25    0.324160477369
56.375    0.32447787723
56.5    0.334825112677
56.625    0.335872532216
56.75    0.332730273599
56.875    0.332730273599
57.0    0.328032755666
57.125    0.328032755666
57.25    0.327937535707
57.375    0.327937535707
57.5    0.336380371993
57.625    0.335555132356
57.75    0.335555132356
57.875    0.334380752872
58.0    0.325144416936
58.125    0.325144416936
58.25    0.325144416936
58.375    0.325398336825
58.5    0.325779216657
58.625    0.325779216657
58.75    0.330730654479
58.875    0.330794134451
59.0    0.332063733892
59.125    0.332063733892
59.25    0.332063733892
59.375    0.332063733892
59.5    0.329778454897
59.625    0.330349774646
59.75    0.330349774646
59.875    0.330349774646
60.0    0.331492414143
60.125    0.328921475275
60.25    0.328921475275
60.375    0.328921475275
60.5    0.330762394465
60.625    0.330762394465
60.75    0.330762394465
60.875    0.331079794325
61.0    0.328826255316
61.125    0.328826255316
61.25    0.328826255316
61.375    0.328826255316
61.5    0.327588395861
61.625    0.327588395861
61.75    0.327588395861
61.875    0.327588395861
62.0    0.323938297467
62.125    0.325652256713
62.25    0.325525296769
62.375    0.325588776741
62.5    0.331079794325
62.625    0.331079794325
62.75    0.331079794325
62.875    0.331079794325
63.0    0.329238875135
63.125    0.329238875135
63.25    0.329238875135
63.375    0.329397575065
63.5    0.329588014981
63.625    0.329683234939
63.75    0.335269472481
63.875    0.334920332635
64.0    0.32800101568
64.125    0.32800101568
64.25    0.328667555386
64.375    0.328762775344
64.5    0.324382657272
64.625    0.324382657272
64.75    0.324255697328
64.875    0.324255697328
65.0    0.323716117565
65.125    0.32327175776
65.25    0.32327175776
65.375    0.32327175776
65.5    0.321970418333
65.625    0.321970418333
65.75    0.321970418333
65.875    0.322541738082
66.0    0.327080556085
66.125    0.327080556085
66.25    0.327080556085
66.375    0.327080556085
66.5    0.329619754967
66.625    0.329619754967
66.75    0.329619754967
66.875    0.329619754967
67.0    0.320034279185
67.125    0.320034279185
67.25    0.31958991938
67.375    0.319367739478
67.5    0.32327175776
67.625    0.32327175776
67.75    0.32327175776
67.875    0.32327175776
68.0    0.329619754967
68.125    0.33015933473
68.25    0.329397575065
68.375    0.329397575065
68.5    0.325969656573
68.625    0.325969656573
68.75    0.325969656573
68.875    0.325969656573
69.0    0.325430076811
69.125    0.325430076811
69.25    0.325430076811
69.375    0.325430076811
69.5    0.326096616517
69.625    0.314162381769
69.75    0.316257220847
69.875    0.315781121056
70.0    0.329048435219
70.125    0.329048435219
70.25    0.329048435219
70.375    0.329048435219
70.5    0.319145559576
70.625    0.319145559576
70.75    0.319145559576
70.875    0.319145559576
71.0    0.323430457691
71.125    0.323208277788
71.25    0.325588776741
71.375    0.325652256713
71.5    0.324573097188
71.625    0.324414397258
71.75    0.324509617216
71.875    0.324509617216
72.0    0.3286358154
72.125    0.3286358154
72.25    0.3286358154
72.375    0.3286358154
72.5    0.329238875135
72.625    0.329238875135
72.75    0.330984574367
72.875    0.327175776043
73.0    0.321843458389
73.125    0.321843458389
73.25    0.321843458389
73.375    0.321843458389
73.5    0.324446137244
73.625    0.324446137244
73.75    0.324446137244
73.875    0.324446137244
74.0    0.321875198375
74.125    0.321875198375
74.25    0.321875198375
74.375    0.321875198375
74.5    0.321970418333
74.625    0.321970418333
74.75    0.321970418333
74.875    0.321970418333
75.0    0.325144416936
75.125    0.325144416936
75.25    0.324890497048
75.375    0.324890497048
75.5    0.320859518822
75.625    0.320859518822
75.75    0.320859518822
75.875    0.320859518822
76.0    0.32815971561
76.125    0.32815971561
76.25    0.32815971561
76.375    0.32815971561
76.5    0.322827397956
76.625    0.323208277788
76.75    0.323208277788
76.875    0.323208277788
77.0    0.328667555386
77.125    0.328667555386
77.25    0.328667555386
77.375    0.328667555386
77.5    0.318764679744
77.625    0.318764679744
77.75    0.318764679744
77.875    0.318764679744
78.0    0.32616009649
78.125    0.32616009649
78.25    0.32616009649
78.375    0.32616009649
78.5    0.318225099981
78.625    0.318225099981
78.75    0.318225099981
78.875    0.318701199771
79.0    0.319621659366
79.125    0.319621659366
79.25    0.323716117565
79.375    0.32247825811
79.5    0.318415539897
79.625    0.321208658668
79.75    0.32127213864
79.875    0.32063733892
80.0    0.330571954548
80.125    0.315051101378
80.25    0.313686281978
80.375    0.315146321336
80.5    0.327493175903
80.625    0.327493175903
80.75    0.327493175903
80.875    0.327048816099
81.0    0.316447660763
81.125    0.316447660763
81.25    0.316447660763
81.375    0.316511140735
81.5    0.318732939757
81.625    0.318732939757
81.75    0.318732939757
81.875    0.318732939757
82.0    0.328826255316
82.125    0.320605598934
82.25    0.320605598934
82.375    0.320605598934
82.5    0.331270234241
82.625    0.331270234241
82.75    0.331270234241
82.875    0.331270234241
83.0    0.321906938361
83.125    0.321906938361
83.25    0.321906938361
83.375    0.324763537104
83.5    0.327588395861
83.625    0.32815971561
83.75    0.32847711547
83.875    0.327334475973
84.0    0.317685520218
84.125    0.316923760554
84.25    0.316162000889
84.375    0.316162000889
84.5    0.32063733892
84.625    0.320859518822
84.75    0.321335618612
84.875    0.321335618612
85.0    0.327810575763
85.125    0.327810575763
85.25    0.327715355805
85.375    0.327715355805
85.5    0.330254554688
85.625    0.330254554688
85.75    0.330254554688
85.875    0.330254554688
86.0    0.322446518124
86.125    0.322446518124
86.25    0.322446518124
86.375    0.322446518124
86.5    0.323144797816
86.625    0.322192598235
86.75    0.323081317844
86.875    0.323081317844
87.0    0.32647749635
87.125    0.32647749635
87.25    0.32647749635
87.375    0.329429315051
87.5    0.325906176601
87.625    0.325906176601
87.75    0.325906176601
87.875    0.325906176601
88.0    0.327715355805
88.125    0.328857995302
88.25    0.328857995302
88.375    0.328857995302
88.5    0.32847711547
88.625    0.328604075414
88.75    0.328604075414
88.875    0.330571954548
89.0    0.328350155526
89.125    0.328350155526
89.25    0.330254554688
89.375    0.32984193487
89.5    0.321176918682
89.625    0.321875198375
89.75    0.324001777439
89.875    0.323652637593
90.0    0.326890116168
90.125    0.327397955945
90.25    0.327334475973
90.375    0.325715736685
90.5    0.328699295372
90.625    0.328699295372
90.75    0.327207516029
90.875    0.327493175903
91.0    0.325969656573
91.125    0.32447787723
91.25    0.32447787723
91.375    0.321779978417
91.5    0.330921094395
91.625    0.330667174506
91.75    0.330667174506
91.875    0.330667174506
92.0    0.329778454897
92.125    0.329778454897
92.25    0.332127213864
92.375    0.332127213864
92.5    0.326382276392
92.625    0.328413635498
92.75    0.329524535009
92.875    0.329714974925
93.0    0.325334856853
93.125    0.325334856853
93.25    0.325334856853
93.375    0.325366596839
93.5    0.334698152733
93.625    0.334698152733
93.75    0.334698152733
93.875    0.334729892719
94.0    0.327842315749
94.125    0.32984193487
94.25    0.32984193487
94.375    0.329651494953
94.5    0.327874055735
94.625    0.329016695233
94.75    0.327144036057
94.875    0.328667555386
95.0    0.332349393766
95.125    0.332952453501
95.25    0.333142893417
95.375    0.333142893417
95.5    0.329334095093
95.625    0.329334095093
95.75    0.3300006348
95.875    0.330032374786
96.0    0.326826636196
96.125    0.326826636196
96.25    0.32663619628
96.375    0.326223576462
96.5    0.326540976322
96.625    0.327778835777
96.75    0.327429695931
96.875    0.330698914492
97.0    0.328699295372
97.125    0.328699295372
97.25    0.328508855456
97.375    0.32831841554
97.5    0.327397955945
97.625    0.327397955945
97.75    0.328350155526
97.875    0.32847711547
98.0    0.331111534311
98.125    0.331111534311
98.25    0.332666793627
98.375    0.332888973529
98.5    0.324827017076
98.625    0.323716117565
98.75    0.323017837872
98.875    0.323366977719
99.0    0.325239636895
99.125    0.325239636895
99.25    0.323240017774
99.375    0.323779597537
99.5    0.337776931378
99.625    0.338348251127
99.75    0.338348251127
99.875    0.333460293277
100.0    0.333015933473
100.125    0.333015933473
100.25    0.331936773948
100.375    0.329810194884
100.5    0.332285913794
100.625    0.334825112677
100.75    0.334825112677
100.875    0.33784041135
101.0    0.327810575763
101.125    0.327334475973
101.25    0.328096235638
101.375    0.328445375484
101.5    0.329048435219
101.625    0.329048435219
101.75    0.334952072621
101.875    0.335142512537
102.0    0.337872151336
102.125    0.337935631308
102.25    0.338221291183
102.375    0.338221291183
102.5    0.331206754269
102.625    0.329111915191
102.75    0.330286294674
102.875    0.330571954548
103.0    0.326096616517
103.125    0.326001396559
103.25    0.326445756364
103.375    0.327048816099
103.5    0.334380752872
103.625    0.335047292579
103.75    0.332762013585
103.875    0.335142512537
104.0    0.325461816797
104.125    0.323303497746
104.25    0.326985336126
104.375    0.326985336126
104.5    0.330889354409
104.625    0.331175014283
104.75    0.33015933473
104.875    0.331460674157
105.0    0.32495397702
105.125    0.324985717006
105.25    0.327112296071
105.375    0.327874055735
105.5    0.332444613724
105.625    0.33368247318
105.75    0.33368247318
105.875    0.333745953152
106.0    0.328254935568
106.125    0.328254935568
106.25    0.328254935568
106.375    0.321526058529
106.5    0.328953215261
106.625    0.329175395163
106.75    0.328984955247
106.875    0.328984955247
107.0    0.331397194185
107.125    0.329334095093
107.25    0.329334095093
107.375    0.329651494953
107.5    0.329429315051
107.625    0.329429315051
107.75    0.329429315051
107.875    0.327810575763
108.0    0.325144416936
108.125    0.325842696629
108.25    0.325842696629
108.375    0.338570431029
108.5    0.328540595442
108.625    0.32800101568
108.75    0.328699295372
108.875    0.328699295372
109.0    0.327239256015
109.125    0.328032755666
109.25    0.328032755666
109.375    0.328064495652
109.5    0.3300006348
109.625    0.3300006348
109.75    0.3300006348
109.875    0.329588014981
110.0    0.337776931378
110.125    0.33936393068
110.25    0.33936393068
110.375    0.338760870945
110.5    0.326382276392
110.625    0.327493175903
110.75    0.327493175903
110.875    0.329365835079
111.0    0.328731035358
111.125    0.328731035358
111.25    0.328667555386
111.375    0.328667555386
111.5    0.330413254618
111.625    0.330191074716
111.75    0.330540214562
111.875    0.328953215261
112.0    0.336380371993
112.125    0.332190693836
112.25    0.332190693836
112.375    0.322383038151
112.5    0.314130641783
112.625    0.315971560973
112.75    0.314130641783
112.875    0.315812861042
113.0    0.33031803466
113.125    0.33031803466
113.25    0.326096616517
113.375    0.326382276392
113.5    0.334761632705
113.625    0.334761632705
113.75    0.323874817495
113.875    0.325049196978
114.0    0.319939059227
114.125    0.320764298864
114.25    0.320764298864
114.375    0.321303878626
114.5    0.320192979115
114.625    0.321145178696
114.75    0.322351298165
114.875    0.322351298165
115.0    0.323049577858
115.125    0.323335237732
115.25    0.323493937663
115.375    0.323493937663
115.5    0.322573478068
115.625    0.322573478068
115.75    0.316765060623
115.875    0.316765060623
116.0    0.312543642481
116.125    0.335586872342
116.25    0.334285532914
116.375    0.334031613026
116.5    0.338602171015
116.625    0.338284771155
116.75    0.338284771155
116.875    0.338665650987
117.0    0.319812099283
117.125    0.319812099283
117.25    0.325715736685
117.375    0.324573097188
117.5    0.321081698724
117.625    0.321526058529
117.75    0.322097378277
117.875    0.321526058529
118.0    0.321208658668
118.125    0.321526058529
118.25    0.321906938361
118.375    0.324446137244
118.5    0.332984193487
118.625    0.331555894115
118.75    0.334126832984
118.875    0.331746334032
119.0    0.317463340316
119.125    0.311940582746
119.25    0.312004062718
119.375    0.312004062718
120.0    0.32127213864
120.125    0.32127213864
120.25    0.320669078906
120.375    0.320764298864
120.5    0.331968513934
120.625    0.331968513934
120.75    0.332254173808
120.875    0.321176918682
121.0    0.316320700819
121.125    0.316320700819
121.25    0.316511140735
121.375    0.318764679744
121.5    0.324096997397
121.625    0.324096997397
121.75    0.324096997397
121.875    0.324573097188
122.0    0.322192598235
122.125    0.322192598235
122.25    0.323557417635
122.375    0.323557417635
122.5    0.319970799213
122.625    0.320288199073
122.75    0.321589538501
122.875    0.32143083857
123.0    0.337935631308
123.125    0.337935631308
123.25    0.327874055735
123.375    0.327366215959
123.5    0.339300450708
123.625    0.339300450708
123.75    0.328381895512
123.875    0.328286675554
124.0    0.324509617216
124.125    0.324731797118
124.25    0.32447787723
124.375    0.32463657716
124.5    0.322922617914
124.625    0.323652637593
124.75    0.323652637593
124.875    0.325874436615
125.0    0.321906938361
125.125    0.321906938361
125.25    0.321906938361
125.375    0.321906938361
125.5    0.337618231448
125.625    0.337618231448
125.75    0.336983431727
125.875    0.337078651685
126.0    0.318161620009
126.125    0.318447279883
126.25    0.318479019869
126.375    0.317558560274
126.5    0.318986859646
126.625    0.319082079604
126.75    0.318828159716
126.875    0.318828159716
127.0    0.325842696629
127.125    0.325937916587
127.25    0.324128737383
127.375    0.32463657716
127.5    0.316669840665
127.625    0.323017837872
127.75    0.327239256015
127.875    0.328223195582
128.0    0.318764679744
128.125    0.319526439408
128.25    0.320605598934
128.375    0.321335618612
128.5    0.324731797118
128.625    0.324731797118
128.75    0.324763537104
128.875    0.324604837174
129.0    0.337618231448
129.125    0.337903891322
129.25    0.326985336126
129.375    0.326985336126
129.5    0.321557798515
129.625    0.322129118263
129.75    0.321399098584
129.875    0.31574938107
130.0    0.322859137942
130.125    0.324160477369
130.25    0.326064876531
130.375    0.324065257411
130.5    0.32079603885
130.625    0.320859518822
130.75    0.320319939059
130.875    0.320573858947
131.0    0.322192598235
131.125    0.323303497746
131.25    0.323525677649
131.375    0.323525677649
131.5    0.324731797118
131.625    0.324731797118
131.75    0.324001777439
131.875    0.324192217355
132.0    0.312257982606
132.125    0.319812099283
132.25    0.31943121945
132.375    0.315019361391
132.5    0.31711420047
132.625    0.319177299562
132.75    0.339713070526
132.875    0.317495080302
133.0    0.322033898305
133.125    0.321906938361
133.25    0.322002158319
133.375    0.322890877928
133.5    0.320605598934
133.625    0.320288199073
133.75    0.320224719101
133.875    0.320478638989
134.0    0.33168285406
134.125    0.331936773948
134.25    0.332730273599
134.375    0.332381133752
134.5    0.320002539199
134.625    0.320002539199
134.75    0.320605598934
134.875    0.320827778836
135.0    0.319399479464
135.125    0.318986859646
135.25    0.319399479464
135.375    0.319399479464
135.5    0.319716879325
135.625    0.319145559576
135.75    0.319716879325
135.875    0.319716879325
136.0    0.322827397956
136.125    0.322605218054
136.25    0.325080936964
136.375    0.323874817495
136.5    0.320669078906
136.625    0.322351298165
136.75    0.321811718403
136.875    0.320288199073
137.0    0.316479400749
137.125    0.316765060623
137.25    0.32663619628
137.375    0.311781882816
137.5    0.328604075414
137.625    0.328604075414
137.75    0.328604075414
137.875    0.328857995302
138.0    0.346473687552
138.125    0.34641020758
138.25    0.335491652384
138.375    0.335618612328
138.5    0.330921094395
138.625    0.330921094395
138.75    0.343236208976
138.875    0.342760109186
139.0    0.327524915889
139.125    0.322065638291
139.25    0.3229543579
139.375    0.323017837872
139.5    0.316733320637
139.625    0.317177680442
139.75    0.31711420047
139.875    0.31711420047
140.0    0.320415159017
140.125    0.320256459087
140.25    0.31958991938
140.375    0.320161239129
140.5    0.336507331937
140.625    0.32095473878
140.75    0.3229543579
140.875    0.3229543579
141.0    0.321303878626
141.125    0.32247825811
141.25    0.321494318543
141.375    0.321494318543
141.5    0.317399860344
141.625    0.317368120358
141.75    0.31190884276
141.875    0.328826255316
142.0    0.331651114074
142.125    0.332825493557
142.25    0.33031803466
142.375    0.331079794325
142.5    0.325207896909
142.625    0.322890877928
142.75    0.322890877928
142.875    0.322986097886
143.0    0.325080936964
143.125    0.325080936964
143.25    0.32511267695
143.375    0.32511267695
143.5    0.317907700121
143.625    0.318225099981
143.75    0.319558179394
143.875    0.318732939757
144.0    0.322986097886
144.125    0.322827397956
144.25    0.322827397956
144.375    0.322827397956
144.5    0.323779597537
144.625    0.323779597537
144.75    0.323779597537
144.875    0.323017837872
145.0    0.327080556085
145.125    0.327239256015
145.25    0.322986097886
145.375    0.321208658668
145.5    0.33368247318
145.625    0.331619374087
145.75    0.331619374087
145.875    0.331619374087
146.0    0.322890877928
146.125    0.322922617914
146.25    0.319812099283
146.375    0.323176537802
146.5    0.320605598934
146.625    0.320827778836
146.75    0.321303878626
146.875    0.324287437314
147.0    0.324065257411
147.125    0.324065257411
147.25    0.323208277788
147.375    0.324573097188
147.5    0.31879641973
147.625    0.31879641973
147.75    0.31879641973
147.875    0.317336380372
148.0    0.317558560274
148.125    0.317685520218
148.25    0.317685520218
148.375    0.317495080302
148.5    0.316320700819
148.625    0.316320700819
148.75    0.311464482956
148.875    0.313178442201
149.0    0.322986097886
149.125    0.324255697328
149.25    0.330413254618
149.375    0.323335237732
149.5    0.332127213864
149.625    0.332381133752
149.75    0.331714594046
149.875    0.320256459087
150.0    0.321621278487
150.125    0.318669459785
150.25    0.305275185679
150.375    0.308417444296
150.5    0.302355106964
150.625    0.323747857551
150.75    0.325017456992
150.875    0.325779216657
151.0    0.319526439408
151.125    0.313051482257
151.25    0.312892782327
151.375    0.312384942551
151.5    0.320922998794
151.625    0.321557798515
151.75    0.32111343871
151.875    0.323652637593
152.0    0.323874817495
152.125    0.323938297467
152.25    0.32327175776
152.375    0.323811337523
152.5    0.318098140037
152.625    0.312607122453
152.75    0.312924522313
152.875    0.313083222243
153.0    0.325747476671
153.125    0.325652256713
153.25    0.325715736685
153.375    0.326382276392
153.5    0.32463657716
153.625    0.327112296071
153.75    0.324192217355
153.875    0.32447787723
154.0    0.327048816099
154.125    0.326826636196
154.25    0.326763156224
154.375    0.329746714911
154.5    0.326985336126
154.625    0.326985336126
154.75    0.327334475973
154.875    0.327588395861
155.0    0.323176537802
155.125    0.324065257411
155.25    0.324827017076
155.375    0.326001396559
155.5    0.315209801308
155.625    0.315209801308
155.75    0.316003300959
155.875    0.316574620707
156.0    0.325683996699
156.125    0.325683996699
156.25    0.326096616517
156.375    0.326667936266
156.5    0.323620897607
156.625    0.323462197677
156.75    0.323462197677
156.875    0.325683996699
157.0    0.322287818193
157.125    0.322287818193
157.25    0.322541738082
157.375    0.322922617914
157.5    0.32879451533
157.625    0.328381895512
157.75    0.328540595442
157.875    0.329016695233
158.0    0.327366215959
158.125    0.327461435917
158.25    0.327144036057
158.375    0.327651875833
158.5    0.323049577858
158.625    0.323493937663
158.75    0.324065257411
158.875    0.324160477369
159.0    0.328032755666
159.125    0.32511267695
159.25    0.325049196978
159.375    0.323970037453
159.5    0.327397955945
159.625    0.321875198375
159.75    0.32279565797
159.875    0.322859137942
160.0    0.323049577858
160.125    0.323049577858
160.25    0.325652256713
160.375    0.323240017774
160.5    0.326128356504
160.625    0.326128356504
160.75    0.327493175903
160.875    0.327905795721
161.0    0.326287056434
161.125    0.326445756364
161.25    0.32647749635
161.375    0.325842696629
161.5    0.33031803466
161.625    0.33047673459
161.75    0.309877483654
161.875    0.330571954548
162.0    0.331016314353
162.125    0.332539833682
162.25    0.332730273599
162.375    0.33247635371
162.5    0.319970799213
162.625    0.32095473878
162.75    0.320002539199
162.875    0.320002539199
163.0    0.327874055735
163.125    0.327874055735
163.25    0.327937535707
163.375    0.307528724687
163.5    0.320097759157
163.625    0.320097759157
163.75    0.322446518124
163.875    0.321621278487
164.0    0.330825874437
164.125    0.324890497048
164.25    0.325049196978
164.375    0.326414016378
164.5    0.312257982606
164.625    0.312162762648
164.75    0.312670602425
164.875    0.313464102076
165.0    0.330540214562
165.125    0.331175014283
165.25    0.331175014283
165.375    0.331238494255
165.5    0.323176537802
165.625    0.324763537104
165.75    0.325017456992
165.875    0.323493937663
166.0    0.320161239129
166.125    0.320319939059
166.25    0.320319939059
166.375    0.320319939059
166.5    0.316415920777
166.625    0.316415920777
166.75    0.31695550054
166.875    0.316828540595
167.0    0.320700818892
167.125    0.320700818892
167.25    0.320827778836
167.375    0.320827778836
167.5    0.31743160033
167.625    0.31911381959
167.75    0.320732558878
167.875    0.32063733892
168.0    0.322446518124
168.125    0.322986097886
168.25    0.323208277788
168.375    0.323208277788
168.5    0.318034660065
168.625    0.317685520218
168.75    0.317685520218
168.875    0.317622040246
169.0    0.330254554688
169.125    0.330254554688
169.25    0.33031803466
169.375    0.329937154828
169.5    0.323240017774
169.625    0.323240017774
169.75    0.323240017774
169.875    0.324001777439
170.0    0.323589157621
170.125    0.323779597537
170.25    0.323938297467
170.375    0.323906557481
170.5    0.320161239129
170.625    0.319240779534
170.75    0.319240779534
170.875    0.319399479464
171.0    0.307338284771
171.125    0.328953215261
171.25    0.331873293976
171.375    0.332031993906
171.5    0.332571573669
171.625    0.327048816099
171.75    0.327048816099
171.875    0.327175776043
172.0    0.30790960452
172.125    0.309623563766
172.25    0.31143274297
172.375    0.32847711547
172.5    0.32631879642
172.625    0.327112296071
172.75    0.327112296071
172.875    0.326191836476
173.0    0.319494699422
173.125    0.320288199073
173.25    0.320351679045
173.375    0.317336380372
173.5    0.308290484352
173.625    0.30822700438
173.75    0.309718783724
173.875    0.309782263696
174.0    0.320224719101
174.125    0.320256459087
174.25    0.320891258808
174.375    0.319653399353
174.5    0.329429315051
174.625    0.329429315051
174.75    0.329016695233
174.875    0.329365835079
175.0    0.329810194884
175.125    0.328381895512
175.25    0.323684377579
175.375    0.317844220149
175.5    0.310480543389
175.625    0.310480543389
175.75    0.310988383165
175.875    0.310988383165
176.0    0.325207896909
176.125    0.325303116867
176.25    0.329746714911
176.375    0.329746714911
176.5    0.310956643179
176.625    0.310956643179
176.75    0.310988383165
176.875    0.312004062718
177.0    0.32311305783
177.125    0.32311305783
177.25    0.323240017774
177.375    0.324033517425
177.5    0.326667936266
177.625    0.326667936266
177.75    0.325715736685
177.875    0.325906176601
178.0    0.322573478068
178.125    0.322573478068
178.25    0.313337142132
178.375    0.312131022662
178.5    0.310861423221
178.625    0.308830064115
178.75    0.32511267695
178.875    0.325430076811
179.0    0.309274423919
179.125    0.329746714911
179.25    0.30959182378
179.375    0.30959182378
180.0    0.307719164604
180.125    0.307719164604
180.25    0.327874055735
180.375    0.308353964324
180.5    0.30854440424
180.625    0.308830064115
180.75    0.309020504031
180.875    0.308163524408
181.0    0.309528343808
181.125    0.309528343808
181.25    0.311147083095
181.375    0.324985717006
181.5    0.310258363486
181.625    0.310639243319
181.75    0.305211705707
181.875    0.305211705707
182.0    0.319970799213
182.125    0.320097759157
182.25    0.319685139339
182.375    0.308449184282
182.5    0.316225480861
182.625    0.316193740875
182.75    0.315844601028
182.875    0.315717641084
183.0    0.307116104869
183.125    0.301593347299
183.25    0.301783787215
183.375    0.302799466768
183.5    0.32327175776
183.625    0.322319558179
183.75    0.320986478766
183.875    0.323525677649
184.0    0.323176537802
184.125    0.323176537802
184.25    0.323176537802
184.375    0.322763917984
184.5    0.316193740875
184.625    0.316193740875
184.75    0.316193740875
184.875    0.316193740875
185.0    0.3102266235
185.125    0.315051101378
185.25    0.31390846188
185.375    0.308353964324
185.5    0.308798324129
185.625    0.308353964324
185.75    0.308353964324
185.875    0.307877864534
186.0    0.325525296769
186.125    0.32679489621
186.25    0.327017076112
186.375    0.327048816099
186.5    0.308703104171
186.625    0.309337903891
186.75    0.316479400749
186.875    0.310258363486
187.0    0.299308068304
187.125    0.299371548277
187.25    0.319748619311
187.375    0.319748619311
187.5    0.313495842062
187.625    0.313495842062
187.75    0.313368882118
187.875    0.314924141433
188.0    0.309718783724
188.125    0.305783025455
188.25    0.306100425316
188.375    0.309115723989
188.5    0.311337523012
188.625    0.310956643179
188.75    0.311972322732
188.875    0.311972322732
189.0    0.308957024059
189.125    0.309401383863
189.25    0.311623182886
189.375    0.31175014283
189.5    0.309718783724
189.625    0.309433123849
189.75    0.309814003682
189.875    0.309814003682
190.0    0.30959182378
190.125    0.314543261601
190.25    0.311972322732
190.375    0.310829683235
190.5    0.314416301657
190.625    0.314416301657
190.75    0.301117247508
190.875    0.301148987494
191.0    0.305243445693
191.125    0.305243445693
191.25    0.326572716308
191.375    0.305243445693
191.5    0.304989525805
191.625    0.304989525805
191.75    0.304989525805
191.875    0.304926045833
192.0    0.304196026154
192.125    0.303339046531
192.25    0.303339046531
192.375    0.306417825176
192.5    0.306481305148
192.625    0.306481305148
192.75    0.309972703612
192.875    0.307719164604
193.0    0.31759030026
193.125    0.31759030026
193.25    0.318161620009
193.375    0.318161620009
193.5    0.316923760554
193.625    0.317050720498
193.75    0.317050720498
193.875    0.317050720498
194.0    0.313083222243
194.125    0.31327366216
194.25    0.311527962928
194.375    0.311210563067
194.5    0.325588776741
194.625    0.325588776741
194.75    0.325588776741
194.875    0.325588776741
195.0    0.305433885609
195.125    0.305433885609
195.25    0.306449565162
195.375    0.306640005078
195.5    0.322002158319
195.625    0.323335237732
195.75    0.322033898305
195.875    0.322033898305
196.0    0.330286294674
196.125    0.33031803466
196.25    0.321557798515
196.375    0.321589538501
196.5    0.305624325525
196.625    0.305624325525
196.75    0.304957785819
196.875    0.304957785819
197.0    0.31406716181
197.125    0.31406716181
197.25    0.314289341713
197.375    0.314987621405
197.5    0.313844981908
197.625    0.314035421824
197.75    0.314035421824
197.875    0.314098901796
198.0    0.311623182886
198.125    0.311369262998
198.25    0.311623182886
198.375    0.310448803403
198.5    0.302323366978
198.625    0.303688186377
198.75    0.303339046531
198.875    0.303339046531
199.0    0.311496222942
199.125    0.311305783025
199.25    0.311305783025
199.375    0.310702723291
199.5    0.311337523012
199.625    0.311623182886
199.75    0.306354345204
199.875    0.313178442201
200.0    0.306830444995
200.125    0.306163905288
200.25    0.318828159716
200.375    0.307623944645
200.5    0.301783787215
200.625    0.301783787215
200.75    0.30038722783
200.875    0.30038722783
201.0    0.31543198121
201.125    0.318225099981
201.25    0.318383799911
201.375    0.318542499841
201.5    0.298070208849
201.625    0.298038468863
201.75    0.313559322034
201.875    0.29565796991
202.0    0.310099663556
202.125    0.310099663556
202.25    0.310194883514
202.375    0.310194883514
202.5    0.307211324827
202.625    0.307211324827
202.75    0.308449184282
202.875    0.308449184282
203.0    0.320986478766
203.125    0.322033898305
203.25    0.322033898305
203.375    0.322033898305
203.5    0.316003300959
203.625    0.316003300959
203.75    0.316320700819
203.875    0.303529486447
204.0    0.314765441503
204.125    0.314479781629
204.25    0.314638481559
204.375    0.315209801308
204.5    0.319780359297
204.625    0.319526439408
204.75    0.304354726084
204.875    0.319526439408
205.0    0.319399479464
205.125    0.319621659366
205.25    0.319621659366
205.375    0.319621659366
205.5    0.31559068114
205.625    0.318129880023
205.75    0.319812099283
205.875    0.318161620009
206.0    0.316638100679
206.125    0.316638100679
206.25    0.316638100679
206.375    0.304164286168
206.5    0.304481686028
206.625    0.306513045134
206.75    0.306513045134
206.875    0.306513045134
207.0    0.324985717006
207.125    0.317304640386
207.25    0.3172729004
207.375    0.312480162509
207.5    0.314479781629
207.625    0.309020504031
207.75    0.312575382467
207.875    0.314479781629
208.0    0.311845362788
208.125    0.311845362788
208.25    0.311718402844
208.375    0.313559322034
208.5    0.313305402146
208.625    0.313305402146
208.75    0.313305402146
208.875    0.313305402146
209.0    0.335967752174
209.125    0.314828921475
209.25    0.327874055735
209.375    0.337046911699
209.5    0.318859899702
209.625    0.318859899702
209.75    0.319050339618
209.875    0.320002539199
210.0    0.295626229924
210.125    0.295626229924
210.25    0.295626229924
210.375    0.295880149813
210.5    0.315939820986
210.625    0.315939820986
210.75    0.315939820986
210.875    0.315939820986
211.0    0.309845743668
211.125    0.310924903193
211.25    0.309464863835
211.375    0.309464863835
211.5    0.319685139339
211.625    0.319685139339
211.75    0.319685139339
211.875    0.319685139339
212.0    0.309083984003
212.125    0.312956262299
212.25    0.314733701517
212.375    0.314860661461
212.5    0.314733701517
212.625    0.314733701517
212.75    0.314733701517
212.875    0.314733701517
213.0    0.307592204659
213.125    0.307116104869
213.25    0.308798324129
213.375    0.308798324129
213.5    0.313718021964
213.625    0.313718021964
213.75    0.313305402146
213.875    0.313305402146
214.0    0.311147083095
214.125    0.314194121755
214.25    0.314289341713
214.375    0.314352821685
214.5    0.31574938107
214.625    0.315685901098
214.75    0.315685901098
214.875    0.313051482257
215.0    0.314225861741
215.125    0.31327366216
215.25    0.313241922174
215.375    0.313241922174
215.5    0.316733320637
215.625    0.313210182188
215.75    0.307782644576
215.875    0.319082079604
216.0    0.317177680442
216.125    0.316098520917
216.25    0.313337142132
216.375    0.316098520917
216.5    0.318828159716
216.625    0.318129880023
216.75    0.318288579953
216.875    0.318415539897
217.0    0.311559702914
217.125    0.311083603123
217.25    0.311178823081
217.375    0.311178823081
217.5    0.310448803403
217.625    0.310448803403
217.75    0.309718783724
217.875    0.310448803403
218.0    0.312575382467
218.125    0.311337523012
218.25    0.311527962928
218.375    0.311718402844
218.5    0.313940201866
218.625    0.31327366216
218.75    0.31327366216
218.875    0.312638862439
219.0    0.31511458135
219.125    0.31511458135
219.25    0.31511458135
219.375    0.317495080302
219.5    0.31343236209
219.625    0.312004062718
219.75    0.312162762648
219.875    0.31359106202
220.0    0.32079603885
220.125    0.320922998794
220.25    0.317018980512
220.375    0.317018980512
220.5    0.30975052371
220.625    0.3102266235
220.75    0.3102266235
220.875    0.3102266235
221.0    0.312448422523
221.125    0.313527582048
221.25    0.313337142132
221.375    0.334222052942
221.5    0.310004443598
221.625    0.310544023361
221.75    0.310544023361
221.875    0.310544023361
222.0    0.306036945344
222.125    0.306163905288
222.25    0.325906176601
222.375    0.326921856154
222.5    0.319621659366
222.625    0.314321081699
222.75    0.314321081699
222.875    0.314987621405
223.0    0.311464482956
223.125    0.311464482956
223.25    0.312035802704
223.375    0.311781882816
223.5    0.314384561671
223.625    0.314384561671
223.75    0.327334475973
223.875    0.327207516029
224.0    0.317780740176
224.125    0.318161620009
224.25    0.31759030026
224.375    0.318256839967
224.5    0.318574239827
224.625    0.307306544785
224.75    0.325652256713
224.875    0.325557036755
225.0    0.319716879325
225.125    0.319716879325
225.25    0.319462959436
225.375    0.319462959436
225.5    0.33184155399
225.625    0.33184155399
225.75    0.319335999492
225.875    0.319494699422
226.0    0.32831841554
226.125    0.32831841554
226.25    0.32831841554
226.375    0.338856090903
226.5    0.326921856154
226.625    0.309528343808
226.75    0.31175014283
226.875    0.318383799911
227.0    0.323303497746
227.125    0.316288960833
227.25    0.324890497048
227.375    0.325525296769
227.5    0.325779216657
227.625    0.325779216657
227.75    0.325779216657
227.875    0.325683996699
228.0    0.316892020568
228.125    0.314797181489
228.25    0.314797181489
228.375    0.314828921475
228.5    0.316352440805
228.625    0.316098520917
228.75    0.316098520917
228.875    0.310893163207
229.0    0.324350917286
229.125    0.324255697328
229.25    0.325683996699
229.375    0.325747476671
229.5    0.312131022662
229.625    0.31175014283
229.75    0.31175014283
229.875    0.31175014283
230.0    0.32143083857
230.125    0.32143083857
230.25    0.32143083857
230.375    0.321335618612
230.5    0.330444994604
230.625    0.330413254618
230.75    0.312194502634
230.875    0.329461055037
231.0    0.32263695804
231.125    0.321811718403
231.25    0.322509998096
231.375    0.322509998096
231.5    0.333142893417
231.625    0.332412873738
231.75    0.332127213864
231.875    0.332698533613
232.0    0.324001777439
232.125    0.324192217355
232.25    0.324922237034
232.375    0.324922237034
232.5    0.323493937663
232.625    0.324509617216
232.75    0.324509617216
232.875    0.324509617216
233.0    0.322129118263
233.125    0.321049958738
233.25    0.321049958738
233.375    0.321557798515
233.5    0.321843458389
233.625    0.320700818892
233.75    0.321399098584
233.875    0.321399098584
234.0    0.322986097886
234.125    0.324541357202
234.25    0.326287056434
234.375    0.324541357202
234.5    0.318891639688
234.625    0.317463340316
234.75    0.319494699422
234.875    0.321779978417
235.0    0.324985717006
235.125    0.32511267695
235.25    0.321145178696
235.375    0.322319558179
235.5    0.330286294674
235.625    0.330286294674
235.75    0.331270234241
235.875    0.33168285406
236.0    0.333333333333
236.125    0.333333333333
236.25    0.332603313655
236.375    0.332603313655
236.5    0.328731035358
236.625    0.345013648194
236.75    0.320605598934
236.875    0.330222814702
237.0    0.330825874437
237.125    0.331333714213
237.25    0.33063543452
237.375    0.33063543452
237.5    0.322192598235
237.625    0.322383038151
237.75    0.3243191773
237.875    0.324255697328
238.0    0.323652637593
238.125    0.323652637593
238.25    0.323462197677
238.375    0.323462197677
238.5    0.31759030026
238.625    0.317463340316
238.75    0.316765060623
238.875    0.317971180093
239.0    0.325334856853
239.125    0.325334856853
239.25    0.325334856853
239.375    0.320256459087
240.0    0.323779597537
240.125    0.323779597537
240.25    0.323303497746
240.375    0.323779597537
240.5    0.323589157621
240.625    0.323589157621
240.75    0.323589157621
240.875    0.325176156922
241.0    0.321208658668
241.125    0.320891258808
241.25    0.320700818892
241.375    0.321557798515
241.5    0.324223957341
241.625    0.324065257411
241.75    0.324541357202
241.875    0.32511267695
242.0    0.330191074716
242.125    0.332349393766
242.25    0.332222433822
242.375    0.329619754967
242.5    0.330698914492
242.625    0.330698914492
242.75    0.329429315051
242.875    0.334507712817
243.0    0.325334856853
243.125    0.322287818193
243.25    0.321970418333
243.375    0.321970418333
243.5    0.320066019171
243.625    0.328667555386
243.75    0.326890116168
243.875    0.326890116168
244.0    0.325969656573
244.125    0.327048816099
244.25    0.325271376881
244.375    0.325398336825
244.5    0.323843077509
244.625    0.323843077509
244.75    0.323843077509
244.875    0.323652637593
245.0    0.319177299562
245.125    0.315654161112
245.25    0.315654161112
245.375    0.316701580651
245.5    0.330127594744
245.625    0.325493556783
245.75    0.325271376881
245.875    0.325271376881
246.0    0.321462578556
246.125    0.321748238431
246.25    0.322033898305
246.375    0.322033898305
246.5    0.328953215261
246.625    0.328953215261
246.75    0.328953215261
246.875    0.330540214562
247.0    0.325334856853
247.125    0.325334856853
247.25    0.325334856853
247.375    0.320446899003
247.5    0.32279565797
247.625    0.32279565797
247.75    0.32279565797
247.875    0.321557798515
248.0    0.319304259506
248.125    0.319304259506
248.25    0.319304259506
248.375    0.319304259506
248.5    0.329238875135
248.625    0.328731035358
248.75    0.328731035358
248.875    0.329556274995
249.0    0.321875198375
249.125    0.321875198375
249.25    0.321875198375
249.375    0.322192598235
249.5    0.323144797816
249.625    0.323144797816
249.75    0.327588395861
249.875    0.327588395861
250.0    0.333396813305
250.125    0.333396813305
250.25    0.332666793627
250.375    0.332666793627
250.5    0.319399479464
250.625    0.319399479464
250.75    0.314765441503
250.875    0.314765441503
251.0    0.317939440107
251.125    0.317844220149
251.25    0.318891639688
251.375    0.318891639688
251.5    0.322383038151
251.625    0.32311305783
251.75    0.32311305783
251.875    0.321462578556
252.0    0.318891639688
252.125    0.319526439408
252.25    0.318383799911
252.375    0.319145559576
252.5    0.324668317146
252.625    0.324541357202
252.75    0.324065257411
252.875    0.324065257411
253.0    0.317653780232
253.125    0.31695550054
253.25    0.31759030026
253.375    0.31759030026
253.5    0.323938297467
253.625    0.324985717006
253.75    0.32511267695
253.875    0.324509617216
254.0    0.32463657716
254.125    0.324985717006
254.25    0.323811337523
254.375    0.323525677649
254.5    0.313559322034
254.625    0.316162000889
254.75    0.316384180791
254.875    0.316447660763
255.0    0.320764298864
255.125    0.3229543579
255.25    0.3229543579
255.375    0.3229543579
255.5    0.315019361391
255.625    0.315400241224
255.75    0.315400241224
255.875    0.315400241224
256.0    0.322986097886
256.125    0.323716117565
256.25    0.323716117565
256.375    0.319970799213
256.5    0.311305783025
256.625    0.311305783025
256.75    0.309972703612
256.875    0.31143274297
257.0    0.32111343871
257.125    0.32111343871
257.25    0.32111343871
257.375    0.316130260903
257.5    0.311781882816
257.625    0.311559702914
257.75    0.311559702914
257.875    0.311305783025
258.0    0.320605598934
258.125    0.320605598934
258.25    0.315622421126
258.375    0.315622421126
258.5    0.314701961531
258.625    0.314701961531
258.75    0.314701961531
258.875    0.314701961531
259.0    0.319367739478
259.125    0.319367739478
259.25    0.322160858249
259.375    0.322160858249
259.5    0.30854440424
259.625    0.309560083794
259.75    0.309210943947
259.875    0.312321462579
260.0    0.317495080302
260.125    0.317495080302
260.25    0.317336380372
260.375    0.317336380372
260.5    0.301752047229
260.625    0.302831206754
260.75    0.31406716181
260.875    0.325588776741
261.0    0.318605979813
261.125    0.318605979813
261.25    0.318605979813
261.375    0.313305402146
261.5    0.29933980829
261.625    0.299435028249
261.75    0.299435028249
261.875    0.299435028249
262.0    0.303561226433
262.125    0.304799085888
262.25    0.304799085888
262.375    0.304799085888
262.5    0.315051101378
262.625    0.315051101378
262.75    0.315051101378
262.875    0.307370024757
263.0    0.315654161112
263.125    0.314321081699
263.25    0.312988002285
263.375    0.313019742271
263.5    0.303402526503
263.625    0.303402526503
263.75    0.303370786517
263.875    0.316162000889
264.0    0.307274804799
264.125    0.307274804799
264.25    0.307274804799
264.375    0.308607884213
264.5    0.316511140735
264.625    0.316193740875
264.75    0.316447660763
264.875    0.316447660763
265.0    0.318352059925
265.125    0.31911381959
265.25    0.31911381959
265.375    0.319367739478
265.5    0.312988002285
265.625    0.312988002285
265.75    0.312988002285
265.875    0.312988002285
266.0    0.308195264394
266.125    0.308195264394
266.25    0.308195264394
266.375    0.308195264394
266.5    0.312289722593
266.625    0.312670602425
266.75    0.312924522313
266.875    0.312829302355
267.0    0.312257982606
267.125    0.312257982606
267.25    0.312257982606
267.375    0.312257982606
267.5    0.314511521615
267.625    0.314511521615
267.75    0.314511521615
267.875    0.314828921475
268.0    0.307687424618
268.125    0.307687424618
268.25    0.308322224338
268.375    0.30790960452
268.5    0.309337903891
268.625    0.309337903891
268.75    0.309972703612
268.875    0.310036183584
269.0    0.314733701517
269.125    0.314892401447
269.25    0.314892401447
269.375    0.314892401447
269.5    0.317241160414
269.625    0.317018980512
269.75    0.318002920079
269.875    0.312575382467
270.0    0.307243064813
270.125    0.307243064813
270.25    0.307243064813
270.375    0.30638608519
270.5    0.301498127341
270.625    0.301498127341
270.75    0.301498127341
270.875    0.314384561671
271.0    0.313400622104
271.125    0.313400622104
271.25    0.31359106202
271.375    0.313400622104
271.5    0.310702723291
271.625    0.310702723291
271.75    0.315527201168
271.875    0.309528343808
272.0    0.315527201168
272.125    0.314670221545
272.25    0.299561988193
272.375    0.299561988193
272.5    0.30406906621
272.625    0.30406906621
272.75    0.30406906621
272.875    0.30302164667
273.0    0.31527328128
273.125    0.31527328128
273.25    0.315400241224
273.375    0.315400241224
273.5    0.306163905288
273.625    0.306163905288
273.75    0.306163905288
273.875    0.306163905288
274.0    0.30054592776
274.125    0.30054592776
274.25    0.302132927062
274.375    0.302132927062
274.5    0.310004443598
274.625    0.310004443598
274.75    0.310004443598
274.875    0.30422776614
275.0    0.307338284771
275.125    0.307338284771
275.25    0.307338284771
275.375    0.307338284771
275.5    0.315812861042
275.625    0.315622421126
275.75    0.315622421126
275.875    0.31574938107
276.0    0.314257601727
276.125    0.314257601727
276.25    0.309496603822
276.375    0.309496603822
276.5    0.303878626293
276.625    0.303878626293
276.75    0.304005586238
276.875    0.303719926363
277.0    0.302323366978
277.125    0.301752047229
277.25    0.301752047229
277.375    0.299530248207
277.5    0.311623182886
277.625    0.311623182886
277.75    0.311972322732
277.875    0.311972322732
278.0    0.305433885609
278.125    0.305433885609
278.25    0.305433885609
278.375    0.305433885609
278.5    0.305275185679
278.625    0.305275185679
278.75    0.305275185679
278.875    0.305497365581
279.0    0.308576144227
279.125    0.308830064115
279.25    0.308766584143
279.375    0.308607884213
279.5    0.301085507522
279.625    0.299815908081
279.75    0.299815908081
279.875    0.301815527201
280.0    0.30654478512
280.125    0.30654478512
280.25    0.305846505428
280.375    0.307052624897
280.5    0.301053767536
280.625    0.301275947439
280.75    0.301275947439
280.875    0.301434647369
281.0    0.304957785819
281.125    0.305179965721
281.25    0.303466006475
281.375    0.304830825874
281.5    0.291690471656
281.625    0.291690471656
281.75    0.291912651558
281.875    0.291912651558
282.0    0.305592585539
282.125    0.305592585539
282.25    0.305783025455
282.375    0.305783025455
282.5    0.301498127341
282.625    0.301498127341
282.75    0.301498127341
282.875    0.301625087285
283.0    0.309782263696
283.125    0.30959182378
283.25    0.309210943947
283.375    0.310575763347
283.5    0.312257982606
283.625    0.311845362788
283.75    0.311845362788
283.875    0.312004062718
284.0    0.293785310734
284.125    0.293785310734
284.25    0.293785310734
284.375    0.294547070399
284.5    0.29870500857
284.625    0.29870500857
284.75    0.298831968514
284.875    0.297848028947
285.0    0.30070462769
285.125    0.302482066908
285.25    0.302259887006
285.375    0.303085126643
285.5    0.304926045833
285.625    0.304926045833
285.75    0.304926045833
285.875    0.304926045833
286.0    0.292801371167
286.125    0.292801371167
286.25    0.292801371167
286.375    0.293626610804
286.5    0.291214371866
286.625    0.291690471656
286.75    0.291531771726
286.875    0.291753951628
287.0    0.30302164667
287.125    0.30302164667
287.25    0.30302164667
287.375    0.30302164667
287.5    0.31222624262
287.625    0.31222624262
287.75    0.31222624262
287.875    0.31222624262
288.0    0.307560464673
288.125    0.307560464673
288.25    0.307560464673
288.375    0.307560464673
288.5    0.294483590427
288.625    0.294451850441
288.75    0.292357011363
288.875    0.293182251
289.0    0.304799085888
289.125    0.305529105567
289.25    0.315463721196
289.375    0.310194883514
289.5    0.302926426712
289.625    0.303180346601
289.75    0.303180346601
289.875    0.303180346601
290.0    0.303116866629
290.125    0.303116866629
290.25    0.303116866629
290.375    0.303116866629
290.5    0.303878626293
290.625    0.303878626293
290.75    0.303370786517
290.875    0.303370786517
291.0    0.307655684631
291.125    0.307655684631
291.25    0.307655684631
291.375    0.307655684631
291.5    0.307719164604
291.625    0.307719164604
291.75    0.307719164604
291.875    0.307719164604
292.0    0.30070462769
292.125    0.30070462769
292.25    0.30070462769
292.375    0.30070462769
292.5    0.287024693709
292.625    0.287024693709
292.75    0.287024693709
292.875    0.284929854631
293.0    0.296419729575
293.125    0.296419729575
293.25    0.296419729575
293.375    0.296419729575
293.5    0.285691614296
293.625    0.30638608519
293.75    0.285691614296
293.875    0.285755094268
294.0    0.298895448486
294.125    0.298895448486
294.25    0.298895448486
294.375    0.298895448486
294.5    0.283406335301
294.625    0.283406335301
294.75    0.283406335301
294.875    0.283406335301
295.0    0.294800990288
295.125    0.294800990288
295.25    0.294800990288
295.375    0.294800990288
295.5    0.302989906684
295.625    0.303148606615
295.75    0.303339046531
295.875    0.303180346601
296.0    0.292103091475
296.125    0.292103091475
296.25    0.292134831461
296.375    0.292134831461
296.5    0.295816669841
296.625    0.295816669841
296.75    0.295816669841
296.875    0.296959309338
297.0    0.300958547578
297.125    0.300418967816
297.25    0.300418967816
297.375    0.300418967816
297.5    0.313400622104
297.625    0.302577286866
297.75    0.30302164667
297.875    0.30302164667
298.0    0.297943248905
298.125    0.297943248905
298.25    0.297943248905
298.375    0.297943248905
298.5    0.309560083794
298.625    0.309560083794
298.75    0.309306163905
298.875    0.307528724687
299.0    0.308607884213
299.125    0.308639624199
299.25    0.308639624199
299.375    0.308639624199
