0.0    0.135932275895
0.125    0.143086309959
0.25    0.145455978206
0.375    0.145455978206
0.5    0.142883677995
0.625    0.142883677995
0.75    0.143350857246
0.875    0.143401515237
1.0    0.145388434218
1.125    0.145388434218
1.25    0.145388434218
1.375    0.145388434218
1.5    0.145478492868
1.625    0.145478492868
1.75    0.145455978206
1.875    0.145298375567
2.0    0.145968186782
2.125    0.145968186782
2.25    0.145968186782
2.375    0.145895014128
2.5    0.14578806948
2.625    0.14578806948
2.75    0.14578806948
2.875    0.14578806948
3.0    0.146452252029
3.125    0.146452252029
3.25    0.146452252029
3.375    0.146688655987
3.5    0.146137046752
3.625    0.146536682014
3.75    0.146761828641
3.875    0.146761828641
4.0    0.145928786122
4.125    0.145928786122
4.25    0.146137046752
4.375    0.146137046752
4.5    0.146913802614
4.625    0.147020747262
4.75    0.146851887292
4.875    0.146851887292
5.0    0.147611757157
5.125    0.147611757157
5.25    0.147611757157
5.375    0.147611757157
5.5    0.147122063244
5.625    0.146823743963
5.75    0.146823743963
5.875    0.146823743963
6.0    0.146660512659
6.125    0.146660512659
6.25    0.146660512659
6.375    0.146660512659
6.5    0.145135144263
6.625    0.145180173588
6.75    0.145180173588
6.875    0.145168916257
7.0    0.146531053348
7.125    0.146531053348
7.25    0.146531053348
7.375    0.146683027322
7.5    0.147043261924
7.625    0.147043261924
7.75    0.147043261924
7.875    0.147043261924
8.0    0.147420382524
8.125    0.147420382524
8.25    0.147420382524
8.375    0.147420382524
8.5    0.147746845133
8.625    0.147746845133
8.75    0.147746845133
8.875    0.147746845133
9.0    0.145855613468
9.125    0.145855613468
9.25    0.145855613468
9.375    0.145855613468
9.5    0.14772433047
9.625    0.14772433047
9.75    0.14772433047
9.875    0.14772433047
10.0    0.144746766332
10.125    0.144746766332
10.25    0.144746766332
10.375    0.144746766332
10.5    0.144955026961
10.625    0.145078857606
10.75    0.145078857606
10.875    0.145140772928
11.0    0.145591066182
11.125    0.145591066182
11.25    0.145067600275
11.375    0.145067600275
11.5    0.145377176886
11.625    0.145377176886
11.75    0.145377176886
11.875    0.145377176886
12.0    0.148326597697
12.125    0.148326597697
12.25    0.148326597697
12.375    0.148326597697
12.5    0.14616519008
12.625    0.14616519008
12.75    0.14616519008
12.875    0.14616519008
13.0    0.14675057131
13.125    0.14675057131
13.25    0.146626740665
13.375    0.146626740665
13.5    0.145287118236
13.625    0.145287118236
13.75    0.145287118236
13.875    0.145287118236
14.0    0.146739313978
14.125    0.146739313978
14.25    0.146739313978
14.375    0.146739313978
14.5    0.146767457307
14.625    0.146604226002
14.75    0.146604226002
14.875    0.146604226002
15.0    0.146998232599
15.125    0.146998232599
15.25    0.146998232599
15.375    0.146998232599
15.5    0.146694284653
15.625    0.146699913319
15.75    0.146699913319
15.875    0.14675057131
16.0    0.147060147921
16.125    0.147060147921
16.25    0.147060147921
16.375    0.147060147921
16.5    0.146716799316
16.625    0.146716799316
16.75    0.146716799316
16.875    0.146654883993
17.0    0.147274037217
17.125    0.147274037217
17.25    0.147274037217
17.375    0.147274037217
17.5    0.14776373113
17.625    0.14776373113
17.75    0.147729959136
17.875    0.147623014488
18.0    0.147183978566
18.125    0.147183978566
18.25    0.147183978566
18.375    0.147183978566
18.5    0.148275939706
18.625    0.147645529151
18.75    0.147645529151
18.875    0.147814389121
19.0    0.147741216467
19.125    0.147741216467
19.25    0.147741216467
19.375    0.147741216467
19.5    0.144707365672
19.625    0.144707365672
19.75    0.144425932388
19.875    0.144425932388
20.0    0.145990701444
20.125    0.145990701444
20.25    0.145990701444
20.375    0.145990701444
20.5    0.147707444473
20.625    0.147707444473
20.75    0.147707444473
20.875    0.147707444473
21.0    0.147313437876
21.125    0.147313437876
21.25    0.147313437876
21.375    0.147313437876
21.5    0.147077033918
21.625    0.147077033918
21.75    0.147077033918
21.875    0.146795600635
22.0    0.146660512659
22.125    0.146660512659
22.25    0.146649255328
22.375    0.146649255328
22.5    0.144831196317
22.625    0.144831196317
22.75    0.144831196317
22.875    0.144831196317
23.0    0.147212121894
23.125    0.147212121894
23.25    0.147212121894
23.375    0.147212121894
23.5    0.146564825343
23.625    0.146564825343
23.75    0.146564825343
23.875    0.146564825343
24.0    0.146722427981
24.125    0.146722427981
24.25    0.146930688611
24.375    0.146930688611
24.5    0.144763652329
24.625    0.144763652329
24.75    0.144763652329
24.875    0.144763652329
25.0    0.14490436897
25.125    0.14490436897
25.25    0.14490436897
25.375    0.14490436897
25.5    0.146992603933
25.625    0.146992603933
25.75    0.146992603933
25.875    0.146992603933
26.0    0.147110805912
26.125    0.147319066542
26.25    0.147319066542
26.375    0.147319066542
26.5    0.144651079015
26.625    0.144651079015
26.75    0.144651079015
26.875    0.144651079015
27.0    0.147668043814
27.125    0.147668043814
27.25    0.147668043814
27.375    0.147668043814
27.5    0.147307809211
27.625    0.147307809211
27.75    0.147307809211
27.875    0.147307809211
28.0    0.147544213169
28.125    0.147544213169
28.25    0.147544213169
28.375    0.147544213169
28.5    0.145292746901
28.625    0.145292746901
28.75    0.145292746901
28.875    0.145292746901
29.0    0.147324695208
29.125    0.147324695208
29.25    0.147324695208
29.375    0.147324695208
29.5    0.145095743603
29.625    0.145095743603
29.75    0.145095743603
29.875    0.145095743603
30.0    0.147690558476
30.125    0.147690558476
30.25    0.147690558476
30.375    0.147690558476
30.5    0.145191430919
30.625    0.145191430919
30.75    0.145191430919
30.875    0.145191430919
31.0    0.145512264862
31.125    0.145512264862
31.25    0.143142596616
31.375    0.143142596616
31.5    0.146818115298
31.625    0.146818115298
31.75    0.146818115298
31.875    0.146818115298
32.0    0.144932512299
32.125    0.144932512299
32.25    0.145140772928
32.375    0.145140772928
32.5    0.145861242134
32.625    0.145861242134
32.75    0.145889385462
32.875    0.145889385462
33.0    0.14498317029
33.125    0.14498317029
33.25    0.14498317029
33.375    0.14498317029
33.5    0.145765554818
33.625    0.145765554818
33.75    0.145765554818
33.875    0.145833098806
34.0    0.143243912598
34.125    0.143243912598
34.25    0.143243912598
34.375    0.142613502043
34.5    0.145332147561
34.625    0.145332147561
34.75    0.145332147561
34.875    0.145332147561
35.0    0.146587340005
35.125    0.146587340005
35.25    0.146587340005
35.375    0.146587340005
35.5    0.14603573077
35.625    0.14603573077
35.75    0.14603573077
35.875    0.14603573077
36.0    0.145011313618
36.125    0.145011313618
36.25    0.145011313618
36.375    0.145011313618
36.5    0.145585437516
36.625    0.145585437516
36.75    0.145585437516
36.875    0.145585437516
37.0    0.145855613468
37.125    0.145855613468
37.25    0.145855613468
37.375    0.145855613468
37.5    0.146328421384
37.625    0.146795600635
37.75    0.146795600635
37.875    0.146896916617
38.0    0.148703718297
38.125    0.148703718297
38.25    0.148703718297
38.375    0.148703718297
38.5    0.146227105402
38.625    0.146457880695
38.75    0.146457880695
38.875    0.146457880695
39.0    0.147144577906
39.125    0.147144577906
39.25    0.147189607232
39.375    0.147189607232
39.5    0.146182076077
39.625    0.146182076077
39.75    0.146182076077
39.875    0.146210219405
40.0    0.146744942644
40.125    0.146744942644
40.25    0.146744942644
40.375    0.146744942644
40.5    0.146739313978
40.625    0.146739313978
40.75    0.146739313978
40.875    0.147110805912
41.0    0.146311535387
41.125    0.146311535387
41.25    0.146311535387
41.375    0.146311535387
41.5    0.147600499826
41.625    0.147600499826
41.75    0.147026375927
41.875    0.147026375927
42.0    0.144425932388
42.125    0.144425932388
42.25    0.144538505702
42.375    0.144538505702
42.5    0.148017021085
42.625    0.148017021085
42.75    0.148017021085
42.875    0.148017021085
43.0    0.147915705103
43.125    0.147915705103
43.25    0.147707444473
43.375    0.147707444473
43.5    0.147223379226
43.625    0.147223379226
43.75    0.147223379226
43.875    0.147223379226
44.0    0.148546115658
44.125    0.148546115658
44.25    0.148546115658
44.375    0.148546115658
44.5    0.148078936407
44.625    0.148078936407
44.75    0.148078936407
44.875    0.148078936407
45.0    0.14582747014
45.125    0.14582747014
45.25    0.14582747014
45.375    0.14582747014
45.5    0.14464545035
45.625    0.144679222344
45.75    0.144679222344
45.875    0.144679222344
46.0    0.14443718972
46.125    0.14443718972
46.25    0.14443718972
46.375    0.144988798955
46.5    0.148675574968
46.625    0.148675574968
46.75    0.148675574968
46.875    0.148292825703
47.0    0.149137125553
47.125    0.149137125553
47.25    0.149137125553
47.375    0.149137125553
47.5    0.150949555898
47.625    0.150949555898
47.75    0.150949555898
47.875    0.150949555898
48.0    0.146356564713
48.125    0.146356564713
48.25    0.146356564713
48.375    0.146356564713
48.5    0.145157658925
48.625    0.145157658925
48.75    0.145157658925
48.875    0.145157658925
49.0    0.145562922854
49.125    0.145562922854
49.25    0.145562922854
49.375    0.145562922854
49.5    0.14708829125
49.625    0.14708829125
49.75    0.147144577906
49.875    0.147144577906
50.0    0.145895014128
50.125    0.145895014128
50.25    0.145895014128
50.375    0.145895014128
50.5    0.150831353919
50.625    0.150831353919
50.75    0.150572435298
50.875    0.150572435298
51.0    0.144842453648
51.125    0.144842453648
51.25    0.144842453648
51.375    0.144842453648
51.5    0.146407222704
51.625    0.146407222704
51.75    0.146407222704
51.875    0.146407222704
52.0    0.146801229301
52.125    0.146801229301
52.25    0.146801229301
52.375    0.146801229301
52.5    0.147403496527
52.625    0.147290923214
52.75    0.147290923214
52.875    0.147290923214
53.0    0.146649255328
53.125    0.146649255328
53.25    0.146649255328
53.375    0.146649255328
53.5    0.147589242494
53.625    0.147589242494
53.75    0.147589242494
53.875    0.147589242494
54.0    0.147532955837
54.125    0.147532955837
54.25    0.14704889059
54.375    0.14704889059
54.5    0.147285294548
54.625    0.147285294548
54.75    0.147285294548
54.875    0.147285294548
55.0    0.144893111639
55.125    0.144893111639
55.25    0.144893111639
55.375    0.144893111639
55.5    0.14402066846
55.625    0.14402066846
55.75    0.14402066846
55.875    0.14402066846
56.0    0.148810662944
56.125    0.148810662944
56.25    0.148810662944
56.375    0.148810662944
56.5    0.144071326451
56.625    0.144178271099
56.75    0.144178271099
56.875    0.144178271099
57.0    0.148033907082
57.125    0.148033907082
57.25    0.148878206932
57.375    0.148878206932
57.5    0.146260877396
57.625    0.146260877396
57.75    0.146260877396
57.875    0.146260877396
58.0    0.145467235537
58.125    0.145467235537
58.25    0.145467235537
58.375    0.145467235537
58.5    0.143424029899
58.625    0.143424029899
58.75    0.143424029899
58.875    0.143424029899
59.0    0.146013216107
59.125    0.146013216107
59.25    0.146013216107
59.375    0.146013216107
59.5    0.146531053348
59.625    0.146531053348
59.75    0.146531053348
59.875    0.146531053348
60.0    0.144031925792
60.125    0.144031925792
60.25    0.144031925792
60.375    0.144031925792
60.5    0.144724251669
60.625    0.144724251669
60.75    0.144724251669
60.875    0.144724251669
61.0    0.144752394997
61.125    0.144752394997
61.25    0.144752394997
61.375    0.144752394997
61.5    0.143272055926
61.625    0.143272055926
61.75    0.143272055926
61.875    0.143564746541
62.0    0.144375274397
62.125    0.144375274397
62.25    0.144375274397
62.375    0.144324616406
62.5    0.144876225642
62.625    0.144876225642
62.75    0.14490436897
62.875    0.14490436897
63.0    0.142247638775
63.125    0.142247638775
63.25    0.142247638775
63.375    0.142247638775
63.5    0.146874401954
63.625    0.146874401954
63.75    0.14691943128
63.875    0.146998232599
64.0    0.144144499105
64.125    0.144223300424
64.25    0.144459704382
64.375    0.144459704382
64.5    0.146716799316
64.625    0.146716799316
64.75    0.146716799316
64.875    0.146716799316
65.0    0.145399691549
65.125    0.145399691549
65.25    0.145399691549
65.375    0.145399691549
65.5    0.145107000934
65.625    0.145258974907
65.75    0.144955026961
65.875    0.144955026961
66.0    0.145681124833
66.125    0.145681124833
66.25    0.145095743603
66.375    0.145737411489
66.5    0.146170818746
66.625    0.146170818746
66.75    0.146317164053
66.875    0.146390336707
67.0    0.145624838176
67.125    0.145624838176
67.25    0.145624838176
67.375    0.145624838176
67.5    0.145849984803
67.625    0.145692382164
67.75    0.145630466842
67.875    0.145692382164
68.0    0.146564825343
68.125    0.146564825343
68.25    0.146615483334
68.375    0.146615483334
68.5    0.144696108341
68.625    0.144696108341
68.75    0.145315261564
68.875    0.144938140964
69.0    0.145422206212
69.125    0.145422206212
69.25    0.14545034954
69.375    0.14545034954
69.5    0.146142675417
69.625    0.146142675417
69.75    0.146210219405
69.875    0.146350936047
70.0    0.144392160394
70.125    0.144392160394
70.25    0.144392160394
70.375    0.144392160394
70.5    0.146193333408
70.625    0.146148304083
70.75    0.146148304083
70.875    0.146452252029
71.0    0.147268408551
71.125    0.147268408551
71.25    0.147268408551
71.375    0.147268408551
71.5    0.144380903063
71.625    0.143564746541
71.75    0.143564746541
71.875    0.143564746541
72.0    0.141960576826
72.125    0.141960576826
72.25    0.141960576826
72.375    0.141960576826
72.5    0.143193254607
72.625    0.144431561054
72.75    0.144431561054
72.875    0.144431561054
73.0    0.146480395357
73.125    0.14561920951
73.25    0.145669867501
73.375    0.145669867501
73.5    0.142585358715
73.625    0.142585358715
73.75    0.142585358715
73.875    0.142585358715
74.0    0.14250092873
74.125    0.142382726751
74.25    0.14208440747
74.375    0.142275782103
74.5    0.143288941923
74.625    0.143300199255
74.75    0.142866791998
74.875    0.143485945222
75.0    0.143317085252
75.125    0.143317085252
75.25    0.143362114577
75.375    0.143362114577
75.5    0.141228850289
75.625    0.141228850289
75.75    0.141228850289
75.875    0.141228850289
76.0    0.144313359075
76.125    0.144313359075
76.25    0.144285215747
76.375    0.144285215747
76.5    0.14545034954
76.625    0.14545034954
76.75    0.145264603573
76.875    0.14515203026
77.0    0.146531053348
77.125    0.146531053348
77.25    0.146046988101
77.375    0.145979444113
77.5    0.143508459885
77.625    0.143508459885
77.75    0.143508459885
77.875    0.143508459885
78.0    0.143885580484
78.125    0.143564746541
78.25    0.143564746541
78.375    0.143564746541
78.5    0.140311377785
78.625    0.140311377785
78.75    0.140311377785
78.875    0.140677241053
79.0    0.143643547861
79.125    0.143643547861
79.25    0.143643547861
79.375    0.143266427261
79.5    0.144375274397
79.625    0.144375274397
79.75    0.144375274397
79.875    0.144544134368
80.0    0.145652981504
80.125    0.145652981504
80.25    0.145652981504
80.375    0.145591066182
80.5    0.143857437156
80.625    0.143857437156
80.75    0.143857437156
80.875    0.143857437156
81.0    0.143846179825
81.125    0.143846179825
81.25    0.143840551159
81.375    0.143840551159
81.5    0.144121984442
81.625    0.144121984442
81.75    0.144121984442
81.875    0.144482219045
82.0    0.144380903063
82.125    0.144538505702
82.25    0.144538505702
82.375    0.145168916257
82.5    0.144403417726
82.625    0.144403417726
82.75    0.144403417726
82.875    0.144403417726
83.0    0.144273958415
83.125    0.144273958415
83.25    0.144318987741
83.375    0.144273958415
83.5    0.142759847351
83.625    0.142861163333
83.75    0.142590987381
83.875    0.14208440747
84.0    0.141499026241
84.125    0.142742961354
84.25    0.142855534667
84.375    0.14225326744
84.5    0.142039378145
84.625    0.140913645011
84.75    0.140756042373
84.875    0.142529072058
85.0    0.145287118236
85.125    0.144949398296
85.25    0.144949398296
85.375    0.144949398296
85.5    0.145101372269
85.625    0.145101372269
85.75    0.145101372269
85.875    0.145101372269
86.0    0.144667965012
86.125    0.144667965012
86.25    0.144667965012
86.375    0.144667965012
86.5    0.144155756436
86.625    0.144155756436
86.75    0.14409946978
86.875    0.14409946978
87.0    0.142951221983
87.125    0.142951221983
87.25    0.1430469093
87.375    0.143058166631
87.5    0.144808681654
87.625    0.144932512299
87.75    0.144932512299
87.875    0.145461606871
88.0    0.144881854308
88.125    0.144724251669
88.25    0.145613580845
88.375    0.145557294188
88.5    0.146221476737
88.625    0.146221476737
88.75    0.148411027682
88.875    0.14797199176
89.0    0.143041280634
89.125    0.14317636861
89.25    0.14270918936
89.375    0.14270918936
89.5    0.146491652689
89.625    0.146418480035
89.75    0.146345307381
89.875    0.146311535387
90.0    0.143153853947
90.125    0.143153853947
90.25    0.142911821324
90.375    0.142934335986
90.5    0.144988798955
90.625    0.144819938985
90.75    0.146384708041
90.875    0.146041359435
91.0    0.144403417726
91.125    0.144403417726
91.25    0.144245815087
91.375    0.143818036496
91.5    0.146356564713
91.625    0.146356564713
91.75    0.146559196677
91.875    0.146350936047
92.0    0.144375274397
92.125    0.144318987741
92.25    0.144318987741
92.375    0.144223300424
92.5    0.142787990679
92.625    0.142962479315
92.75    0.142703560694
92.875    0.143401515237
93.0    0.146508538686
93.125    0.146508538686
93.25    0.146283392059
93.375    0.146283392059
93.5    0.144561020365
93.625    0.144459704382
93.75    0.144459704382
93.875    0.144459704382
94.0    0.143637919195
94.125    0.143637919195
94.25    0.14368294852
94.375    0.143637919195
94.5    0.144594792359
94.625    0.144296473078
94.75    0.144262701084
94.875    0.144262701084
95.0    0.146806857966
95.125    0.146806857966
95.25    0.147161463903
95.375    0.146947574608
95.5    0.14270918936
95.625    0.142309554097
95.75    0.142478414067
95.875    0.142883677995
96.0    0.144763652329
96.125    0.144763652329
96.25    0.144628564353
96.375    0.144988798955
96.5    0.142427756076
96.625    0.142427756076
96.75    0.142427756076
96.875    0.142427756076
97.0    0.143660433858
97.125    0.143660433858
97.25    0.143660433858
97.375    0.14368294852
97.5    0.145968186782
97.625    0.145709268161
97.75    0.145709268161
97.875    0.145709268161
98.0    0.14136956693
98.125    0.143666062523
98.25    0.143936238475
98.375    0.143936238475
98.5    0.144639821684
98.625    0.144673593678
98.75    0.143834922493
98.875    0.143598518535
99.0    0.147150206572
99.125    0.137671533586
99.25    0.147150206572
99.375    0.147116434578
99.5    0.146429737366
99.625    0.146384708041
99.75    0.146339678716
99.875    0.146339678716
100.0    0.147127691909
100.125    0.147155835238
100.25    0.147155835238
100.375    0.147155835238
100.5    0.144403417726
100.625    0.144797424323
100.75    0.144853710979
100.875    0.144853710979
101.0    0.1422926681
101.125    0.148799405613
101.25    0.148951379586
101.375    0.14911461089
101.5    0.143626661864
101.625    0.14368294852
101.75    0.144071326451
101.875    0.144634193018
102.0    0.149412930171
102.125    0.149108982225
102.25    0.147324695208
102.375    0.147324695208
102.5    0.14443718972
102.625    0.14443718972
102.75    0.144622935687
102.875    0.144622935687
103.0    0.148185881055
103.125    0.148185881055
103.25    0.148202767052
103.375    0.147499183843
103.5    0.14612578942
103.625    0.146153932749
103.75    0.146153932749
103.875    0.145135144263
104.0    0.144285215747
104.125    0.144285215747
104.25    0.146604226002
104.375    0.145754297486
104.5    0.147791874458
104.625    0.147988877757
104.75    0.147988877757
104.875    0.147741216467
105.0    0.145838727471
105.125    0.145990701444
105.25    0.14599633011
105.375    0.145878128131
105.5    0.145562922854
105.625    0.145562922854
105.75    0.145275860904
105.875    0.145275860904
106.0    0.145472864203
106.125    0.145793698146
106.25    0.145793698146
106.375    0.145793698146
106.5    0.146058245432
106.625    0.146058245432
106.75    0.146058245432
106.875    0.146058245432
107.0    0.146260877396
107.125    0.146576082674
107.25    0.146362193378
107.375    0.146362193378
107.5    0.145799326812
107.625    0.145855613468
107.75    0.145855613468
107.875    0.145985072779
108.0    0.146559196677
108.125    0.146795600635
108.25    0.147082662584
108.375    0.147082662584
108.5    0.146632369331
108.625    0.147003861265
108.75    0.14654231068
108.875    0.146480395357
109.0    0.144043183123
109.125    0.144178271099
109.25    0.143649176526
109.375    0.143829293828
109.5    0.14675057131
109.625    0.146806857966
109.75    0.146806857966
109.875    0.145613580845
110.0    0.145833098806
110.125    0.146108903423
110.25    0.146846258626
110.375    0.146649255328
110.5    0.147510441175
110.625    0.147510441175
110.75    0.147504812509
110.875    0.147245893888
111.0    0.1471783499
111.125    0.1471783499
111.25    0.147380981864
111.375    0.147380981864
111.5    0.146744942644
111.625    0.146913802614
111.75    0.146863144623
111.875    0.146874401954
112.0    0.14650291002
112.125    0.14650291002
112.25    0.146508538686
112.375    0.146480395357
112.5    0.148360369691
112.625    0.148731861625
112.75    0.148360369691
112.875    0.147099548581
113.0    0.140193175806
113.125    0.144752394997
113.25    0.140080602492
113.375    0.140626583062
113.5    0.146097646092
113.625    0.146097646092
113.75    0.146835001295
113.875    0.146975717936
114.0    0.146930688611
114.125    0.148174623724
114.25    0.148050793079
114.375    0.148050793079
114.5    0.144791795657
114.625    0.144791795657
114.75    0.145230831579
114.875    0.145090114937
115.0    0.146142675417
115.125    0.145883756797
115.25    0.145883756797
115.375    0.145883756797
115.5    0.145107000934
115.625    0.145084486272
115.75    0.145084486272
115.875    0.145016942284
116.0    0.147358467202
116.125    0.147865047112
116.25    0.147831275118
116.375    0.147876304443
116.5    0.145180173588
116.625    0.144966284293
116.75    0.144881854308
116.875    0.145000056287
117.0    0.146621111999
117.125    0.146953203274
117.25    0.146744942644
117.375    0.147521698506
117.5    0.14541094888
117.625    0.145714896827
117.75    0.145726154158
117.875    0.148112708401
118.0    0.145180173588
118.125    0.144797424323
118.25    0.144898740305
118.375    0.145298375567
118.5    0.147797503124
118.625    0.147949477097
118.75    0.147949477097
118.875    0.147949477097
119.0    0.145551665522
119.125    0.145686753498
119.25    0.145759926152
119.375    0.145714896827
120.0    0.148461685673
120.125    0.148534858326
120.25    0.148517972329
120.375    0.149018923574
120.5    0.147696187142
120.625    0.147876304443
120.75    0.147876304443
120.875    0.147876304443
121.0    0.14915401155
121.125    0.14915401155
121.25    0.149227184204
121.375    0.149384786842
121.5    0.146429737366
121.625    0.145641724173
121.75    0.145686753498
121.875    0.145917528791
122.0    0.149480474159
122.125    0.149542389481
122.25    0.148900721595
122.375    0.148889464264
122.5    0.146626740665
122.625    0.146626740665
122.75    0.146902545283
122.875    0.147155835238
123.0    0.146958831939
123.125    0.146936317277
123.25    0.14688003062
123.375    0.146564825343
123.5    0.146531053348
123.625    0.146773085972
123.75    0.147032004593
123.875    0.146170818746
124.0    0.146925059945
124.125    0.146142675417
124.25    0.147183978566
124.375    0.147279665882
124.5    0.147093919915
124.625    0.147431639855
124.75    0.147431639855
124.875    0.147071405253
125.0    0.146418480035
125.125    0.146013216107
125.25    0.14721775056
125.375    0.14633405005
125.5    0.146114532089
125.625    0.146063874098
125.75    0.146001958776
125.875    0.146362193378
126.0    0.146508538686
126.125    0.146238362734
126.25    0.146238362734
126.375    0.146823743963
126.5    0.146564825343
126.625    0.146812486632
126.75    0.146497281354
126.875    0.145990701444
127.0    0.146170818746
127.125    0.146395965372
127.25    0.146395965372
127.375    0.147662415148
127.5    0.148388513019
127.625    0.148489829001
127.75    0.148489829001
127.875    0.14864743164
128.0    0.14776373113
128.125    0.147380981864
128.25    0.147780617127
128.375    0.147848161115
128.5    0.139922999854
128.625    0.139951143182
128.75    0.142185723452
128.875    0.142816134007
129.0    0.146148304083
129.125    0.147071405253
129.25    0.147138949241
129.375    0.146733685313
129.5    0.14578806948
129.625    0.14578806948
129.75    0.146480395357
129.875    0.146480395357
130.0    0.146153932749
130.125    0.146531053348
130.25    0.146559196677
130.375    0.147285294548
130.5    0.143806779165
130.625    0.143919352478
130.75    0.144082583783
130.875    0.144082583783
131.0    0.148315340365
131.125    0.148315340365
131.25    0.148315340365
131.375    0.148343483694
131.5    0.148833177607
131.625    0.148872578267
131.75    0.148872578267
131.875    0.148883835598
132.0    0.143784264502
132.125    0.143953124472
132.25    0.144088212448
132.375    0.144088212448
132.5    0.144769280994
132.625    0.144482219045
132.75    0.144482219045
132.875    0.144493476376
133.0    0.143756121174
133.125    0.144217671759
133.25    0.144217671759
133.375    0.144003782463
133.5    0.145349033558
133.625    0.145546036857
133.75    0.145546036857
133.875    0.144791795657
134.0    0.144251443753
134.125    0.144290844412
134.25    0.14426832975
134.375    0.14426832975
134.5    0.145360290889
134.625    0.145731782824
134.75    0.146367822044
134.875    0.146041359435
135.0    0.141831117515
135.125    0.142343326091
135.25    0.142810505342
135.375    0.142731704022
135.5    0.144234557756
135.625    0.143958753138
135.75    0.144262701084
135.875    0.14498317029
136.0    0.142726075357
136.125    0.142613502043
136.25    0.1426697887
136.375    0.142585358715
136.5    0.144144499105
136.625    0.144279587081
136.75    0.145078857606
136.875    0.14498317029
137.0    0.145332147561
137.125    0.145512264862
137.25    0.146322792719
137.375    0.145107000934
137.5    0.144003782463
137.625    0.144003782463
137.75    0.14393060981
137.875    0.144431561054
138.0    0.145287118236
138.125    0.145287118236
138.25    0.145394062883
138.375    0.145394062883
138.5    0.146255248731
138.625    0.146255248731
138.75    0.145844356137
138.875    0.145878128131
139.0    0.149919510081
139.125    0.150144656708
139.25    0.150274116018
139.375    0.150600578627
139.5    0.14246152807
139.625    0.142427756076
139.75    0.142726075357
139.875    0.142726075357
140.0    0.146322792719
140.125    0.146255248731
140.25    0.146457880695
140.375    0.146829372629
140.5    0.142883677995
140.625    0.143879951819
140.75    0.143502831219
140.875    0.142326440094
141.0    0.145337776227
141.125    0.145337776227
141.25    0.145337776227
141.375    0.145546036857
141.5    0.144335873738
141.625    0.144364017066
141.75    0.14014814648
141.875    0.140114374486
142.0    0.141341423602
142.125    0.141403338924
142.25    0.141403338924
142.375    0.141476511578
142.5    0.145275860904
142.625    0.145681124833
142.75    0.145895014128
142.875    0.145934414788
143.0    0.143114453288
143.125    0.144622935687
143.25    0.144634193018
143.375    0.144634193018
143.5    0.14409946978
143.625    0.144144499105
143.75    0.144324616406
143.875    0.143637919195
144.0    0.144639821684
144.125    0.142574101384
144.25    0.142135065461
144.375    0.142427756076
144.5    0.143362114577
144.625    0.141999977485
144.75    0.142585358715
144.875    0.141014960993
145.0    0.144375274397
145.125    0.143013137306
145.25    0.144454075717
145.375    0.144454075717
145.5    0.143986896466
145.625    0.143407143902
145.75    0.143440915896
145.875    0.144285215747
146.0    0.146795600635
146.125    0.146902545283
146.25    0.147054519256
146.375    0.146795600635
146.5    0.14334522858
146.625    0.143660433858
146.75    0.143953124472
146.875    0.143992525132
147.0    0.145332147561
147.125    0.145878128131
147.25    0.145816212809
147.375    0.145951300785
147.5    0.143576003873
147.625    0.143677319855
147.75    0.143643547861
147.875    0.143491573888
148.0    0.146784343304
148.125    0.146818115298
148.25    0.146756199975
148.375    0.144487847711
148.5    0.14620459074
148.625    0.146283392059
148.75    0.146080760095
148.875    0.146300278056
149.0    0.144048811789
149.125    0.144048811789
149.25    0.144831196317
149.375    0.144932512299
149.5    0.141330166271
149.625    0.141566570229
149.75    0.141566570229
149.875    0.142534700724
150.0    0.141831117515
150.125    0.141909918835
150.25    0.144617307021
150.375    0.145326518895
150.5    0.145816212809
150.625    0.145613580845
150.75    0.145613580845
150.875    0.14263038804
151.0    0.145849984803
151.125    0.14633405005
151.25    0.14633405005
151.375    0.146531053348
151.5    0.144836824982
151.625    0.144836824982
151.75    0.144836824982
151.875    0.144938140964
152.0    0.145045085612
152.125    0.145129515597
152.25    0.145225202913
152.375    0.145804955477
152.5    0.145185802254
152.625    0.144971912958
152.75    0.144966284293
152.875    0.145157658925
153.0    0.143322713917
153.125    0.141690400874
153.25    0.143013137306
153.375    0.14279924801
153.5    0.145354662224
153.625    0.144758023663
153.75    0.145163287591
153.875    0.144667965012
154.0    0.142720446691
154.125    0.143671691189
154.25    0.13988922786
154.375    0.13866780741
154.5    0.143902466481
154.625    0.143902466481
154.75    0.14351408855
154.875    0.143784264502
155.0    0.146300278056
155.125    0.146846258626
155.25    0.146452252029
155.375    0.146395965372
155.5    0.143367743243
155.625    0.143469059225
155.75    0.143469059225
155.875    0.143559117876
156.0    0.14334522858
156.125    0.143502831219
156.25    0.143407143902
156.375    0.143660433858
156.5    0.143350857246
156.625    0.142990622643
156.75    0.143390257905
156.875    0.143091938625
157.0    0.145416577546
157.125    0.145664238836
157.25    0.145416577546
157.375    0.145416577546
157.5    0.144037554457
157.625    0.143908095147
157.75    0.143232655267
157.875    0.143232655267
158.0    0.143300199255
158.125    0.143744863843
158.25    0.144076955117
158.375    0.144076955117
158.5    0.143733606511
158.625    0.143789893168
158.75    0.143547860544
158.875    0.143767378505
159.0    0.14409946978
159.125    0.144487847711
159.25    0.1426697887
159.375    0.143778635837
159.5    0.143390257905
159.625    0.142771104682
159.75    0.142771104682
159.875    0.142771104682
160.0    0.145534779525
160.125    0.145675496167
160.25    0.145529150859
160.375    0.145624838176
160.5    0.142923078655
160.625    0.143367743243
160.75    0.143564746541
160.875    0.144493476376
161.0    0.143998153798
161.125    0.143975639135
161.25    0.143936238475
161.375    0.144110727111
161.5    0.14612578942
161.625    0.14612578942
161.75    0.146789971969
161.875    0.14646350936
162.0    0.143243912598
162.125    0.143480316556
162.25    0.144195157096
162.375    0.144240186421
162.5    0.146739313978
162.625    0.146401594038
162.75    0.142703560694
162.875    0.1430469093
163.0    0.1443583884
163.125    0.144133241774
163.25    0.143879951819
163.375    0.144076955117
163.5    0.144662336347
163.625    0.145011313618
163.75    0.144161385102
163.875    0.144105098445
164.0    0.144110727111
164.125    0.144454075717
164.25    0.144825567651
164.375    0.144876225642
164.5    0.147774988461
164.625    0.147769359796
164.75    0.147769359796
164.875    0.147487926512
165.0    0.145455978206
165.125    0.140423951098
165.25    0.14107124765
165.375    0.1406040684
165.5    0.146305906722
165.625    0.146305906722
165.75    0.146362193378
165.875    0.146362193378
166.0    0.144195157096
166.125    0.144195157096
166.25    0.144105098445
166.375    0.14498317029
166.5    0.145236460245
166.625    0.145236460245
166.75    0.145135144263
166.875    0.143238283932
167.0    0.14528148957
167.125    0.145523522194
167.25    0.145523522194
167.375    0.145523522194
167.5    0.140609697065
167.625    0.140857358355
167.75    0.147296551879
167.875    0.147138949241
168.0    0.143508459885
168.125    0.143508459885
168.25    0.143863065822
168.375    0.144093841114
168.5    0.14090238768
168.625    0.14090238768
168.75    0.14911461089
168.875    0.149891366753
169.0    0.142889306661
169.125    0.143255169929
169.25    0.142962479315
169.375    0.143497202553
169.5    0.146941945942
169.625    0.146947574608
169.75    0.146947574608
169.875    0.147122063244
170.0    0.144161385102
170.125    0.145652981504
170.25    0.145652981504
170.375    0.145405320215
170.5    0.14317636861
170.625    0.143227026601
170.75    0.141425853587
170.875    0.144015039795
171.0    0.146947574608
171.125    0.147471040515
171.25    0.148337855028
171.375    0.147020747262
171.5    0.144696108341
171.625    0.144696108341
171.75    0.144696108341
171.875    0.144696108341
172.0    0.145157658925
172.125    0.145354662224
172.25    0.145354662224
172.375    0.144572277696
172.5    0.145135144263
172.625    0.145219574248
172.75    0.145264603573
172.875    0.145365919555
173.0    0.142050635476
173.125    0.142050635476
173.25    0.141949319494
173.375    0.14212380813
173.5    0.142045006811
173.625    0.142045006811
173.75    0.142061892808
173.875    0.142917449989
174.0    0.142517814727
174.125    0.142776733348
174.25    0.142636016706
174.375    0.142405241413
174.5    0.14178608819
174.625    0.141836746181
174.75    0.142073150139
174.875    0.141870518175
175.0    0.140840472358
175.125    0.14077292837
175.25    0.140789814367
175.375    0.14094178834
175.5    0.143902466481
175.625    0.143919352478
175.75    0.143401515237
175.875    0.143401515237
176.0    0.14330582792
176.125    0.142534700724
176.25    0.143001879974
176.375    0.143165111279
176.5    0.142990622643
176.625    0.143052537965
176.75    0.143052537965
176.875    0.143052537965
177.0    0.142467156736
177.125    0.142636016706
177.25    0.142872420664
177.375    0.14195494816
177.5    0.145371548221
177.625    0.145219574248
177.75    0.145433463543
177.875    0.145934414788
178.0    0.14780313179
178.125    0.146947574608
178.25    0.146947574608
178.375    0.14856863032
178.5    0.140271977125
178.625    0.139883599194
178.75    0.139939885851
178.875    0.139956771848
179.0    0.143362114577
179.125    0.143108824622
179.25    0.143108824622
179.375    0.143080681294
180.0    0.143863065822
180.125    0.143801150499
180.25    0.143806779165
180.375    0.143806779165
180.5    0.142928707321
180.625    0.142945593318
180.75    0.143013137306
180.875    0.143058166631
181.0    0.146553568011
181.125    0.146553568011
181.25    0.146570454008
181.375    0.146367822044
181.5    0.143834922493
181.625    0.143834922493
181.75    0.143637919195
181.875    0.144561020365
182.0    0.145855613468
182.125    0.14629464939
182.25    0.146615483334
182.375    0.147279665882
182.5    0.144988798955
182.625    0.144769280994
182.75    0.144769280994
182.875    0.144763652329
183.0    0.143480316556
183.125    0.143429658565
183.25    0.143429658565
183.375    0.143694205852
183.5    0.145517893528
183.625    0.145517893528
183.75    0.145332147561
183.875    0.144859339645
184.0    0.144048811789
184.125    0.144048811789
184.25    0.144313359075
184.375    0.144313359075
184.5    0.143272055926
184.625    0.143272055926
184.75    0.143052537965
184.875    0.143052537965
185.0    0.143030023303
185.125    0.143030023303
185.25    0.143058166631
185.375    0.143390257905
185.5    0.145157658925
185.625    0.145157658925
185.75    0.145067600275
185.875    0.144667965012
186.0    0.143356485911
186.125    0.143424029899
186.25    0.143615404532
186.375    0.143649176526
186.5    0.136709031757
186.625    0.1366527451
186.75    0.141335794936
186.875    0.141864889509
187.0    0.145895014128
187.125    0.145895014128
187.25    0.145895014128
187.375    0.14599633011
187.5    0.142523443393
187.625    0.143716720514
187.75    0.143924981144
187.875    0.143924981144
188.0    0.142652902703
188.125    0.142652902703
188.25    0.14165662888
188.375    0.142506557396
188.5    0.143069423962
188.625    0.141960576826
188.75    0.141893032838
188.875    0.147797503124
189.0    0.145270232239
189.125    0.145647352839
189.25    0.145579808851
189.375    0.1362756245
189.5    0.140046830498
189.625    0.140193175806
189.75    0.140283234456
189.875    0.140283234456
190.0    0.143829293828
190.125    0.143424029899
190.25    0.144634193018
190.375    0.144763652329
190.5    0.143159482613
190.625    0.143159482613
190.75    0.143497202553
190.875    0.143052537965
191.0    0.141335794936
191.125    0.141482140244
191.25    0.141476511578
191.375    0.141639742883
191.5    0.140435208429
191.625    0.140609697065
191.75    0.140677241053
191.875    0.140626583062
192.0    0.143649176526
192.125    0.14385180849
192.25    0.14385180849
192.375    0.144279587081
192.5    0.139545879254
192.625    0.13955150792
192.75    0.139557136585
192.875    0.139782283212
193.0    0.144200785762
193.125    0.144200785762
193.25    0.144420303723
193.375    0.144487847711
193.5    0.142202609449
193.625    0.142360212088
193.75    0.142095664802
193.875    0.142185723452
194.0    0.141848003512
194.125    0.141774830859
194.25    0.141836746181
194.375    0.141898661503
194.5    0.143165111279
194.625    0.143469059225
194.75    0.143536603213
194.875    0.145607952179
195.0    0.145236460245
195.125    0.145652981504
195.25    0.145517893528
195.375    0.145517893528
195.5    0.144842453648
195.625    0.14456664903
195.75    0.145332147561
195.875    0.145270232239
196.0    0.144206414427
196.125    0.143896837816
196.25    0.142590987381
196.375    0.142951221983
196.5    0.140716641713
196.625    0.140716641713
196.75    0.140885501683
196.875    0.141380824262
197.0    0.140913645011
197.125    0.140913645011
197.25    0.141217592957
197.375    0.140795443032
197.5    0.142748590019
197.625    0.142641645372
197.75    0.142641645372
197.875    0.142641645372
198.0    0.143232655267
198.125    0.143232655267
198.25    0.143232655267
198.375    0.143446544562
198.5    0.142917449989
198.625    0.142574101384
198.75    0.143103195956
198.875    0.142894935327
199.0    0.142607873378
199.125    0.142562844052
199.25    0.142405241413
199.375    0.142315182763
199.5    0.142849906001
199.625    0.142771104682
199.75    0.14174668753
199.875    0.141313280274
200.0    0.145197059585
200.125    0.145197059585
200.25    0.145197059585
200.375    0.145849984803
200.5    0.14246152807
200.625    0.143542231878
200.75    0.143733606511
200.875    0.143908095147
201.0    0.140896759014
201.125    0.141144420304
201.25    0.141228850289
201.375    0.142039378145
201.5    0.142393984082
201.625    0.142151951458
201.75    0.142675417366
201.875    0.142343326091
202.0    0.141335794936
202.125    0.140210061803
202.25    0.140210061803
202.375    0.140271977125
202.5    0.145579808851
202.625    0.145557294188
202.75    0.145838727471
202.875    0.145382805552
203.0    0.142906192658
203.125    0.142348954757
203.25    0.143367743243
203.375    0.142686674697
203.5    0.144465333048
203.625    0.14650291002
203.75    0.14616519008
203.875    0.14616519008
204.0    0.138392002792
204.125    0.139703481893
204.25    0.139230673976
204.375    0.138228771487
204.5    0.141088133647
204.625    0.141088133647
204.75    0.148197138386
204.875    0.148197138386
205.0    0.141380824262
205.125    0.140553410409
205.25    0.140553410409
205.375    0.140620954397
205.5    0.143896837816
205.625    0.143609775867
205.75    0.144409046391
205.875    0.144420303723
206.0    0.142196980784
206.125    0.142011234817
206.25    0.142146322793
206.375    0.142506557396
206.5    0.132566333825
206.625    0.134778399433
206.75    0.134778399433
206.875    0.135110490707
207.0    0.142022492148
207.125    0.142225124112
207.25    0.142225124112
207.375    0.141476511578
207.5    0.141268250948
207.625    0.141268250948
207.75    0.141268250948
207.875    0.141949319494
208.0    0.144212043093
208.125    0.144048811789
208.25    0.144673593678
208.375    0.144251443753
208.5    0.141780459524
208.625    0.141611599554
208.75    0.142180094787
208.875    0.142180094787
209.0    0.140091859824
209.125    0.140153775146
209.25    0.140305749119
209.375    0.140249462462
209.5    0.140052459164
209.625    0.140052459164
209.75    0.140052459164
209.875    0.139675338564
210.0    0.145546036857
210.125    0.14545034954
210.25    0.145940043453
210.375    0.146097646092
210.5    0.141819860184
210.625    0.140423951098
210.75    0.143030023303
210.875    0.142382726751
211.0    0.143947495807
211.125    0.144347131069
211.25    0.144966284293
211.375    0.145247717576
211.5    0.140429579764
211.625    0.140429579764
211.75    0.140682869719
211.875    0.140896759014
212.0    0.139652823902
212.125    0.141538426901
212.25    0.141251364951
212.375    0.141330166271
212.5    0.140491495086
212.625    0.140626583062
212.75    0.1406040684
212.875    0.139816055206
213.0    0.14565861017
213.125    0.144594792359
213.25    0.144797424323
213.375    0.146131418086
213.5    0.139906113857
213.625    0.139906113857
213.75    0.139973657845
213.875    0.139973657845
214.0    0.140131260483
214.125    0.138853553377
214.25    0.139911742522
214.375    0.141189449629
214.5    0.14157782756
214.625    0.141560941563
214.75    0.140373293107
214.875    0.140373293107
215.0    0.141392081593
215.125    0.141690400874
215.25    0.141696029539
215.375    0.142016863482
215.5    0.142495300064
215.625    0.142596616046
215.75    0.142551586721
215.875    0.14347468789
216.0    0.147454154518
216.125    0.147769359796
216.25    0.147774988461
216.375    0.147870675778
216.5    0.140840472358
216.625    0.140440837095
216.75    0.140643469059
216.875    0.140643469059
217.0    0.141622856886
217.125    0.141819860184
217.25    0.141324537605
217.375    0.141324537605
217.5    0.1443583884
217.625    0.144470961714
217.75    0.14443718972
217.875    0.144347131069
218.0    0.143131339285
218.125    0.143626661864
218.25    0.143666062523
218.375    0.136495142462
218.5    0.139607794576
218.625    0.139607794576
218.75    0.140108745821
218.875    0.140108745821
219.0    0.144977541624
219.125    0.144853710979
219.25    0.144887482973
219.375    0.144808681654
219.5    0.141223221623
219.625    0.141217592957
219.75    0.141217592957
219.875    0.141504654907
220.0    0.141881775506
220.125    0.141560941563
220.25    0.141926804832
220.375    0.141926804832
220.5    0.143243912598
220.625    0.143103195956
220.75    0.143283313258
220.875    0.143283313258
221.0    0.142692303363
221.125    0.142928707321
221.25    0.1426697887
221.375    0.143604147201
221.5    0.140834843692
221.625    0.140384550438
221.75    0.140294491788
221.875    0.140294491788
222.0    0.142692303363
222.125    0.142759847351
222.25    0.142816134007
222.375    0.143356485911
222.5    0.140649097725
222.625    0.141161306301
222.75    0.141133162972
222.875    0.141189449629
223.0    0.140643469059
223.125    0.141881775506
223.25    0.141453996915
223.375    0.143744863843
223.5    0.142129436796
223.625    0.142365840754
223.75    0.142365840754
223.875    0.141938062163
224.0    0.142512186061
224.125    0.140013058504
224.25    0.145737411489
224.375    0.144302101744
224.5    0.140682869719
224.625    0.140682869719
224.75    0.140846101023
224.875    0.143457801893
225.0    0.146131418086
225.125    0.146131418086
225.25    0.146024473438
225.375    0.142911821324
225.5    0.14359288987
225.625    0.143637919195
225.75    0.143936238475
225.875    0.143936238475
226.0    0.141296394277
226.125    0.140981188999
226.25    0.14124010762
226.375    0.14124010762
226.5    0.142759847351
226.625    0.143328342583
226.75    0.143626661864
226.875    0.144167013768
227.0    0.143789893168
227.125    0.143789893168
227.25    0.143677319855
227.375    0.143879951819
227.5    0.146553568011
227.625    0.146587340005
227.75    0.146570454008
227.875    0.146801229301
228.0    0.146964460605
228.125    0.148242167712
228.25    0.148529229661
228.375    0.148411027682
228.5    0.145377176886
228.625    0.145146401594
228.75    0.145146401594
228.875    0.145377176886
229.0    0.147459783184
229.125    0.147459783184
229.25    0.146761828641
229.375    0.145951300785
229.5    0.144155756436
229.625    0.143975639135
229.75    0.144206414427
229.875    0.144347131069
230.0    0.146440994698
230.125    0.146215848071
230.25    0.146215848071
230.375    0.14646350936
230.5    0.146525424683
230.625    0.146525424683
230.75    0.146835001295
230.875    0.146739313978
231.0    0.146322792719
231.125    0.147842532449
231.25    0.145759926152
231.375    0.146030102104
231.5    0.148591144983
231.625    0.149030180905
231.75    0.148360369691
231.875    0.148506714998
232.0    0.146761828641
232.125    0.146761828641
232.25    0.146970089271
232.375    0.14734720987
232.5    0.141425853587
232.625    0.141611599554
232.75    0.141611599554
232.875    0.142382726751
233.0    0.141701658205
233.125    0.141932433497
233.25    0.142613502043
233.375    0.143784264502
233.5    0.145050714278
233.625    0.145000056287
233.75    0.144932512299
233.875    0.145123886931
234.0    0.14797199176
234.125    0.147431639855
234.25    0.147623014488
234.375    0.148090193739
234.5    0.147414753858
234.625    0.150139028042
234.75    0.148540486992
234.875    0.148259053709
235.0    0.146553568011
235.125    0.146885659286
235.25    0.147037633259
235.375    0.147116434578
235.5    0.145849984803
235.625    0.14658171134
235.75    0.14658171134
235.875    0.147229007891
236.0    0.144330245072
236.125    0.151394220486
236.25    0.151394220486
236.375    0.150966441895
236.5    0.149902624084
236.625    0.149902624084
236.75    0.149553646812
236.875    0.149553646812
237.0    0.144183899765
237.125    0.145686753498
237.25    0.145726154158
237.375    0.145782440815
237.5    0.144594792359
237.625    0.145028199615
237.75    0.145123886931
237.875    0.145568551519
238.0    0.146778714638
238.125    0.146114532089
238.25    0.149486102824
238.375    0.151878285734
238.5    0.149728135448
238.625    0.149840708762
238.75    0.149840708762
238.875    0.149840708762
239.0    0.150150285373
239.125    0.150150285373
239.25    0.150217829361
239.375    0.150825725254
240.0    0.150611835958
240.125    0.151332305164
240.25    0.151371705823
240.375    0.151163445194
240.5    0.148534858326
240.625    0.148501086332
240.75    0.14843917101
240.875    0.148191509721
241.0    0.148360369691
241.125    0.148360369691
241.25    0.148484200335
241.375    0.148484200335
241.5    0.149345386183
241.625    0.149379158177
241.75    0.14911461089
241.875    0.14911461089
242.0    0.152407380306
242.125    0.151810741746
242.25    0.151827627743
242.375    0.152244149002
242.5    0.141938062163
242.625    0.146193333408
242.75    0.146221476737
242.875    0.153578142765
243.0    0.148624916977
243.125    0.148624916977
243.25    0.148872578267
243.375    0.148596773649
243.5    0.148512343664
243.625    0.14839977035
243.75    0.148838806273
243.875    0.148833177607
244.0    0.151630624444
244.125    0.151546194459
244.25    0.151546194459
244.375    0.151546194459
244.5    0.148692460965
244.625    0.148692460965
244.75    0.148658688971
244.875    0.148698089631
245.0    0.148461685673
245.125    0.148461685673
245.25    0.148461685673
245.375    0.148996408911
245.5    0.150566806633
245.625    0.150566806633
245.75    0.150780695928
245.875    0.150741295269
246.0    0.145501007531
246.125    0.144420303723
246.25    0.145354662224
246.375    0.144848082314
246.5    0.149367900845
246.625    0.149502988821
246.75    0.149981425403
246.875    0.149632448132
247.0    0.146283392059
247.125    0.146508538686
247.25    0.146457880695
247.375    0.146457880695
247.5    0.150150285373
247.625    0.150150285373
247.75    0.149756278777
247.875    0.14919341221
248.0    0.148681203634
248.125    0.150611835958
248.25    0.150611835958
248.375    0.150662493949
248.5    0.147026375927
248.625    0.147026375927
248.75    0.147026375927
248.875    0.146851887292
249.0    0.143885580484
249.125    0.143885580484
249.25    0.143401515237
249.375    0.143694205852
249.5    0.14671117065
249.625    0.14620459074
249.75    0.146435366032
249.875    0.147279665882
250.0    0.147324695208
250.125    0.148090193739
250.25    0.148090193739
250.375    0.148472943004
250.5    0.145501007531
250.625    0.145028199615
250.75    0.145168916257
250.875    0.145168916257
251.0    0.141893032838
251.125    0.141893032838
251.25    0.142602244712
251.375    0.142602244712
251.5    0.14385180849
251.625    0.144245815087
251.75    0.144386531729
251.875    0.144386531729
252.0    0.144718623003
252.125    0.144369645732
252.25    0.14477490966
252.375    0.14515203026
252.5    0.144487847711
252.625    0.144752394997
252.75    0.142225124112
252.875    0.142810505342
253.0    0.144549763033
253.125    0.144549763033
253.25    0.144549763033
253.375    0.144988798955
253.5    0.144493476376
253.625    0.145365919555
253.75    0.14528148957
253.875    0.145230831579
254.0    0.143564746541
254.125    0.144701737006
254.25    0.144701737006
254.375    0.144701737006
254.5    0.14675057131
254.625    0.14675057131
254.75    0.146936317277
254.875    0.146570454008
255.0    0.141819860184
255.125    0.141977462823
255.25    0.141977462823
255.375    0.141977462823
255.5    0.14528148957
255.625    0.14528148957
255.75    0.145236460245
255.875    0.145236460245
256.0    0.143941867141
256.125    0.143986896466
256.25    0.143986896466
256.375    0.144769280994
256.5    0.142771104682
256.625    0.143649176526
256.75    0.143666062523
256.875    0.144470961714
257.0    0.142427756076
257.125    0.14254032939
257.25    0.142641645372
257.375    0.142990622643
257.5    0.143362114577
257.625    0.142956850649
257.75    0.142956850649
257.875    0.143362114577
258.0    0.14270918936
258.125    0.142810505342
258.25    0.142782362013
258.375    0.142782362013
258.5    0.142619130709
258.625    0.142619130709
258.75    0.143424029899
258.875    0.143502831219
259.0    0.140322635116
259.125    0.140491495086
259.25    0.140637840394
259.375    0.140969931668
259.5    0.143581632538
259.625    0.143581632538
259.75    0.143581632538
259.875    0.143581632538
260.0    0.144493476376
260.125    0.144493476376
260.25    0.144493476376
260.375    0.144493476376
260.5    0.14242212741
260.625    0.141949319494
260.75    0.141470882912
260.875    0.142343326091
261.0    0.142951221983
261.125    0.142951221983
261.25    0.142951221983
261.375    0.142956850649
261.5    0.143666062523
261.625    0.143666062523
261.75    0.143666062523
261.875    0.143666062523
262.0    0.142106922133
262.125    0.142106922133
262.25    0.142416498745
262.375    0.142427756076
262.5    0.144206414427
262.625    0.14402066846
262.75    0.144144499105
262.875    0.14402066846
263.0    0.140654726391
263.125    0.140654726391
263.25    0.140654726391
263.375    0.140654726391
263.5    0.140086231158
263.625    0.140086231158
263.75    0.14014814648
263.875    0.140891130349
264.0    0.143435287231
264.125    0.143435287231
264.25    0.143435287231
264.375    0.143654805192
264.5    0.143339599914
264.625    0.143637919195
264.75    0.143637919195
264.875    0.143637919195
265.0    0.143142596616
265.125    0.144341502403
265.25    0.144341502403
265.375    0.143142596616
265.5    0.141324537605
265.625    0.141802974187
265.75    0.142219495446
265.875    0.145726154158
266.0    0.144482219045
266.125    0.144504733708
266.25    0.144504733708
266.375    0.144673593678
266.5    0.140333892447
266.625    0.140688498385
266.75    0.140378921773
266.875    0.141285136945
267.0    0.14246152807
267.125    0.141943690829
267.25    0.141909918835
267.375    0.141909918835
267.5    0.141307651608
267.625    0.141307651608
267.75    0.141307651608
267.875    0.141307651608
268.0    0.140581553737
268.125    0.140581553737
268.25    0.140581553737
268.375    0.140581553737
268.5    0.141211964292
268.625    0.141211964292
268.75    0.140913645011
268.875    0.140969931668
269.0    0.143975639135
269.125    0.144037554457
269.25    0.144088212448
269.375    0.144088212448
269.5    0.142849906001
269.625    0.142849906001
269.75    0.142906192658
269.875    0.143362114577
270.0    0.141121905641
270.125    0.141172563632
270.25    0.141172563632
270.375    0.141127534307
270.5    0.141904290169
270.625    0.141904290169
270.75    0.141848003512
270.875    0.141848003512
271.0    0.142529072058
271.125    0.142529072058
271.25    0.142484042733
271.375    0.142562844052
271.5    0.141026218325
271.625    0.141026218325
271.75    0.141099390978
271.875    0.141099390978
272.0    0.143018765971
272.125    0.143018765971
272.25    0.143018765971
272.375    0.143097567291
272.5    0.143469059225
272.625    0.143469059225
272.75    0.143401515237
272.875    0.143317085252
273.0    0.140575925071
273.125    0.140575925071
273.25    0.140384550438
273.375    0.1406040684
273.5    0.141195078295
273.625    0.141195078295
273.75    0.141138791638
273.875    0.140181918474
274.0    0.143547860544
274.125    0.143547860544
274.25    0.14359288987
274.375    0.143547860544
274.5    0.140412693767
274.625    0.140423951098
274.75    0.140699755716
274.875    0.140699755716
275.0    0.141195078295
275.125    0.141228850289
275.25    0.1419155475
275.375    0.142225124112
275.5    0.14296810798
275.625    0.14313696795
275.75    0.142962479315
275.875    0.142962479315
276.0    0.141949319494
276.125    0.142484042733
276.25    0.142703560694
276.375    0.142703560694
276.5    0.14136956693
276.625    0.14136956693
276.75    0.140767299704
276.875    0.141256993617
277.0    0.137564588939
277.125    0.137564588939
277.25    0.137440758294
277.375    0.137345070977
277.5    0.141392081593
277.625    0.141527169569
277.75    0.141527169569
277.875    0.142225124112
278.0    0.141938062163
278.125    0.141938062163
278.25    0.142168837455
278.375    0.142168837455
278.5    0.138448289449
278.625    0.138448289449
278.75    0.13808242618
278.875    0.142045006811
279.0    0.141966205491
279.125    0.142078778805
279.25    0.142078778805
279.375    0.142258896106
279.5    0.142416498745
279.625    0.142416498745
279.75    0.142759847351
279.875    0.142917449989
280.0    0.136647116435
280.125    0.136647116435
280.25    0.136647116435
280.375    0.137390100303
280.5    0.138369488129
280.625    0.138566491428
280.75    0.138921097365
280.875    0.138932354696
281.0    0.144966284293
281.125    0.135487611307
281.25    0.135814073916
281.375    0.13584784591
281.5    0.138735351398
281.625    0.138735351398
281.75    0.138538348099
281.875    0.138538348099
282.0    0.135988562551
282.125    0.135988562551
282.25    0.136472627799
282.375    0.136472627799
282.5    0.138887325371
282.625    0.137497044951
282.75    0.138318830138
282.875    0.138408888789
283.0    0.139647195236
283.125    0.144251443753
283.25    0.144318987741
283.375    0.144290844412
283.5    0.140412693767
283.625    0.140412693767
283.75    0.140412693767
283.875    0.140052459164
284.0    0.137800992897
284.125    0.137800992897
284.25    0.137806621562
284.375    0.137502673616
284.5    0.138228771487
284.625    0.138228771487
284.75    0.138228771487
284.875    0.139382647949
285.0    0.13930384663
285.125    0.139270074636
285.25    0.139377019284
285.375    0.139410791278
285.5    0.138189370828
285.625    0.138189370828
285.75    0.138256914816
285.875    0.138369488129
286.0    0.140750413707
286.125    0.140750413707
286.25    0.141358309599
286.375    0.141358309599
286.5    0.13618556585
286.625    0.13618556585
286.75    0.136258738503
286.875    0.136191194515
287.0    0.138937983362
287.125    0.138937983362
287.25    0.138937983362
287.375    0.139382647949
287.5    0.136872263061
287.625    0.136872263061
287.75    0.136872263061
287.875    0.136872263061
288.0    0.138622778084
288.125    0.138707208069
288.25    0.138707208069
288.375    0.138707208069
288.5    0.136866634396
288.625    0.13648388513
288.75    0.13648388513
288.875    0.136607715775
289.0    0.13812182684
289.125    0.13812182684
289.25    0.13812182684
289.375    0.13812182684
289.5    0.142889306661
289.625    0.142889306661
289.75    0.138470804111
289.875    0.138532719434
290.0    0.137958595535
290.125    0.137907937544
290.25    0.137907937544
290.375    0.139056185341
290.5    0.138543976765
290.625    0.138543976765
290.75    0.139168758654
290.875    0.139168758654
291.0    0.137232497664
291.125    0.137232497664
291.25    0.137232497664
291.375    0.136607715775
291.5    0.137080523691
291.625    0.137080523691
291.75    0.137131181682
291.875    0.137063637694
292.0    0.13808242618
292.125    0.13808242618
292.25    0.138009253526
292.375    0.138076797514
292.5    0.1366527451
292.625    0.1366527451
292.75    0.136770947079
292.875    0.136770947079
293.0    0.13858900609
293.125    0.13858900609
293.25    0.13858900609
293.375    0.13858900609
293.5    0.139613423242
293.625    0.139787911878
293.75    0.140868615686
293.875    0.140868615686
294.0    0.139540250588
294.125    0.140024315836
294.25    0.140221319134
294.375    0.138358230798
294.5    0.138937983362
294.625    0.138346973466
294.75    0.138268172147
294.875    0.138335716135
295.0    0.139422048609
295.125    0.139337618624
295.25    0.138937983362
295.375    0.139028042012
295.5    0.1402269478
295.625    0.140300120453
295.75    0.139489592597
295.875    0.139489592597
296.0    0.136191194515
296.125    0.136191194515
296.25    0.135943533226
296.375    0.135892875235
296.5    0.135127376704
296.625    0.135127376704
296.75    0.142236381443
296.875    0.135127376704
297.0    0.137485787619
297.125    0.137485787619
297.25    0.137643390258
297.375    0.138887325371
297.5    0.152165347683
297.625    0.152165347683
297.75    0.152598754939
297.875    0.126115882969
298.0    0.139528993257
298.125    0.139697853227
298.25    0.139697853227
298.375    0.139776654546
298.5    0.136579572447
298.625    0.136579572447
298.75    0.136579572447
298.875    0.146058245432
299.0    0.140333892447
299.125    0.140333892447
299.25    0.140333892447
299.375    0.140435208429
