0.0    0.330320420851
0.125    0.334194165471
0.25    0.334194165471
0.375    0.335724533716
0.5    0.323553323769
0.625    0.323457675753
0.75    0.323433763749
0.875    0.323433763749
1.0    0.325203252033
1.125    0.323242467719
1.25    0.325322812052
1.375    0.344141559063
1.5    0.326351028216
1.625    0.325442372071
1.75    0.324820659971
1.875    0.326351028216
2.0    0.335868005739
2.125    0.321233859397
2.25    0.334218077475
2.375    0.334911525586
2.5    0.325538020086
2.625    0.32556193209
2.75    0.325729316117
2.875    0.32443806791
3.0    0.322405547585
3.125    0.332209469154
3.25    0.332209469154
3.375    0.322453371593
3.5    0.330153036824
3.625    0.330153036824
3.75    0.320396939264
3.875    0.319296987088
4.0    0.315279770445
4.125    0.325035868006
4.25    0.325035868006
4.375    0.320181731229
4.5    0.32769010043
4.625    0.32769010043
4.75    0.32281205165
4.875    0.32281205165
5.0    0.324390243902
5.125    0.322907699665
5.25    0.322907699665
5.375    0.321305595409
5.5    0.329029172645
5.625    0.329029172645
5.75    0.329029172645
5.875    0.333907221425
6.0    0.331396461023
6.125    0.331396461023
6.25    0.335222381636
6.375    0.328455284553
6.5    0.333524629364
6.625    0.331205164993
6.75    0.327666188427
6.875    0.327570540411
7.0    0.325777140124
7.125    0.325824964132
7.25    0.327140124342
7.375    0.327211860354
7.5    0.322333811573
7.625    0.322333811573
7.75    0.322333811573
7.875    0.322333811573
8.0    0.32800095648
8.125    0.325920612147
8.25    0.325920612147
8.375    0.327785748446
8.5    0.321831659493
8.625    0.32393591583
8.75    0.321831659493
8.875    0.32393591583
9.0    0.328837876614
9.125    0.328837876614
9.25    0.328837876614
9.375    0.328837876614
9.5    0.321066475371
9.625    0.321664275466
9.75    0.321114299378
9.875    0.321114299378
10.0    0.332544237207
10.125    0.332544237207
10.25    0.332544237207
10.375    0.330153036824
10.5    0.324294595887
10.625    0.325274988044
10.75    0.328694404591
10.875    0.326183644189
11.0    0.327857484457
11.125    0.338330942133
11.25    0.341487326638
11.375    0.323983739837
11.5    0.332735533238
11.625    0.332735533238
11.75    0.332735533238
11.875    0.332735533238
12.0    0.326327116212
12.125    0.321449067432
12.25    0.32474892396
12.375    0.323075083692
12.5    0.328096604495
12.625    0.328407460545
12.75    0.329053084648
12.875    0.329053084648
13.0    0.32831181253
13.125    0.326853180297
13.25    0.326853180297
13.375    0.326853180297
13.5    0.334194165471
13.625    0.334194165471
13.75    0.334194165471
13.875    0.334194165471
14.0    0.324772835964
14.125    0.320396939264
14.25    0.320396939264
14.375    0.317168818747
14.5    0.325011956002
14.625    0.32881396461
14.75    0.32881396461
14.875    0.32881396461
15.0    0.333692013391
15.125    0.333692013391
15.25    0.334720229555
15.375    0.337470109995
15.5    0.328646580583
15.625    0.328646580583
15.75    0.328646580583
15.875    0.328646580583
16.0    0.310951697752
16.125    0.323864179818
16.25    0.323864179818
16.375    0.324294595887
16.5    0.326590148254
16.625    0.326924916308
16.75    0.327044476327
16.875    0.327044476327
17.0    0.326590148254
17.125    0.331468197035
17.25    0.332879005261
17.375    0.316068866571
17.5    0.325274988044
17.625    0.328048780488
17.75    0.329148732664
17.875    0.326757532281
18.0    0.331109516978
18.125    0.328072692492
18.25    0.331229076997
18.375    0.331109516978
18.5    0.32230989957
18.625    0.331970349115
18.75    0.323098995696
18.875    0.318220946915
19.0    0.32037302726
19.125    0.335007173601
19.25    0.32525107604
19.375    0.32525107604
19.5    0.329961740794
19.625    0.330344332855
19.75    0.330416068867
19.875    0.331109516978
20.0    0.326183644189
20.125    0.33106169297
20.25    0.331468197035
20.375    0.327211860354
20.5    0.327546628407
20.625    0.327953132473
20.75    0.327953132473
20.875    0.327714012434
21.0    0.32850310856
21.125    0.326135820182
21.25    0.326327116212
21.375    0.326327116212
21.5    0.326972740316
21.625    0.32718794835
21.75    0.32718794835
21.875    0.326637972262
22.0    0.32943567671
22.125    0.32943567671
22.25    0.32943567671
22.375    0.32943567671
22.5    0.324485891918
22.625    0.324485891918
22.75    0.324294595887
22.875    0.324485891918
23.0    0.336681013869
23.125    0.33737446198
23.25    0.33237685318
23.375    0.312864658058
23.5    0.327929220469
23.625    0.327953132473
23.75    0.327140124342
23.875    0.327140124342
24.0    0.327403156384
24.125    0.327092300335
24.25    0.327092300335
24.375    0.327092300335
24.5    0.325346724055
24.625    0.323146819703
24.75    0.328981348637
24.875    0.32525107604
25.0    0.330631276901
25.125    0.330894308943
25.25    0.330966044955
25.375    0.334983261597
25.5    0.326494500239
25.625    0.322668579627
25.75    0.327785748446
25.875    0.327785748446
26.0    0.32850310856
26.125    0.328096604495
26.25    0.32850310856
26.375    0.329292204687
26.5    0.316212338594
26.625    0.331037780966
26.75    0.325968436155
26.875    0.323409851746
27.0    0.331755141081
27.125    0.331755141081
27.25    0.32331420373
27.375    0.32668579627
27.5    0.332950741272
27.625    0.332400765184
27.75    0.332400765184
27.875    0.332400765184
28.0    0.335365853659
28.125    0.315853658537
28.25    0.315853658537
28.375    0.315853658537
28.5    0.326948828312
28.625    0.332472501196
28.75    0.327857484457
28.875    0.327857484457
29.0    0.329172644668
29.125    0.332974653276
29.25    0.332974653276
29.375    0.332233381157
29.5    0.325298900048
29.625    0.325298900048
29.75    0.325298900048
29.875    0.325227164036
30.0    0.31669057867
30.125    0.312792922047
30.25    0.332305117169
30.375    0.332305117169
30.5    0.327737924438
30.625    0.330703012912
30.75    0.331468197035
30.875    0.331468197035
31.0    0.325514108082
31.125    0.325514108082
31.25    0.330607364897
31.375    0.330272596844
31.5    0.328407460545
31.625    0.32831181253
31.75    0.325394548063
31.875    0.325538020086
32.0    0.319894787183
32.125    0.319344811095
32.25    0.31944045911
32.375    0.319512195122
32.5    0.329363940698
32.625    0.329363940698
32.75    0.329363940698
32.875    0.329363940698
33.0    0.330033476805
33.125    0.33055954089
33.25    0.320779531325
33.375    0.321114299378
33.5    0.314681970349
33.625    0.314681970349
33.75    0.311525585844
33.875    0.314610234338
34.0    0.328933524629
34.125    0.330798660928
34.25    0.330535628886
34.375    0.329674796748
34.5    0.329985652798
34.625    0.333142037303
34.75    0.333142037303
34.875    0.333142037303
35.0    0.321783835485
35.125    0.317957914873
35.25    0.317957914873
35.375    0.315184122429
35.5    0.32780966045
35.625    0.327235772358
35.75    0.327474892396
35.875    0.329172644668
36.0    0.332615973219
36.125    0.333572453372
36.25    0.33706360593
36.375    0.332639885222
36.5    0.321114299378
36.625    0.32118603539
36.75    0.32137733142
36.875    0.321329507413
37.0    0.330989956958
37.125    0.331324725012
37.25    0.331324725012
37.375    0.331324725012
37.5    0.322142515543
37.625    0.322716403635
37.75    0.322046867527
37.875    0.322046867527
38.0    0.33350071736
38.125    0.333452893352
38.25    0.332974653276
38.375    0.332974653276
38.5    0.329985652798
38.625    0.331516021043
38.75    0.335341941655
38.875    0.33512673362
39.0    0.338211382114
39.125    0.336465805835
39.25    0.331587757054
39.375    0.331492109039
39.5    0.32137733142
39.625    0.34593495935
39.75    0.321544715447
39.875    0.321544715447
40.0    0.320731707317
40.125    0.320731707317
40.25    0.323457675753
40.375    0.321162123386
40.5    0.322333811573
40.625    0.322405547585
40.75    0.341917742707
40.875    0.345528455285
41.0    0.323696795791
41.125    0.321257771401
41.25    0.324605451937
41.375    0.321903395505
41.5    0.322405547585
41.625    0.322620755619
41.75    0.322716403635
41.875    0.324964131994
42.0    0.318173122908
42.125    0.318173122908
42.25    0.318388330942
42.375    0.339693926351
42.5    0.323864179818
42.625    0.321975131516
42.75    0.322046867527
42.875    0.322046867527
43.0    0.323338115734
43.125    0.324007651841
43.25    0.325633668101
43.375    0.325753228121
43.5    0.325083692013
43.625    0.325083692013
43.75    0.325083692013
43.875    0.324653275945
44.0    0.319177427068
44.125    0.321544715447
44.25    0.321736011478
44.375    0.321736011478
44.5    0.312912482066
44.625    0.332424677188
44.75    0.317790530846
44.875    0.318077474892
45.0    0.324581539933
45.125    0.324509803922
45.25    0.324414155906
45.375    0.326924916308
45.5    0.319894787183
45.625    0.344285031086
45.75    0.344285031086
45.875    0.319823051172
46.0    0.32168818747
46.125    0.32149689144
46.25    0.322764227642
46.375    0.323003347681
46.5    0.328455284553
46.625    0.328455284553
46.75    0.327833572453
46.875    0.326279292205
47.0    0.323409851746
47.125    0.326183644189
47.25    0.324509803922
47.375    0.324509803922
47.5    0.326518412243
47.625    0.326518412243
47.75    0.326518412243
47.875    0.312362505978
48.0    0.310329985653
48.125    0.324964131994
48.25    0.324964131994
48.375    0.325274988044
48.5    0.323744619799
48.625    0.32087517934
48.75    0.32087517934
48.875    0.321520803443
49.0    0.31956001913
49.125    0.317407938785
49.25    0.318197034912
49.375    0.317384026781
49.5    0.32087517934
49.625    0.324007651841
49.75    0.321353419417
49.875    0.321353419417
50.0    0.310975609756
50.125    0.315758010521
50.25    0.310879961741
50.375    0.316236250598
50.5    0.322955523673
50.625    0.320779531325
50.75    0.321951219512
50.875    0.321951219512
51.0    0.31599713056
51.125    0.321736011478
51.25    0.318507890961
51.375    0.315471066475
51.5    0.315758010521
51.625    0.3181252989
51.75    0.318412242946
51.875    0.315758010521
52.0    0.319464371114
52.125    0.319464371114
52.25    0.319655667145
52.375    0.320253467241
52.5    0.321425155428
52.625    0.311908177905
52.75    0.324796747967
52.875    0.329387852702
53.0    0.318316594931
53.125    0.320803443329
53.25    0.321138211382
53.375    0.328168340507
53.5    0.322214251554
53.625    0.322764227642
53.75    0.323003347681
53.875    0.320492587279
54.0    0.322118603539
54.125    0.322118603539
54.25    0.322525107604
54.375    0.32199904352
54.5    0.324653275945
54.625    0.324653275945
54.75    0.323003347681
54.875    0.319416547107
55.0    0.323075083692
55.125    0.317934002869
55.25    0.320444763271
55.375    0.320444763271
55.5    0.328383548541
55.625    0.329363940698
55.75    0.319607843137
55.875    0.31700143472
56.0    0.318675274988
56.125    0.317647058824
56.25    0.317647058824
56.375    0.320516499283
56.5    0.318053562889
56.625    0.318053562889
56.75    0.31762314682
56.875    0.31293639407
57.0    0.326159732186
57.125    0.320420851267
57.25    0.320923003348
57.375    0.320923003348
57.5    0.316714490674
57.625    0.31456241033
57.75    0.31456241033
57.875    0.31456241033
58.0    0.316021042563
58.125    0.316547106648
58.25    0.318077474892
58.375    0.318077474892
58.5    0.313271162123
58.625    0.313701578192
58.75    0.313701578192
58.875    0.31487326638
59.0    0.320540411286
59.125    0.324007651841
59.25    0.324581539933
59.375    0.323194643711
59.5    0.323720707795
59.625    0.328479196557
59.75    0.322859875658
59.875    0.324198947872
60.0    0.310760401722
60.125    0.313390722143
60.25    0.311884265901
60.375    0.316762314682
60.5    0.304662840746
60.625    0.299784791966
60.75    0.295767575323
60.875    0.296604495457
61.0    0.295887135342
61.125    0.310521281683
61.25    0.313845050215
61.375    0.320707795313
61.5    0.338043998087
61.625    0.338043998087
61.75    0.332161645146
61.875    0.331850789096
62.0    0.311477761836
62.125    0.297417503587
62.25    0.297608799617
62.375    0.297608799617
62.5    0.317647058824
62.625    0.303419416547
62.75    0.313605930177
62.875    0.331157340985
63.0    0.317192730751
63.125    0.317192730751
63.25    0.31231468197
63.375    0.318268770923
63.5    0.308919177427
63.625    0.313797226208
63.75    0.310401721664
63.875    0.320827355332
64.0    0.317551410808
64.125    0.304734576758
64.25    0.318986131038
64.375    0.329674796748
64.5    0.313605930177
64.625    0.313390722143
64.75    0.303634624582
64.875    0.303634624582
65.0    0.302271640363
65.125    0.300286944046
65.25    0.304017216643
65.375    0.304949784792
65.5    0.31599713056
65.625    0.307843137255
65.75    0.318005738881
65.875    0.32037302726
66.0    0.31893830703
66.125    0.314610234338
66.25    0.314610234338
66.375    0.314586322334
66.5    0.316427546628
66.625    0.319775227164
66.75    0.320253467241
66.875    0.320612147298
67.0    0.318962219034
67.125    0.31456241033
67.25    0.314968914395
67.375    0.316618842659
67.5    0.328383548541
67.625    0.328981348637
67.75    0.328527020564
67.875    0.317431850789
68.0    0.315088474414
68.125    0.306671449067
68.25    0.311621233859
68.375    0.326351028216
68.5    0.316236250598
68.625    0.316236250598
68.75    0.316236250598
68.875    0.316738402678
69.0    0.314849354376
69.125    0.324725011956
69.25    0.325538020086
69.375    0.313773314204
69.5    0.318149210904
69.625    0.318747011
69.75    0.318747011
69.875    0.321209947394
70.0    0.332639885222
70.125    0.318005738881
70.25    0.322883787661
70.375    0.322883787661
70.5    0.312171209947
70.625    0.314395026303
70.75    0.314155906265
70.875    0.313677666188
71.0    0.319894787183
71.125    0.318579626973
71.25    0.318603538977
71.375    0.316116690579
71.5    0.31425155428
71.625    0.317479674797
71.75    0.317599234816
71.875    0.318173122908
72.0    0.329650884744
72.125    0.329650884744
72.25    0.300358680057
72.375    0.315901482544
72.5    0.312577714012
72.625    0.311836441894
72.75    0.311597321856
72.875    0.312171209947
73.0    0.308536585366
73.125    0.295098039216
73.25    0.324701099952
73.375    0.324079387853
73.5    0.310258249641
73.625    0.310282161645
73.75    0.309732185557
73.875    0.309756097561
74.0    0.303299856528
74.125    0.313462458154
74.25    0.332974653276
74.375    0.328216164515
74.5    0.32668579627
74.625    0.328957436633
74.75    0.323792443807
74.875    0.327379244381
75.0    0.306527977044
75.125    0.30824964132
75.25    0.307604017217
75.375    0.302725968436
75.5    0.307054041129
75.625    0.304256336681
75.75    0.3043758967
75.875    0.314897178384
76.0    0.324557627929
76.125    0.300167384027
76.25    0.301076040172
76.375    0.30325203252
76.5    0.30162601626
76.625    0.30243902439
76.75    0.294978479197
76.875    0.300669536107
77.0    0.306193208991
77.125    0.31324725012
77.25    0.314108082257
77.375    0.314658058345
77.5    0.30856049737
77.625    0.3093735055
77.75    0.310234337637
77.875    0.307508369201
78.0    0.310593017695
78.125    0.31049736968
78.25    0.311047345768
78.375    0.313151602104
78.5    0.306671449067
78.625    0.306695361071
78.75    0.307651841224
78.875    0.306193208991
79.0    0.30325203252
79.125    0.307101865136
79.25    0.310401721664
79.375    0.306456241033
79.5    0.325179340029
79.625    0.30581061693
79.75    0.30581061693
79.875    0.311334289813
80.0    0.308130081301
80.125    0.307962697274
80.25    0.30762792922
80.375    0.30762792922
80.5    0.318173122908
80.625    0.319488283118
80.75    0.328957436633
80.875    0.3049976088
81.0    0.308990913439
81.125    0.309923481588
81.25    0.309923481588
81.375    0.308990913439
81.5    0.309182209469
81.625    0.309182209469
81.75    0.307986609278
81.875    0.308153993305
82.0    0.310951697752
82.125    0.31049736968
82.25    0.309851745576
82.375    0.310353897657
82.5    0.304758488761
82.625    0.304567192731
82.75    0.320349115256
82.875    0.320349115256
83.0    0.315614538498
83.125    0.316236250598
83.25    0.316451458632
83.375    0.317240554758
83.5    0.298708751793
83.625    0.298900047824
83.75    0.298828311813
83.875    0.29806312769
84.0    0.309708273553
84.125    0.309756097561
84.25    0.310712577714
84.375    0.310425633668
84.5    0.309995217599
84.625    0.309995217599
84.75    0.30793878527
84.875    0.309708273553
85.0    0.310927785748
85.125    0.310832137733
85.25    0.312816834051
85.375    0.309516977523
85.5    0.311597321856
85.625    0.312338593974
85.75    0.311119081779
85.875    0.307221425155
86.0    0.298613103778
86.125    0.30243902439
86.25    0.318268770923
86.375    0.314634146341
86.5    0.31181252989
86.625    0.31181252989
86.75    0.309827833572
86.875    0.313103778097
87.0    0.310066953611
87.125    0.307723577236
87.25    0.307962697274
87.375    0.311382113821
87.5    0.303012912482
87.625    0.318388330942
87.75    0.31862745098
87.875    0.323409851746
88.0    0.300884744142
88.125    0.301004304161
88.25    0.301004304161
88.375    0.303299856528
88.5    0.323529411765
88.625    0.320157819225
88.75    0.319320899091
88.875    0.299713055954
89.0    0.31231468197
89.125    0.316068866571
89.25    0.315399330464
89.375    0.31537541846
89.5    0.313605930177
89.625    0.303849832616
89.75    0.315542802487
89.875    0.316307986609
90.0    0.309206121473
90.125    0.308369201339
90.25    0.308153993305
90.375    0.309612625538
90.5    0.317527498804
90.625    0.318651362984
90.75    0.308703969393
90.875    0.314418938307
91.0    0.311908177905
91.125    0.311908177905
91.25    0.311908177905
91.375    0.311860353898
91.5    0.308010521282
91.625    0.308297465328
91.75    0.305069344811
91.875    0.305236728838
92.0    0.31150167384
92.125    0.31150167384
92.25    0.311979913917
92.375    0.312171209947
92.5    0.319368723099
92.625    0.305141080823
92.75    0.320181731229
92.875    0.321233859397
93.0    0.313390722143
93.125    0.313629842181
93.25    0.31731229077
93.375    0.313988522238
93.5    0.313390722143
93.625    0.318531802965
93.75    0.308775705404
93.875    0.311884265901
94.0    0.309732185557
94.125    0.306025824964
94.25    0.309421329507
94.375    0.296484935438
94.5    0.31293639407
94.625    0.314131994261
94.75    0.314968914395
94.875    0.322788139646
95.0    0.313055954089
95.125    0.313534194165
95.25    0.313653754185
95.375    0.31406025825
95.5    0.313701578192
95.625    0.308417025347
95.75    0.308799617408
95.875    0.307819225251
96.0    0.314299378288
96.125    0.310306073649
96.25    0.308058345289
96.375    0.307508369201
96.5    0.303491152559
96.625    0.305308464849
96.75    0.305667144907
96.875    0.306791009087
97.0    0.314347202296
97.125    0.31425155428
97.25    0.31131037781
97.375    0.314179818269
97.5    0.314825442372
97.625    0.314658058345
97.75    0.31618842659
97.875    0.317718794835
98.0    0.308082257293
98.125    0.308512673362
98.25    0.306121472979
98.375    0.306527977044
98.5    0.307077953132
98.625    0.312792922047
98.75    0.308871353419
98.875    0.310090865615
99.0    0.311597321856
99.125    0.311621233859
99.25    0.309349593496
99.375    0.308177905308
99.5    0.311214729794
99.625    0.310234337637
99.75    0.32087517934
99.875    0.313821138211
100.0    0.3231229077
100.125    0.321568627451
100.25    0.32230989957
100.375    0.311549497848
100.5    0.312458153993
100.625    0.313199426112
100.75    0.313462458154
100.875    0.316379722621
101.0    0.313366810139
101.125    0.313940698231
101.25    0.299450023912
101.375    0.300908656145
101.5    0.307412721186
101.625    0.307412721186
101.75    0.308082257293
101.875    0.308082257293
102.0    0.300358680057
102.125    0.305236728838
102.25    0.31975131516
102.375    0.31975131516
102.5    0.317599234816
102.625    0.314155906265
102.75    0.317144906743
102.875    0.31406025825
103.0    0.317288378766
103.125    0.312482065997
103.25    0.327259684362
103.375    0.323027259684
103.5    0.314825442372
103.625    0.314825442372
103.75    0.31893830703
103.875    0.316116690579
104.0    0.310640841703
104.125    0.314012434242
104.25    0.313582018173
104.375    0.310234337637
104.5    0.313510282162
104.625    0.32525107604
104.75    0.314275466284
104.875    0.311645145863
105.0    0.324988043998
105.125    0.320253467241
105.25    0.318412242946
105.375    0.306264945002
105.5    0.311908177905
105.625    0.308943089431
105.75    0.308943089431
105.875    0.312769010043
106.0    0.315303682449
106.125    0.313390722143
106.25    0.31099952176
106.375    0.307771401243
106.5    0.312553802009
106.625    0.308943089431
106.75    0.314371114299
106.875    0.314036346246
107.0    0.317862266858
107.125    0.304160688666
107.25    0.306695361071
107.375    0.304734576758
107.5    0.31324725012
107.625    0.31324725012
107.75    0.314108082257
107.875    0.316212338594
108.0    0.308464849354
108.125    0.30693448111
108.25    0.308536585366
108.375    0.310019129603
108.5    0.311358201817
108.625    0.315016738403
108.75    0.313940698231
108.875    0.314418938307
109.0    0.312242945959
109.125    0.312219033955
109.25    0.313534194165
109.375    0.309014825442
109.5    0.308440937351
109.625    0.31037780966
109.75    0.3049976088
109.875    0.300454328073
110.0    0.31018651363
110.125    0.311023433764
110.25    0.311453849833
110.375    0.311382113821
110.5    0.312601626016
110.625    0.312601626016
110.75    0.312290769967
110.875    0.313414634146
111.0    0.315255858441
111.125    0.31537541846
111.25    0.297297943568
111.375    0.297297943568
111.5    0.309516977523
111.625    0.310903873745
111.75    0.310832137733
111.875    0.311549497848
112.0    0.319966523195
112.125    0.315088474414
112.25    0.31599713056
112.375    0.316618842659
112.5    0.305834528934
112.625    0.30681492109
112.75    0.307101865136
112.875    0.305906264945
113.0    0.314514586322
113.125    0.315184122429
113.25    0.316977522716
113.375    0.325227164036
113.5    0.310760401722
113.625    0.302773792444
113.75    0.301721664275
113.875    0.293424198948
114.0    0.308034433285
114.125    0.318579626973
114.25    0.318699186992
114.375    0.322572931612
114.5    0.295337159254
114.625    0.315016738403
114.75    0.295743663319
114.875    0.311166905787
115.0    0.313271162123
115.125    0.311142993783
115.25    0.314203730273
115.375    0.311669057867
115.5    0.31681013869
115.625    0.317144906743
115.75    0.298134863702
115.875    0.294404591105
116.0    0.312529890005
116.125    0.31343854615
116.25    0.312960306074
116.375    0.317336202774
116.5    0.314155906265
116.625    0.312529890005
116.75    0.31506456241
116.875    0.311908177905
117.0    0.300239120038
117.125    0.300478240077
117.25    0.307293161167
117.375    0.307986609278
117.5    0.30774748924
117.625    0.308656145385
117.75    0.308512673362
117.875    0.308512673362
118.0    0.312075561932
118.125    0.315088474414
118.25    0.315088474414
118.375    0.315925394548
118.5    0.307962697274
118.625    0.307962697274
118.75    0.317718794835
118.875    0.307460545194
119.0    0.315184122429
119.125    0.319894787183
119.25    0.301673840268
119.375    0.301984696318
120.0    0.309516977523
120.125    0.309708273553
120.25    0.309493065519
120.375    0.310353897657
120.5    0.305978000956
120.625    0.287087517934
120.75    0.28768531803
120.875    0.288904830225
121.0    0.323338115734
121.125    0.30968436155
121.25    0.310066953611
121.375    0.310162601626
121.5    0.316953610713
121.625    0.316523194644
121.75    0.312482065997
121.875    0.312410329986
122.0    0.315255858441
122.125    0.312242945959
122.25    0.316379722621
122.375    0.316618842659
122.5    0.330918220947
122.625    0.30906264945
122.75    0.310832137733
122.875    0.310640841703
123.0    0.314084170253
123.125    0.29968914395
123.25    0.299521759923
123.375    0.297226207556
123.5    0.317120994739
123.625    0.321401243424
123.75    0.322620755619
123.875    0.322620755619
124.0    0.303228120516
124.125    0.313151602104
124.25    0.314681970349
124.375    0.314921090387
124.5    0.299760879962
124.625    0.30050215208
124.75    0.300669536107
124.875    0.300741272119
125.0    0.313271162123
125.125    0.315423242468
125.25    0.315542802487
125.375    0.310569105691
125.5    0.293495934959
125.625    0.327714012434
125.75    0.297656623625
125.875    0.310712577714
126.0    0.318531802965
126.125    0.29968914395
126.25    0.315160210426
126.375    0.312434241989
126.5    0.304591104735
126.625    0.304591104735
126.75    0.302725968436
126.875    0.304854136777
127.0    0.31293639407
127.125    0.312697274032
127.25    0.303036824486
127.375    0.313055954089
127.5    0.313582018173
127.625    0.313605930177
127.75    0.302104256337
127.875    0.297919655667
128.0    0.329292204687
128.125    0.313366810139
128.25    0.305236728838
128.375    0.305236728838
128.5    0.313629842181
128.625    0.313510282162
128.75    0.316331898613
128.875    0.316786226686
129.0    0.296580583453
129.125    0.298015303682
129.25    0.295074127212
129.375    0.315901482544
129.5    0.305260640842
129.625    0.315399330464
129.75    0.314084170253
129.875    0.315112386418
130.0    0.314586322334
130.125    0.314801530368
130.25    0.31506456241
130.375    0.301889048302
130.5    0.306719273075
130.625    0.306719273075
130.75    0.306719273075
130.875    0.305093256815
131.0    0.30406504065
131.125    0.30406504065
131.25    0.30406504065
131.375    0.304901960784
131.5    0.292180774749
131.625    0.297178383549
131.75    0.307006217121
131.875    0.307364897178
132.0    0.302056432329
132.125    0.307149689144
132.25    0.309636537542
132.375    0.307364897178
132.5    0.316977522716
132.625    0.298350071736
132.75    0.300908656145
132.875    0.296269727403
133.0    0.308177905308
133.125    0.308871353419
133.25    0.299115255858
133.375    0.29968914395
133.5    0.308703969393
133.625    0.30906264945
133.75    0.308967001435
133.875    0.304088952654
134.0    0.306193208991
134.125    0.306193208991
134.25    0.305212816834
134.375    0.308393113343
134.5    0.304208512673
134.625    0.295408895265
134.75    0.300095648015
134.875    0.296532759445
135.0    0.305738880918
135.125    0.303395504543
135.25    0.32118603539
135.375    0.302797704448
135.5    0.304567192731
135.625    0.306264945002
135.75    0.305045432807
135.875    0.301841224295
136.0    0.304136776662
136.125    0.304256336681
136.25    0.304495456719
136.375    0.296174079388
136.5    0.318412242946
136.625    0.319010043042
136.75    0.299856527977
136.875    0.300215208034
137.0    0.298493543759
137.125    0.298756575801
137.25    0.298971783835
137.375    0.298947871832
137.5    0.304662840746
137.625    0.304662840746
137.75    0.304304160689
137.875    0.304638928742
138.0    0.305930176949
138.125    0.306145384983
138.25    0.306551889048
138.375    0.310090865615
138.5    0.308512673362
138.625    0.306241032999
138.75    0.306241032999
138.875    0.301841224295
139.0    0.298278335725
139.125    0.308321377331
139.25    0.313271162123
139.375    0.311358201817
139.5    0.290052606408
139.625    0.294930655189
139.75    0.295384983262
139.875    0.290793878527
140.0    0.303538976566
140.125    0.303849832616
140.25    0.300717360115
140.375    0.304495456719
140.5    0.300023912004
140.625    0.300717360115
140.75    0.303586800574
140.875    0.303849832616
141.0    0.302367288379
141.125    0.302773792444
141.25    0.302725968436
141.375    0.298230511717
141.5    0.302582496413
141.625    0.302821616451
141.75    0.303491152559
141.875    0.303347680536
142.0    0.303778096604
142.125    0.313366810139
142.25    0.313797226208
142.375    0.306193208991
142.5    0.302223816356
142.625    0.302223816356
142.75    0.317216642755
142.875    0.31731229077
143.0    0.294404591105
143.125    0.301793400287
143.25    0.305212816834
143.375    0.302343376375
143.5    0.331157340985
143.625    0.313295074127
143.75    0.314179818269
143.875    0.31293639407
144.0    0.32587278814
144.125    0.315518890483
144.25    0.315518890483
144.375    0.316212338594
144.5    0.306288857006
144.625    0.306049736968
144.75    0.306145384983
144.875    0.307245337159
145.0    0.301099952176
145.125    0.301171688187
145.25    0.301673840268
145.375    0.302319464371
145.5    0.302367288379
145.625    0.302917264467
145.75    0.303610712578
145.875    0.304328072692
146.0    0.296078431373
146.125    0.296078431373
146.25    0.296413199426
146.375    0.292204686753
146.5    0.300239120038
146.625    0.301267336203
146.75    0.304447632712
146.875    0.302462936394
147.0    0.307460545194
147.125    0.305762792922
147.25    0.30600191296
147.375    0.305069344811
147.5    0.330511716882
147.625    0.32037302726
147.75    0.320827355332
147.875    0.318149210904
148.0    0.305117168819
148.125    0.305117168819
148.25    0.291606886657
148.375    0.292085126734
148.5    0.301339072214
148.625    0.301339072214
148.75    0.301339072214
148.875    0.298541367767
149.0    0.305045432807
149.125    0.304830224773
149.25    0.306025824964
149.375    0.303969392635
149.5    0.309038737446
149.625    0.309540889527
149.75    0.310138689622
149.875    0.312242945959
150.0    0.310903873745
150.125    0.311764705882
150.25    0.308703969393
150.375    0.308703969393
150.5    0.307412721186
150.625    0.307197513152
150.75    0.307580105213
150.875    0.302702056432
151.0    0.298828311813
151.125    0.299545671927
151.25    0.299521759923
151.375    0.300573888092
151.5    0.302462936394
151.625    0.303180296509
151.75    0.301267336203
151.875    0.302056432329
152.0    0.307556193209
152.125    0.309445241511
152.25    0.309445241511
152.375    0.30856049737
152.5    0.309780009565
152.625    0.300167384027
152.75    0.30081300813
152.875    0.300573888092
153.0    0.30793878527
153.125    0.304423720708
153.25    0.307819225251
153.375    0.303802008608
153.5    0.308680057389
153.625    0.311956001913
153.75    0.305451936872
153.875    0.305882352941
154.0    0.308034433285
154.125    0.309134385462
154.25    0.308273553324
154.375    0.314012434242
154.5    0.292993782879
154.625    0.292993782879
154.75    0.293400286944
154.875    0.293519846963
155.0    0.305332376853
155.125    0.305404112865
155.25    0.305834528934
155.375    0.312219033955
155.5    0.312840746055
155.625    0.288450502152
155.75    0.303921568627
155.875    0.319583931133
156.0    0.298039215686
156.125    0.311429937829
156.25    0.310951697752
156.375    0.310951697752
156.5    0.311549497848
156.625    0.311095169775
156.75    0.311095169775
156.875    0.311429937829
157.0    0.300454328073
157.125    0.298039215686
157.25    0.300526064084
157.375    0.290913438546
157.5    0.307317073171
157.625    0.307317073171
157.75    0.307604017217
157.875    0.309206121473
158.0    0.297991391679
158.125    0.293113342898
158.25    0.293519846963
158.375    0.295576279292
158.5    0.305786704926
158.625    0.307006217121
158.75    0.307006217121
158.875    0.307006217121
159.0    0.307843137255
159.125    0.301171688187
159.25    0.301745576279
159.375    0.29887613582
159.5    0.301171688187
159.625    0.300717360115
159.75    0.30081300813
159.875    0.301052128168
160.0    0.29856527977
160.125    0.29368723099
160.25    0.291176470588
160.375    0.294380679101
160.5    0.30224772836
160.625    0.298182687709
160.75    0.298469631755
160.875    0.29918699187
161.0    0.293208990913
161.125    0.29318507891
161.25    0.294763271162
161.375    0.295528455285
161.5    0.31700143472
161.625    0.282855093257
161.75    0.283213773314
161.875    0.283213773314
162.0    0.289430894309
162.125    0.28950263032
162.25    0.28950263032
162.375    0.291917742707
162.5    0.287254901961
162.625    0.287852702056
162.75    0.288570062171
162.875    0.293926351028
163.0    0.306527977044
163.125    0.306504065041
163.25    0.303467240555
163.375    0.304112864658
163.5    0.309995217599
163.625    0.311358201817
163.75    0.301482544237
163.875    0.30112386418
164.0    0.304041128647
164.125    0.302415112386
164.25    0.305428024868
164.375    0.306121472979
164.5    0.309253945481
164.625    0.309086561454
164.75    0.31018651363
164.875    0.311047345768
165.0    0.309325681492
165.125    0.309349593496
165.25    0.311262553802
165.375    0.310329985653
165.5    0.305858440937
165.625    0.301052128168
165.75    0.301721664275
165.875    0.312649450024
166.0    0.335031085605
166.125    0.33593974175
166.25    0.335844093735
166.375    0.337470109995
166.5    0.314705882353
166.625    0.314801530368
166.75    0.314801530368
166.875    0.315662362506
167.0    0.310162601626
167.125    0.305954088953
167.25    0.306360593018
167.375    0.307030129125
167.5    0.320755619321
167.625    0.320109995218
167.75    0.32037302726
167.875    0.320492587279
168.0    0.313916786227
168.125    0.314777618364
168.25    0.316092778575
168.375    0.315016738403
168.5    0.325992348159
168.625    0.315566714491
168.75    0.314442850311
168.875    0.314227642276
169.0    0.315638450502
169.125    0.313295074127
169.25    0.315279770445
169.375    0.31456241033
169.5    0.316427546628
169.625    0.311740793879
169.75    0.326661884266
169.875    0.326351028216
170.0    0.321138211382
170.125    0.322166427547
170.25    0.322166427547
170.375    0.322166427547
170.5    0.319679579149
170.625    0.321783835485
170.75    0.321090387374
170.875    0.3181252989
171.0    0.325346724055
171.125    0.3268770923
171.25    0.3268770923
171.375    0.323553323769
171.5    0.325346724055
171.625    0.316594930655
171.75    0.312505978001
171.875    0.318460066954
172.0    0.323601147776
172.125    0.3268770923
172.25    0.327140124342
172.375    0.326398852224
172.5    0.32718794835
172.625    0.327427068388
172.75    0.330368244859
172.875    0.320444763271
173.0    0.331324725012
173.125    0.330511716882
173.25    0.335246293639
173.375    0.331181252989
173.5    0.321783835485
173.625    0.323385939742
173.75    0.308393113343
173.875    0.309349593496
174.0    0.324677187948
174.125    0.325538020086
174.25    0.326757532281
174.375    0.326757532281
174.5    0.319631755141
174.625    0.321568627451
174.75    0.320444763271
174.875    0.322070779531
175.0    0.328048780488
175.125    0.326637972262
175.25    0.3268770923
175.375    0.3268770923
175.5    0.319703491153
175.625    0.319320899091
175.75    0.319799139168
175.875    0.319799139168
176.0    0.32587278814
176.125    0.325705404113
176.25    0.325729316117
176.375    0.325179340029
176.5    0.32474892396
176.625    0.32281205165
176.75    0.321783835485
176.875    0.326111908178
177.0    0.326566236251
177.125    0.327116212339
177.25    0.327379244381
177.375    0.327546628407
177.5    0.32281205165
177.625    0.322859875658
177.75    0.323075083692
177.875    0.323648971784
178.0    0.319010043042
178.125    0.31956001913
178.25    0.321209947394
178.375    0.323888091822
178.5    0.323672883788
178.625    0.324390243902
178.75    0.32606408417
178.875    0.326016260163
179.0    0.334074605452
179.125    0.329053084648
179.25    0.347537063606
179.375    0.33075083692
180.0    0.319129603061
180.125    0.319344811095
180.25    0.318914395026
180.375    0.319512195122
180.5    0.324629363941
180.625    0.324677187948
180.75    0.325801052128
180.875    0.326111908178
181.0    0.331085604974
181.125    0.332615973219
181.25    0.332902917264
181.375    0.328574844572
181.5    0.333572453372
181.625    0.329076996652
181.75    0.330320420851
181.875    0.329244380679
182.0    0.32412721186
182.125    0.322572931612
182.25    0.32087517934
182.375    0.321233859397
182.5    0.313868962219
182.625    0.32056432329
182.75    0.322549019608
182.875    0.322572931612
183.0    0.318316594931
183.125    0.322070779531
183.25    0.322070779531
183.375    0.326518412243
183.5    0.32006217121
183.625    0.318747011
183.75    0.318986131038
183.875    0.317886178862
184.0    0.32199904352
184.125    0.322405547585
184.25    0.323768531803
184.375    0.325681492109
184.5    0.319392635103
184.625    0.323553323769
184.75    0.322692491631
184.875    0.319273075084
185.0    0.311597321856
185.125    0.311932089909
185.25    0.311669057867
185.375    0.316547106648
185.5    0.313892874223
185.625    0.313892874223
185.75    0.312362505978
185.875    0.312577714012
186.0    0.315805834529
186.125    0.315805834529
186.25    0.315925394548
186.375    0.315901482544
186.5    0.305643232903
186.625    0.309397417504
186.75    0.305667144907
186.875    0.306551889048
187.0    0.331229076997
187.125    0.326351028216
187.25    0.324390243902
187.375    0.32668579627
187.5    0.310425633668
187.625    0.310425633668
187.75    0.306910569106
187.875    0.309397417504
188.0    0.307771401243
188.125    0.309134385462
188.25    0.306384505022
188.375    0.306169296987
188.5    0.31150167384
188.625    0.311573409852
188.75    0.311884265901
188.875    0.311214729794
189.0    0.322740315638
189.125    0.322740315638
189.25    0.308106169297
189.375    0.309851745576
189.5    0.308608321377
189.625    0.309206121473
189.75    0.309206121473
189.875    0.309301769488
190.0    0.301076040172
190.125    0.316284074605
190.25    0.311477761836
190.375    0.31150167384
190.5    0.308656145385
190.625    0.309995217599
190.75    0.284265901483
190.875    0.30050215208
191.0    0.322620755619
191.125    0.318101386896
191.25    0.310473457676
191.375    0.305954088953
191.5    0.3043758967
191.625    0.3043758967
191.75    0.306432329029
191.875    0.306049736968
192.0    0.314610234338
192.125    0.30243902439
192.25    0.30243902439
192.375    0.317073170732
192.5    0.313103778097
192.625    0.312912482066
192.75    0.31262553802
192.875    0.310019129603
193.0    0.308656145385
193.125    0.308990913439
193.25    0.2818747011
193.375    0.296508847441
193.5    0.314131994261
193.625    0.314466762315
193.75    0.314921090387
193.875    0.314347202296
194.0    0.301554280249
194.125    0.304041128647
194.25    0.301554280249
194.375    0.299832615973
194.5    0.300430416069
194.625    0.300430416069
194.75    0.300430416069
194.875    0.300430416069
195.0    0.299210903874
195.125    0.299450023912
195.25    0.299593495935
195.375    0.299593495935
195.5    0.303132472501
195.625    0.29856527977
195.75    0.298613103778
195.875    0.309803921569
196.0    0.296915351506
196.125    0.297441415591
196.25    0.299282639885
196.375    0.300047824008
196.5    0.303921568627
196.625    0.304471544715
196.75    0.304471544715
196.875    0.304591104735
197.0    0.298923959828
197.125    0.297776183644
197.25    0.29775227164
197.375    0.29775227164
197.5    0.299402199904
197.625    0.301076040172
197.75    0.301076040172
197.875    0.304304160689
198.0    0.302965088474
198.125    0.297154471545
198.25    0.297489239598
198.375    0.301267336203
198.5    0.295241511239
198.625    0.295863223338
198.75    0.296867527499
198.875    0.295719751315
199.0    0.299736967958
199.125    0.299784791966
199.25    0.299784791966
199.375    0.300191296031
199.5    0.291391678623
199.625    0.291391678623
199.75    0.306025824964
199.875    0.304136776662
200.0    0.302415112386
200.125    0.300406504065
200.25    0.300956480153
200.375    0.296078431373
200.5    0.296508847441
200.625    0.296508847441
200.75    0.294332855093
200.875    0.296245815399
201.0    0.300358680057
201.125    0.300358680057
201.25    0.302032520325
201.375    0.299115255858
201.5    0.303132472501
201.625    0.30325203252
201.75    0.304638928742
201.875    0.304638928742
202.0    0.298828311813
202.125    0.298780487805
202.25    0.296700143472
202.375    0.29868483979
202.5    0.301147776184
202.625    0.301602104256
202.75    0.301602104256
202.875    0.301793400287
203.0    0.306504065041
203.125    0.306504065041
203.25    0.306504065041
203.375    0.292300334768
203.5    0.294619799139
203.625    0.289072214252
203.75    0.289072214252
203.875    0.290650406504
204.0    0.296628407461
204.125    0.29775227164
204.25    0.298589191774
204.375    0.296413199426
204.5    0.294428503109
204.625    0.294213295074
204.75    0.302510760402
204.875    0.303395504543
205.0    0.297058823529
205.125    0.29643711143
205.25    0.299330463893
205.375    0.299067431851
205.5    0.296174079388
205.625    0.298110951698
205.75    0.295480631277
205.875    0.294619799139
206.0    0.292659014825
206.125    0.292659014825
206.25    0.296508847441
206.375    0.298039215686
206.5    0.303682448589
206.625    0.303682448589
206.75    0.302415112386
206.875    0.303682448589
207.0    0.294428503109
207.125    0.292204686753
207.25    0.292659014825
207.375    0.297154471545
207.5    0.299952175992
207.625    0.300406504065
207.75    0.293974175036
207.875    0.293974175036
208.0    0.297034911526
208.125    0.294356767097
208.25    0.295887135342
208.375    0.296556671449
208.5    0.297130559541
208.625    0.297034911526
208.75    0.297847919656
208.875    0.298732663797
209.0    0.296389287422
209.125    0.293591582975
209.25    0.293902439024
209.375    0.296652319464
209.5    0.307149689144
209.625    0.307149689144
209.75    0.307460545194
209.875    0.288617886179
210.0    0.308321377331
210.125    0.308321377331
210.25    0.270612147298
210.375    0.29012434242
210.5    0.29418938307
210.625    0.294906743185
210.75    0.295193687231
210.875    0.295193687231
211.0    0.301602104256
211.125    0.301602104256
211.25    0.301602104256
211.375    0.302080344333
211.5    0.298254423721
211.625    0.297967479675
211.75    0.300334768054
211.875    0.300932568149
212.0    0.304256336681
212.125    0.300884744142
212.25    0.300884744142
212.375    0.301506456241
212.5    0.291630798661
212.625    0.275035868006
212.75    0.275011956002
212.875    0.297321855571
213.0    0.296724055476
213.125    0.301865136298
213.25    0.30162601626
213.375    0.29725011956
213.5    0.297919655667
213.625    0.297680535629
213.75    0.297680535629
213.875    0.297680535629
214.0    0.300263032042
214.125    0.300789096126
214.25    0.300836920134
214.375    0.300454328073
214.5    0.294739359158
214.625    0.295839311334
214.75    0.295839311334
214.875    0.294906743185
215.0    0.299210903874
215.125    0.29949784792
215.25    0.295361071258
215.375    0.295480631277
215.5    0.296915351506
215.625    0.296700143472
215.75    0.29756097561
215.875    0.298541367767
216.0    0.292180774749
216.125    0.296771879484
216.25    0.294285031086
216.375    0.294882831181
216.5    0.293854615017
216.625    0.293950263032
216.75    0.293950263032
216.875    0.308967001435
217.0    0.292969870875
217.125    0.292754662841
217.25    0.292754662841
217.375    0.292491630799
217.5    0.300358680057
217.625    0.294715447154
217.75    0.294835007174
217.875    0.294835007174
218.0    0.294285031086
218.125    0.294380679101
218.25    0.294380679101
218.375    0.294380679101
218.5    0.295911047346
218.625    0.296150167384
218.75    0.295767575323
218.875    0.293543758967
219.0    0.297943567671
219.125    0.283859397418
219.25    0.283931133429
219.375    0.284074605452
219.5    0.294954567193
219.625    0.294954567193
219.75    0.294261119082
219.875    0.294787183166
220.0    0.294165471066
220.125    0.293878527021
220.25    0.293878527021
220.375    0.297226207556
220.5    0.285461501674
220.625    0.286059301769
220.75    0.286059301769
220.875    0.286059301769
221.0    0.296102343376
221.125    0.296102343376
221.25    0.296102343376
221.375    0.301147776184
221.5    0.287828790053
221.625    0.298158775705
221.75    0.298780487805
221.875    0.274390243902
222.0    0.277427068388
222.125    0.277427068388
222.25    0.277785748446
222.375    0.277785748446
222.5    0.280583452893
222.625    0.28400286944
222.75    0.284050693448
222.875    0.284050693448
223.0    0.297226207556
223.125    0.297369679579
223.25    0.298158775705
223.375    0.298158775705
223.5    0.286059301769
223.625    0.28593974175
223.75    0.286633189861
223.875    0.286633189861
224.0    0.308010521282
224.125    0.308536585366
224.25    0.308536585366
224.375    0.299952175992
224.5    0.283261597322
224.625    0.302893352463
224.75    0.303634624582
224.875    0.284887613582
225.0    0.283285509326
225.125    0.283285509326
225.25    0.283285509326
225.375    0.28330942133
225.5    0.287972262076
225.625    0.287972262076
225.75    0.287996174079
225.875    0.287996174079
226.0    0.290411286466
226.125    0.290841702535
226.25    0.300956480153
226.375    0.30081300813
226.5    0.283548541368
226.625    0.284074605452
226.75    0.298708751793
226.875    0.278981348637
227.0    0.28412242946
227.125    0.28462458154
227.25    0.285461501674
227.375    0.285700621712
227.5    0.283835485414
227.625    0.288952654232
227.75    0.288928742229
227.875    0.289239598278
228.0    0.292922046868
228.125    0.292922046868
228.25    0.292922046868
228.375    0.292706838833
228.5    0.290913438546
228.625    0.290913438546
228.75    0.291606886657
228.875    0.291822094692
229.0    0.305380200861
229.125    0.30406504065
229.25    0.28512673362
229.375    0.288737446198
229.5    0.3
229.625    0.297297943568
229.75    0.297441415591
229.875    0.299928263989
230.0    0.291080822573
230.125    0.291080822573
230.25    0.291080822573
230.375    0.293974175036
230.5    0.316140602582
230.625    0.316762314682
230.75    0.316642754663
230.875    0.28737446198
231.0    0.300358680057
231.125    0.302032520325
231.25    0.282472501196
231.375    0.282472501196
231.5    0.287278813965
231.625    0.287278813965
231.75    0.287278813965
231.875    0.287278813965
232.0    0.290483022477
232.125    0.2906264945
232.25    0.289024390244
232.375    0.289024390244
232.5    0.287733142037
232.625    0.287733142037
232.75    0.287733142037
232.875    0.292611190818
233.0    0.287852702056
233.125    0.287852702056
233.25    0.288043998087
233.375    0.288474414156
233.5    0.293424198948
233.625    0.291702534672
233.75    0.291678622669
233.875    0.292228598757
234.0    0.287852702056
234.125    0.288809182209
234.25    0.289383070301
234.375    0.289383070301
234.5    0.293495934959
234.625    0.293256814921
234.75    0.296795791487
234.875    0.296795791487
235.0    0.285007173601
235.125    0.285820181731
235.25    0.286417981827
235.375    0.286035389766
235.5    0.291606886657
235.625    0.289574366332
235.75    0.292348158776
235.875    0.292611190818
236.0    0.305212816834
236.125    0.305212816834
236.25    0.28137254902
236.375    0.296269727403
236.5    0.284576757532
236.625    0.285270205643
236.75    0.285724533716
236.875    0.285652797704
237.0    0.285533237685
237.125    0.28431372549
237.25    0.277044476327
237.375    0.274294595887
237.5    0.311788617886
237.625    0.31293639407
237.75    0.31293639407
237.875    0.294261119082
238.0    0.293256814921
238.125    0.293878527021
238.25    0.293878527021
238.375    0.293878527021
238.5    0.288976566236
238.625    0.288904830225
238.75    0.288976566236
238.875    0.287661406026
239.0    0.317407938785
239.125    0.317647058824
239.25    0.288378766141
239.375    0.288833094213
240.0    0.281396461023
240.125    0.281396461023
240.25    0.281396461023
240.375    0.281802965088
240.5    0.293974175036
240.625    0.293232902917
240.75    0.294021999044
240.875    0.291224294596
241.0    0.284672405548
241.125    0.284672405548
241.25    0.284672405548
241.375    0.284672405548
241.5    0.292539454806
241.625    0.296461023434
241.75    0.290387374462
241.875    0.290865614538
242.0    0.292635102822
242.125    0.293448110952
242.25    0.293567670971
242.375    0.291606886657
242.5    0.2862505978
242.625    0.285868005739
242.75    0.278837876614
242.875    0.278837876614
243.0    0.287183165949
243.125    0.288307030129
243.25    0.288785270206
243.375    0.284887613582
243.5    0.276829268293
243.625    0.277331420373
243.75    0.277331420373
243.875    0.287087517934
244.0    0.295050215208
244.125    0.294930655189
244.25    0.295432807269
244.375    0.295432807269
244.5    0.29581539933
244.625    0.29581539933
244.75    0.294787183166
244.875    0.295887135342
245.0    0.289526542324
245.125    0.288904830225
245.25    0.289167862267
245.375    0.289980870397
245.5    0.292085126734
245.625    0.292085126734
245.75    0.312290769967
245.875    0.311860353898
246.0    0.293567670971
246.125    0.294356767097
246.25    0.280224772836
246.375    0.299760879962
246.5    0.281779053085
246.625    0.278263988522
246.75    0.281109516978
246.875    0.290865614538
247.0    0.278479196557
247.125    0.293304638929
247.25    0.264777618364
247.375    0.307508369201
247.5    0.286035389766
247.625    0.287828790053
247.75    0.287900526064
247.875    0.288354854137
248.0    0.285533237685
248.125    0.284241989479
248.25    0.284959349594
248.375    0.294715447154
248.5    0.299306551889
248.625    0.299306551889
248.75    0.299306551889
248.875    0.299306551889
249.0    0.290243902439
249.125    0.290243902439
249.25    0.290243902439
249.375    0.289717838355
249.5    0.290865614538
249.625    0.291319942611
249.75    0.291487326638
249.875    0.292180774749
250.0    0.288139646102
250.125    0.288617886179
250.25    0.288904830225
250.375    0.288713534194
250.5    0.290219990435
250.625    0.291009086561
250.75    0.291367766619
250.875    0.292778574845
251.0    0.293495934959
251.125    0.291989478718
251.25    0.287111429938
251.375    0.286322333812
251.5    0.294643711143
251.625    0.295671927308
251.75    0.295839311334
251.875    0.298660927786
252.0    0.278431372549
252.125    0.278431372549
252.25    0.278981348637
252.375    0.278527020564
252.5    0.281611669058
252.625    0.282161645146
252.75    0.291415590626
252.875    0.291415590626
253.0    0.29318507891
253.125    0.293974175036
253.25    0.294882831181
253.375    0.29287422286
253.5    0.287972262076
253.625    0.287972262076
253.75    0.28768531803
253.875    0.288474414156
254.0    0.291487326638
254.125    0.2912482066
254.25    0.292324246772
254.375    0.292324246772
254.5    0.290722142516
254.625    0.290722142516
254.75    0.288928742229
254.875    0.288928742229
255.0    0.283787661406
255.125    0.283787661406
255.25    0.28706360593
255.375    0.28675274988
255.5    0.287302725968
255.625    0.287302725968
255.75    0.290052606408
255.875    0.290650406504
256.0    0.284074605452
256.125    0.287900526064
256.25    0.287900526064
256.375    0.288737446198
256.5    0.291535150646
256.625    0.291535150646
256.75    0.289933046389
256.875    0.294117647059
257.0    0.287015781923
257.125    0.287135341942
257.25    0.287278813965
257.375    0.287278813965
257.5    0.297632711621
257.625    0.28412242946
257.75    0.28412242946
257.875    0.284863701578
258.0    0.284481109517
258.125    0.281276901004
258.25    0.27912482066
258.375    0.281635581062
258.5    0.292491630799
258.625    0.291941654711
258.75    0.292611190818
258.875    0.282926829268
259.0    0.276829268293
259.125    0.276996652319
259.25    0.277642276423
259.375    0.277642276423
259.5    0.27637494022
259.625    0.30081300813
259.75    0.276422764228
259.875    0.300119560019
260.0    0.291176470588
260.125    0.291726446676
260.25    0.277116212339
260.375    0.292922046868
260.5    0.280918220947
260.625    0.280942132951
260.75    0.280942132951
260.875    0.280942132951
261.0    0.283931133429
261.125    0.279053084648
261.25    0.279053084648
261.375    0.278670492587
261.5    0.276590148254
261.625    0.276590148254
261.75    0.285102821616
261.875    0.28574844572
262.0    0.290769966523
262.125    0.290769966523
262.25    0.290913438546
262.375    0.2912482066
262.5    0.290315638451
262.625    0.289191774271
262.75    0.289191774271
262.875    0.292348158776
263.0    0.283237685318
263.125    0.283237685318
263.25    0.283165949307
263.375    0.28593974175
263.5    0.27912482066
263.625    0.27912482066
263.75    0.27912482066
263.875    0.28400286944
264.0    0.278096604495
264.125    0.278550932568
264.25    0.274222859876
264.375    0.27587278814
264.5    0.285341941655
264.625    0.285341941655
264.75    0.280583452893
264.875    0.28137254902
265.0    0.283213773314
265.125    0.283620277379
265.25    0.283931133429
265.375    0.283787661406
265.5    0.277905308465
265.625    0.277905308465
265.75    0.279148732664
265.875    0.277833572453
266.0    0.283118125299
266.125    0.283835485414
266.25    0.285270205643
266.375    0.299354375897
266.5    0.281898613104
266.625    0.282352941176
266.75    0.282950741272
266.875    0.283859397418
267.0    0.284815877571
267.125    0.284911525586
267.25    0.284911525586
267.375    0.284911525586
267.5    0.278646580583
267.625    0.282352941176
267.75    0.282352941176
267.875    0.282352941176
268.0    0.283955045433
268.125    0.283955045433
268.25    0.284457197513
268.375    0.281707317073
268.5    0.276566236251
268.625    0.276566236251
268.75    0.27769010043
268.875    0.278168340507
269.0    0.280989956958
269.125    0.280989956958
269.25    0.283046389287
269.375    0.28024868484
269.5    0.28574844572
269.625    0.28574844572
269.75    0.285581061693
269.875    0.281300813008
270.0    0.286513629842
270.125    0.281635581062
270.25    0.281611669058
270.375    0.281970349115
270.5    0.293304638929
270.625    0.293304638929
270.75    0.288426590148
270.875    0.288857006217
271.0    0.248637015782
271.125    0.27606408417
271.25    0.291296030607
271.375    0.291606886657
271.5    0.297441415591
271.625    0.297919655667
271.75    0.297847919656
271.875    0.289191774271
272.0    0.279292204687
272.125    0.278885700622
272.25    0.27912482066
272.375    0.278885700622
272.5    0.287183165949
272.625    0.281468197035
272.75    0.282209469153
272.875    0.282209469153
273.0    0.275896700143
273.125    0.278263988522
273.25    0.279387852702
273.375    0.277331420373
273.5    0.280774748924
273.625    0.280966044955
273.75    0.278646580583
273.875    0.278646580583
274.0    0.283859397418
274.125    0.281037780966
274.25    0.282233381157
274.375    0.282233381157
274.5    0.284744141559
274.625    0.284505021521
274.75    0.274414155906
274.875    0.274414155906
275.0    0.291200382592
275.125    0.291200382592
275.25    0.287135341942
275.375    0.287135341942
275.5    0.286657101865
275.625    0.286657101865
275.75    0.28787661406
275.875    0.280870396939
276.0    0.283907221425
276.125    0.284385461502
276.25    0.274629363941
276.375    0.275370636059
276.5    0.276781444285
276.625    0.276924916308
276.75    0.276542324247
276.875    0.278383548541
277.0    0.286776661884
277.125    0.286776661884
277.25    0.277546628407
277.375    0.287302725968
277.5    0.278048780488
277.625    0.278048780488
277.75    0.278048780488
277.875    0.278048780488
278.0    0.278550932568
278.125    0.278550932568
278.25    0.278383548541
278.375    0.278192252511
278.5    0.288880918221
278.625    0.289143950263
278.75    0.290483022477
278.875    0.288785270206
279.0    0.296795791487
279.125    0.292611190818
279.25    0.28981348637
279.375    0.29206121473
279.5    0.288330942133
279.625    0.286035389766
279.75    0.286704925873
279.875    0.287135341942
280.0    0.277522716404
280.125    0.277474892396
280.25    0.277474892396
280.375    0.277857484457
280.5    0.289454806313
280.625    0.279698708752
280.75    0.280583452893
280.875    0.280583452893
281.0    0.274151123864
281.125    0.274318507891
281.25    0.274318507891
281.375    0.274318507891
281.5    0.278933524629
281.625    0.279650884744
281.75    0.279029172645
281.875    0.28412242946
282.0    0.272405547585
282.125    0.272979435677
282.25    0.278742228599
282.375    0.279363940698
282.5    0.274629363941
282.625    0.27331420373
282.75    0.273959827834
282.875    0.275322812052
283.0    0.269679579149
283.125    0.270301291248
283.25    0.270301291248
283.375    0.270301291248
283.5    0.266666666667
283.625    0.267120994739
283.75    0.267120994739
283.875    0.272381635581
284.0    0.274151123864
284.125    0.273553323769
284.25    0.276446676231
284.375    0.277355332377
284.5    0.277594452415
284.625    0.277833572453
284.75    0.269846963176
284.875    0.26944045911
285.0    0.267647058824
285.125    0.267742706839
285.25    0.267742706839
285.375    0.267742706839
285.5    0.275705404113
285.625    0.275705404113
285.75    0.275705404113
285.875    0.275705404113
286.0    0.274031563845
286.125    0.273744619799
286.25    0.274151123864
286.375    0.274868483979
286.5    0.279842180775
286.625    0.280487804878
286.75    0.280726924916
286.875    0.278024868484
287.0    0.271401243424
287.125    0.271401243424
287.25    0.271401243424
287.375    0.271616451459
287.5    0.27962697274
287.625    0.273888091822
287.75    0.273481587757
287.875    0.273218555715
288.0    0.278407460545
288.125    0.27850310856
288.25    0.268866571019
288.375    0.274055475849
288.5    0.273577235772
288.625    0.273983739837
288.75    0.274461979914
288.875    0.27494021999
289.0    0.28818747011
289.125    0.278790052606
289.25    0.276159732186
289.375    0.273290291726
289.5    0.26956001913
289.625    0.26956001913
289.75    0.275203252033
289.875    0.274533715925
290.0    0.277714012434
290.125    0.278168340507
290.25    0.278168340507
290.375    0.278598756576
290.5    0.275681492109
290.625    0.276183644189
290.75    0.273840267814
290.875    0.275442372071
291.0    0.270086083214
291.125    0.270731707317
291.25    0.27168818747
291.375    0.271544715447
291.5    0.276637972262
291.625    0.276996652319
291.75    0.276996652319
291.875    0.276303204209
292.0    0.297895743663
292.125    0.297895743663
292.25    0.27831181253
292.375    0.276183644189
292.5    0.277355332377
292.625    0.27494021999
292.75    0.278240076518
292.875    0.278240076518
293.0    0.285246293639
293.125    0.287900526064
293.25    0.291606886657
293.375    0.280463892874
293.5    0.27494021999
293.625    0.27800095648
293.75    0.276924916308
293.875    0.277546628407
294.0    0.270229555237
294.125    0.270444763271
294.25    0.270420851267
294.375    0.27056432329
294.5    0.275442372071
294.625    0.275442372071
294.75    0.274653275945
294.875    0.285054997609
295.0    0.283261597322
295.125    0.283261597322
295.25    0.284241989479
295.375    0.270205643233
295.5    0.276661884266
295.625    0.280607364897
295.75    0.276781444285
295.875    0.280703012912
296.0    0.271879483501
296.125    0.27412721186
296.25    0.274198947872
296.375    0.270755619321
296.5    0.273792443807
296.625    0.273672883788
296.75    0.273672883788
296.875    0.270851267336
297.0    0.27281205165
297.125    0.278359636538
297.25    0.278359636538
297.375    0.274294595887
297.5    0.28737446198
297.625    0.288020086083
297.75    0.288020086083
297.875    0.288091822095
298.0    0.275777140124
298.125    0.275777140124
298.25    0.26587757054
298.375    0.264538498326
298.5    0.273696795791
298.625    0.273696795791
298.75    0.274294595887
298.875    0.274031563845
299.0    0.273983739837
299.125    0.274198947872
299.25    0.274916307987
299.375    0.274796747967
