0.0    0.351543756146
0.125    0.344247787611
0.25    0.344365781711
0.375    0.344365781711
0.5    0.351760078663
0.625    0.351760078663
0.75    0.351760078663
0.875    0.351760078663
1.0    0.353176007866
1.125    0.351229105211
1.25    0.351229105211
1.375    0.353706981318
1.5    0.361376597837
1.625    0.361376597837
1.75    0.361376597837
1.875    0.361376597837
2.0    0.35185840708
2.125    0.35185840708
2.25    0.35185840708
2.375    0.35185840708
2.5    0.352664700098
2.625    0.352664700098
2.75    0.352664700098
2.875    0.352664700098
3.0    0.352192723697
3.125    0.352192723697
3.25    0.352114060964
3.375    0.352114060964
3.5    0.35714847591
3.625    0.35714847591
3.75    0.348928220256
3.875    0.348928220256
4.0    0.351386430678
4.125    0.351386430678
4.25    0.351386430678
4.375    0.351386430678
4.5    0.352664700098
4.625    0.344444444444
4.75    0.344444444444
4.875    0.344444444444
5.0    0.350953785644
5.125    0.363205506391
5.25    0.363205506391
5.375    0.354237954769
5.5    0.3533726647
5.625    0.3533726647
5.75    0.3533726647
5.875    0.3533726647
6.0    0.34808259587
6.125    0.34808259587
6.25    0.34808259587
6.375    0.34808259587
6.5    0.348692232055
6.625    0.348692232055
6.75    0.348692232055
6.875    0.348692232055
7.0    0.352664700098
7.125    0.352664700098
7.25    0.352664700098
7.375    0.352664700098
7.5    0.348515240905
7.625    0.350009832842
7.75    0.350009832842
7.875    0.350009832842
8.0    0.349282202557
8.125    0.349282202557
8.25    0.350127826942
8.375    0.350127826942
8.5    0.349262536873
8.625    0.349596853491
8.75    0.349596853491
8.875    0.349596853491
9.0    0.353805309735
9.125    0.353805309735
9.25    0.353805309735
9.375    0.353805309735
9.5    0.348692232055
9.625    0.348692232055
9.75    0.348692232055
9.875    0.348692232055
10.0    0.349498525074
10.125    0.349498525074
10.25    0.349498525074
10.375    0.349498525074
10.5    0.349400196657
10.625    0.349400196657
10.75    0.349400196657
10.875    0.349400196657
11.0    0.358938053097
11.125    0.358938053097
11.25    0.358938053097
11.375    0.358938053097
11.5    0.35069813176
11.625    0.35069813176
11.75    0.35069813176
11.875    0.35069813176
12.0    0.349970501475
12.125    0.349970501475
12.25    0.349970501475
12.375    0.349970501475
12.5    0.349400196657
12.625    0.349400196657
12.75    0.349400196657
12.875    0.349400196657
13.0    0.345860373648
13.125    0.345860373648
13.25    0.345860373648
13.375    0.345860373648
13.5    0.349498525074
13.625    0.349498525074
13.75    0.349498525074
13.875    0.349498525074
14.0    0.35063913471
14.125    0.35063913471
14.25    0.35063913471
14.375    0.35063913471
14.5    0.347256637168
14.625    0.347689282203
14.75    0.347689282203
14.875    0.347689282203
15.0    0.349616519174
15.125    0.349616519174
15.25    0.349616519174
15.375    0.349616519174
15.5    0.349400196657
15.625    0.349400196657
15.75    0.349400196657
15.875    0.349400196657
16.0    0.35063913471
16.125    0.35063913471
16.25    0.35063913471
16.375    0.35063913471
16.5    0.351248770895
16.625    0.351248770895
16.75    0.351248770895
16.875    0.351248770895
17.0    0.347236971485
17.125    0.347236971485
17.25    0.347236971485
17.375    0.347236971485
17.5    0.347925270403
17.625    0.347925270403
17.75    0.34808259587
17.875    0.34808259587
18.0    0.350540806293
18.125    0.350540806293
18.25    0.350540806293
18.375    0.350540806293
18.5    0.347138643068
18.625    0.347138643068
18.75    0.347138643068
18.875    0.347138643068
19.0    0.351425762045
19.125    0.351425762045
19.25    0.351425762045
19.375    0.350717797443
19.5    0.35052114061
19.625    0.35052114061
19.75    0.35052114061
19.875    0.35052114061
20.0    0.347138643068
20.125    0.347138643068
20.25    0.347138643068
20.375    0.347138643068
20.5    0.350108161259
20.625    0.350108161259
20.75    0.350108161259
20.875    0.350108161259
21.0    0.353038348083
21.125    0.353038348083
21.25    0.353038348083
21.375    0.353038348083
21.5    0.347138643068
21.625    0.347138643068
21.75    0.347138643068
21.875    0.347138643068
22.0    0.343028515241
22.125    0.343028515241
22.25    0.343028515241
22.375    0.343028515241
22.5    0.347138643068
22.625    0.347138643068
22.75    0.347138643068
22.875    0.347138643068
23.0    0.347944936087
23.125    0.347944936087
23.25    0.347944936087
23.375    0.347944936087
23.5    0.347138643068
23.625    0.347138643068
23.75    0.347138643068
23.875    0.347138643068
24.0    0.354100294985
24.125    0.354100294985
24.25    0.354100294985
24.375    0.354100294985
24.5    0.353510324484
24.625    0.353510324484
24.75    0.353510324484
24.875    0.353510324484
25.0    0.347138643068
25.125    0.347138643068
25.25    0.347138643068
25.375    0.347138643068
25.5    0.34808259587
25.625    0.34808259587
25.75    0.34808259587
25.875    0.34808259587
26.0    0.34802359882
26.125    0.34802359882
26.25    0.34802359882
26.375    0.34802359882
26.5    0.347944936087
26.625    0.347944936087
26.75    0.347944936087
26.875    0.347944936087
27.0    0.34784660767
27.125    0.34784660767
27.25    0.34784660767
27.375    0.34784660767
27.5    0.34383480826
27.625    0.34383480826
27.75    0.34383480826
27.875    0.34383480826
28.0    0.352055063913
28.125    0.352055063913
28.25    0.352055063913
28.375    0.352055063913
28.5    0.348515240905
28.625    0.349675516224
28.75    0.349675516224
28.875    0.349675516224
29.0    0.343913470993
29.125    0.343913470993
29.25    0.343913470993
29.375    0.343913470993
29.5    0.348967551622
29.625    0.348967551622
29.75    0.348967551622
29.875    0.348967551622
30.0    0.346017699115
30.125    0.346017699115
30.25    0.346017699115
30.375    0.346017699115
30.5    0.34808259587
30.625    0.34808259587
30.75    0.34808259587
30.875    0.34808259587
31.0    0.348279252704
31.125    0.348279252704
31.25    0.348279252704
31.375    0.348279252704
31.5    0.34941986234
31.625    0.34941986234
31.75    0.349911504425
31.875    0.350049164208
32.0    0.347944936087
32.125    0.347944936087
32.25    0.347944936087
32.375    0.347944936087
32.5    0.34936086529
32.625    0.34936086529
32.75    0.34936086529
32.875    0.34936086529
33.0    0.349164208456
33.125    0.349164208456
33.25    0.34930186824
33.375    0.34930186824
33.5    0.345191740413
33.625    0.345191740413
33.75    0.345191740413
33.875    0.345191740413
34.0    0.350265486726
34.125    0.350265486726
34.25    0.350265486726
34.375    0.350265486726
34.5    0.349655850541
34.625    0.349655850541
34.75    0.349655850541
34.875    0.349655850541
35.0    0.35058013766
35.125    0.35058013766
35.25    0.35058013766
35.375    0.35058013766
35.5    0.350226155359
35.625    0.350226155359
35.75    0.350226155359
35.875    0.350226155359
36.0    0.35069813176
36.125    0.35069813176
36.25    0.35069813176
36.375    0.35069813176
36.5    0.348790560472
36.625    0.348790560472
36.75    0.348790560472
36.875    0.351229105211
37.0    0.352999016716
37.125    0.352999016716
37.25    0.352999016716
37.375    0.352999016716
37.5    0.349498525074
37.625    0.350186823992
37.75    0.350186823992
37.875    0.350186823992
38.0    0.348888888889
38.125    0.348888888889
38.25    0.348888888889
38.375    0.348888888889
38.5    0.35063913471
38.625    0.35063913471
38.75    0.35063913471
38.875    0.35063913471
39.0    0.351681415929
39.125    0.351681415929
39.25    0.351681415929
39.375    0.351681415929
39.5    0.352999016716
39.625    0.352999016716
39.75    0.352999016716
39.875    0.352999016716
40.0    0.352861356932
40.125    0.352861356932
40.25    0.352861356932
40.375    0.352861356932
40.5    0.34808259587
40.625    0.34808259587
40.75    0.34808259587
40.875    0.34808259587
41.0    0.348888888889
41.125    0.348888888889
41.25    0.348888888889
41.375    0.348888888889
41.5    0.347571288102
41.625    0.347571288102
41.75    0.347571288102
41.875    0.347571288102
42.0    0.351583087512
42.125    0.351583087512
42.25    0.352527040315
42.375    0.352527040315
42.5    0.350737463127
42.625    0.350737463127
42.75    0.350737463127
42.875    0.350737463127
43.0    0.34784660767
43.125    0.34784660767
43.25    0.34784660767
43.375    0.34784660767
43.5    0.347472959685
43.625    0.347472959685
43.75    0.347472959685
43.875    0.347472959685
44.0    0.348888888889
44.125    0.348888888889
44.25    0.348888888889
44.375    0.348888888889
44.5    0.350599803343
44.625    0.350599803343
44.75    0.350599803343
44.875    0.350599803343
45.0    0.349085545723
45.125    0.349085545723
45.25    0.349085545723
45.375    0.349085545723
45.5    0.349596853491
45.625    0.349596853491
45.75    0.349596853491
45.875    0.349596853491
46.0    0.348888888889
46.125    0.348888888889
46.25    0.348888888889
46.375    0.348888888889
46.5    0.350029498525
46.625    0.350029498525
46.75    0.350029498525
46.875    0.350029498525
47.0    0.350737463127
47.125    0.350737463127
47.25    0.350737463127
47.375    0.350737463127
47.5    0.34279252704
47.625    0.34279252704
47.75    0.34279252704
47.875    0.34279252704
48.0    0.350737463127
48.125    0.350737463127
48.25    0.350737463127
48.375    0.350737463127
48.5    0.34279252704
48.625    0.34279252704
48.75    0.34279252704
48.875    0.34279252704
49.0    0.35343166175
49.125    0.35343166175
49.25    0.355339233038
49.375    0.355339233038
49.5    0.349046214356
49.625    0.349046214356
49.75    0.349046214356
49.875    0.349046214356
50.0    0.350737463127
50.125    0.350737463127
50.25    0.350737463127
50.375    0.350737463127
50.5    0.354749262537
50.625    0.354749262537
50.75    0.354749262537
50.875    0.354749262537
51.0    0.339252704031
51.125    0.339252704031
51.25    0.339665683383
51.375    0.339665683383
51.5    0.350462143559
51.625    0.350462143559
51.75    0.350462143559
51.875    0.350462143559
52.0    0.340353982301
52.125    0.340353982301
52.25    0.340353982301
52.375    0.340353982301
52.5    0.349970501475
52.625    0.350049164208
52.75    0.350049164208
52.875    0.350049164208
53.0    0.350186823992
53.125    0.350186823992
53.25    0.350186823992
53.375    0.350186823992
53.5    0.344110127827
53.625    0.344110127827
53.75    0.344110127827
53.875    0.344110127827
54.0    0.352546705998
54.125    0.352546705998
54.25    0.352546705998
54.375    0.352546705998
54.5    0.340806293019
54.625    0.340806293019
54.75    0.340806293019
54.875    0.340806293019
55.0    0.341435594887
55.125    0.341435594887
55.25    0.341435594887
55.375    0.341435594887
55.5    0.344837758112
55.625    0.344837758112
55.75    0.344837758112
55.875    0.344837758112
56.0    0.34784660767
56.125    0.34784660767
56.25    0.34784660767
56.375    0.34784660767
56.5    0.345250737463
56.625    0.345250737463
56.75    0.345250737463
56.875    0.345250737463
57.0    0.346489675516
57.125    0.346489675516
57.25    0.346489675516
57.375    0.346489675516
57.5    0.34279252704
57.625    0.34279252704
57.75    0.34279252704
57.875    0.346214355949
58.0    0.342104228122
58.125    0.342104228122
58.25    0.342104228122
58.375    0.342104228122
58.5    0.347571288102
58.625    0.347571288102
58.75    0.347571288102
58.875    0.346725663717
59.0    0.342045231072
59.125    0.342045231072
59.25    0.342045231072
59.375    0.342045231072
59.5    0.346725663717
59.625    0.346725663717
59.75    0.346725663717
59.875    0.346725663717
60.0    0.342045231072
60.125    0.342045231072
60.25    0.342045231072
60.375    0.342045231072
60.5    0.340727630285
60.625    0.340727630285
60.75    0.340727630285
60.875    0.340727630285
61.0    0.34151425762
61.125    0.341927236971
61.25    0.341927236971
61.375    0.341927236971
61.5    0.342536873156
61.625    0.342536873156
61.75    0.342812192724
61.875    0.342812192724
62.0    0.343559488692
62.125    0.343559488692
62.25    0.343559488692
62.375    0.343559488692
62.5    0.343264503442
62.625    0.343264503442
62.75    0.343264503442
62.875    0.344680432645
63.0    0.343874139626
63.125    0.343874139626
63.25    0.343874139626
63.375    0.343874139626
63.5    0.347944936087
63.625    0.347944936087
63.75    0.347944936087
63.875    0.347944936087
64.0    0.344916420846
64.125    0.344916420846
64.25    0.344916420846
64.375    0.344916420846
64.5    0.346332350049
64.625    0.346332350049
64.75    0.346332350049
64.875    0.346135693215
65.0    0.338800393314
65.125    0.338800393314
65.25    0.338800393314
65.375    0.338800393314
65.5    0.34151425762
65.625    0.34151425762
65.75    0.34151425762
65.875    0.34151425762
66.0    0.337895771878
66.125    0.337895771878
66.25    0.337895771878
66.375    0.333470993117
66.5    0.341022615536
66.625    0.341022615536
66.75    0.341022615536
66.875    0.341022615536
67.0    0.339646017699
67.125    0.339646017699
67.25    0.339646017699
67.375    0.339646017699
67.5    0.341612586037
67.625    0.341612586037
67.75    0.341612586037
67.875    0.341612586037
68.0    0.342890855457
68.125    0.342890855457
68.25    0.342890855457
68.375    0.342890855457
68.5    0.341061946903
68.625    0.341061946903
68.75    0.341061946903
68.875    0.340943952802
69.0    0.346273352999
69.125    0.346194690265
69.25    0.346194690265
69.375    0.346194690265
69.5    0.345486725664
69.625    0.34534906588
69.75    0.34534906588
69.875    0.34534906588
70.0    0.341789577188
70.125    0.341789577188
70.25    0.341789577188
70.375    0.341789577188
70.5    0.342949852507
70.625    0.342949852507
70.75    0.342949852507
70.875    0.342949852507
71.0    0.341553588987
71.125    0.341553588987
71.25    0.341671583088
71.375    0.341671583088
71.5    0.347531956735
71.625    0.354139626352
71.75    0.354139626352
71.875    0.350029498525
72.0    0.349164208456
72.125    0.349164208456
72.25    0.349164208456
72.375    0.349164208456
72.5    0.34133726647
72.625    0.34133726647
72.75    0.341061946903
72.875    0.341061946903
73.0    0.340904621436
73.125    0.340904621436
73.25    0.341553588987
73.375    0.341553588987
73.5    0.345781710914
73.625    0.345781710914
73.75    0.345781710914
73.875    0.345781710914
74.0    0.351602753196
74.125    0.351602753196
74.25    0.351602753196
74.375    0.351602753196
74.5    0.350599803343
74.625    0.350127826942
74.75    0.350127826942
74.875    0.340098328417
75.0    0.346725663717
75.125    0.346037364798
75.25    0.347079646018
75.375    0.347079646018
75.5    0.35604719764
75.625    0.35604719764
75.75    0.356184857424
75.875    0.356322517207
76.0    0.355162241888
76.125    0.355634218289
76.25    0.355634218289
76.375    0.351937069813
76.5    0.34668633235
76.625    0.34668633235
76.75    0.34668633235
76.875    0.34668633235
77.0    0.341632251721
77.125    0.341632251721
77.25    0.341632251721
77.375    0.345054080629
77.5    0.355398230088
77.625    0.355398230088
77.75    0.355378564405
77.875    0.354985250737
78.0    0.347610619469
78.125    0.349439528024
78.25    0.34802359882
78.375    0.350245821042
78.5    0.349813176008
78.625    0.349262536873
78.75    0.349262536873
78.875    0.349262536873
79.0    0.35203539823
79.125    0.35470993117
79.25    0.354670599803
79.375    0.345427728614
79.5    0.351386430678
79.625    0.351779744346
79.75    0.352428711898
79.875    0.352782694199
80.0    0.353647984267
80.125    0.351248770895
80.25    0.351248770895
80.375    0.355555555556
80.5    0.35866273353
80.625    0.35866273353
80.75    0.359901671583
80.875    0.365624385447
81.0    0.353097345133
81.125    0.354670599803
81.25    0.355476892822
81.375    0.357876106195
81.5    0.349636184857
81.625    0.349636184857
81.75    0.351130776794
81.875    0.351779744346
82.0    0.35878072763
82.125    0.354788593904
82.25    0.362969518191
82.375    0.360491642085
82.5    0.32941986234
82.625    0.32941986234
82.75    0.351878072763
82.875    0.344247787611
83.0    0.35744346116
83.125    0.35744346116
83.25    0.358367748279
83.375    0.358367748279
83.5    0.355909537856
83.625    0.357404129794
83.75    0.357404129794
83.875    0.357404129794
84.0    0.337010816126
84.125    0.337010816126
84.25    0.335909537856
84.375    0.338505408063
84.5    0.348593903638
84.625    0.349105211406
84.75    0.349832841691
84.875    0.349832841691
85.0    0.368888888889
85.125    0.368888888889
85.25    0.368888888889
85.375    0.359115044248
85.5    0.358918387414
85.625    0.358938053097
85.75    0.358938053097
85.875    0.360078662734
86.0    0.356086529007
86.125    0.351150442478
86.25    0.354690265487
86.375    0.356086529007
86.5    0.358505408063
86.625    0.359075712881
86.75    0.357915437561
86.875    0.357915437561
87.0    0.345486725664
87.125    0.347374631268
87.25    0.348121927237
87.375    0.348121927237
87.5    0.355948869223
87.625    0.356440511308
87.75    0.356204523107
87.875    0.356204523107
88.0    0.353824975418
88.125    0.355417895772
88.25    0.357404129794
88.375    0.357404129794
88.5    0.364149459194
88.625    0.362890855457
88.75    0.362890855457
88.875    0.355398230088
89.0    0.357935103245
89.125    0.357935103245
89.25    0.357935103245
89.375    0.361022615536
89.5    0.35982300885
89.625    0.358190757129
89.75    0.360314650934
89.875    0.359252704031
90.0    0.347885939036
90.125    0.349596853491
90.25    0.348003933137
90.375    0.348672566372
90.5    0.355830875123
90.625    0.358938053097
90.75    0.355417895772
90.875    0.357168141593
91.0    0.343284169125
91.125    0.343284169125
91.25    0.361494591937
91.375    0.344896755162
91.5    0.354257620452
91.625    0.3531366765
91.75    0.3531366765
91.875    0.352645034415
92.0    0.357364798427
92.125    0.357364798427
92.25    0.357364798427
92.375    0.350245821042
92.5    0.341769911504
92.625    0.341769911504
92.75    0.341769911504
92.875    0.341769911504
93.0    0.359174041298
93.125    0.359174041298
93.25    0.359174041298
93.375    0.356715830875
93.5    0.35203539823
93.625    0.35203539823
93.75    0.35203539823
93.875    0.35203539823
94.0    0.342694198623
94.125    0.342694198623
94.25    0.344936086529
94.375    0.344936086529
94.5    0.35581120944
94.625    0.35592920354
94.75    0.35592920354
94.875    0.35581120944
95.0    0.358426745329
95.125    0.353864306785
95.25    0.358426745329
95.375    0.358682399213
95.5    0.353451327434
95.625    0.353451327434
95.75    0.353451327434
95.875    0.354119960669
96.0    0.350147492625
96.125    0.350147492625
96.25    0.355437561455
96.375    0.350875122911
96.5    0.335889872173
96.625    0.335889872173
96.75    0.335889872173
96.875    0.336735496559
97.0    0.340452310718
97.125    0.33994100295
97.25    0.348338249754
97.375    0.348338249754
97.5    0.340668633235
97.625    0.340373647984
97.75    0.340924287119
97.875    0.340924287119
98.0    0.353706981318
98.125    0.353529990167
98.25    0.353529990167
98.375    0.353529990167
98.5    0.349695181908
98.625    0.349498525074
98.75    0.349498525074
98.875    0.353058013766
99.0    0.347512291052
99.125    0.347512291052
99.25    0.347512291052
99.375    0.348062930187
99.5    0.358348082596
99.625    0.358348082596
99.75    0.358348082596
99.875    0.355535889872
100.0    0.350245821042
100.125    0.351425762045
100.25    0.352015732547
100.375    0.352566371681
100.5    0.34273352999
100.625    0.34273352999
100.75    0.34273352999
100.875    0.34273352999
101.0    0.336401179941
101.125    0.337128810226
101.25    0.348849557522
101.375    0.348849557522
101.5    0.356932153392
101.625    0.356932153392
101.75    0.357620452311
101.875    0.357620452311
102.0    0.348613569322
102.125    0.348613569322
102.25    0.348633235005
102.375    0.348633235005
102.5    0.336479842675
102.625    0.336479842675
102.75    0.336479842675
102.875    0.338407079646
103.0    0.340688298918
103.125    0.340688298918
103.25    0.363795476893
103.375    0.359370698132
103.5    0.351052114061
103.625    0.351052114061
103.75    0.351052114061
103.875    0.351052114061
104.0    0.346725663717
104.125    0.347118977384
104.25    0.347118977384
104.375    0.344405113078
104.5    0.335162241888
104.625    0.335280235988
104.75    0.335398230089
104.875    0.335398230089
105.0    0.349498525074
105.125    0.349459193707
105.25    0.350442477876
105.375    0.349616519174
105.5    0.356971484759
105.625    0.358269419862
105.75    0.358131760079
105.875    0.362890855457
106.0    0.349931170108
106.125    0.349931170108
106.25    0.349557522124
106.375    0.349931170108
106.5    0.353451327434
106.625    0.353451327434
106.75    0.353451327434
106.875    0.35331366765
107.0    0.348613569322
107.125    0.348613569322
107.25    0.348613569322
107.375    0.348161258604
107.5    0.343795476893
107.625    0.343795476893
107.75    0.344306784661
107.875    0.343854473943
108.0    0.329577187807
108.125    0.330167158309
108.25    0.346725663717
108.375    0.346155358899
108.5    0.34936086529
108.625    0.349596853491
108.75    0.349773844641
108.875    0.349655850541
109.0    0.358249754179
109.125    0.349498525074
109.25    0.352625368732
109.375    0.352625368732
109.5    0.346922320551
109.625    0.347295968535
109.75    0.34784660767
109.875    0.347728613569
110.0    0.349164208456
110.125    0.34936086529
110.25    0.348397246804
110.375    0.348397246804
110.5    0.33848574238
110.625    0.339646017699
110.75    0.339646017699
110.875    0.339646017699
111.0    0.338505408063
111.125    0.338505408063
111.25    0.336892822026
111.375    0.33732546706
111.5    0.349124877089
111.625    0.349124877089
111.75    0.349124877089
111.875    0.349085545723
112.0    0.337758112094
112.125    0.339292035398
112.25    0.337836774828
112.375    0.337836774828
112.5    0.337227138643
112.625    0.337227138643
112.75    0.336991150442
112.875    0.345958702065
113.0    0.350245821042
113.125    0.350462143559
113.25    0.350953785644
113.375    0.34529006883
113.5    0.337050147493
113.625    0.337069813176
113.75    0.337069813176
113.875    0.337109144543
114.0    0.337699115044
114.125    0.337699115044
114.25    0.345486725664
114.375    0.345486725664
114.5    0.336912487709
114.625    0.336873156342
114.75    0.336873156342
114.875    0.336873156342
115.0    0.344385447394
115.125    0.344385447394
115.25    0.344483775811
115.375    0.344483775811
115.5    0.349400196657
115.625    0.345309734513
115.75    0.345309734513
115.875    0.346293018682
116.0    0.338190757129
116.125    0.338053097345
116.25    0.338053097345
116.375    0.338053097345
116.5    0.344365781711
116.625    0.346902654867
116.75    0.346529006883
116.875    0.346529006883
117.0    0.346941986234
117.125    0.347335299902
117.25    0.347335299902
117.375    0.347335299902
117.5    0.35447394297
117.625    0.345565388397
117.75    0.345565388397
117.875    0.351701081613
118.0    0.351720747296
118.125    0.352369714848
118.25    0.352487708948
118.375    0.352310717797
118.5    0.346057030482
118.625    0.346057030482
118.75    0.346057030482
118.875    0.342831858407
119.0    0.330127826942
119.125    0.3467453294
119.25    0.34808259587
119.375    0.349813176008
120.0    0.336991150442
120.125    0.336243854474
120.25    0.336991150442
120.375    0.336676499508
120.5    0.345368731563
120.625    0.344936086529
120.75    0.344936086529
120.875    0.345644051131
121.0    0.346882989184
121.125    0.346882989184
121.25    0.346882989184
121.375    0.345860373648
121.5    0.344365781711
121.625    0.344326450344
121.75    0.344149459194
121.875    0.344857423795
122.0    0.352212389381
122.125    0.351268436578
122.25    0.351268436578
122.375    0.351268436578
122.5    0.338879056047
122.625    0.339154375615
122.75    0.339154375615
122.875    0.340314650934
123.0    0.324444444444
123.125    0.324444444444
123.25    0.324444444444
123.375    0.339528023599
123.5    0.33616519174
123.625    0.344464110128
123.75    0.344464110128
123.875    0.344700098328
124.0    0.346529006883
124.125    0.346529006883
124.25    0.34529006883
124.375    0.343598820059
124.5    0.337187807276
124.625    0.337876106195
124.75    0.337876106195
124.875    0.344247787611
125.0    0.354355948869
125.125    0.35453294002
125.25    0.354355948869
125.375    0.33081612586
125.5    0.335004916421
125.625    0.335752212389
125.75    0.337010816126
125.875    0.337010816126
126.0    0.354552605703
126.125    0.354788593904
126.25    0.354886922321
126.375    0.355516224189
126.5    0.345250737463
126.625    0.345250737463
126.75    0.346391347099
126.875    0.346391347099
127.0    0.345683382498
127.125    0.346293018682
127.25    0.346784660767
127.375    0.348043264503
127.5    0.336991150442
127.625    0.336991150442
127.75    0.336991150442
127.875    0.337305801377
128.0    0.336932153392
128.125    0.334867256637
128.25    0.335103244838
128.375    0.336912487709
128.5    0.33726647001
128.625    0.33726647001
128.75    0.33726647001
128.875    0.337718780728
129.0    0.351622418879
129.125    0.351347099312
129.25    0.351563421829
129.375    0.351838741396
129.5    0.337974434612
129.625    0.337974434612
129.75    0.337974434612
129.875    0.337974434612
130.0    0.344444444444
130.125    0.345054080629
130.25    0.345054080629
130.375    0.328888888889
130.5    0.338800393314
130.625    0.338800393314
130.75    0.338800393314
130.875    0.338800393314
131.0    0.337482792527
131.125    0.337600786627
131.25    0.337600786627
131.375    0.337482792527
131.5    0.349124877089
131.625    0.349124877089
131.75    0.349341199607
131.875    0.348770894789
132.0    0.349813176008
132.125    0.352841691249
132.25    0.347728613569
132.375    0.347728613569
132.5    0.333805309735
132.625    0.334198623402
132.75    0.329773844641
132.875    0.329773844641
133.0    0.353608652901
133.125    0.354867256637
133.25    0.354867256637
133.375    0.354867256637
133.5    0.351248770895
133.625    0.3532546706
133.75    0.353117010816
133.875    0.352055063913
134.0    0.332861356932
134.125    0.33447394297
134.25    0.334926253687
134.375    0.333628318584
134.5    0.338328416912
134.625    0.338898721731
134.75    0.338898721731
134.875    0.338898721731
135.0    0.340255653884
135.125    0.340255653884
135.25    0.340865290069
135.375    0.340865290069
135.5    0.334198623402
135.625    0.334434611603
135.75    0.334434611603
135.875    0.333805309735
136.0    0.338761061947
136.125    0.335260570305
136.25    0.335260570305
136.375    0.358171091445
136.5    0.353018682399
136.625    0.352645034415
136.75    0.352645034415
136.875    0.352645034415
137.0    0.340019665683
137.125    0.340019665683
137.25    0.340019665683
137.375    0.340019665683
137.5    0.328357915438
137.625    0.340707964602
137.75    0.341494591937
137.875    0.341494591937
138.0    0.33598820059
138.125    0.33587020649
138.25    0.336342182891
138.375    0.337109144543
138.5    0.326882989184
138.625    0.326882989184
138.75    0.326882989184
138.875    0.3401179941
139.0    0.340157325467
139.125    0.340157325467
139.25    0.338033431662
139.375    0.338033431662
139.5    0.33598820059
139.625    0.33598820059
139.75    0.335555555556
139.875    0.33598820059
140.0    0.336951819076
140.125    0.336951819076
140.25    0.336951819076
140.375    0.336951819076
140.5    0.336912487709
140.625    0.336932153392
140.75    0.336932153392
140.875    0.333470993117
141.0    0.340727630285
141.125    0.341002949853
141.25    0.341002949853
141.375    0.326096361849
141.5    0.331956735497
141.625    0.330127826942
141.75    0.331956735497
141.875    0.331779744346
142.0    0.337876106195
142.125    0.338348082596
142.25    0.337010816126
142.375    0.337010816126
142.5    0.350717797443
142.625    0.350717797443
142.75    0.350894788594
142.875    0.351012782694
143.0    0.327217305801
143.125    0.339842674533
143.25    0.339842674533
143.375    0.336224188791
143.5    0.337699115044
143.625    0.334316617502
143.75    0.337738446411
143.875    0.337738446411
144.0    0.334198623402
144.125    0.334198623402
144.25    0.331052114061
144.375    0.331543756146
144.5    0.341789577188
144.625    0.341789577188
144.75    0.341789577188
144.875    0.341789577188
145.0    0.351032448378
145.125    0.351032448378
145.25    0.351032448378
145.375    0.351032448378
145.5    0.341297935103
145.625    0.340845624385
145.75    0.340845624385
145.875    0.340845624385
146.0    0.335339233038
146.125    0.336263520157
146.25    0.336263520157
146.375    0.336263520157
146.5    0.332664700098
146.625    0.333667649951
146.75    0.333470993117
146.875    0.333470993117
147.0    0.336381514258
147.125    0.338761061947
147.25    0.338800393314
147.375    0.337856440511
147.5    0.336735496559
147.625    0.336873156342
147.75    0.336873156342
147.875    0.338053097345
148.0    0.337010816126
148.125    0.337010816126
148.25    0.33866273353
148.375    0.33866273353
148.5    0.336361848574
148.625    0.337227138643
148.75    0.337227138643
148.875    0.337227138643
149.0    0.333588987217
149.125    0.332291052114
149.25    0.333058013766
149.375    0.3334906588
149.5    0.339901671583
149.625    0.339901671583
149.75    0.34005899705
149.875    0.340294985251
150.0    0.339115044248
150.125    0.339115044248
150.25    0.33994100295
150.375    0.33994100295
150.5    0.352448377581
150.625    0.352055063913
150.75    0.352055063913
150.875    0.352055063913
151.0    0.339331366765
151.125    0.339429695182
151.25    0.335083579154
151.375    0.337640117994
151.5    0.336499508358
151.625    0.323559488692
151.75    0.332330383481
151.875    0.333176007866
152.0    0.339213372665
152.125    0.339213372665
152.25    0.339213372665
152.375    0.339213372665
152.5    0.333746312684
152.625    0.333746312684
152.75    0.334060963618
152.875    0.334060963618
153.0    0.335142576205
153.125    0.335024582104
153.25    0.358407079646
153.375    0.340255653884
153.5    0.337463126844
153.625    0.337463126844
153.75    0.338112094395
153.875    0.339783677483
154.0    0.335653883972
154.125    0.335299901672
154.25    0.335299901672
154.375    0.335299901672
154.5    0.334690265487
154.625    0.335103244838
154.75    0.335004916421
154.875    0.358387413963
155.0    0.335634218289
155.125    0.336479842675
155.25    0.336479842675
155.375    0.336479842675
155.5    0.333982300885
155.625    0.333982300885
155.75    0.337089478859
155.875    0.338308751229
156.0    0.330127826942
156.125    0.330127826942
156.25    0.338249754179
156.375    0.338249754179
156.5    0.333392330383
156.625    0.333392330383
156.75    0.333392330383
156.875    0.333392330383
157.0    0.336499508358
157.125    0.336499508358
157.25    0.336499508358
157.375    0.336499508358
157.5    0.332999016716
157.625    0.332999016716
157.75    0.333667649951
157.875    0.331386430678
158.0    0.332291052114
158.125    0.332291052114
158.25    0.332291052114
158.375    0.332822025565
158.5    0.335476892822
158.625    0.334414945919
158.75    0.335240904621
158.875    0.336342182891
159.0    0.346450344149
159.125    0.346450344149
159.25    0.336420845624
159.375    0.336420845624
159.5    0.340570304818
159.625    0.340570304818
159.75    0.340570304818
159.875    0.340570304818
160.0    0.34017699115
160.125    0.336774827925
160.25    0.336774827925
160.375    0.332114060964
160.5    0.332664700098
160.625    0.333097345133
160.75    0.333097345133
160.875    0.333097345133
161.0    0.335968534907
161.125    0.33616519174
161.25    0.335378564405
161.375    0.335378564405
161.5    0.336774827925
161.625    0.336774827925
161.75    0.335063913471
161.875    0.336715830875
162.0    0.335004916421
162.125    0.335417895772
162.25    0.335535889872
162.375    0.335535889872
162.5    0.337974434612
162.625    0.338249754179
162.75    0.338249754179
162.875    0.338348082596
163.0    0.338446411013
163.125    0.335162241888
163.25    0.335162241888
163.375    0.335162241888
163.5    0.342123893805
163.625    0.342123893805
163.75    0.342084562439
163.875    0.342123893805
164.0    0.338112094395
164.125    0.338249754179
164.25    0.338249754179
164.375    0.335535889872
164.5    0.339528023599
164.625    0.340294985251
164.75    0.339410029499
164.875    0.340511307768
165.0    0.34418879056
165.125    0.341356932153
165.25    0.340766961652
165.375    0.340766961652
165.5    0.336735496559
165.625    0.336735496559
165.75    0.338210422812
165.875    0.338210422812
166.0    0.338230088496
166.125    0.338230088496
166.25    0.338230088496
166.375    0.338230088496
166.5    0.335948869223
166.625    0.335634218289
166.75    0.335948869223
166.875    0.335948869223
167.0    0.336873156342
167.125    0.336873156342
167.25    0.337856440511
167.375    0.338623402163
167.5    0.335948869223
167.625    0.335948869223
167.75    0.335948869223
167.875    0.336479842675
168.0    0.327590953786
168.125    0.327590953786
168.25    0.336676499508
168.375    0.338407079646
168.5    0.343461160275
168.625    0.344857423795
168.75    0.34534906588
168.875    0.345801376598
169.0    0.334985250737
169.125    0.334985250737
169.25    0.334100294985
169.375    0.334100294985
169.5    0.345604719764
169.625    0.345604719764
169.75    0.345604719764
169.875    0.325978367748
170.0    0.32784660767
170.125    0.327335299902
170.25    0.328377581121
170.375    0.328967551622
170.5    0.336794493609
170.625    0.336794493609
170.75    0.337522123894
170.875    0.336912487709
171.0    0.33750245821
171.125    0.335614552606
171.25    0.335614552606
171.375    0.333824975418
171.5    0.333333333333
171.625    0.333726647001
171.75    0.333726647001
171.875    0.33453294002
172.0    0.332310717797
172.125    0.332645034415
172.25    0.332645034415
172.375    0.332645034415
172.5    0.341120943953
172.625    0.341612586037
172.75    0.341612586037
172.875    0.34249754179
173.0    0.32517207473
173.125    0.329577187807
173.25    0.327551622419
173.375    0.328298918387
173.5    0.347197640118
173.625    0.347197640118
173.75    0.347197640118
173.875    0.342458210423
174.0    0.332645034415
174.125    0.333018682399
174.25    0.334906588004
174.375    0.334965585054
174.5    0.346705998033
174.625    0.346430678466
174.75    0.346430678466
174.875    0.346430678466
175.0    0.343677482793
175.125    0.339331366765
175.25    0.339429695182
175.375    0.339429695182
175.5    0.331563421829
175.625    0.331563421829
175.75    0.332782694199
175.875    0.332782694199
176.0    0.335614552606
176.125    0.336499508358
176.25    0.34802359882
176.375    0.348436578171
176.5    0.342969518191
176.625    0.338761061947
176.75    0.338761061947
176.875    0.338761061947
177.0    0.335535889872
177.125    0.335535889872
177.25    0.335535889872
177.375    0.335535889872
177.5    0.336794493609
177.625    0.336794493609
177.75    0.336794493609
177.875    0.33732546706
178.0    0.345054080629
178.125    0.344601769912
178.25    0.344601769912
178.375    0.344601769912
178.5    0.349105211406
178.625    0.328416912488
178.75    0.329773844641
178.875    0.329773844641
179.0    0.342930186824
179.125    0.342930186824
179.25    0.342654867257
179.375    0.343303834808
180.0    0.341297935103
180.125    0.341297935103
180.25    0.34116027532
180.375    0.338053097345
180.5    0.337089478859
180.625    0.337089478859
180.75    0.332881022616
180.875    0.333923303835
181.0    0.340648967552
181.125    0.340648967552
181.25    0.340648967552
181.375    0.348495575221
181.5    0.345073746313
181.625    0.345073746313
181.75    0.345073746313
181.875    0.345899705015
182.0    0.324680432645
182.125    0.325211406096
182.25    0.325880039331
182.375    0.342753195674
182.5    0.33476892822
182.625    0.335280235988
182.75    0.335024582104
182.875    0.335476892822
183.0    0.347551622419
183.125    0.347551622419
183.25    0.347551622419
183.375    0.347551622419
183.5    0.330599803343
183.625    0.330363815143
183.75    0.331248770895
183.875    0.331248770895
184.0    0.334159292035
184.125    0.334159292035
184.25    0.334159292035
184.375    0.334159292035
184.5    0.330324483776
184.625    0.330324483776
184.75    0.330324483776
184.875    0.330324483776
185.0    0.336460176991
185.125    0.336460176991
185.25    0.331897738446
185.375    0.331897738446
185.5    0.330422812193
185.625    0.330422812193
185.75    0.330422812193
185.875    0.330540806293
186.0    0.333864306785
186.125    0.333864306785
186.25    0.34127826942
186.375    0.34127826942
186.5    0.340766961652
186.625    0.340766961652
186.75    0.340766961652
186.875    0.337817109145
187.0    0.33069813176
187.125    0.332133726647
187.25    0.332133726647
187.375    0.331681415929
187.5    0.329557522124
187.625    0.329557522124
187.75    0.330599803343
187.875    0.330599803343
188.0    0.335437561455
188.125    0.335437561455
188.25    0.337109144543
188.375    0.337305801377
188.5    0.340235988201
188.625    0.340235988201
188.75    0.340235988201
188.875    0.340235988201
189.0    0.332330383481
189.125    0.332330383481
189.25    0.332330383481
189.375    0.332900688299
189.5    0.338820058997
189.625    0.339154375615
189.75    0.339154375615
189.875    0.339154375615
190.0    0.347413962635
190.125    0.347158308751
190.25    0.347158308751
190.375    0.343362831858
190.5    0.324306784661
190.625    0.324306784661
190.75    0.324306784661
190.875    0.320137659784
191.0    0.32529006883
191.125    0.32529006883
191.25    0.334060963618
191.375    0.334060963618
191.5    0.334611602753
191.625    0.337620452311
191.75    0.337620452311
191.875    0.337620452311
192.0    0.325329400197
192.125    0.325329400197
192.25    0.325329400197
192.375    0.322949852507
192.5    0.324877089479
192.625    0.326470009833
192.75    0.324877089479
192.875    0.324365781711
193.0    0.33215339233
193.125    0.33215339233
193.25    0.33215339233
193.375    0.33215339233
193.5    0.323756145526
193.625    0.324169124877
193.75    0.324169124877
193.875    0.324169124877
194.0    0.327020648968
194.125    0.327020648968
194.25    0.327020648968
194.375    0.327020648968
194.5    0.342772861357
194.625    0.320668633235
194.75    0.320668633235
194.875    0.328397246804
195.0    0.345152409046
195.125    0.345152409046
195.25    0.334985250737
195.375    0.334985250737
195.5    0.343716814159
195.625    0.343716814159
195.75    0.343716814159
195.875    0.338230088496
196.0    0.325821042281
196.125    0.325821042281
196.25    0.338741396264
196.375    0.338741396264
196.5    0.323480825959
196.625    0.323480825959
196.75    0.323480825959
196.875    0.324542772861
197.0    0.342143559489
197.125    0.342143559489
197.25    0.342143559489
197.375    0.342143559489
197.5    0.342320550639
197.625    0.342399213373
197.75    0.342399213373
197.875    0.343303834808
198.0    0.326450344149
198.125    0.326450344149
198.25    0.326450344149
198.375    0.326450344149
198.5    0.34
198.625    0.339272369715
198.75    0.339016715831
198.875    0.340747295969
199.0    0.33197640118
199.125    0.334336283186
199.25    0.334336283186
199.375    0.334336283186
199.5    0.334414945919
199.625    0.336007866273
199.75    0.335752212389
199.875    0.337246804326
200.0    0.336951819076
200.125    0.336951819076
200.25    0.337482792527
200.375    0.337482792527
200.5    0.336833824975
200.625    0.338328416912
200.75    0.338328416912
200.875    0.337305801377
201.0    0.345329400197
201.125    0.345329400197
201.25    0.345329400197
201.375    0.345545722714
201.5    0.336538839725
201.625    0.336538839725
201.75    0.336538839725
201.875    0.336538839725
202.0    0.342753195674
202.125    0.343225172075
202.25    0.338820058997
202.375    0.338820058997
202.5    0.330029498525
202.625    0.330029498525
202.75    0.342104228122
202.875    0.342300884956
203.0    0.335063913471
203.125    0.335063913471
203.25    0.335063913471
203.375    0.337895771878
203.5    0.338820058997
203.625    0.338820058997
203.75    0.339508357915
203.875    0.339508357915
204.0    0.342163225172
204.125    0.342163225172
204.25    0.342989183874
204.375    0.342989183874
204.5    0.326253687316
204.625    0.326764995084
204.75    0.326764995084
204.875    0.326764995084
205.0    0.342084562439
205.125    0.342084562439
205.25    0.342064896755
205.375    0.341710914454
205.5    0.33447394297
205.625    0.33447394297
205.75    0.335122910521
205.875    0.334886922321
206.0    0.335693215339
206.125    0.336873156342
206.25    0.336440511308
206.375    0.336440511308
206.5    0.328849557522
206.625    0.328849557522
206.75    0.328849557522
206.875    0.328849557522
207.0    0.319056047198
207.125    0.319429695182
207.25    0.319646017699
207.375    0.325309734513
207.5    0.336184857424
207.625    0.336184857424
207.75    0.33848574238
207.875    0.33848574238
208.0    0.344365781711
208.125    0.343972468043
208.25    0.343972468043
208.375    0.343972468043
208.5    0.326882989184
208.625    0.33075712881
208.75    0.337050147493
208.875    0.337050147493
209.0    0.325309734513
209.125    0.325309734513
209.25    0.325309734513
209.375    0.325722713864
209.5    0.341297935103
209.625    0.338308751229
209.75    0.338112094395
209.875    0.332055063913
210.0    0.327944936087
210.125    0.328436578171
210.25    0.328436578171
210.375    0.328436578171
210.5    0.33058013766
210.625    0.33058013766
210.75    0.33058013766
210.875    0.330737463127
211.0    0.325427728614
211.125    0.325427728614
211.25    0.325427728614
211.375    0.325427728614
211.5    0.327669616519
211.625    0.330776794494
211.75    0.330776794494
211.875    0.328829891839
212.0    0.332802359882
212.125    0.3332546706
212.25    0.328711897738
212.375    0.328711897738
212.5    0.33069813176
212.625    0.328279252704
212.75    0.332900688299
212.875    0.332900688299
213.0    0.327531956735
213.125    0.323146509341
213.25    0.323146509341
213.375    0.323146509341
213.5    0.325113077679
213.625    0.325113077679
213.75    0.325113077679
213.875    0.325113077679
214.0    0.340963618486
214.125    0.333274336283
214.25    0.333569321534
214.375    0.333569321534
214.5    0.32796460177
214.625    0.328298918387
214.75    0.32534906588
214.875    0.326116027532
215.0    0.331425762045
215.125    0.333923303835
215.25    0.334847590954
215.375    0.33447394297
215.5    0.334001966568
215.625    0.334001966568
215.75    0.332586037365
215.875    0.332586037365
216.0    0.332940019666
216.125    0.33191740413
216.25    0.319587020649
216.375    0.319587020649
216.5    0.326037364798
216.625    0.326037364798
216.75    0.327020648968
216.875    0.327020648968
217.0    0.329459193707
217.125    0.332782694199
217.25    0.332782694199
217.375    0.332782694199
217.5    0.323716814159
217.625    0.323992133727
217.75    0.323992133727
217.875    0.323992133727
218.0    0.328554572271
218.125    0.328554572271
218.25    0.328554572271
218.375    0.329026548673
218.5    0.32930186824
218.625    0.330993117011
218.75    0.330993117011
218.875    0.328790560472
219.0    0.331484759095
219.125    0.329400196657
219.25    0.329400196657
219.375    0.329695181908
219.5    0.32517207473
219.625    0.32517207473
219.75    0.32517207473
219.875    0.32517207473
220.0    0.325506391347
220.125    0.325880039331
220.25    0.325880039331
220.375    0.325880039331
220.5    0.324208456244
220.625    0.324208456244
220.75    0.324208456244
220.875    0.324680432645
221.0    0.34552605703
221.125    0.342772861357
221.25    0.319390363815
221.375    0.319390363815
221.5    0.323874139626
221.625    0.327492625369
221.75    0.327492625369
221.875    0.320766961652
222.0    0.327217305801
222.125    0.327217305801
222.25    0.325014749263
222.375    0.331779744346
222.5    0.326057030482
222.625    0.326057030482
222.75    0.326057030482
222.875    0.326057030482
223.0    0.332959685349
223.125    0.332959685349
223.25    0.33343166175
223.375    0.321101278269
223.5    0.32668633235
223.625    0.326725663717
223.75    0.326489675516
223.875    0.326489675516
224.0    0.332704031465
224.125    0.332704031465
224.25    0.332704031465
224.375    0.332704031465
224.5    0.327158308751
224.625    0.328200589971
224.75    0.327826941986
224.875    0.327394296952
225.0    0.324680432645
225.125    0.347492625369
225.25    0.347492625369
225.375    0.323618485742
225.5    0.32656833825
225.625    0.3265093412
225.75    0.326666666667
225.875    0.326666666667
226.0    0.322320550639
226.125    0.322320550639
226.25    0.322123893805
226.375    0.32285152409
226.5    0.321533923304
226.625    0.322772861357
226.75    0.32407079646
226.875    0.325703048181
227.0    0.330206489676
227.125    0.330206489676
227.25    0.33191740413
227.375    0.331661750246
227.5    0.335850540806
227.625    0.333628318584
227.75    0.333628318584
227.875    0.333628318584
228.0    0.320393313668
228.125    0.320393313668
228.25    0.334139626352
228.375    0.333706981318
228.5    0.329282202557
228.625    0.328770894789
228.75    0.330206489676
228.875    0.329911504425
229.0    0.325919370698
229.125    0.325919370698
229.25    0.32796460177
229.375    0.32796460177
229.5    0.332566371681
229.625    0.332566371681
229.75    0.332566371681
229.875    0.332566371681
230.0    0.335535889872
230.125    0.335535889872
230.25    0.335535889872
230.375    0.335535889872
230.5    0.322104228122
230.625    0.322104228122
230.75    0.322104228122
230.875    0.334572271386
231.0    0.329498525074
231.125    0.328967551622
231.25    0.328967551622
231.375    0.328967551622
231.5    0.33587020649
231.625    0.33587020649
231.75    0.326116027532
231.875    0.326116027532
232.0    0.327787610619
232.125    0.328318584071
232.25    0.329832841691
232.375    0.328475909538
232.5    0.328534906588
232.625    0.328456243854
232.75    0.328692232055
232.875    0.328692232055
233.0    0.325742379548
233.125    0.325742379548
233.25    0.325742379548
233.375    0.325762045231
233.5    0.331642084562
233.625    0.331937069813
233.75    0.332487708948
233.875    0.331937069813
234.0    0.327335299902
234.125    0.325663716814
234.25    0.325663716814
234.375    0.326784660767
234.5    0.320707964602
234.625    0.322458210423
234.75    0.322379547689
234.875    0.322379547689
235.0    0.341317600787
235.125    0.332723697148
235.25    0.328456243854
235.375    0.328456243854
235.5    0.327374631268
235.625    0.327374631268
235.75    0.327158308751
235.875    0.327531956735
236.0    0.331052114061
236.125    0.331602753196
236.25    0.331602753196
236.375    0.331091445428
236.5    0.325014749263
236.625    0.326647000983
236.75    0.327236971485
236.875    0.328770894789
237.0    0.327217305801
237.125    0.327217305801
237.25    0.327217305801
237.375    0.327217305801
237.5    0.325742379548
237.625    0.339390363815
237.75    0.339508357915
237.875    0.339508357915
238.0    0.324936086529
238.125    0.325113077679
238.25    0.324936086529
238.375    0.324936086529
238.5    0.328102261554
238.625    0.32918387414
238.75    0.32918387414
238.875    0.32918387414
239.0    0.326293018682
239.125    0.324149459194
239.25    0.324700098328
239.375    0.32395280236
240.0    0.326155358899
240.125    0.326155358899
240.25    0.341061946903
240.375    0.338328416912
240.5    0.326902654867
240.625    0.326470009833
240.75    0.324405113078
240.875    0.325034414946
241.0    0.331524090462
241.125    0.331524090462
241.25    0.332350049164
241.375    0.331366764995
241.5    0.324385447394
241.625    0.324385447394
241.75    0.324385447394
241.875    0.324385447394
242.0    0.334945919371
242.125    0.334945919371
242.25    0.335260570305
242.375    0.329773844641
242.5    0.323520157325
242.625    0.323520157325
242.75    0.323520157325
242.875    0.324837758112
243.0    0.331347099312
243.125    0.331779744346
243.25    0.331779744346
243.375    0.331779744346
243.5    0.334513274336
243.625    0.334513274336
243.75    0.336224188791
243.875    0.332173058014
244.0    0.325132743363
244.125    0.329459193707
244.25    0.329459193707
244.375    0.329459193707
244.5    0.325368731563
244.625    0.327197640118
244.75    0.325368731563
244.875    0.325073746313
245.0    0.323756145526
245.125    0.324149459194
245.25    0.323126843658
245.375    0.324326450344
245.5    0.333470993117
245.625    0.333392330383
245.75    0.333392330383
245.875    0.333392330383
246.0    0.334670599803
246.125    0.331563421829
246.25    0.331170108161
246.375    0.343284169125
246.5    0.336342182891
246.625    0.336342182891
246.75    0.336342182891
246.875    0.336342182891
247.0    0.323264503441
247.125    0.324346116028
247.25    0.324837758112
247.375    0.327354965585
247.5    0.337286135693
247.625    0.337286135693
247.75    0.337286135693
247.875    0.337286135693
248.0    0.329970501475
248.125    0.329970501475
248.25    0.329970501475
248.375    0.329557522124
248.5    0.331838741396
248.625    0.331838741396
248.75    0.331838741396
248.875    0.329400196657
249.0    0.326076696165
249.125    0.327040314651
249.25    0.327040314651
249.375    0.327040314651
249.5    0.339272369715
249.625    0.340216322517
249.75    0.340216322517
249.875    0.340216322517
250.0    0.33075712881
250.125    0.33075712881
250.25    0.314316617502
250.375    0.311760078663
250.5    0.314788593904
250.625    0.314788593904
250.75    0.331484759095
250.875    0.331484759095
251.0    0.323638151426
251.125    0.323638151426
251.25    0.323579154376
251.375    0.324090462144
251.5    0.323677482793
251.625    0.331838741396
251.75    0.331838741396
251.875    0.331838741396
252.0    0.322084562439
252.125    0.322222222222
252.25    0.322222222222
252.375    0.321671583088
252.5    0.325309734513
252.625    0.325309734513
252.75    0.321376597837
252.875    0.321376597837
253.0    0.337463126844
253.125    0.337463126844
253.25    0.337463126844
253.375    0.337463126844
253.5    0.32802359882
253.625    0.330009832842
253.75    0.330009832842
253.875    0.330009832842
254.0    0.327138643068
254.125    0.327138643068
254.25    0.327138643068
254.375    0.327138643068
254.5    0.333628318584
254.625    0.333628318584
254.75    0.334296951819
254.875    0.334296951819
255.0    0.326941986234
255.125    0.328298918387
255.25    0.328298918387
255.375    0.330442477876
255.5    0.32285152409
255.625    0.32285152409
255.75    0.32285152409
255.875    0.32285152409
256.0    0.324719764012
256.125    0.324719764012
256.25    0.324719764012
256.375    0.324739429695
256.5    0.323284169125
256.625    0.323284169125
256.75    0.323284169125
256.875    0.323284169125
257.0    0.327669616519
257.125    0.327669616519
257.25    0.327669616519
257.375    0.327669616519
257.5    0.32790560472
257.625    0.324169124877
257.75    0.325152409046
257.875    0.32534906588
258.0    0.326961651917
258.125    0.326961651917
258.25    0.326961651917
258.375    0.326961651917
258.5    0.333982300885
258.625    0.333982300885
258.75    0.333982300885
258.875    0.341750245821
259.0    0.334572271386
259.125    0.334572271386
259.25    0.338210422812
259.375    0.338210422812
259.5    0.324247787611
259.625    0.324424778761
259.75    0.324424778761
259.875    0.325368731563
260.0    0.330875122911
260.125    0.330875122911
260.25    0.330875122911
260.375    0.327925270403
260.5    0.324051130777
260.625    0.324562438545
260.75    0.324562438545
260.875    0.321238938053
261.0    0.322438544739
261.125    0.32383480826
261.25    0.32383480826
261.375    0.32383480826
261.5    0.325722713864
261.625    0.325722713864
261.75    0.325604719764
261.875    0.326489675516
262.0    0.325840707965
262.125    0.325840707965
262.25    0.326234021632
262.375    0.3265093412
262.5    0.324405113078
262.625    0.324405113078
262.75    0.324405113078
262.875    0.324405113078
263.0    0.337345132743
263.125    0.327748279253
263.25    0.329006882989
263.375    0.329006882989
263.5    0.325093411996
263.625    0.325093411996
263.75    0.323362831858
263.875    0.323362831858
264.0    0.339921337266
264.125    0.33738446411
264.25    0.33738446411
264.375    0.338033431662
264.5    0.34151425762
264.625    0.34151425762
264.75    0.34151425762
264.875    0.336381514258
265.0    0.330501474926
265.125    0.330501474926
265.25    0.330285152409
265.375    0.330127826942
265.5    0.335968534907
265.625    0.335968534907
265.75    0.335417895772
265.875    0.335417895772
266.0    0.325585054081
266.125    0.325801376598
266.25    0.325801376598
266.375    0.325801376598
266.5    0.335476892822
266.625    0.335476892822
266.75    0.335378564405
266.875    0.335378564405
267.0    0.32930186824
267.125    0.32930186824
267.25    0.32930186824
267.375    0.330619469027
267.5    0.313982300885
267.625    0.313982300885
267.75    0.325978367748
267.875    0.325978367748
268.0    0.316342182891
268.125    0.318505408063
268.25    0.317463126844
268.375    0.317463126844
268.5    0.336617502458
268.625    0.336617502458
268.75    0.329596853491
268.875    0.330678466077
269.0    0.326705998033
269.125    0.326725663717
269.25    0.326725663717
269.375    0.326725663717
269.5    0.319075712881
269.625    0.319803343166
269.75    0.328593903638
269.875    0.318584070796
270.0    0.313097345133
270.125    0.32941986234
270.25    0.32941986234
270.375    0.32941986234
270.5    0.326194690265
270.625    0.326194690265
270.75    0.326194690265
270.875    0.326352015733
271.0    0.327217305801
271.125    0.327217305801
271.25    0.327217305801
271.375    0.327217305801
271.5    0.319429695182
271.625    0.319842674533
271.75    0.319410029499
271.875    0.317227138643
272.0    0.317364798427
272.125    0.317364798427
272.25    0.317364798427
272.375    0.317364798427
272.5    0.327099311701
272.625    0.327099311701
272.75    0.327099311701
272.875    0.327099311701
273.0    0.328259587021
273.125    0.328259587021
273.25    0.327866273353
273.375    0.327866273353
273.5    0.320334316618
273.625    0.320589970501
273.75    0.320589970501
273.875    0.320806293019
274.0    0.328161258604
274.125    0.328161258604
274.25    0.328711897738
274.375    0.328711897738
274.5    0.320943952802
274.625    0.32145526057
274.75    0.32145526057
274.875    0.32145526057
275.0    0.316086529007
275.125    0.316086529007
275.25    0.316086529007
275.375    0.316637168142
275.5    0.331524090462
275.625    0.331307767945
275.75    0.331504424779
275.875    0.331504424779
276.0    0.316912487709
276.125    0.316951819076
276.25    0.317030481809
276.375    0.316676499508
276.5    0.329164208456
276.625    0.329164208456
276.75    0.329675516224
276.875    0.329675516224
277.0    0.315339233038
277.125    0.315339233038
277.25    0.315339233038
277.375    0.315339233038
277.5    0.3198820059
277.625    0.321081612586
277.75    0.321081612586
277.875    0.321238938053
278.0    0.321573254671
278.125    0.321573254671
278.25    0.321573254671
278.375    0.321573254671
278.5    0.31598820059
278.625    0.31598820059
278.75    0.316420845624
278.875    0.316519174041
279.0    0.317305801377
279.125    0.315476892822
279.25    0.31610619469
279.375    0.31610619469
279.5    0.321927236971
279.625    0.321927236971
279.75    0.321671583088
279.875    0.321671583088
280.0    0.322753195674
280.125    0.325191740413
280.25    0.324503441495
280.375    0.324503441495
280.5    0.320334316618
280.625    0.32017699115
280.75    0.32017699115
280.875    0.32017699115
281.0    0.318859390364
281.125    0.318859390364
281.25    0.33063913471
281.375    0.330934119961
281.5    0.315299901672
281.625    0.315299901672
281.75    0.332310717797
281.875    0.332310717797
282.0    0.320471976401
282.125    0.320471976401
282.25    0.320471976401
282.375    0.320471976401
282.5    0.322005899705
282.625    0.322005899705
282.75    0.322005899705
282.875    0.343028515241
283.0    0.326489675516
283.125    0.326489675516
283.25    0.320629301868
283.375    0.318741396264
283.5    0.319567354966
283.625    0.319567354966
283.75    0.319567354966
283.875    0.319370698132
284.0    0.319862340216
284.125    0.319862340216
284.25    0.319862340216
284.375    0.315476892822
284.5    0.319901671583
284.625    0.319901671583
284.75    0.324464110128
284.875    0.323539823009
285.0    0.31750245821
285.125    0.31750245821
285.25    0.31750245821
285.375    0.34005899705
285.5    0.327531956735
285.625    0.327531956735
285.75    0.327649950836
285.875    0.32790560472
286.0    0.320157325467
286.125    0.32116027532
286.25    0.32116027532
286.375    0.321533923304
286.5    0.320235988201
286.625    0.320235988201
286.75    0.320235988201
286.875    0.322300884956
287.0    0.324955752212
287.125    0.324955752212
287.25    0.324955752212
287.375    0.32540806293
287.5    0.313097345133
287.625    0.314414945919
287.75    0.314414945919
287.875    0.314414945919
288.0    0.326489675516
288.125    0.326489675516
288.25    0.326489675516
288.375    0.326489675516
288.5    0.335358898722
288.625    0.33616519174
288.75    0.33616519174
288.875    0.33616519174
289.0    0.33732546706
289.125    0.337246804326
289.25    0.337246804326
289.375    0.337404129794
289.5    0.317404129794
289.625    0.317404129794
289.75    0.317404129794
289.875    0.317404129794
290.0    0.322477876106
290.125    0.322477876106
290.25    0.322477876106
290.375    0.322654867257
290.5    0.320609636185
290.625    0.320609636185
290.75    0.319469026549
290.875    0.320963618486
291.0    0.311268436578
291.125    0.315830875123
291.25    0.315830875123
291.375    0.316204523107
291.5    0.318859390364
291.625    0.318859390364
291.75    0.318131760079
291.875    0.318131760079
292.0    0.323087512291
292.125    0.323087512291
292.25    0.321946902655
292.375    0.322281219272
292.5    0.312389380531
292.625    0.314847590954
292.75    0.314847590954
292.875    0.314847590954
293.0    0.31459193707
293.125    0.31459193707
293.25    0.31459193707
293.375    0.31459193707
293.5    0.320196656834
293.625    0.320963618486
293.75    0.320196656834
293.875    0.320412979351
294.0    0.319252704031
294.125    0.319252704031
294.25    0.319252704031
294.375    0.319252704031
294.5    0.311406096362
294.625    0.31209439528
294.75    0.31209439528
294.875    0.31209439528
295.0    0.314965585054
295.125    0.315122910521
295.25    0.315122910521
295.375    0.315535889872
295.5    0.314001966568
295.625    0.314001966568
295.75    0.314001966568
295.875    0.314001966568
296.0    0.315378564405
296.125    0.315378564405
296.25    0.315378564405
296.375    0.314729596853
296.5    0.329773844641
296.625    0.329773844641
296.75    0.325014749263
296.875    0.322930186824
297.0    0.313805309735
297.125    0.313805309735
297.25    0.31482792527
297.375    0.31482792527
297.5    0.319331366765
297.625    0.319331366765
297.75    0.319331366765
297.875    0.319331366765
298.0    0.319056047198
298.125    0.319056047198
298.25    0.319056047198
298.375    0.319056047198
298.5    0.317246804326
298.625    0.317246804326
298.75    0.317246804326
298.875    0.317246804326
299.0    0.326922320551
299.125    0.324326450344
299.25    0.321297935103
299.375    0.321297935103
