0.0    0.173545579478
0.125    0.163021071919
0.25    0.166468163078
0.375    0.166502519469
0.5    0.166834631241
0.625    0.160112230875
0.75    0.159986257444
0.875    0.160513055428
1.0    0.172869903802
1.125    0.16666284929
1.25    0.166868987632
1.375    0.166868987632
1.5    0.166777370591
1.625    0.166777370591
1.75    0.168289051764
1.875    0.168380668804
2.0    0.16783096656
2.125    0.167441594137
2.25    0.168254695373
2.375    0.164200641319
2.5    0.16669720568
2.625    0.169835089327
2.75    0.169846541457
2.875    0.169846541457
3.0    0.16788822721
3.125    0.17504580852
3.25    0.175229042602
3.375    0.175274851122
3.5    0.163250114521
3.625    0.164670178653
3.75    0.163250114521
3.875    0.165586349061
4.0    0.164956481906
4.125    0.165116811727
4.25    0.16665139716
4.375    0.16669720568
4.5    0.165700870362
4.625    0.152313330279
4.75    0.167189647274
4.875    0.167189647274
5.0    0.163421896473
5.125    0.16194457169
5.25    0.163353183692
5.375    0.162929454879
5.5    0.167636280348
5.625    0.167544663307
5.75    0.167544663307
5.875    0.167682088869
6.0    0.164464040311
6.125    0.164464040311
6.25    0.164464040311
6.375    0.164498396702
6.5    0.168334860284
6.625    0.168403573065
6.75    0.168380668804
6.875    0.168334860284
7.0    0.170052679798
7.125    0.159883188273
7.25    0.16193311956
7.375    0.162528630325
7.5    0.162906550618
7.625    0.163009619789
7.75    0.162666055886
7.875    0.168747136967
8.0    0.163353183692
8.125    0.16313559322
8.25    0.16313559322
8.375    0.16313559322
8.5    0.162562986716
8.625    0.154615208429
8.75    0.155142006413
8.875    0.155142006413
9.0    0.162608795236
9.125    0.162608795236
9.25    0.162597343106
9.375    0.172732478241
9.5    0.167590471828
9.625    0.168060009162
9.75    0.166468163078
9.875    0.16670865781
10.0    0.168529546496
10.125    0.168632615667
10.25    0.166124599175
10.375    0.166216216216
10.5    0.169102153
10.625    0.168976179569
10.75    0.169102153
10.875    0.169926706367
11.0    0.170442052222
11.125    0.17024736601
11.25    0.17024736601
11.375    0.170453504352
11.5    0.167682088869
11.625    0.16906779661
11.75    0.169113605131
11.875    0.153424186899
12.0    0.166972056803
12.125    0.165792487403
12.25    0.165758131012
12.375    0.165758131012
12.5    0.16665139716
12.625    0.166891891892
12.75    0.166891891892
12.875    0.167155290884
13.0    0.163605130554
13.125    0.163719651855
13.25    0.163719651855
13.375    0.163719651855
13.5    0.171220797068
13.625    0.171220797068
13.75    0.171552908841
13.875    0.161601007787
14.0    0.169411360513
14.125    0.170338983051
14.25    0.169777828676
14.375    0.169697663765
14.5    0.168918918919
14.625    0.168918918919
14.75    0.168918918919
14.875    0.168918918919
15.0    0.168689876317
15.125    0.168758589098
15.25    0.168918918919
15.375    0.167155290884
15.5    0.167338524966
15.625    0.167407237746
15.75    0.167338524966
15.875    0.167338524966
16.0    0.164063215758
16.125    0.164063215758
16.25    0.164063215758
16.375    0.164475492442
16.5    0.166055886395
16.625    0.166124599175
16.75    0.163696747595
16.875    0.160650480989
17.0    0.154420522217
17.125    0.154855703161
17.25    0.168254695373
17.375    0.168449381585
17.5    0.1702817224
17.625    0.168827301878
17.75    0.168094365552
17.875    0.167704993129
18.0    0.164567109482
18.125    0.164567109482
18.25    0.164498396702
18.375    0.164567109482
18.5    0.165288593678
18.625    0.171209344938
18.75    0.169239578562
18.875    0.157604214384
19.0    0.156481905634
19.125    0.155153458543
19.25    0.166021530005
19.375    0.170659642694
19.5    0.164177737059
19.625    0.167052221713
19.75    0.167052221713
19.875    0.166788822721
20.0    0.16668575355
20.125    0.16668575355
20.25    0.165277141548
20.375    0.16670865781
20.5    0.169583142464
20.625    0.169583142464
20.75    0.169583142464
20.875    0.169468621164
21.0    0.164899221255
21.125    0.168747136967
21.25    0.168140174072
21.375    0.168770041228
21.5    0.166914796152
21.625    0.166273476867
21.75    0.166891891892
21.875    0.165597801191
22.0    0.168380668804
22.125    0.168472285845
22.25    0.168380668804
22.375    0.168472285845
22.5    0.158955565735
22.625    0.158955565735
22.75    0.158955565735
22.875    0.159276225378
23.0    0.168712780577
23.125    0.168712780577
23.25    0.168666972057
23.375    0.168426477325
23.5    0.165735226752
23.625    0.165964269354
23.75    0.166273476867
23.875    0.165998625744
24.0    0.170980302336
24.125    0.1714612918
24.25    0.156928538708
24.375    0.154626660559
24.5    0.168701328447
24.625    0.168701328447
24.75    0.168701328447
24.875    0.165861200183
25.0    0.166353641777
25.125    0.166307833257
25.25    0.166972056803
25.375    0.169193770041
25.5    0.159974805314
25.625    0.160421438388
25.75    0.159951901054
25.875    0.160272560696
26.0    0.168082913422
26.125    0.168163078333
26.25    0.160478699038
26.375    0.160467246908
26.5    0.160810810811
26.625    0.161188731104
26.75    0.160810810811
26.875    0.160810810811
27.0    0.174312872194
27.125    0.174427393495
27.25    0.174427393495
27.375    0.174427393495
27.5    0.174759505268
27.625    0.170888685295
27.75    0.170854328905
27.875    0.170819972515
28.0    0.1678080623
28.125    0.16781951443
28.25    0.16781951443
28.375    0.168037104902
28.5    0.160054970224
28.625    0.162356848374
28.75    0.162333944114
28.875    0.162333944114
29.0    0.159448007329
29.125    0.159459459459
29.25    0.157581310124
29.375    0.157604214384
29.5    0.169892349977
29.625    0.169869445717
29.75    0.169869445717
29.875    0.169869445717
30.0    0.169331195602
30.125    0.155359596885
30.25    0.160776454421
30.375    0.161097114063
30.5    0.157604214384
30.625    0.161440677966
30.75    0.162162162162
30.875    0.162139257902
31.0    0.163582226294
31.125    0.163582226294
31.25    0.163776912506
31.375    0.164063215758
31.5    0.1607306459
31.625    0.16070774164
31.75    0.163284470912
31.875    0.160833715071
32.0    0.17147274393
32.125    0.17140403115
32.25    0.172194228126
32.375    0.165071003207
32.5    0.160478699038
32.625    0.160432890518
32.75    0.160627576729
32.875    0.160112230875
33.0    0.163593678424
33.125    0.163639486945
33.25    0.164028859368
33.375    0.163994502978
33.5    0.161704076958
33.625    0.16188731104
33.75    0.16188731104
33.875    0.163845625286
34.0    0.158657810353
34.125    0.162093449382
34.25    0.160306917087
34.375    0.163776912506
34.5    0.163811268896
34.625    0.164990838296
34.75    0.163902885937
34.875    0.161142922584
35.0    0.165071003207
35.125    0.166342189647
35.25    0.16430371049
35.375    0.166147503436
35.5    0.154638112689
35.625    0.154431974347
35.75    0.154340357306
35.875    0.154855703161
36.0    0.155542830967
36.125    0.154661016949
36.25    0.163318827302
36.375    0.163330279432
36.5    0.161245991754
36.625    0.162047640861
36.75    0.162047640861
36.875    0.162127805772
37.0    0.162895098488
37.125    0.162368300504
37.25    0.162368300504
37.375    0.162826385708
37.5    0.165551992671
37.625    0.166010077874
37.75    0.173373797526
37.875    0.173488318827
38.0    0.179523591388
38.125    0.177737059093
38.25    0.177737059093
38.375    0.180645900137
38.5    0.166136051306
38.625    0.165907008704
38.75    0.163192853871
38.875    0.162975263399
39.0    0.163765460376
39.125    0.16433806688
39.25    0.16433806688
39.375    0.164223545579
39.5    0.165162620247
39.625    0.164418231791
39.75    0.164154832799
39.875    0.163479157123
40.0    0.15831424645
40.125    0.166113147045
40.25    0.166743014201
40.375    0.16670865781
40.5    0.168277599634
40.625    0.168277599634
40.75    0.168277599634
40.875    0.168311956024
41.0    0.16312414109
41.125    0.163593678424
41.25    0.16193311956
41.375    0.159104443426
41.5    0.163834173156
41.625    0.163834173156
41.75    0.163891433807
41.875    0.163834173156
42.0    0.166456710948
42.125    0.166502519469
42.25    0.166502519469
42.375    0.167212551535
42.5    0.157226294091
42.625    0.157226294091
42.75    0.167590471828
42.875    0.157443884563
43.0    0.160833715071
43.125    0.160868071461
43.25    0.162230874943
43.375    0.164109024279
43.5    0.158967017865
43.625    0.159024278516
43.75    0.159024278516
43.875    0.159299129638
44.0    0.163983050847
44.125    0.163994502978
44.25    0.161062757673
44.375    0.164761795694
44.5    0.164784699954
44.625    0.164532753092
44.75    0.166376546038
44.875    0.165300045809
45.0    0.164933577645
45.125    0.158428767751
45.25    0.157592762254
45.375    0.157592762254
45.5    0.153286761338
45.625    0.160925332112
45.75    0.160490151168
45.875    0.162276683463
46.0    0.161646816308
46.125    0.161646816308
46.25    0.161658268438
46.375    0.161658268438
46.5    0.16189876317
46.625    0.162081997251
46.75    0.162001832341
46.875    0.165128263857
47.0    0.164784699954
47.125    0.165208428768
47.25    0.165265689418
47.375    0.165265689418
47.5    0.168701328447
47.625    0.164796152084
47.75    0.164498396702
47.875    0.168163078333
48.0    0.161543747137
48.125    0.162162162162
48.25    0.162219422813
48.375    0.162219422813
48.5    0.156642235456
48.625    0.156642235456
48.75    0.156997251489
48.875    0.158967017865
49.0    0.163845625286
49.125    0.163536417774
49.25    0.163456252863
49.375    0.163559322034
49.5    0.164841960605
49.625    0.166926248282
49.75    0.167521759047
49.875    0.167395785616
50.0    0.161016949153
50.125    0.161429225836
50.25    0.161349060925
50.375    0.161303252405
50.5    0.155325240495
50.625    0.154157123225
50.75    0.154157123225
50.875    0.154157123225
51.0    0.158245533669
51.125    0.15831424645
51.25    0.15834860284
51.375    0.158394411361
51.5    0.164005955108
51.625    0.164005955108
51.75    0.164005955108
51.875    0.161761337609
52.0    0.158222629409
52.125    0.169732020156
52.25    0.159722858452
52.375    0.159722858452
52.5    0.160135135135
52.625    0.160077874485
52.75    0.160112230875
52.875    0.160077874485
53.0    0.163662391205
53.125    0.163742556115
53.25    0.163742556115
53.375    0.163960146587
53.5    0.160925332112
53.625    0.160925332112
53.75    0.161097114063
53.875    0.161097114063
54.0    0.164624370133
54.125    0.164624370133
54.25    0.161360513055
54.375    0.154592304169
54.5    0.16187585891
54.625    0.160421438388
54.75    0.161990380211
54.875    0.16189876317
55.0    0.163971598717
55.125    0.164498396702
55.25    0.164693082913
55.375    0.164693082913
55.5    0.157020155749
55.625    0.15708886853
55.75    0.167212551535
55.875    0.167029317453
56.0    0.157260650481
56.125    0.157890517636
56.25    0.163960146587
56.375    0.166101694915
56.5    0.162276683463
56.625    0.160180943656
56.75    0.160639028859
56.875    0.16066193312
57.0    0.164521300962
57.125    0.164452588181
57.25    0.164967934036
57.375    0.164967934036
57.5    0.16312414109
57.625    0.161715529088
57.75    0.16312414109
57.875    0.16304397618
58.0    0.161486486486
58.125    0.159161704077
58.25    0.158795235914
58.375    0.159241868988
58.5    0.166124599175
58.625    0.159379294549
58.75    0.156378836464
58.875    0.156367384333
59.0    0.166342189647
59.125    0.165036646816
59.25    0.147927164453
59.375    0.158520384792
59.5    0.168724232707
59.625    0.159791571232
59.75    0.159722858452
59.875    0.159917544663
60.0    0.166731562071
60.125    0.16670865781
60.25    0.159356390289
60.375    0.15950526798
60.5    0.163960146587
60.625    0.1654489235
60.75    0.16070774164
60.875    0.156481905634
61.0    0.162803481448
61.125    0.162906550618
61.25    0.162906550618
61.375    0.160123683005
61.5    0.165048098946
61.625    0.151351351351
61.75    0.150366468163
61.875    0.150263398992
62.0    0.159310581768
62.125    0.160868071461
62.25    0.161051305543
62.375    0.161165826844
62.5    0.161841502519
62.625    0.164143380669
62.75    0.162803481448
62.875    0.16428080623
63.0    0.15949381585
63.125    0.15956252863
63.25    0.159654145671
63.375    0.159642693541
63.5    0.164704535044
63.625    0.164704535044
63.75    0.151030691709
63.875    0.162379752634
64.0    0.163845625286
64.125    0.161291800275
64.25    0.160776454421
64.375    0.160822262941
64.5    0.162162162162
64.625    0.161738433349
64.75    0.162127805772
64.875    0.162242327073
65.0    0.157615666514
65.125    0.157638570774
65.25    0.167922583601
65.375    0.174095281722
65.5    0.157031607879
65.625    0.157237746221
65.75    0.15715758131
65.875    0.15715758131
66.0    0.15838295923
66.125    0.157798900596
66.25    0.159997709574
66.375    0.158474576271
66.5    0.157329363262
66.625    0.164429683921
66.75    0.161738433349
66.875    0.161177278974
67.0    0.163937242327
67.125    0.161830050389
67.25    0.160284012826
67.375    0.161452130096
67.5    0.157947778287
67.625    0.160856619331
67.75    0.159768666972
67.875    0.159814475492
68.0    0.165540540541
68.125    0.164441136051
68.25    0.164097572148
68.375    0.164097572148
68.5    0.158474576271
68.625    0.158486028401
68.75    0.160272560696
68.875    0.159253321118
69.0    0.163158497481
69.125    0.163479157123
69.25    0.163169949611
69.375    0.160009161704
69.5    0.162562986716
69.625    0.154500687128
69.75    0.152576729272
69.875    0.152668346312
70.0    0.162070545121
70.125    0.162081997251
70.25    0.161990380211
70.375    0.161841502519
70.5    0.152221713239
70.625    0.152175904718
70.75    0.152519468621
70.875    0.152611085662
71.0    0.170132844709
71.125    0.170442052222
71.25    0.167453046267
71.375    0.168380668804
71.5    0.160822262941
71.625    0.160799358681
71.75    0.161016949153
71.875    0.158520384792
72.0    0.159230416858
72.125    0.162139257902
72.25    0.162345396244
72.375    0.162333944114
72.5    0.152817224004
72.625    0.152714154833
72.75    0.152656894182
72.875    0.152301878149
73.0    0.161452130096
73.125    0.161383417316
73.25    0.161383417316
73.375    0.148316536876
73.5    0.151454420522
73.625    0.149793861658
73.75    0.150813101237
73.875    0.163799816766
74.0    0.154569399908
74.125    0.155142006413
74.25    0.152072835547
74.375    0.15242785158
74.5    0.156218506642
74.625    0.156241410902
74.75    0.154454878607
74.875    0.155222171324
75.0    0.153859367842
75.125    0.150309207513
75.25    0.150309207513
75.375    0.150480989464
75.5    0.164177737059
75.625    0.155714612918
75.75    0.15827989006
75.875    0.156550618415
76.0    0.152519468621
76.125    0.166136051306
76.25    0.165895556574
76.375    0.166296381127
76.5    0.151683463124
76.625    0.165574896931
76.75    0.152107191938
76.875    0.152061383417
77.0    0.153825011452
77.125    0.153802107192
77.25    0.155577187357
77.375    0.153790655062
77.5    0.153996793404
77.625    0.155714612918
77.75    0.156252863033
77.875    0.155897847
78.0    0.153790655062
78.125    0.15232478241
78.25    0.15232478241
78.375    0.166067338525
78.5    0.153825011452
78.625    0.155428309666
78.75    0.155222171324
78.875    0.154924415941
79.0    0.163582226294
79.125    0.163582226294
79.25    0.163582226294
79.375    0.163559322034
79.5    0.152118644068
79.625    0.152095739808
79.75    0.155634448007
79.875    0.155680256528
80.0    0.154122766835
80.125    0.152565277142
80.25    0.154099862574
80.375    0.154191479615
80.5    0.157936326157
80.625    0.158050847458
80.75    0.155428309666
80.875    0.158669262483
81.0    0.163971598717
81.125    0.150320659643
81.25    0.15
81.375    0.15
81.5    0.157775996335
81.625    0.152565277142
81.75    0.15240494732
81.875    0.151740723775
82.0    0.153447091159
82.125    0.154695373339
82.25    0.15479844251
82.375    0.158531836922
82.5    0.157753092075
82.625    0.157295006871
82.75    0.157718735685
82.875    0.157260650481
83.0    0.161692624828
83.125    0.156103985341
83.25    0.145968850206
83.375    0.158417315621
83.5    0.151912505726
83.625    0.149026568942
83.75    0.149885478699
83.875    0.149496106276
84.0    0.155233623454
84.125    0.156115437471
84.25    0.156241410902
84.375    0.156241410902
84.5    0.147480531379
84.625    0.150309207513
84.75    0.167006413193
84.875    0.157077416399
85.0    0.159070087036
85.125    0.159310581768
85.25    0.159207512597
85.375    0.14519010536
85.5    0.154031149794
85.625    0.154603756299
85.75    0.154649564819
85.875    0.154683921209
86.0    0.151786532295
86.125    0.151786532295
86.25    0.151740723775
86.375    0.151465872652
86.5    0.169995419148
86.625    0.170064131929
86.75    0.149885478699
86.875    0.149885478699
87.0    0.158841044434
87.125    0.158875400825
87.25    0.158955565735
87.375    0.157821804856
87.5    0.1630897847
87.625    0.154477782868
87.75    0.149381584975
87.875    0.152130096198
88.0    0.155187814934
88.125    0.160341273477
88.25    0.160192395786
88.375    0.160547411819
88.5    0.155107650023
88.625    0.155164910673
88.75    0.158050847458
88.875    0.158005038937
89.0    0.154180027485
89.125    0.154076958314
89.25    0.162734768667
89.375    0.157054512139
89.5    0.14289967934
89.625    0.153034814475
89.75    0.155703160788
89.875    0.156126889601
90.0    0.153378378378
90.125    0.153069170866
90.25    0.153000458085
90.375    0.154042601924
90.5    0.157890517636
90.625    0.157661475034
90.75    0.157455336693
90.875    0.157512597343
91.0    0.156676591846
91.125    0.158692166743
91.25    0.159070087036
91.375    0.158623453962
91.5    0.170659642694
91.625    0.171243701328
91.75    0.15238204306
91.875    0.165895556574
92.0    0.14043747137
92.125    0.153412734769
92.25    0.153366926248
92.375    0.153366926248
92.5    0.148305084746
92.625    0.159150251947
92.75    0.158967017865
92.875    0.157741639945
93.0    0.156825469537
93.125    0.154386165827
93.25    0.154248740266
93.375    0.152966101695
93.5    0.154615208429
93.625    0.154454878607
93.75    0.153893724233
93.875    0.157214841961
94.0    0.153504351809
94.125    0.154099862574
94.25    0.157272102611
94.375    0.157455336693
94.5    0.162242327073
94.625    0.162265231333
94.75    0.153011910215
94.875    0.152817224004
95.0    0.155290884104
95.125    0.159619789281
95.25    0.159127347687
95.375    0.159218964727
95.5    0.15477553825
95.625    0.15478699038
95.75    0.154535043518
95.875    0.154535043518
96.0    0.146358222629
96.125    0.15829134219
96.25    0.158005038937
96.375    0.158005038937
96.5    0.158050847458
96.625    0.158005038937
96.75    0.157352267522
96.875    0.15712322492
97.0    0.155164910673
97.125    0.155164910673
97.25    0.155164910673
97.375    0.15479844251
97.5    0.151717819514
97.625    0.153847915712
97.75    0.151843792945
97.875    0.151832340815
98.0    0.158508932661
98.125    0.156058176821
98.25    0.156321575813
98.375    0.1583715071
98.5    0.152290426019
98.625    0.166067338525
98.75    0.163009619789
98.875    0.166044434265
99.0    0.158612001832
99.125    0.142739349519
99.25    0.158680714613
99.375    0.160123683005
99.5    0.162207970683
99.625    0.14877462208
99.75    0.148671552909
99.875    0.160627576729
100.0    0.157077416399
100.125    0.157043060009
100.25    0.157237746221
100.375    0.157478240953
100.5    0.160146587265
100.625    0.160776454421
100.75    0.160455794778
100.875    0.1607306459
101.0    0.162173614292
101.125    0.162322491984
101.25    0.162391204764
101.375    0.150240494732
101.5    0.157650022904
101.625    0.157650022904
101.75    0.154500687128
101.875    0.154683921209
102.0    0.157764544205
102.125    0.157833256986
102.25    0.157833256986
102.375    0.157810352726
102.5    0.157306459001
102.625    0.157306459001
102.75    0.157306459001
102.875    0.157489693083
103.0    0.1571919377
103.125    0.157615666514
103.25    0.157798900596
103.375    0.158108108108
103.5    0.154832798901
103.625    0.154890059551
103.75    0.164899221255
103.875    0.165013742556
104.0    0.157970682547
104.125    0.158153916628
104.25    0.158016491067
104.375    0.158062299588
104.5    0.162643151626
104.625    0.162666055886
104.75    0.162666055886
104.875    0.16311268896
105.0    0.161749885479
105.125    0.161623912048
105.25    0.161520842877
105.375    0.161681172698
105.5    0.160845167201
105.625    0.1642693541
105.75    0.161578103527
105.875    0.160787906551
106.0    0.155210719194
106.125    0.158715071003
106.25    0.160524507558
106.375    0.160501603298
106.5    0.158921209345
106.625    0.15948236372
106.75    0.163021071919
106.875    0.162780577187
107.0    0.157237746221
107.125    0.15714612918
107.25    0.15715758131
107.375    0.157043060009
107.5    0.158520384792
107.625    0.158417315621
107.75    0.158451672011
107.875    0.158577645442
108.0    0.156355932203
108.125    0.157008703619
108.25    0.161051305543
108.375    0.161051305543
108.5    0.158440219881
108.625    0.174415941365
108.75    0.170865781035
108.875    0.161200183234
109.0    0.160020613834
109.125    0.160249656436
109.25    0.158612001832
109.375    0.15834860284
109.5    0.178790655062
109.625    0.178710490151
109.75    0.16067338525
109.875    0.160627576729
110.0    0.157569857994
110.125    0.157775996335
110.25    0.147995877233
110.375    0.157317911131
110.5    0.159631241411
110.625    0.174931287219
110.75    0.169468621164
110.875    0.16543747137
111.0    0.152004122767
111.125    0.152622537792
111.25    0.152496564361
111.375    0.165872652313
111.5    0.161555199267
111.625    0.163330279432
111.75    0.153114979386
111.875    0.15827989006
112.0    0.149232707284
112.125    0.149026568942
112.25    0.149198350893
112.375    0.149599175447
112.5    0.160902427852
112.625    0.160295464956
112.75    0.159883188273
112.875    0.162402656894
113.0    0.161154374714
113.125    0.167704993129
113.25    0.168025652771
113.375    0.161555199267
113.5    0.16068483738
113.625    0.164223545579
113.75    0.16429225836
113.875    0.165185524508
114.0    0.162597343106
114.125    0.16306688044
114.25    0.16310123683
114.375    0.165254237288
114.5    0.161623912048
114.625    0.164635822263
114.75    0.15829134219
114.875    0.156161245992
115.0    0.170510765002
115.125    0.172950068713
115.25    0.170648190563
115.375    0.170121392579
115.5    0.163433348603
115.625    0.163696747595
115.75    0.164200641319
115.875    0.164441136051
116.0    0.155451213926
116.125    0.156527714155
116.25    0.156802565277
116.375    0.156516262025
116.5    0.157043060009
116.625    0.156905634448
116.75    0.157867613376
116.875    0.157638570774
117.0    0.152840128264
117.125    0.153836463582
117.25    0.152897388914
117.375    0.154283096656
117.5    0.166479615208
117.625    0.166067338525
117.75    0.152038479157
117.875    0.152633989922
118.0    0.174587723317
118.125    0.168071461292
118.25    0.168037104902
118.375    0.165655061842
118.5    0.154019697664
118.625    0.171071919377
118.75    0.169319743472
118.875    0.167682088869
119.0    0.162700412277
119.125    0.162528630325
119.25    0.168185982593
119.375    0.161612459918
120.0    0.158405863491
120.125    0.158841044434
120.25    0.158806688044
120.375    0.158394411361
120.5    0.151637654604
120.625    0.168426477325
120.75    0.145041227668
120.875    0.145304626661
121.0    0.172136967476
121.125    0.172148419606
121.25    0.171289509849
121.375    0.169903802107
121.5    0.155302336235
121.625    0.155119102153
121.75    0.15715758131
121.875    0.157386623912
122.0    0.159963353184
122.125    0.174278515804
122.25    0.159928996793
122.375    0.160123683005
122.5    0.17140403115
122.625    0.15836005497
122.75    0.158749427393
122.875    0.158726523133
123.0    0.164578561612
123.125    0.16547182776
123.25    0.175355016033
123.375    0.171026110857
123.5    0.161005497022
123.625    0.159734310582
123.75    0.159688502061
123.875    0.159642693541
124.0    0.148499770957
124.125    0.149060925332
124.25    0.148396701787
124.375    0.162242327073
124.5    0.160112230875
124.625    0.159974805314
124.75    0.1583715071
124.875    0.158726523133
125.0    0.15718048557
125.125    0.156584974805
125.25    0.15708886853
125.375    0.156573522675
125.5    0.154901511681
125.625    0.156218506642
125.75    0.154912963811
125.875    0.154626660559
126.0    0.156195602382
126.125    0.15715758131
126.25    0.156917086578
126.375    0.15600091617
126.5    0.157031607879
126.625    0.160799358681
126.75    0.158268437929
126.875    0.169388456253
127.0    0.167636280348
127.125    0.168185982593
127.25    0.168094365552
127.375    0.161601007787
127.5    0.167178195144
127.625    0.153664681631
127.75    0.154099862574
127.875    0.154340357306
128.0    0.161726981218
128.125    0.153664681631
128.25    0.153767750802
128.375    0.153401282639
128.5    0.15352725607
128.625    0.154981676592
128.75    0.153721942281
128.875    0.15475263399
129.0    0.15720338983
129.125    0.155760421438
129.25    0.155668804398
129.375    0.155497022446
129.5    0.156218506642
129.625    0.156229958772
129.75    0.153779202932
129.875    0.153481447549
130.0    0.149862574439
130.125    0.155382501145
130.25    0.154225836005
130.375    0.152622537792
130.5    0.152782867613
130.625    0.154397617957
130.75    0.147858451672
130.875    0.145648190563
131.0    0.159299129638
131.125    0.145785616125
131.25    0.155542830967
131.375    0.155600091617
131.5    0.152954649565
131.625    0.151866697206
131.75    0.15232478241
131.875    0.152153000458
132.0    0.154099862574
132.125    0.155508474576
132.25    0.156859825928
132.375    0.156504809895
132.5    0.156195602382
132.625    0.151958314246
132.75    0.151935409986
132.875    0.152095739808
133.0    0.159196060467
133.125    0.156241410902
133.25    0.148064590014
133.375    0.149118185983
133.5    0.15590929913
133.625    0.153721942281
133.75    0.15470682547
133.875    0.155382501145
134.0    0.155382501145
134.125    0.156333027943
134.25    0.155829134219
134.375    0.156023820431
134.5    0.147549244159
134.625    0.15001145213
134.75    0.147400366468
134.875    0.148144754924
135.0    0.147789738891
135.125    0.148969308291
135.25    0.151855245076
135.375    0.152038479157
135.5    0.157501145213
135.625    0.156871278058
135.75    0.150927622538
135.875    0.151053595969
136.0    0.14886623912
136.125    0.147343105818
136.25    0.152038479157
136.375    0.149461749885
136.5    0.163479157123
136.625    0.151763628035
136.75    0.162116353642
136.875    0.164658726523
137.0    0.149541914796
137.125    0.149713696748
137.25    0.149244159414
137.375    0.149163994503
137.5    0.15120247366
137.625    0.152164452588
137.75    0.149049473202
137.875    0.149415941365
138.0    0.151465872652
138.125    0.151797984425
138.25    0.147984425103
138.375    0.155622995877
138.5    0.150687127806
138.625    0.157684379295
138.75    0.157501145213
138.875    0.156997251489
139.0    0.153229500687
139.125    0.152908841044
139.25    0.152863032524
139.375    0.152885936784
139.5    0.148728813559
139.625    0.159241868988
139.75    0.146518552451
139.875    0.148190563445
140.0    0.151397159872
140.125    0.152027027027
140.25    0.152049931287
140.375    0.151706367384
140.5    0.152244617499
140.625    0.152496564361
140.75    0.152645442052
140.875    0.153137883646
141.0    0.146598717361
141.125    0.146701786532
141.25    0.144709115896
141.375    0.148717361429
141.5    0.161051305543
141.625    0.161429225836
141.75    0.145167201099
141.875    0.145029775538
142.0    0.145430600092
142.125    0.156481905634
142.25    0.156184150252
142.375    0.155497022446
142.5    0.152702702703
142.625    0.153756298672
142.75    0.148064590014
142.875    0.148465414567
143.0    0.149141090243
143.125    0.152462207971
143.25    0.152233165369
143.375    0.151672010994
143.5    0.156103985341
143.625    0.152863032524
143.75    0.15115666514
143.875    0.161085661933
144.0    0.143311956024
144.125    0.143540998626
144.25    0.161314704535
144.375    0.163284470912
144.5    0.161177278974
144.625    0.154855703161
144.75    0.144273934952
144.875    0.137253779203
145.0    0.154580852038
145.125    0.145396243701
145.25    0.145636738433
145.375    0.14524736601
145.5    0.155657352268
145.625    0.155680256528
145.75    0.155634448007
145.875    0.155279431974
146.0    0.147068254695
146.125    0.149896930829
146.25    0.150309207513
146.375    0.148946404031
146.5    0.161051305543
146.625    0.152450755841
146.75    0.15239349519
146.875    0.15240494732
147.0    0.149267063674
147.125    0.148923499771
147.25    0.148923499771
147.375    0.149083829592
147.5    0.150675675676
147.625    0.150572606505
147.75    0.150893266148
147.875    0.150893266148
148.0    0.144789280806
148.125    0.145144296839
148.25    0.155096197893
148.375    0.141399450298
148.5    0.14284241869
148.625    0.144491525424
148.75    0.142601923958
148.875    0.146037562987
149.0    0.150458085204
149.125    0.150572606505
149.25    0.150549702245
149.375    0.152611085662
149.5    0.162711864407
149.625    0.147972972973
149.75    0.148305084746
149.875    0.148488318827
150.0    0.152141548328
150.125    0.152576729272
150.25    0.151442968392
150.375    0.155267979844
150.5    0.153916628493
150.625    0.151614750344
150.75    0.151614750344
150.875    0.151706367384
151.0    0.161280348145
151.125    0.144251030692
151.25    0.154958772332
151.375    0.154867155291
151.5    0.152679798443
151.625    0.155634448007
151.75    0.155874942739
151.875    0.156138341732
152.0    0.151316994961
152.125    0.154512139258
152.25    0.154191479615
152.375    0.15830279432
152.5    0.152633989922
152.625    0.152840128264
152.75    0.166994961063
152.875    0.155531378836
153.0    0.153664681631
153.125    0.153378378378
153.25    0.15356161246
153.375    0.15356161246
153.5    0.150526797984
153.625    0.150469537334
153.75    0.150584058635
153.875    0.150320659643
154.0    0.150710032066
154.125    0.150503893724
154.25    0.150446633074
154.375    0.150904718278
154.5    0.151316994961
154.625    0.151465872652
154.75    0.151820888685
154.875    0.149198350893
155.0    0.150595510765
155.125    0.149816765918
155.25    0.148660100779
155.375    0.149553366926
155.5    0.151843792945
155.625    0.151603298213
155.75    0.151946862116
155.875    0.152198808978
156.0    0.156229958772
156.125    0.153126431516
156.25    0.153103527256
156.375    0.150263398992
156.5    0.150687127806
156.625    0.150996335318
156.75    0.150881814017
156.875    0.152313330279
157.0    0.14880897847
157.125    0.158921209345
157.25    0.152267521759
157.375    0.152278973889
157.5    0.145602382043
157.625    0.145568025653
157.75    0.144205222171
157.875    0.1476408612
158.0    0.147045350435
158.125    0.148064590014
158.25    0.147366010078
158.375    0.146793403573
158.5    0.148957856161
158.625    0.147262940907
158.75    0.149507558406
158.875    0.148728813559
159.0    0.15124828218
159.125    0.151362803481
159.25    0.153916628493
159.375    0.150618415025
159.5    0.152748511223
159.625    0.152759963353
159.75    0.152496564361
159.875    0.142567567568
160.0    0.157993586807
160.125    0.144594594595
160.25    0.156699496106
160.375    0.152198808978
160.5    0.150194686212
160.625    0.150664223546
160.75    0.14639257902
160.875    0.146781951443
161.0    0.146965185524
161.125    0.147434722858
161.25    0.147045350435
161.375    0.146804855703
161.5    0.147514887769
161.625    0.146862116354
161.75    0.147262940907
161.875    0.147457627119
162.0    0.147801191022
162.125    0.149186898763
162.25    0.149404489235
162.375    0.149519010536
162.5    0.152851580394
162.625    0.153321117728
162.75    0.153721942281
162.875    0.152187356848
163.0    0.155130554283
163.125    0.155416857535
163.25    0.142006413193
163.375    0.155142006413
163.5    0.14644983967
163.625    0.143655519927
163.75    0.146197892808
163.875    0.156607879066
164.0    0.151912505726
164.125    0.136039853413
164.25    0.137631699496
164.375    0.136337608795
164.5    0.149427393495
164.625    0.148247824095
164.75    0.148373797526
164.875    0.148534127348
165.0    0.145716903344
165.125    0.156252863033
165.25    0.154844251031
165.375    0.161051305543
165.5    0.143460833715
165.625    0.143437929455
165.75    0.147503435639
165.875    0.154477782868
166.0    0.148224919835
166.125    0.148648648649
166.25    0.149244159414
166.375    0.149129638113
166.5    0.149186898763
166.625    0.149599175447
166.75    0.149839670179
166.875    0.149656436097
167.0    0.137104901512
167.125    0.136967475951
167.25    0.167292716445
167.375    0.167556115437
167.5    0.152920293175
167.625    0.1428080623
167.75    0.142956939991
167.875    0.142991296381
168.0    0.150263398992
168.125    0.150664223546
168.25    0.150125973431
168.375    0.150687127806
168.5    0.148557031608
168.625    0.147182775996
168.75    0.148522675218
168.875    0.14885478699
169.0    0.151557489693
169.125    0.151637654604
169.25    0.151477324782
169.375    0.151603298213
169.5    0.150710032066
169.625    0.150710032066
169.75    0.150744388456
169.875    0.152885936784
170.0    0.145957398076
170.125    0.159138799817
170.25    0.158669262483
170.375    0.145751259734
170.5    0.148282180486
170.625    0.148339441136
170.75    0.145419147962
170.875    0.145361887311
171.0    0.149851122309
171.125    0.149828218049
171.25    0.149667888227
171.375    0.149553366926
171.5    0.150332111773
171.625    0.150320659643
171.75    0.150251946862
171.875    0.150171781951
172.0    0.156023820431
172.125    0.149370132845
172.25    0.153229500687
172.375    0.150618415025
172.5    0.150675675676
172.625    0.153447091159
172.75    0.15357306459
172.875    0.153424186899
173.0    0.14522446175
173.125    0.145636738433
173.25    0.145636738433
173.375    0.145407695831
173.5    0.151110856619
173.625    0.15121392579
173.75    0.151351351351
173.875    0.149427393495
174.0    0.148350893266
174.125    0.148110398534
174.25    0.146541456711
174.375    0.148579935868
174.5    0.138971598717
174.625    0.138513513514
174.75    0.151958314246
174.875    0.152015574897
175.0    0.151362803481
175.125    0.150732936326
175.25    0.150755840586
175.375    0.150767292716
175.5    0.154065506184
175.625    0.140036646816
175.75    0.141032982135
175.875    0.154397617957
176.0    0.156584974805
176.125    0.156481905634
176.25    0.157936326157
176.375    0.154420522217
176.5    0.138204306001
176.625    0.138204306001
176.75    0.152931745305
176.875    0.137918002748
177.0    0.146896472744
177.125    0.146507100321
177.25    0.147320201557
177.375    0.147411818598
177.5    0.148190563445
177.625    0.148190563445
177.75    0.148442510307
177.875    0.151271186441
178.0    0.148476866697
178.125    0.148476866697
178.25    0.148557031608
178.375    0.162207970683
178.5    0.142441594136
178.625    0.142464498397
178.75    0.151637654604
178.875    0.138685295465
179.0    0.134963353184
179.125    0.141365093907
179.25    0.154878607421
179.375    0.154878607421
180.0    0.145923041686
180.125    0.145991754466
180.25    0.139109024279
180.375    0.139200641319
180.5    0.140632157581
180.625    0.157524049473
180.75    0.14049473202
180.875    0.14759505268
181.0    0.139841960605
181.125    0.139819056344
181.25    0.139853412735
181.375    0.139990838296
181.5    0.137723316537
181.625    0.137723316537
181.75    0.13812414109
181.875    0.156584974805
182.0    0.146255153459
182.125    0.144915254237
182.25    0.143941823179
182.375    0.143540998626
182.5    0.151362803481
182.625    0.152141548328
182.75    0.14406779661
182.875    0.144480073294
183.0    0.14166284929
183.125    0.14166284929
183.25    0.141513971599
183.375    0.141170407696
183.5    0.142086578104
183.625    0.14048327989
183.75    0.140254237288
183.875    0.142258360055
184.0    0.144594594595
184.125    0.144663307375
184.25    0.144663307375
184.375    0.144640403115
184.5    0.136371965186
184.625    0.136371965186
184.75    0.143140174072
184.875    0.143151626202
185.0    0.158967017865
185.125    0.159012826386
185.25    0.159012826386
185.375    0.158737975263
185.5    0.145613834173
185.625    0.145545121393
185.75    0.146014658727
185.875    0.144777828676
186.0    0.142120934494
186.125    0.142120934494
186.25    0.142109482364
186.375    0.160971140632
186.5    0.159722858452
186.625    0.162345396244
186.75    0.162414109024
186.875    0.142120934494
187.0    0.141765918461
187.125    0.142109482364
187.25    0.142498854787
187.375    0.142372881356
187.5    0.141834631241
187.625    0.141800274851
187.75    0.141800274851
187.875    0.141754466331
188.0    0.145327530921
188.125    0.145327530921
188.25    0.145327530921
188.375    0.145396243701
188.5    0.144480073294
188.625    0.144491525424
188.75    0.134356390289
188.875    0.144491525424
189.0    0.143266147503
189.125    0.142968392121
189.25    0.143323408154
189.375    0.144354099863
189.5    0.142006413193
189.625    0.141937700412
189.75    0.142693540999
189.875    0.14285387082
190.0    0.145487860742
190.125    0.145522217132
190.25    0.145384791571
190.375    0.145419147962
190.5    0.145831424645
190.625    0.145831424645
190.75    0.146037562987
190.875    0.152301878149
191.0    0.14051763628
191.125    0.140677966102
191.25    0.140838295923
191.375    0.141204764086
191.5    0.14404489235
191.625    0.143770041228
191.75    0.143758589098
191.875    0.143369216674
192.0    0.142372881356
192.125    0.143415025195
192.25    0.144938158497
192.375    0.144892349977
192.5    0.14640403115
192.625    0.146255153459
192.75    0.146300961979
192.875    0.146678882272
193.0    0.147846999542
193.125    0.147846999542
193.25    0.147812643152
193.375    0.147812643152
193.5    0.145476408612
193.625    0.148293632616
193.75    0.148293632616
193.875    0.143804397618
194.0    0.150973431058
194.125    0.150973431058
194.25    0.153836463582
194.375    0.151271186441
194.5    0.145041227668
194.625    0.145041227668
194.75    0.144995419148
194.875    0.144995419148
195.0    0.144514429684
195.125    0.144720568026
195.25    0.144995419148
195.375    0.144972514888
195.5    0.14399908383
195.625    0.144319743472
195.75    0.144182317911
195.875    0.143861658268
196.0    0.140769583142
196.125    0.140677966102
196.25    0.150767292716
196.375    0.150870361887
196.5    0.156333027943
196.625    0.156401740724
196.75    0.156436097114
196.875    0.156436097114
197.0    0.145121392579
197.125    0.14525881814
197.25    0.145338983051
197.375    0.145098488319
197.5    0.137528630325
197.625    0.137631699496
197.75    0.137643151626
197.875    0.137356848374
198.0    0.14283096656
198.125    0.142968392121
198.25    0.143518094366
198.375    0.143231791113
198.5    0.125423728814
198.625    0.125137425561
198.75    0.132008703619
198.875    0.132237746221
199.0    0.13928080623
199.125    0.140242785158
199.25    0.140300045809
199.375    0.140300045809
199.5    0.142956939991
199.625    0.144525881814
199.75    0.144800732936
199.875    0.144628950985
200.0    0.143197434723
200.125    0.143174530463
200.25    0.143174530463
200.375    0.143174530463
200.5    0.145006871278
200.625    0.14524736601
200.75    0.145476408612
200.875    0.14524736601
201.0    0.144239578562
201.125    0.144560238204
201.25    0.144560238204
201.375    0.146083371507
201.5    0.143185982593
201.625    0.143197434723
201.75    0.143197434723
201.875    0.143197434723
202.0    0.142075125973
202.125    0.141914796152
202.25    0.146094823637
202.375    0.144205222171
202.5    0.151912505726
202.625    0.152107191938
202.75    0.152153000458
202.875    0.1523591388
203.0    0.153779202932
203.125    0.152874484654
203.25    0.153092075126
203.375    0.149874026569
203.5    0.141376546038
203.625    0.142441594136
203.75    0.142498854787
203.875    0.142475950527
204.0    0.14404489235
204.125    0.144812185066
204.25    0.144915254237
204.375    0.145087036189
204.5    0.144560238204
204.625    0.144216674301
204.75    0.144216674301
204.875    0.144216674301
205.0    0.147217132387
205.125    0.147125515346
205.25    0.147125515346
205.375    0.146862116354
205.5    0.139647274393
205.625    0.139945029776
205.75    0.139670178653
205.875    0.139670178653
206.0    0.147812643152
206.125    0.148098946404
206.25    0.147835547412
206.375    0.147835547412
206.5    0.143781493358
206.625    0.148144754924
206.75    0.148144754924
206.875    0.148144754924
207.0    0.143495190105
207.125    0.143838754008
207.25    0.143896014659
207.375    0.143896014659
207.5    0.149770957398
207.625    0.150091617041
207.75    0.147434722858
207.875    0.147423270728
208.0    0.147251488777
208.125    0.137757672927
208.25    0.137986715529
208.375    0.138215758131
208.5    0.150343563903
208.625    0.150801649107
208.75    0.150801649107
208.875    0.150492441594
209.0    0.136589555657
209.125    0.136669720568
209.25    0.146701786532
209.375    0.146747595053
209.5    0.144537333944
209.625    0.144732020156
209.75    0.144732020156
209.875    0.144777828676
210.0    0.143082913422
210.125    0.142991296381
210.25    0.143231791113
210.375    0.143323408154
210.5    0.137849289968
210.625    0.138009619789
210.75    0.138009619789
210.875    0.151065048099
211.0    0.141479615208
211.125    0.141479615208
211.25    0.14170865781
211.375    0.140174072377
211.5    0.14285387082
211.625    0.14289967934
211.75    0.142934035731
211.875    0.142750801649
212.0    0.143208886853
212.125    0.143185982593
212.25    0.143185982593
212.375    0.143185982593
212.5    0.138570774164
212.625    0.138788364636
212.75    0.138811268896
212.875    0.13925790197
213.0    0.146736142923
213.125    0.147148419606
213.25    0.16425790197
213.375    0.143907466789
213.5    0.138650939075
213.625    0.138673843335
213.75    0.138673843335
213.875    0.138593678424
214.0    0.152496564361
214.125    0.152153000458
214.25    0.152553825011
214.375    0.152496564361
214.5    0.145121392579
214.625    0.145121392579
214.75    0.14523591388
214.875    0.145396243701
215.0    0.148625744388
215.125    0.148442510307
215.25    0.148648648649
215.375    0.148717361429
215.5    0.14048327989
215.625    0.140620705451
215.75    0.13925790197
215.875    0.139200641319
216.0    0.154283096656
216.125    0.154351809437
216.25    0.154351809437
216.375    0.154351809437
216.5    0.146014658727
216.625    0.146014658727
216.75    0.146014658727
216.875    0.148179111315
217.0    0.143815849748
217.125    0.143907466789
217.25    0.143037104902
217.375    0.140174072377
217.5    0.140403114979
217.625    0.140059551076
217.75    0.14288822721
217.875    0.140677966102
218.0    0.156802565277
218.125    0.148534127348
218.25    0.149244159414
218.375    0.149244159414
218.5    0.139005955108
218.625    0.139005955108
218.75    0.139005955108
218.875    0.139005955108
219.0    0.140036646816
219.125    0.140013742556
219.25    0.143529546496
219.375    0.143529546496
219.5    0.140586349061
219.625    0.140677966102
219.75    0.140128263857
219.875    0.141937700412
220.0    0.143472285845
220.125    0.143472285845
220.25    0.143472285845
220.375    0.142132386624
220.5    0.142991296381
220.625    0.142991296381
220.75    0.143300503894
220.875    0.143037104902
221.0    0.138021071919
221.125    0.138032524049
221.25    0.13814704535
221.375    0.13814704535
221.5    0.148419606047
221.625    0.148419606047
221.75    0.148419606047
221.875    0.148453962437
222.0    0.147056802565
222.125    0.147102611086
222.25    0.147102611086
222.375    0.150836005497
222.5    0.158451672011
222.625    0.15838295923
222.75    0.131298671553
222.875    0.131298671553
223.0    0.135513055428
223.125    0.135513055428
223.25    0.135513055428
223.375    0.136039853413
223.5    0.142017865323
223.625    0.142017865323
223.75    0.142201099404
223.875    0.142201099404
224.0    0.137872194228
224.125    0.137368300504
224.25    0.135535959688
224.375    0.134253321118
224.5    0.138719651855
224.625    0.138582226294
224.75    0.138582226294
224.875    0.138582226294
225.0    0.13566193312
225.125    0.13566193312
225.25    0.135787906551
225.375    0.135810810811
225.5    0.138742556115
225.625    0.138742556115
225.75    0.137391204764
225.875    0.137368300504
226.0    0.139681630783
226.125    0.146026110857
226.25    0.146026110857
226.375    0.146083371507
226.5    0.138261566651
226.625    0.138261566651
226.75    0.138398992213
226.875    0.138398992213
227.0    0.146186440678
227.125    0.145980302336
227.25    0.146037562987
227.375    0.146003206596
227.5    0.140540540541
227.625    0.14047182776
227.75    0.14046037563
227.875    0.14052908841
228.0    0.138387540082
228.125    0.138387540082
228.25    0.128252404947
228.375    0.128378378378
228.5    0.136738433349
228.625    0.136807146129
228.75    0.138971598717
228.875    0.139177737059
229.0    0.140712322492
229.125    0.140861200183
229.25    0.141903344022
229.375    0.141078790655
229.5    0.137253779203
229.625    0.139040311498
229.75    0.137230874943
229.875    0.135421438388
230.0    0.142109482364
230.125    0.141972056803
230.25    0.141365093907
230.375    0.139670178653
230.5    0.139773247824
230.625    0.139773247824
230.75    0.139784699954
230.875    0.139876316995
231.0    0.137070545121
231.125    0.137070545121
231.25    0.137368300504
231.375    0.137070545121
231.5    0.137540082455
231.625    0.137574438846
231.75    0.137574438846
231.875    0.137574438846
232.0    0.133795235914
232.125    0.133795235914
232.25    0.13449381585
232.375    0.13449381585
232.5    0.134768666972
232.625    0.148465414567
232.75    0.135364177737
232.875    0.135444342648
233.0    0.138284470912
233.125    0.138284470912
233.25    0.138433348603
233.375    0.138433348603
233.5    0.132065964269
233.625    0.138364635822
233.75    0.138879981677
233.875    0.139464040311
234.0    0.137860742098
234.125    0.137895098488
234.25    0.137895098488
234.375    0.137895098488
234.5    0.138914338067
234.625    0.138857077416
234.75    0.138925790197
234.875    0.139028859368
235.0    0.127817224004
235.125    0.137986715529
235.25    0.13813559322
235.375    0.138238662391
235.5    0.138639486945
235.625    0.138685295465
235.75    0.138685295465
235.875    0.140242785158
236.0    0.135329821347
236.125    0.135329821347
236.25    0.138398992213
236.375    0.135558863949
236.5    0.143060009162
236.625    0.143060009162
236.75    0.140655061841
236.875    0.142453046267
237.0    0.142567567568
237.125    0.142567567568
237.25    0.142567567568
237.375    0.141743014201
237.5    0.142727897389
237.625    0.141044434265
237.75    0.140048098946
237.875    0.140071003207
238.0    0.143460833715
238.125    0.126614750344
238.25    0.126649106734
238.375    0.126568941823
238.5    0.14165139716
238.625    0.141743014201
238.75    0.139189189189
238.875    0.139830508475
239.0    0.145991754466
239.125    0.142647732478
239.25    0.119537333944
239.375    0.139922125515
240.0    0.143220338983
240.125    0.142785158039
240.25    0.132695831425
240.375    0.132672927164
240.5    0.154420522217
240.625    0.148488318827
240.75    0.145167201099
240.875    0.145167201099
241.0    0.137322491983
241.125    0.134081539166
241.25    0.134047182776
241.375    0.142143838754
241.5    0.142579019698
241.625    0.143701328447
241.75    0.142579019698
241.875    0.1428080623
242.0    0.140964269354
242.125    0.144502977554
242.25    0.143689876317
242.375    0.144159413651
242.5    0.135467246908
242.625    0.13215758131
242.75    0.132478240953
242.875    0.132295006871
243.0    0.131550618415
243.125    0.132031607879
243.25    0.131962895098
243.375    0.131939990838
243.5    0.136440677966
243.625    0.136200183234
243.75    0.136601007787
243.875    0.136772789739
244.0    0.13804397618
244.125    0.13810123683
244.25    0.13810123683
244.375    0.13810123683
244.5    0.132856161246
244.625    0.132856161246
244.75    0.132936326157
244.875    0.132936326157
245.0    0.137288135593
245.125    0.137299587723
245.25    0.137299587723
245.375    0.14759505268
245.5    0.143930371049
245.625    0.14407924874
245.75    0.14402198809
245.875    0.14402198809
246.0    0.143609711406
246.125    0.143609711406
246.25    0.144606046725
246.375    0.142155290884
246.5    0.137734768667
246.625    0.137631699496
246.75    0.137963811269
246.875    0.138845625286
247.0    0.125332111773
247.125    0.125698579936
247.25    0.139074667888
247.375    0.139074667888
247.5    0.131149793862
247.625    0.131894182318
247.75    0.131367384333
247.875    0.131653687586
248.0    0.131424644984
248.125    0.12982134677
248.25    0.12977553825
248.375    0.133508932661
248.5    0.13692166743
248.625    0.137242327073
248.75    0.137562986716
248.875    0.137620247366
249.0    0.137104901512
249.125    0.141193311956
249.25    0.137368300504
249.375    0.138032524049
249.5    0.135295464956
249.625    0.135295464956
249.75    0.135295464956
249.875    0.13574209803
250.0    0.137459917545
250.125    0.137448465415
250.25    0.138387540082
250.375    0.138238662391
250.5    0.135535959688
250.625    0.13566193312
250.75    0.135593220339
250.875    0.122079706825
251.0    0.135581768209
251.125    0.132352267522
251.25    0.132352267522
251.375    0.142201099404
251.5    0.132283554741
251.625    0.132306459001
251.75    0.132363719652
251.875    0.132340815392
252.0    0.121197892808
252.125    0.13812414109
252.25    0.137986715529
252.375    0.138009619789
252.5    0.126328447091
252.625    0.125710032066
252.75    0.136314704535
252.875    0.137322491983
253.0    0.137127805772
253.125    0.137139257902
253.25    0.137070545121
253.375    0.13693311956
253.5    0.123190563445
253.625    0.133863948694
253.75    0.136704076958
253.875    0.13688731104
254.0    0.118403573065
254.125    0.118449381585
254.25    0.125778744847
254.375    0.131836921667
254.5    0.136772789739
254.625    0.13692166743
254.75    0.137059092991
254.875    0.137459917545
255.0    0.135455794778
255.125    0.136795693999
255.25    0.137368300504
255.375    0.137425561154
255.5    0.136795693999
255.625    0.13687585891
255.75    0.13687585891
255.875    0.13687585891
256.0    0.137047640861
256.125    0.136440677966
256.25    0.136245991754
256.375    0.136188731104
256.5    0.130313788365
256.625    0.130313788365
256.75    0.133142464498
256.875    0.133165368759
257.0    0.131733852497
257.125    0.132329363262
257.25    0.132329363262
257.375    0.132581310124
257.5    0.132043060009
257.625    0.143014200641
257.75    0.142956939991
257.875    0.12613376088
258.0    0.136120018323
258.125    0.136120018323
258.25    0.136120018323
258.375    0.136990380211
258.5    0.128756298672
258.625    0.128676133761
258.75    0.128790655062
258.875    0.128870819973
259.0    0.140254237288
259.125    0.14042601924
259.25    0.141239120476
259.375    0.124748053138
259.5    0.12614521301
259.625    0.132203389831
259.75    0.13211177279
259.875    0.144571690334
260.0    0.14049473202
260.125    0.140574896931
260.25    0.157466788823
260.375    0.13688731104
260.5    0.141868987632
260.625    0.141868987632
260.75    0.135112230875
260.875    0.140609253321
261.0    0.144331195602
261.125    0.140838295923
261.25    0.140769583142
261.375    0.140769583142
261.5    0.129374713697
261.625    0.122285845167
261.75    0.128985341273
261.875    0.128985341273
262.0    0.141124599175
262.125    0.137940907009
262.25    0.139441136051
262.375    0.139532753092
262.5    0.135238204306
262.625    0.135238204306
262.75    0.127805771874
262.875    0.128092075126
263.0    0.142384333486
263.125    0.139819056344
263.25    0.139830508475
263.375    0.1285387082
263.5    0.134413650939
263.625    0.134413650939
263.75    0.136074209803
263.875    0.135936784242
264.0    0.124358680715
264.125    0.137253779203
264.25    0.139853412735
264.375    0.139922125515
264.5    0.137391204764
264.625    0.134436555199
264.75    0.134241868988
264.875    0.134092991296
265.0    0.135398534127
265.125    0.135478699038
265.25    0.135501603298
265.375    0.149244159414
265.5    0.135478699038
265.625    0.136475034356
265.75    0.136337608795
265.875    0.136337608795
266.0    0.124106733852
266.125    0.124118185983
266.25    0.124118185983
266.375    0.123202015575
266.5    0.136761337609
266.625    0.136761337609
266.75    0.133829592304
266.875    0.136818598259
267.0    0.127863032524
267.125    0.127863032524
267.25    0.135318369217
267.375    0.135112230875
267.5    0.137895098488
267.625    0.137895098488
267.75    0.137895098488
267.875    0.138731103985
268.0    0.13457398076
268.125    0.134161704077
268.25    0.134161704077
268.375    0.134161704077
268.5    0.139177737059
268.625    0.139166284929
268.75    0.138891433807
268.875    0.138914338067
269.0    0.131424644984
269.125    0.131562070545
269.25    0.131562070545
269.375    0.131447549244
269.5    0.142579019698
269.625    0.142590471828
269.75    0.139097572148
269.875    0.136646816308
270.0    0.140059551076
270.125    0.140311497939
270.25    0.142441594136
270.375    0.139189189189
270.5    0.135135135135
270.625    0.135135135135
270.75    0.135135135135
270.875    0.135135135135
271.0    0.134379294549
271.125    0.133772331654
271.25    0.134127347687
271.375    0.134127347687
271.5    0.134596885021
271.625    0.134596885021
271.75    0.134596885021
271.875    0.134734310582
272.0    0.129168575355
272.125    0.129168575355
272.25    0.129225836005
272.375    0.129523591388
272.5    0.13930371049
272.625    0.136131470453
272.75    0.135822262941
272.875    0.135089326615
273.0    0.129386165827
273.125    0.129386165827
273.25    0.128756298672
273.375    0.128687585891
273.5    0.136097114063
273.625    0.136291800275
273.75    0.136291800275
273.875    0.135020613834
274.0    0.130313788365
274.125    0.116891891892
274.25    0.130176362803
274.375    0.130164910673
274.5    0.140586349061
274.625    0.14051763628
274.75    0.140563444801
274.875    0.142327072836
275.0    0.12615666514
275.125    0.125790196977
275.25    0.125744388456
275.375    0.126316994961
275.5    0.141147503436
275.625    0.120911589556
275.75    0.14406779661
275.875    0.144113605131
276.0    0.145590929913
276.125    0.135490151168
276.25    0.143495190105
276.375    0.143357764544
276.5    0.128687585891
276.625    0.129065506184
276.75    0.129386165827
276.875    0.129523591388
277.0    0.140586349061
277.125    0.140586349061
277.25    0.140597801191
277.375    0.140368758589
277.5    0.140151168117
277.625    0.139521300962
277.75    0.139418231791
277.875    0.141536875859
278.0    0.130691708658
278.125    0.130703160788
278.25    0.130703160788
278.375    0.131985799359
278.5    0.129397617957
278.625    0.127794319743
278.75    0.131424644984
278.875    0.131413192854
279.0    0.138628034814
279.125    0.138628034814
279.25    0.153870819972
279.375    0.118208886853
279.5    0.128653229501
279.625    0.128870819973
279.75    0.127874484654
279.875    0.128733394411
280.0    0.121781951443
280.125    0.111646816308
280.25    0.12384333486
280.375    0.12384333486
280.5    0.123957856161
280.625    0.123957856161
280.75    0.123957856161
280.875    0.123969308291
281.0    0.132329363262
281.125    0.128664681631
281.25    0.12859596885
281.375    0.141983508933
281.5    0.139750343564
281.625    0.139750343564
281.75    0.139658726523
281.875    0.139704535044
282.0    0.142521759047
282.125    0.142739349519
282.25    0.142750801649
282.375    0.142796610169
282.5    0.140277141548
282.625    0.140277141548
282.75    0.140174072377
282.875    0.140174072377
283.0    0.123259276225
283.125    0.123408153917
283.25    0.122995877233
283.375    0.122755382501
283.5    0.14052908841
283.625    0.14052908841
283.75    0.140597801191
283.875    0.140597801191
284.0    0.129168575355
284.125    0.129168575355
284.25    0.129168575355
284.375    0.13094365552
284.5    0.12622537792
284.625    0.126397159872
284.75    0.130153458543
284.875    0.130153458543
285.0    0.136154374714
285.125    0.136154374714
285.25    0.135936784242
285.375    0.135925332112
285.5    0.125274851122
285.625    0.125618415025
285.75    0.125904718278
285.875    0.125904718278
286.0    0.130680256528
286.125    0.130726065048
286.25    0.129603756299
286.375    0.130164910673
286.5    0.131207054512
286.625    0.131207054512
286.75    0.131355932203
286.875    0.131573522675
287.0    0.128458543289
287.125    0.128458543289
287.25    0.128458543289
287.375    0.128641777371
287.5    0.13327989006
287.625    0.133211177279
287.75    0.133142464498
287.875    0.133234081539
288.0    0.123144754924
288.125    0.123144754924
288.25    0.123144754924
288.375    0.13930371049
288.5    0.131710948236
288.625    0.131859825928
288.75    0.131756756757
288.875    0.131653687586
289.0    0.151889601466
289.125    0.145121392579
289.25    0.145098488319
289.375    0.145098488319
289.5    0.129214383875
289.625    0.129214383875
289.75    0.129225836005
289.875    0.13090929913
290.0    0.127256069629
290.125    0.127256069629
290.25    0.127496564361
290.375    0.126706367384
290.5    0.130462666056
290.625    0.130737517178
290.75    0.131378836464
290.875    0.13211177279
291.0    0.122033898305
291.125    0.132443884563
291.25    0.132432432432
291.375    0.132432432432
291.5    0.13100091617
291.625    0.131184150252
291.75    0.131252863033
291.875    0.132741639945
292.0    0.141410902428
292.125    0.131459001374
292.25    0.131871278058
292.375    0.131951442968
292.5    0.122308749427
292.625    0.122159871736
292.75    0.122159871736
292.875    0.121885020614
293.0    0.144354099863
293.125    0.131630783326
293.25    0.131630783326
293.375    0.131630783326
293.5    0.135318369217
293.625    0.135490151168
293.75    0.135948236372
293.875    0.135409986257
294.0    0.130657352268
294.125    0.130359596885
294.25    0.130359596885
294.375    0.130359596885
294.5    0.127004122767
294.625    0.127187356848
294.75    0.12734768667
294.875    0.126981218507
295.0    0.129054054054
295.125    0.128710490151
295.25    0.127553825011
295.375    0.120659642694
295.5    0.137230874943
295.625    0.137230874943
295.75    0.137047640861
295.875    0.137139257902
296.0    0.137940907009
296.125    0.133657810353
296.25    0.133749427393
296.375    0.134138799817
296.5    0.137185066422
296.625    0.137494273935
296.75    0.13805542831
296.875    0.13810123683
297.0    0.148190563445
297.125    0.148282180486
297.25    0.148133302794
297.375    0.150389372423
297.5    0.143563902886
297.625    0.134230416858
297.75    0.134196060467
297.875    0.137608795236
298.0    0.134699954191
298.125    0.134677049931
298.25    0.134677049931
298.375    0.134928996793
298.5    0.128149335776
298.625    0.128149335776
298.75    0.128149335776
298.875    0.128149335776
299.0    0.124289967934
299.125    0.124267063674
299.25    0.124267063674
299.375    0.124175446633
