0.0    0.297402390438
0.125    0.311585657371
0.25    0.297306772908
0.375    0.298581673307
0.5    0.298486055777
0.625    0.297705179283
0.75    0.296270916335
0.875    0.290980079681
1.0    0.290549800797
1.125    0.291075697211
1.25    0.303139442231
1.375    0.29964940239
1.5    0.315426294821
1.625    0.292796812749
1.75    0.301195219124
1.875    0.312844621514
2.0    0.29206374502
2.125    0.292111553785
2.25    0.292557768924
2.375    0.292621513944
2.5    0.311792828685
2.625    0.304366533865
2.75    0.304717131474
2.875    0.303442231076
3.0    0.295585657371
3.125    0.300605577689
3.25    0.300669322709
3.375    0.300717131474
3.5    0.30028685259
3.625    0.298581673307
3.75    0.299569721116
3.875    0.29980876494
4.0    0.29964940239
4.125    0.291123505976
4.25    0.299585657371
4.375    0.30006374502
4.5    0.297370517928
4.625    0.297450199203
4.75    0.297386454183
4.875    0.297370517928
5.0    0.289641434263
5.125    0.287521912351
5.25    0.290406374502
5.375    0.284494023904
5.5    0.293179282869
5.625    0.292270916335
5.75    0.303394422311
5.875    0.303043824701
6.0    0.301784860558
6.125    0.302262948207
6.25    0.302294820717
6.375    0.300764940239
6.5    0.297992031873
6.625    0.298119521912
6.75    0.298007968127
6.875    0.298007968127
7.0    0.299346613546
7.125    0.300701195219
7.25    0.294788844622
7.375    0.297832669323
7.5    0.294932270916
7.625    0.289147410359
7.75    0.294438247012
7.875    0.294390438247
8.0    0.297035856574
8.125    0.297322709163
8.25    0.297354581673
8.375    0.297466135458
8.5    0.29622310757
8.625    0.291537848606
8.75    0.292270916335
8.875    0.292270916335
9.0    0.294167330677
9.125    0.294517928287
9.25    0.290629482072
9.375    0.290119521912
9.5    0.303888446215
9.625    0.29615936255
9.75    0.294358565737
9.875    0.293274900398
10.0    0.299091633466
10.125    0.298756972112
10.25    0.298645418327
10.375    0.301338645418
10.5    0.299729083665
10.625    0.299266932271
10.75    0.289418326693
10.875    0.289800796813
11.0    0.294374501992
11.125    0.296207171315
11.25    0.301418326693
11.375    0.301593625498
11.5    0.315537848606
11.625    0.315442231076
11.75    0.29996812749
11.875    0.299729083665
12.0    0.298071713147
12.125    0.298135458167
12.25    0.298151394422
12.375    0.297896414343
12.5    0.297163346614
12.625    0.294581673307
12.75    0.297545816733
12.875    0.298119521912
13.0    0.31574501992
13.125    0.315952191235
13.25    0.300892430279
13.375    0.309003984064
13.5    0.299011952191
13.625    0.294916334661
13.75    0.294964143426
13.875    0.294900398406
14.0    0.299139442231
14.125    0.299665338645
14.25    0.299458167331
14.375    0.288685258964
14.5    0.29980876494
14.625    0.300669322709
14.75    0.286629482072
14.875    0.287490039841
15.0    0.296876494024
15.125    0.296892430279
15.25    0.29615936255
15.375    0.275537848606
15.5    0.294725099602
15.625    0.295027888446
15.75    0.295011952191
15.875    0.297179282869
16.0    0.297227091633
16.125    0.297290836653
16.25    0.297354581673
16.375    0.297482071713
16.5    0.300541832669
16.625    0.296972111554
16.75    0.296430278884
16.875    0.296494023904
17.0    0.294645418327
17.125    0.295187250996
17.25    0.278884462151
17.375    0.298900398406
17.5    0.303266932271
17.625    0.302836653386
17.75    0.302836653386
17.875    0.299984063745
18.0    0.29612749004
18.125    0.295410358566
18.25    0.278470119522
18.375    0.295505976096
18.5    0.291490039841
18.625    0.292143426295
18.75    0.292143426295
18.875    0.303521912351
19.0    0.29609561753
19.125    0.296573705179
19.25    0.296270916335
19.375    0.294167330677
19.5    0.295729083665
19.625    0.291920318725
19.75    0.280270916335
19.875    0.280047808765
20.0    0.299442231076
20.125    0.299792828685
20.25    0.298517928287
20.375    0.292557768924
20.5    0.298374501992
20.625    0.297641434263
20.75    0.297163346614
20.875    0.297179282869
21.0    0.294916334661
21.125    0.30780876494
21.25    0.278023904382
21.375    0.296143426295
21.5    0.283553784861
21.625    0.293498007968
21.75    0.307011952191
21.875    0.307298804781
22.0    0.30025498008
22.125    0.305051792829
22.25    0.300589641434
22.375    0.300605577689
22.5    0.301689243028
22.625    0.290613545817
22.75    0.290661354582
22.875    0.303824701195
23.0    0.298103585657
23.125    0.294613545817
23.25    0.29587250996
23.375    0.296462151394
23.5    0.300509960159
23.625    0.305115537849
23.75    0.302852589641
23.875    0.304239043825
24.0    0.298247011952
24.125    0.300143426295
24.25    0.299824701195
24.375    0.285099601594
24.5    0.295442231076
24.625    0.29615936255
24.75    0.296143426295
24.875    0.295952191235
25.0    0.294980079681
25.125    0.275250996016
25.25    0.293689243028
25.375    0.293944223108
25.5    0.297147410359
25.625    0.29612749004
25.75    0.29615936255
25.875    0.296414342629
26.0    0.284557768924
26.125    0.296573705179
26.25    0.296573705179
26.375    0.281322709163
26.5    0.285386454183
26.625    0.287601593625
26.75    0.285243027888
26.875    0.287792828685
27.0    0.2843187251
27.125    0.286454183267
27.25    0.286565737052
27.375    0.286533864542
27.5    0.299075697211
27.625    0.284079681275
27.75    0.28780876494
27.875    0.292637450199
28.0    0.290645418327
28.125    0.297163346614
28.25    0.295505976096
28.375    0.297928286853
28.5    0.295665338645
28.625    0.29574501992
28.75    0.284701195219
28.875    0.301848605578
29.0    0.299250996016
29.125    0.299282868526
29.25    0.299043824701
29.375    0.298007968127
29.5    0.287250996016
29.625    0.301752988048
29.75    0.301832669323
29.875    0.302023904382
30.0    0.293864541833
30.125    0.297083665339
30.25    0.297354581673
30.375    0.296701195219
30.5    0.300430278884
30.625    0.30019123506
30.75    0.297593625498
30.875    0.297880478088
31.0    0.297689243028
31.125    0.290374501992
31.25    0.284685258964
31.375    0.28771314741
31.5    0.303314741036
31.625    0.301832669323
31.75    0.286693227092
31.875    0.287075697211
32.0    0.295952191235
32.125    0.29625498008
32.25    0.296908366534
32.375    0.296701195219
32.5    0.287314741036
32.625    0.289354581673
32.75    0.282613545817
32.875    0.280430278884
33.0    0.30012749004
33.125    0.30012749004
33.25    0.297816733068
33.375    0.298103585657
33.5    0.296398406375
33.625    0.29590438247
33.75    0.287633466135
33.875    0.27587250996
34.0    0.284972111554
34.125    0.286565737052
34.25    0.289179282869
34.375    0.287458167331
34.5    0.282804780877
34.625    0.300175298805
34.75    0.298661354582
34.875    0.298836653386
35.0    0.284573705179
35.125    0.284780876494
35.25    0.300796812749
35.375    0.295155378486
35.5    0.289960159363
35.625    0.294996015936
35.75    0.286422310757
35.875    0.286884462151
36.0    0.279952191235
36.125    0.280701195219
36.25    0.298517928287
36.375    0.279633466135
36.5    0.299505976096
36.625    0.303187250996
36.75    0.303250996016
36.875    0.296876494024
37.0    0.290007968127
37.125    0.295314741036
37.25    0.295330677291
37.375    0.295394422311
37.5    0.284302788845
37.625    0.285083665339
37.75    0.283490039841
37.875    0.285195219124
38.0    0.300239043825
38.125    0.300270916335
38.25    0.289067729084
38.375    0.289067729084
38.5    0.289737051793
38.625    0.290613545817
38.75    0.290693227092
38.875    0.290422310757
39.0    0.281593625498
39.125    0.282151394422
39.25    0.281912350598
39.375    0.282199203187
39.5    0.291219123506
39.625    0.295378486056
39.75    0.297928286853
39.875    0.297960159363
40.0    0.282900398406
40.125    0.282836653386
40.25    0.283187250996
40.375    0.283187250996
40.5    0.290756972112
40.625    0.281067729084
40.75    0.288573705179
40.875    0.277609561753
41.0    0.282390438247
41.125    0.298039840637
41.25    0.290071713147
41.375    0.290135458167
41.5    0.302071713147
41.625    0.293657370518
41.75    0.291155378486
41.875    0.288079681275
42.0    0.276302788845
42.125    0.27619123506
42.25    0.28796812749
42.375    0.280717131474
42.5    0.284589641434
42.625    0.28822310757
42.75    0.28838247012
42.875    0.288812749004
43.0    0.298262948207
43.125    0.298900398406
43.25    0.299314741036
43.375    0.291697211155
43.5    0.278661354582
43.625    0.278422310757
43.75    0.289689243028
43.875    0.286756972112
44.0    0.28806374502
44.125    0.289609561753
44.25    0.305051792829
44.375    0.28435059761
44.5    0.290980079681
44.625    0.291298804781
44.75    0.291474103586
44.875    0.275059760956
45.0    0.287235059761
45.125    0.290613545817
45.25    0.287107569721
45.375    0.284940239044
45.5    0.285370517928
45.625    0.294167330677
45.75    0.287362549801
45.875    0.290119521912
46.0    0.294581673307
46.125    0.294294820717
46.25    0.293864541833
46.375    0.296988047809
46.5    0.284334661355
46.625    0.285434262948
46.75    0.285434262948
46.875    0.289609561753
47.0    0.283250996016
47.125    0.280892430279
47.25    0.281035856574
47.375    0.291282868526
47.5    0.291250996016
47.625    0.286422310757
47.75    0.2836812749
47.875    0.289274900398
48.0    0.295346613546
48.125    0.286932270916
48.25    0.286932270916
48.375    0.286884462151
48.5    0.289625498008
48.625    0.289625498008
48.75    0.291601593626
48.875    0.289641434263
49.0    0.284207171315
49.125    0.286804780876
49.25    0.275075697211
49.375    0.302135458167
49.5    0.302039840637
49.625    0.294215139442
49.75    0.292876494024
49.875    0.294677290837
50.0    0.290358565737
50.125    0.29193625498
50.25    0.29193625498
50.375    0.292302788845
50.5    0.292
50.625    0.292749003984
50.75    0.292940239044
50.875    0.292940239044
51.0    0.289067729084
51.125    0.289067729084
51.25    0.291426294821
51.375    0.284892430279
51.5    0.283011952191
51.625    0.288988047809
51.75    0.289498007968
51.875    0.289498007968
52.0    0.276685258964
52.125    0.28835059761
52.25    0.287298804781
52.375    0.287490039841
52.5    0.28038247012
52.625    0.280780876494
52.75    0.285290836653
52.875    0.278517928287
53.0    0.282247011952
53.125    0.281832669323
53.25    0.290119521912
53.375    0.290342629482
53.5    0.293418326693
53.625    0.293944223108
53.75    0.294422310757
53.875    0.283888446215
54.0    0.285482071713
54.125    0.288334661355
54.25    0.288637450199
54.375    0.290262948207
54.5    0.285227091633
54.625    0.285768924303
54.75    0.286103585657
54.875    0.283888446215
55.0    0.276302788845
55.125    0.277768924303
55.25    0.277721115538
55.375    0.278486055777
55.5    0.285800796813
55.625    0.286422310757
55.75    0.277067729084
55.875    0.277386454183
56.0    0.282629482072
56.125    0.281896414343
56.25    0.279729083665
56.375    0.295298804781
56.5    0.290932270916
56.625    0.273721115538
56.75    0.294932270916
56.875    0.294932270916
57.0    0.279266932271
57.125    0.280207171315
57.25    0.280589641434
57.375    0.281482071713
57.5    0.293816733068
57.625    0.293673306773
57.75    0.266677290837
57.875    0.275521912351
58.0    0.282581673307
58.125    0.283107569721
58.25    0.280446215139
58.375    0.279330677291
58.5    0.282613545817
58.625    0.274836653386
58.75    0.27964940239
58.875    0.274358565737
59.0    0.277227091633
59.125    0.277466135458
59.25    0.278007968127
59.375    0.27993625498
59.5    0.280302788845
59.625    0.281099601594
59.75    0.280892430279
59.875    0.296701195219
60.0    0.273992031873
60.125    0.274199203187
60.25    0.274167330677
60.375    0.27222310757
60.5    0.282661354582
60.625    0.284047808765
60.75    0.274342629482
60.875    0.271346613546
61.0    0.274310756972
61.125    0.27171314741
61.25    0.27177689243
61.375    0.273019920319
61.5    0.281227091633
61.625    0.278278884462
61.75    0.267043824701
61.875    0.267888446215
62.0    0.282023904382
62.125    0.282199203187
62.25    0.282071713147
62.375    0.281752988048
62.5    0.280828685259
62.625    0.28412749004
62.75    0.284828685259
62.875    0.284525896414
63.0    0.279203187251
63.125    0.279203187251
63.25    0.279920318725
63.375    0.28015936255
63.5    0.265529880478
63.625    0.271697211155
63.75    0.297083665339
63.875    0.293370517928
64.0    0.289880478088
64.125    0.286406374502
64.25    0.289992031873
64.375    0.263601593625
64.5    0.274996015936
64.625    0.275760956175
64.75    0.285992031873
64.875    0.292239043825
65.0    0.287059760956
65.125    0.285035856574
65.25    0.285003984064
65.375    0.284573705179
65.5    0.268175298805
65.625    0.285131474104
65.75    0.298119521912
65.875    0.277211155378
66.0    0.280653386454
66.125    0.27996812749
66.25    0.280573705179
66.375    0.280621513944
66.5    0.270438247012
66.625    0.270772908367
66.75    0.277768924303
66.875    0.276302788845
67.0    0.297960159363
67.125    0.289258964143
67.25    0.29164940239
67.375    0.289768924303
67.5    0.281227091633
67.625    0.295521912351
67.75    0.280143426295
67.875    0.29206374502
68.0    0.305035856574
68.125    0.300509960159
68.25    0.30022310757
68.375    0.294342629482
68.5    0.280892430279
68.625    0.281418326693
68.75    0.281322709163
68.875    0.282055776892
69.0    0.282868525896
69.125    0.282103585657
69.25    0.282103585657
69.375    0.282565737052
69.5    0.283553784861
69.625    0.278310756972
69.75    0.279697211155
69.875    0.281561752988
70.0    0.300366533865
70.125    0.300685258964
70.25    0.291203187251
70.375    0.299697211155
70.5    0.278533864542
70.625    0.274262948207
70.75    0.306167330677
70.875    0.305529880478
71.0    0.298294820717
71.125    0.282486055777
71.25    0.287729083665
71.375    0.288541832669
71.5    0.285243027888
71.625    0.281402390438
71.75    0.277561752988
71.875    0.278262948207
72.0    0.307219123506
72.125    0.301864541833
72.25    0.302215139442
72.375    0.292844621514
72.5    0.285625498008
72.625    0.289752988048
72.75    0.287282868526
72.875    0.27584063745
73.0    0.287394422311
73.125    0.290374501992
73.25    0.289593625498
73.375    0.286470119522
73.5    0.304972111554
73.625    0.289657370518
73.75    0.305019920319
73.875    0.305274900398
74.0    0.279235059761
74.125    0.277625498008
74.25    0.281912350598
74.375    0.28374501992
74.5    0.297402390438
74.625    0.287505976096
74.75    0.287107569721
74.875    0.28835059761
75.0    0.276844621514
75.125    0.281450199203
75.25    0.290167330677
75.375    0.289912350598
75.5    0.292685258964
75.625    0.28796812749
75.75    0.286725099602
75.875    0.281290836653
76.0    0.281386454183
76.125    0.282071713147
76.25    0.288462151394
76.375    0.290007968127
76.5    0.291219123506
76.625    0.290533864542
76.75    0.28428685259
76.875    0.286342629482
77.0    0.290677290837
77.125    0.291729083665
77.25    0.278820717131
77.375    0.290119521912
77.5    0.289752988048
77.625    0.281976095618
77.75    0.262964143426
77.875    0.272621513944
78.0    0.291553784861
78.125    0.287888446215
78.25    0.288270916335
78.375    0.287920318725
78.5    0.287394422311
78.625    0.288111553785
78.75    0.288207171315
78.875    0.287920318725
79.0    0.284685258964
79.125    0.283569721116
79.25    0.284478087649
79.375    0.278725099602
79.5    0.296494023904
79.625    0.285625498008
79.75    0.287219123506
79.875    0.285784860558
80.0    0.267139442231
80.125    0.271155378486
80.25    0.277195219124
80.375    0.280143426295
80.5    0.278486055777
80.625    0.27990438247
80.75    0.281418326693
80.875    0.279856573705
81.0    0.287537848606
81.125    0.273657370518
81.25    0.273593625498
81.375    0.276749003984
81.5    0.272717131474
81.625    0.272478087649
81.75    0.297115537849
81.875    0.277960159363
82.0    0.269673306773
82.125    0.273035856574
82.25    0.270629482072
82.375    0.271553784861
82.5    0.27184063745
82.625    0.273466135458
82.75    0.277067729084
82.875    0.276940239044
83.0    0.290247011952
83.125    0.282852589641
83.25    0.281737051793
83.375    0.294310756972
83.5    0.278836653386
83.625    0.279091633466
83.75    0.279984063745
83.875    0.28012749004
84.0    0.282374501992
84.125    0.282454183267
84.25    0.282470119522
84.375    0.266948207171
84.5    0.293131474104
84.625    0.278007968127
84.75    0.288509960159
84.875    0.276509960159
85.0    0.281912350598
85.125    0.280079681275
85.25    0.282741035857
85.375    0.282693227092
85.5    0.281657370518
85.625    0.281354581673
85.75    0.273816733068
85.875    0.27577689243
86.0    0.28787250996
86.125    0.28812749004
86.25    0.288430278884
86.375    0.272701195219
86.5    0.282262948207
86.625    0.282262948207
86.75    0.282358565737
86.875    0.271633466135
87.0    0.280207171315
87.125    0.278501992032
87.25    0.279123505976
87.375    0.271984063745
87.5    0.286756972112
87.625    0.286007968127
87.75    0.270470119522
87.875    0.286103585657
88.0    0.287107569721
88.125    0.278390438247
88.25    0.282183266932
88.375    0.286071713147
88.5    0.289641434263
88.625    0.288
88.75    0.277051792829
88.875    0.277354581673
89.0    0.273641434263
89.125    0.274135458167
89.25    0.274215139442
89.375    0.274215139442
89.5    0.262406374502
89.625    0.282007968128
89.75    0.281721115538
89.875    0.276653386454
90.0    0.269195219124
90.125    0.269322709163
90.25    0.269466135458
90.375    0.274135458167
90.5    0.280685258964
90.625    0.280509960159
90.75    0.281450199203
90.875    0.281290836653
91.0    0.270486055777
91.125    0.270693227092
91.25    0.278438247012
91.375    0.278900398406
91.5    0.271266932271
91.625    0.266103585657
91.75    0.266103585657
91.875    0.266167330677
92.0    0.282645418327
92.125    0.282709163347
92.25    0.282820717131
92.375    0.282772908367
92.5    0.279665338645
92.625    0.279920318725
92.75    0.281434262948
92.875    0.276637450199
93.0    0.290326693227
93.125    0.28764940239
93.25    0.285992031873
93.375    0.285992031873
93.5    0.272764940239
93.625    0.272175298805
93.75    0.27212749004
93.875    0.284015936255
94.0    0.282772908367
94.125    0.282964143426
94.25    0.282980079681
94.375    0.284398406375
94.5    0.268956175299
94.625    0.269019920319
94.75    0.268988047809
94.875    0.269163346614
95.0    0.272812749004
95.125    0.273067729084
95.25    0.261051792829
95.375    0.261115537849
95.5    0.265434262948
95.625    0.280876494024
95.75    0.265529880478
95.875    0.265529880478
96.0    0.272270916335
96.125    0.274135458167
96.25    0.273593625498
96.375    0.273721115538
96.5    0.26380876494
96.625    0.26380876494
96.75    0.26387250996
96.875    0.26393625498
97.0    0.270709163347
97.125    0.272047808765
97.25    0.273147410359
97.375    0.284302788845
97.5    0.266055776892
97.625    0.269482071713
97.75    0.266087649402
97.875    0.266087649402
98.0    0.261195219124
98.125    0.276637450199
98.25    0.277003984064
98.375    0.278852589641
98.5    0.284972111554
98.625    0.284143426295
98.75    0.284398406375
98.875    0.296573705179
99.0    0.266868525896
99.125    0.271266932271
99.25    0.270980079681
99.375    0.286438247012
99.5    0.283729083665
99.625    0.284015936255
99.75    0.284079681275
99.875    0.282103585657
100.0    0.263856573705
100.125    0.262868525896
100.25    0.263888446215
100.375    0.263888446215
100.5    0.266709163347
100.625    0.265051792829
100.75    0.267187250996
100.875    0.265529880478
101.0    0.283458167331
101.125    0.280079681275
101.25    0.280079681275
101.375    0.283521912351
101.5    0.275553784861
101.625    0.275553784861
101.75    0.27561752988
101.875    0.27561752988
102.0    0.267585657371
102.125    0.267585657371
102.25    0.26787250996
102.375    0.267856573705
102.5    0.277147410359
102.625    0.277402390438
102.75    0.277402390438
102.875    0.277402390438
103.0    0.282629482072
103.125    0.282613545817
103.25    0.262565737052
103.375    0.263553784861
103.5    0.280828685259
103.625    0.281179282869
103.75    0.281115537849
103.875    0.281498007968
104.0    0.267123505976
104.125    0.267123505976
104.25    0.267123505976
104.375    0.265466135458
104.5    0.269354581673
104.625    0.269466135458
104.75    0.269450199203
104.875    0.269657370518
105.0    0.268175298805
105.125    0.268175298805
105.25    0.268239043825
105.375    0.268494023904
105.5    0.279792828685
105.625    0.279601593626
105.75    0.279601593626
105.875    0.279601593626
106.0    0.271410358566
106.125    0.271410358566
106.25    0.271665338645
106.375    0.271665338645
106.5    0.25987250996
106.625    0.25996812749
106.75    0.26
106.875    0.260015936255
107.0    0.271298804781
107.125    0.27177689243
107.25    0.270725099602
107.375    0.276956175299
107.5    0.272015936255
107.625    0.272207171315
107.75    0.272494023904
107.875    0.272637450199
108.0    0.270709163347
108.125    0.273513944223
108.25    0.271984063745
108.375    0.271298804781
108.5    0.281035856574
108.625    0.281274900398
108.75    0.281561752988
108.875    0.280701195219
109.0    0.271203187251
109.125    0.271075697211
109.25    0.271075697211
109.375    0.270804780877
109.5    0.280972111554
109.625    0.283250996016
109.75    0.272924302789
109.875    0.264812749004
110.0    0.268143426295
110.125    0.283585657371
110.25    0.271282868526
110.375    0.271282868526
110.5    0.267569721116
110.625    0.268509960159
110.75    0.268956175299
110.875    0.268047808765
111.0    0.268812749004
111.125    0.268924302789
111.25    0.269306772908
111.375    0.270071713147
111.5    0.271282868526
111.625    0.271075697211
111.75    0.271091633466
111.875    0.270103585657
112.0    0.272334661355
112.125    0.281115537849
112.25    0.280701195219
112.375    0.273211155378
112.5    0.267505976096
112.625    0.271601593625
112.75    0.271585657371
112.875    0.272446215139
113.0    0.268621513944
113.125    0.269322709163
113.25    0.269386454183
113.375    0.269386454183
113.5    0.263729083665
113.625    0.263729083665
113.75    0.264239043825
113.875    0.264239043825
114.0    0.263442231076
114.125    0.278868525896
114.25    0.281482071713
114.375    0.281482071713
114.5    0.266199203187
114.625    0.282501992032
114.75    0.262677290837
114.875    0.259585657371
115.0    0.285195219124
115.125    0.285195219124
115.25    0.283521912351
115.375    0.285657370518
115.5    0.274804780876
115.625    0.258565737052
115.75    0.275059760956
115.875    0.275601593625
116.0    0.267235059761
116.125    0.267235059761
116.25    0.267235059761
116.375    0.267250996016
116.5    0.270932270916
116.625    0.268334661355
116.75    0.268047808765
116.875    0.268796812749
117.0    0.268207171315
117.125    0.283633466135
117.25    0.285322709163
117.375    0.285322709163
117.5    0.265290836653
117.625    0.266406374502
117.75    0.269848605578
117.875    0.268573705179
118.0    0.268478087649
118.125    0.268812749004
118.25    0.266358565737
118.375    0.266581673307
118.5    0.263888446215
118.625    0.27984063745
118.75    0.27193625498
118.875    0.27187250996
119.0    0.271442231076
119.125    0.271442231076
119.25    0.273498007968
119.375    0.270039840637
120.0    0.264940239044
120.125    0.264796812749
120.25    0.265179282869
120.375    0.269227091633
120.5    0.281019920319
120.625    0.280749003984
120.75    0.265498007968
120.875    0.265848605578
121.0    0.26787250996
121.125    0.271792828685
121.25    0.271824701195
121.375    0.272015936255
121.5    0.274406374502
121.625    0.274406374502
121.75    0.274326693227
121.875    0.268940239044
122.0    0.286980079681
122.125    0.287426294821
122.25    0.284446215139
122.375    0.272079681275
122.5    0.27193625498
122.625    0.274645418327
122.75    0.272796812749
122.875    0.272764940239
123.0    0.269274900398
123.125    0.269274900398
123.25    0.269705179283
123.375    0.269737051793
123.5    0.268780876494
123.625    0.269625498008
123.75    0.269705179283
123.875    0.270231075697
124.0    0.268828685259
124.125    0.269992031873
124.25    0.269992031873
124.375    0.269800796813
124.5    0.269896414343
124.625    0.270055776892
124.75    0.258342629482
124.875    0.257003984064
125.0    0.282980079681
125.125    0.282996015936
125.25    0.283458167331
125.375    0.28377689243
125.5    0.273721115538
125.625    0.272414342629
125.75    0.272414342629
125.875    0.272637450199
126.0    0.269768924303
126.125    0.269243027888
126.25    0.268972111554
126.375    0.268924302789
126.5    0.272733067729
126.625    0.272796812749
126.75    0.270342629482
126.875    0.268940239044
127.0    0.267888446215
127.125    0.26787250996
127.25    0.267856573705
127.375    0.269768924303
127.5    0.266294820717
127.625    0.266231075697
127.75    0.266231075697
127.875    0.270007968128
128.0    0.270517928287
128.125    0.270342629482
128.25    0.270645418327
128.375    0.269498007968
128.5    0.271569721116
128.625    0.271091633466
128.75    0.270996015936
128.875    0.269099601594
129.0    0.26774501992
129.125    0.263091633466
129.25    0.261450199203
129.375    0.261258964143
129.5    0.276637450199
129.625    0.273083665339
129.75    0.273115537849
129.875    0.275697211155
130.0    0.275107569721
130.125    0.275107569721
130.25    0.275250996016
130.375    0.275569721116
130.5    0.259521912351
130.625    0.257545816733
130.75    0.257960159363
130.875    0.260828685259
131.0    0.257737051793
131.125    0.257864541833
131.25    0.262199203187
131.375    0.273992031873
131.5    0.25574501992
131.625    0.256015936255
131.75    0.2556812749
131.875    0.255920318725
132.0    0.271298804781
132.125    0.2596812749
132.25    0.276509960159
132.375    0.2756812749
132.5    0.27222310757
132.625    0.272446215139
132.75    0.269019920319
132.875    0.265338645418
133.0    0.267426294821
133.125    0.267521912351
133.25    0.266772908367
133.375    0.266629482072
133.5    0.266358565737
133.625    0.265657370518
133.75    0.266231075697
133.875    0.266980079681
134.0    0.269673306773
134.125    0.270980079681
134.25    0.270852589641
134.375    0.270677290837
134.5    0.270948207171
134.625    0.270932270916
134.75    0.271107569721
134.875    0.271155378486
135.0    0.274836653386
135.125    0.286533864542
135.25    0.287043824701
135.375    0.287043824701
135.5    0.281258964143
135.625    0.268270916335
135.75    0.268270916335
135.875    0.268446215139
136.0    0.26771314741
136.125    0.268270916335
136.25    0.2683187251
136.375    0.267569721116
136.5    0.267426294821
136.625    0.267426294821
136.75    0.267952191235
136.875    0.267952191235
137.0    0.269019920319
137.125    0.269019920319
137.25    0.269051792829
137.375    0.268956175299
137.5    0.272685258964
137.625    0.272701195219
137.75    0.264940239044
137.875    0.264940239044
138.0    0.277800796813
138.125    0.277800796813
138.25    0.277800796813
138.375    0.277848605578
138.5    0.273227091633
138.625    0.273274900398
138.75    0.273306772908
138.875    0.273274900398
139.0    0.26761752988
139.125    0.27225498008
139.25    0.271952191235
139.375    0.271952191235
139.5    0.270310756972
139.625    0.271235059761
139.75    0.268717131474
139.875    0.268733067729
140.0    0.274167330677
140.125    0.272175298805
140.25    0.27219123506
140.375    0.27235059761
140.5    0.260780876494
140.625    0.260780876494
140.75    0.260796812749
140.875    0.261179282869
141.0    0.273354581673
141.125    0.273370517928
141.25    0.273370517928
141.375    0.270804780877
141.5    0.274980079681
141.625    0.275011952191
141.75    0.275027888446
141.875    0.274565737052
142.0    0.273880478088
142.125    0.273896414343
142.25    0.272653386454
142.375    0.273832669323
142.5    0.269657370518
142.625    0.269657370518
142.75    0.269657370518
142.875    0.269705179283
143.0    0.268494023904
143.125    0.265944223108
143.25    0.265944223108
143.375    0.265976095618
143.5    0.268111553785
143.625    0.268478087649
143.75    0.268478087649
143.875    0.26828685259
144.0    0.267569721116
144.125    0.269976095618
144.25    0.266900398406
144.375    0.265800796813
144.5    0.271442231076
144.625    0.271760956175
144.75    0.269768924303
144.875    0.269992031873
145.0    0.270597609562
145.125    0.270454183267
145.25    0.270454183267
145.375    0.270533864542
145.5    0.266533864542
145.625    0.265848605578
145.75    0.266231075697
145.875    0.266231075697
146.0    0.270820717131
146.125    0.269115537849
146.25    0.26812749004
146.375    0.269131474104
146.5    0.268988047809
146.625    0.266406374502
146.75    0.266932270916
146.875    0.26835059761
147.0    0.269322709163
147.125    0.269386454183
147.25    0.270119521912
147.375    0.270342629482
147.5    0.282980079681
147.625    0.283075697211
147.75    0.283107569721
147.875    0.283011952191
148.0    0.262884462151
148.125    0.262852589641
148.25    0.262852589641
148.375    0.263474103586
148.5    0.262581673307
148.625    0.263665338645
148.75    0.262613545817
148.875    0.267474103586
149.0    0.267219123506
149.125    0.27225498008
149.25    0.27225498008
149.375    0.273243027888
149.5    0.264812749004
149.625    0.26438247012
149.75    0.264669322709
149.875    0.264828685259
150.0    0.26764940239
150.125    0.26764940239
150.25    0.269721115538
150.375    0.269784860558
150.5    0.263856573705
150.625    0.26390438247
150.75    0.261721115538
150.875    0.261737051793
151.0    0.28435059761
151.125    0.266645418327
151.25    0.266645418327
151.375    0.266613545817
151.5    0.272717131474
151.625    0.270756972112
151.75    0.270756972112
151.875    0.275729083665
152.0    0.275426294821
152.125    0.271298804781
152.25    0.271235059761
152.375    0.272494023904
152.5    0.2556812749
152.625    0.255697211155
152.75    0.256430278884
152.875    0.258087649402
153.0    0.273577689243
153.125    0.273577689243
153.25    0.273450199203
153.375    0.273482071713
153.5    0.268780876494
153.625    0.26774501992
153.75    0.268733067729
153.875    0.268844621514
154.0    0.265561752988
154.125    0.265561752988
154.25    0.282390438247
154.375    0.282581673307
154.5    0.270023904382
154.625    0.270741035857
154.75    0.270741035857
154.875    0.272398406375
155.0    0.283346613546
155.125    0.2723187251
155.25    0.285354581673
155.375    0.2716812749
155.5    0.269641434263
155.625    0.282645418327
155.75    0.282135458167
155.875    0.281800796813
156.0    0.279107569721
156.125    0.280270916335
156.25    0.280270916335
156.375    0.281880478088
156.5    0.26793625498
156.625    0.26793625498
156.75    0.268876494024
156.875    0.269003984064
157.0    0.254900398406
157.125    0.254326693227
157.25    0.2843187251
157.375    0.274262948207
157.5    0.266725099602
157.625    0.266788844622
157.75    0.267521912351
157.875    0.269498007968
158.0    0.274486055777
158.125    0.273928286853
158.25    0.258247011952
158.375    0.258741035857
158.5    0.270454183267
158.625    0.267091633466
158.75    0.267091633466
158.875    0.259139442231
159.0    0.269338645418
159.125    0.271011952191
159.25    0.271298804781
159.375    0.271107569721
159.5    0.271633466135
159.625    0.271474103586
159.75    0.27161752988
159.875    0.271697211155
160.0    0.272828685259
160.125    0.270071713147
160.25    0.270007968128
160.375    0.270039840637
160.5    0.269529880478
160.625    0.273290836653
160.75    0.270071713147
160.875    0.270071713147
161.0    0.267474103586
161.125    0.267378486056
161.25    0.266772908367
161.375    0.266804780876
161.5    0.267792828685
161.625    0.267792828685
161.75    0.267792828685
161.875    0.267888446215
162.0    0.264972111554
162.125    0.264079681275
162.25    0.264509960159
162.375    0.264175298805
162.5    0.258741035857
162.625    0.258741035857
162.75    0.258677290837
162.875    0.275059760956
163.0    0.268478087649
163.125    0.268478087649
163.25    0.268478087649
163.375    0.268478087649
163.5    0.253960159363
163.625    0.253976095618
163.75    0.268812749004
163.875    0.268956175299
164.0    0.261976095618
164.125    0.261386454183
164.25    0.261482071713
164.375    0.277211155378
164.5    0.269243027888
164.625    0.269864541833
164.75    0.254486055777
164.875    0.25574501992
165.0    0.261418326693
165.125    0.277258964143
165.25    0.261832669323
165.375    0.261864541833
165.5    0.275569721116
165.625    0.276621513944
165.75    0.272828685259
165.875    0.257593625498
166.0    0.260892430279
166.125    0.261067729084
166.25    0.261529880478
166.375    0.257434262948
166.5    0.262645418327
166.625    0.270932270916
166.75    0.270454183267
166.875    0.269960159363
167.0    0.260876494024
167.125    0.259601593625
167.25    0.261928286853
167.375    0.261944223108
167.5    0.275171314741
167.625    0.275171314741
167.75    0.275665338645
167.875    0.275442231076
168.0    0.266151394422
168.125    0.266438247012
168.25    0.265848605578
168.375    0.266390438247
168.5    0.260860557769
168.625    0.260733067729
168.75    0.260637450199
168.875    0.260621513944
169.0    0.261466135458
169.125    0.272207171315
169.25    0.273577689243
169.375    0.254709163347
169.5    0.277338645418
169.625    0.254549800797
169.75    0.270199203187
169.875    0.270342629482
170.0    0.270948207171
170.125    0.270948207171
170.25    0.271298804781
170.375    0.271219123506
170.5    0.262135458167
170.625    0.258964143426
170.75    0.258948207171
170.875    0.259043824701
171.0    0.264780876494
171.125    0.265179282869
171.25    0.265179282869
171.375    0.265179282869
171.5    0.259219123506
171.625    0.258661354582
171.75    0.258661354582
171.875    0.258661354582
172.0    0.274820717131
172.125    0.263346613546
172.25    0.263458167331
172.375    0.260812749004
172.5    0.281609561753
172.625    0.266693227092
172.75    0.265976095618
172.875    0.267920318725
173.0    0.272573705179
173.125    0.266342629482
173.25    0.274533864542
173.375    0.266629482072
173.5    0.260175298805
173.625    0.25987250996
173.75    0.26019123506
173.875    0.260557768924
174.0    0.273099601594
174.125    0.273099601594
174.25    0.273450199203
174.375    0.273195219124
174.5    0.267458167331
174.625    0.267474103586
174.75    0.267521912351
174.875    0.265179282869
175.0    0.244239043825
175.125    0.245195219124
175.25    0.245195219124
175.375    0.245673306773
175.5    0.265051792829
175.625    0.265051792829
175.75    0.265195219124
175.875    0.274533864542
176.0    0.259250996016
176.125    0.259043824701
176.25    0.259378486056
176.375    0.274629482072
176.5    0.268494023904
176.625    0.267569721116
176.75    0.268462151394
176.875    0.26815936255
177.0    0.267633466135
177.125    0.267362549801
177.25    0.267585657371
177.375    0.267585657371
177.5    0.262549800797
177.625    0.262549800797
177.75    0.262964143426
177.875    0.262964143426
178.0    0.278645418327
178.125    0.275011952191
178.25    0.277673306773
178.375    0.277227091633
178.5    0.257258964143
178.625    0.254932270916
178.75    0.255314741036
178.875    0.256
179.0    0.274262948207
179.125    0.274470119522
179.25    0.266932270916
179.375    0.266932270916
180.0    0.264701195219
180.125    0.264796812749
180.25    0.264796812749
180.375    0.264924302789
180.5    0.266278884462
180.625    0.264366533865
180.75    0.267474103586
180.875    0.266326693227
181.0    0.269577689243
181.125    0.269577689243
181.25    0.269577689243
181.375    0.269752988048
181.5    0.261067729084
181.625    0.260733067729
181.75    0.260764940239
181.875    0.260860557769
182.0    0.258932270916
182.125    0.259856573705
182.25    0.259856573705
182.375    0.258725099602
182.5    0.260366533865
182.625    0.260366533865
182.75    0.260924302789
182.875    0.260207171315
183.0    0.266406374502
183.125    0.266565737052
183.25    0.266549800797
183.375    0.266517928287
183.5    0.265689243028
183.625    0.266247011952
183.75    0.266247011952
183.875    0.266247011952
184.0    0.265402390438
184.125    0.265402390438
184.25    0.265545816733
184.375    0.265561752988
184.5    0.264749003984
184.625    0.263219123506
184.75    0.263075697211
184.875    0.264749003984
185.0    0.264270916335
185.125    0.262517928287
185.25    0.262709163347
185.375    0.262884462151
185.5    0.261625498008
185.625    0.261625498008
185.75    0.261976095618
185.875    0.262374501992
186.0    0.268637450199
186.125    0.261035856574
186.25    0.260972111554
186.375    0.260446215139
186.5    0.268334661355
186.625    0.271250996016
186.75    0.267569721116
186.875    0.268143426295
187.0    0.260207171315
187.125    0.260430278884
187.25    0.260589641434
187.375    0.261434262948
187.5    0.262517928287
187.625    0.263027888446
187.75    0.263027888446
187.875    0.263314741036
188.0    0.264844621514
188.125    0.264844621514
188.25    0.264844621514
188.375    0.264749003984
188.5    0.263075697211
188.625    0.263235059761
188.75    0.270725099602
188.875    0.267187250996
189.0    0.266374501992
189.125    0.267490039841
189.25    0.26796812749
189.375    0.268047808765
189.5    0.266756972112
189.625    0.267394422311
189.75    0.267378486056
189.875    0.255123505976
190.0    0.254645418327
190.125    0.254645418327
190.25    0.254788844622
190.375    0.253657370518
190.5    0.261498007968
190.625    0.261290836653
190.75    0.261322709163
190.875    0.261322709163
191.0    0.259043824701
191.125    0.259043824701
191.25    0.259043824701
191.375    0.25993625498
191.5    0.259362549801
191.625    0.261529880478
191.75    0.261593625498
191.875    0.25984063745
192.0    0.254087649402
192.125    0.254087649402
192.25    0.251075697211
192.375    0.253832669323
192.5    0.26371314741
192.625    0.259984063745
192.75    0.25977689243
192.875    0.25619123506
193.0    0.249928286853
193.125    0.252509960159
193.25    0.252796812749
193.375    0.253099601594
193.5    0.263394422311
193.625    0.263298804781
193.75    0.263298804781
193.875    0.262836653386
194.0    0.2636812749
194.125    0.279729083665
194.25    0.264462151394
194.375    0.264462151394
194.5    0.261832669323
194.625    0.262167330677
194.75    0.262231075697
194.875    0.261386454183
195.0    0.254533864542
195.125    0.263075697211
195.25    0.274645418327
195.375    0.274645418327
195.5    0.266231075697
195.625    0.254916334661
195.75    0.251856573705
195.875    0.252717131474
196.0    0.268494023904
196.125    0.268430278884
196.25    0.268398406375
196.375    0.271171314741
196.5    0.261083665339
196.625    0.261083665339
196.75    0.272525896414
196.875    0.261131474104
197.0    0.260701195219
197.125    0.260876494024
197.25    0.260860557769
197.375    0.260924302789
197.5    0.264398406375
197.625    0.265928286853
197.75    0.258581673307
197.875    0.254948207171
198.0    0.266772908367
198.125    0.268270916335
198.25    0.269003984064
198.375    0.269003984064
198.5    0.255298804781
198.625    0.255298804781
198.75    0.255330677291
198.875    0.255362549801
199.0    0.265147410359
199.125    0.265163346614
199.25    0.265354581673
199.375    0.267043824701
199.5    0.253386454183
199.625    0.253848605578
199.75    0.259474103586
199.875    0.261163346614
200.0    0.263474103586
200.125    0.260685258964
200.25    0.260669322709
200.375    0.263394422311
200.5    0.258007968128
200.625    0.257832669323
200.75    0.253386454183
200.875    0.245689243028
201.0    0.2636812749
201.125    0.2636812749
201.25    0.255075697211
201.375    0.257960159363
201.5    0.253338645418
201.625    0.252669322709
201.75    0.258087649402
201.875    0.255760956175
202.0    0.268685258964
202.125    0.267187250996
202.25    0.267171314741
202.375    0.268047808765
202.5    0.261784860558
202.625    0.261784860558
202.75    0.263378486056
202.875    0.263490039841
203.0    0.262247011952
203.125    0.26412749004
203.25    0.259537848606
203.375    0.259537848606
203.5    0.253944223108
203.625    0.254087649402
203.75    0.253928286853
203.875    0.253051792829
204.0    0.276175298805
204.125    0.276605577689
204.25    0.276653386454
204.375    0.276605577689
204.5    0.260796812749
204.625    0.263378486056
204.75    0.263378486056
204.875    0.260796812749
205.0    0.260988047809
205.125    0.260988047809
205.25    0.260988047809
205.375    0.260988047809
205.5    0.261896414343
205.625    0.261896414343
205.75    0.261928286853
205.875    0.26412749004
206.0    0.253099601594
206.125    0.253163346614
206.25    0.258326693227
206.375    0.257689243028
206.5    0.26419123506
206.625    0.263633466135
206.75    0.262836653386
206.875    0.262629482072
207.0    0.259697211155
207.125    0.257051792829
207.25    0.257832669323
207.375    0.257896414343
207.5    0.262756972112
207.625    0.262820717131
207.75    0.262629482072
207.875    0.262693227092
208.0    0.265992031873
208.125    0.266247011952
208.25    0.266326693227
208.375    0.266103585657
208.5    0.26377689243
208.625    0.263792828685
208.75    0.263792828685
208.875    0.26428685259
209.0    0.256430278884
209.125    0.256430278884
209.25    0.2556812749
209.375    0.255824701195
209.5    0.260079681275
209.625    0.26003187251
209.75    0.260334661355
209.875    0.26019123506
210.0    0.264653386454
210.125    0.264653386454
210.25    0.264653386454
210.375    0.264669322709
210.5    0.261227091633
210.625    0.261227091633
210.75    0.263139442231
210.875    0.261482071713
211.0    0.264
211.125    0.264334661355
211.25    0.262677290837
211.375    0.264876494024
211.5    0.270501992032
211.625    0.270501992032
211.75    0.267346613546
211.875    0.26403187251
212.0    0.261003984064
212.125    0.261179282869
212.25    0.265211155378
212.375    0.265306772908
212.5    0.258470119522
212.625    0.258916334661
212.75    0.258916334661
212.875    0.260653386454
213.0    0.249147410359
213.125    0.250119521912
213.25    0.249896414343
213.375    0.250517928287
213.5    0.247537848606
213.625    0.248892430279
213.75    0.248892430279
213.875    0.248701195219
214.0    0.261211155378
214.125    0.250135458167
214.25    0.249960159363
214.375    0.249816733068
214.5    0.275569721116
214.625    0.27180876494
214.75    0.27177689243
214.875    0.272764940239
215.0    0.263410358566
215.125    0.263219123506
215.25    0.263856573705
215.375    0.26403187251
215.5    0.261450199203
215.625    0.262342629482
215.75    0.260780876494
215.875    0.260780876494
216.0    0.264988047809
216.125    0.265625498008
216.25    0.264956175299
216.375    0.264860557769
216.5    0.267792828685
216.625    0.265928286853
216.75    0.262231075697
216.875    0.262262948207
217.0    0.262741035857
217.125    0.262836653386
217.25    0.262788844622
217.375    0.263235059761
217.5    0.260733067729
217.625    0.260494023904
217.75    0.249243027888
217.875    0.249705179283
218.0    0.262390438247
218.125    0.257115537849
218.25    0.249912350598
218.375    0.251697211155
218.5    0.245545816733
218.625    0.248207171315
218.75    0.248207171315
218.875    0.247155378486
219.0    0.261896414343
219.125    0.262039840637
219.25    0.262406374502
219.375    0.262406374502
219.5    0.266374501992
219.625    0.265896414343
219.75    0.266294820717
219.875    0.266294820717
220.0    0.270884462151
220.125    0.270852589641
220.25    0.269816733068
220.375    0.266980079681
220.5    0.260956175299
220.625    0.261561752988
220.75    0.261625498008
220.875    0.261880478088
221.0    0.253832669323
221.125    0.253816733068
221.25    0.254486055777
221.375    0.254231075697
221.5    0.250262948207
221.625    0.250374501992
221.75    0.250709163347
221.875    0.250725099602
222.0    0.253529880478
222.125    0.253418326693
222.25    0.253498007968
222.375    0.253450199203
222.5    0.252494023904
222.625    0.252685258964
222.75    0.252685258964
222.875    0.253147410359
223.0    0.265529880478
223.125    0.268047808765
223.25    0.265912350598
223.375    0.265912350598
223.5    0.246533864542
223.625    0.246533864542
223.75    0.245513944223
223.875    0.24822310757
224.0    0.250167330677
224.125    0.250693227092
224.25    0.250613545817
224.375    0.248860557769
224.5    0.252685258964
224.625    0.253721115538
224.75    0.253705179283
224.875    0.25206374502
225.0    0.258215139442
225.125    0.258868525896
225.25    0.258884462151
225.375    0.259410358566
225.5    0.257466135458
225.625    0.257274900398
225.75    0.255250996016
225.875    0.255282868526
226.0    0.265322709163
226.125    0.265832669323
226.25    0.265944223108
226.375    0.266183266932
226.5    0.266836653386
226.625    0.263505976096
226.75    0.261211155378
226.875    0.264207171315
227.0    0.267330677291
227.125    0.267330677291
227.25    0.266581673307
227.375    0.26815936255
227.5    0.259059760956
227.625    0.259601593625
227.75    0.25161752988
227.875    0.25171314741
228.0    0.253450199203
228.125    0.252605577689
228.25    0.240876494024
228.375    0.255075697211
228.5    0.260239043825
228.625    0.260796812749
228.75    0.260796812749
228.875    0.261322709163
229.0    0.257641434263
229.125    0.257896414343
229.25    0.258103585657
229.375    0.258533864542
229.5    0.247490039841
229.625    0.2476812749
229.75    0.247888446215
229.875    0.26
230.0    0.260988047809
230.125    0.269099601594
230.25    0.261227091633
230.375    0.261227091633
230.5    0.254884462151
230.625    0.255203187251
230.75    0.255011952191
230.875    0.254820717131
231.0    0.252956175299
231.125    0.253258964143
231.25    0.254055776892
231.375    0.254119521912
231.5    0.257545816733
231.625    0.257752988048
231.75    0.257784860558
231.875    0.257992031873
232.0    0.25606374502
232.125    0.25606374502
232.25    0.25628685259
232.375    0.244812749004
232.5    0.249800796813
232.625    0.250406374502
232.75    0.249035856574
232.875    0.24780876494
233.0    0.257498007968
233.125    0.254709163347
233.25    0.257290836653
233.375    0.257274900398
233.5    0.25619123506
233.625    0.254948207171
233.75    0.257115537849
233.875    0.26006374502
234.0    0.257593625498
234.125    0.258868525896
234.25    0.257992031873
234.375    0.257577689243
234.5    0.273673306773
234.625    0.274007968127
234.75    0.274007968127
234.875    0.254629482072
235.0    0.269689243028
235.125    0.259171314741
235.25    0.262310756972
235.375    0.262390438247
235.5    0.244270916335
235.625    0.24438247012
235.75    0.24438247012
235.875    0.247314741036
236.0    0.247219123506
236.125    0.246772908367
236.25    0.246804780877
236.375    0.261912350598
236.5    0.245960159363
236.625    0.253896414343
236.75    0.254278884462
236.875    0.254278884462
237.0    0.256270916335
237.125    0.255729083665
237.25    0.2556812749
237.375    0.256717131474
237.5    0.258438247012
237.625    0.260175298805
237.75    0.256892430279
237.875    0.259187250996
238.0    0.252494023904
238.125    0.252494023904
238.25    0.251585657371
238.375    0.250326693227
238.5    0.244541832669
238.625    0.244541832669
238.75    0.243298804781
238.875    0.243250996016
239.0    0.242565737052
239.125    0.270055776892
239.25    0.265784860558
239.375    0.273274900398
240.0    0.257976095618
240.125    0.257976095618
240.25    0.257976095618
240.375    0.260860557769
240.5    0.253482071713
240.625    0.251521912351
240.75    0.256239043825
240.875    0.25625498008
241.0    0.260111553785
241.125    0.260956175299
241.25    0.257003984064
241.375    0.252828685259
241.5    0.255760956175
241.625    0.255458167331
241.75    0.257625498008
241.875    0.255521912351
242.0    0.254119521912
242.125    0.253976095618
242.25    0.253593625498
242.375    0.253211155378
242.5    0.250756972112
242.625    0.250549800797
242.75    0.251569721116
242.875    0.248589641434
243.0    0.260557768924
243.125    0.260541832669
243.25    0.260175298805
243.375    0.260111553785
243.5    0.261450199203
243.625    0.2523187251
243.75    0.254709163347
243.875    0.257227091633
244.0    0.263537848606
244.125    0.260685258964
244.25    0.264
244.375    0.257003984064
244.5    0.253768924303
244.625    0.253768924303
244.75    0.253051792829
244.875    0.253083665339
245.0    0.250916334661
245.125    0.250868525896
245.25    0.255250996016
245.375    0.255075697211
245.5    0.252
245.625    0.252541832669
245.75    0.252908366534
245.875    0.253402390438
246.0    0.253609561753
246.125    0.253800796813
246.25    0.253705179283
246.375    0.251282868526
246.5    0.269290836653
246.625    0.261545816733
246.75    0.261561752988
246.875    0.261561752988
247.0    0.25964940239
247.125    0.25964940239
247.25    0.254581673307
247.375    0.254358565737
247.5    0.251490039841
247.625    0.250294820717
247.75    0.245721115538
247.875    0.247585657371
248.0    0.251984063745
248.125    0.252478087649
248.25    0.252398406375
248.375    0.251729083665
248.5    0.25980876494
248.625    0.259394422311
248.75    0.259792828685
248.875    0.259792828685
249.0    0.255824701195
249.125    0.251920318725
249.25    0.257003984064
249.375    0.257003984064
249.5    0.272924302789
249.625    0.253992031873
249.75    0.246406374502
249.875    0.259410358566
250.0    0.262055776892
250.125    0.265450199203
250.25    0.261848605578
250.375    0.258358565737
250.5    0.25222310757
250.625    0.273513944223
250.75    0.271298804781
250.875    0.261944223108
251.0    0.257625498008
251.125    0.257577689243
251.25    0.257577689243
251.375    0.265099601594
251.5    0.269960159363
251.625    0.270565737052
251.75    0.270613545817
251.875    0.270565737052
252.0    0.240844621514
252.125    0.240844621514
252.25    0.240892430279
252.375    0.245482071713
252.5    0.251458167331
252.625    0.251458167331
252.75    0.253498007968
252.875    0.253498007968
253.0    0.249577689243
253.125    0.242836653386
253.25    0.249928286853
253.375    0.250661354582
253.5    0.25235059761
253.625    0.2523187251
253.75    0.25615936255
253.875    0.267920318725
254.0    0.266629482072
254.125    0.267091633466
254.25    0.26428685259
254.375    0.256892430279
254.5    0.257195219124
254.625    0.257195219124
254.75    0.259123505976
254.875    0.256143426295
255.0    0.257609561753
255.125    0.256780876494
255.25    0.257179282869
255.375    0.25990438247
255.5    0.244908366534
255.625    0.244717131474
255.75    0.245003984064
255.875    0.244685258964
256.0    0.247521912351
256.125    0.247378486056
256.25    0.251920318725
256.375    0.251920318725
256.5    0.258374501992
256.625    0.258390438247
256.75    0.256988047809
256.875    0.257290836653
257.0    0.256844621514
257.125    0.261227091633
257.25    0.257243027888
257.375    0.259984063745
257.5    0.27215936255
257.625    0.26009561753
257.75    0.26009561753
257.875    0.26015936255
258.0    0.260733067729
258.125    0.261243027888
258.25    0.246119521912
258.375    0.247394422311
258.5    0.256653386454
258.625    0.257115537849
258.75    0.257115537849
258.875    0.256956175299
259.0    0.25209561753
259.125    0.25164940239
259.25    0.249928286853
259.375    0.251697211155
259.5    0.25590438247
259.625    0.255219123506
259.75    0.257258964143
259.875    0.255760956175
260.0    0.256621513944
260.125    0.257035856574
260.25    0.256414342629
260.375    0.256366533865
260.5    0.248764940239
260.625    0.251282868526
260.75    0.250565737052
260.875    0.250980079681
261.0    0.239585657371
261.125    0.24780876494
261.25    0.248717131474
261.375    0.248525896414
261.5    0.257019920319
261.625    0.257179282869
261.75    0.257195219124
261.875    0.257768924303
262.0    0.259330677291
262.125    0.259298804781
262.25    0.267298804781
262.375    0.265561752988
262.5    0.261402390438
262.625    0.250278884462
262.75    0.246741035857
262.875    0.246868525896
263.0    0.257466135458
263.125    0.254199203187
263.25    0.254215139442
263.375    0.251952191235
263.5    0.257402390438
263.625    0.257498007968
263.75    0.258135458167
263.875    0.258390438247
264.0    0.248844621514
264.125    0.24784063745
264.25    0.254661354582
264.375    0.251458167331
264.5    0.2636812749
264.625    0.263729083665
264.75    0.263729083665
264.875    0.257354581673
265.0    0.257498007968
265.125    0.26038247012
265.25    0.260812749004
265.375    0.258454183267
265.5    0.25584063745
265.625    0.25584063745
265.75    0.258055776892
265.875    0.258231075697
266.0    0.256749003984
266.125    0.256876494024
266.25    0.256860557769
266.375    0.260892430279
266.5    0.263266932271
266.625    0.263314741036
266.75    0.260207171315
266.875    0.257067729084
267.0    0.253912350598
267.125    0.25561752988
267.25    0.253800796813
267.375    0.254454183267
267.5    0.23971314741
267.625    0.23971314741
267.75    0.25577689243
267.875    0.24390438247
268.0    0.254454183267
268.125    0.253003984064
268.25    0.254247011952
268.375    0.254406374502
268.5    0.263378486056
268.625    0.263123505976
268.75    0.263888446215
268.875    0.253131474104
269.0    0.240940239044
269.125    0.242932270916
269.25    0.257928286853
269.375    0.258262948207
269.5    0.256398406375
269.625    0.256494023904
269.75    0.251474103586
269.875    0.252
270.0    0.242533864542
270.125    0.240844621514
270.25    0.240796812749
270.375    0.242629482072
270.5    0.255729083665
270.625    0.255426294821
270.75    0.255426294821
270.875    0.255521912351
271.0    0.250741035857
271.125    0.250119521912
271.25    0.253003984064
271.375    0.251075697211
271.5    0.253099601594
271.625    0.253131474104
271.75    0.250645418327
271.875    0.267601593625
272.0    0.256430278884
272.125    0.256239043825
272.25    0.256446215139
272.375    0.256796812749
272.5    0.252462151394
272.625    0.256430278884
272.75    0.253513944223
272.875    0.246039840637
273.0    0.258501992032
273.125    0.258501992032
273.25    0.257593625498
273.375    0.260079681275
273.5    0.255235059761
273.625    0.255346613546
273.75    0.254756972112
273.875    0.254996015936
274.0    0.252446215139
274.125    0.252446215139
274.25    0.241418326693
274.375    0.241163346614
274.5    0.246533864542
274.625    0.246533864542
274.75    0.246741035857
274.875    0.246836653386
275.0    0.255107569721
275.125    0.255266932271
275.25    0.255378486056
275.375    0.255378486056
275.5    0.261848605578
275.625    0.263952191235
275.75    0.263123505976
275.875    0.263123505976
276.0    0.254486055777
276.125    0.255505976096
276.25    0.255410358566
276.375    0.254964143426
276.5    0.254119521912
276.625    0.253227091633
276.75    0.253625498008
276.875    0.253784860558
277.0    0.255378486056
277.125    0.256047808765
277.25    0.25609561753
277.375    0.25635059761
277.5    0.249306772908
277.625    0.249306772908
277.75    0.249386454183
277.875    0.247729083665
278.0    0.242454183267
278.125    0.242533864542
278.25    0.253067729084
278.375    0.253402390438
278.5    0.259824701195
278.625    0.259235059761
278.75    0.259362549801
278.875    0.259362549801
279.0    0.245418326693
279.125    0.247282868526
279.25    0.247792828685
279.375    0.247298804781
279.5    0.24777689243
279.625    0.24803187251
279.75    0.248047808765
279.875    0.244876494024
280.0    0.237115537849
280.125    0.23574501992
280.25    0.235984063745
280.375    0.236047808765
280.5    0.239458167331
280.625    0.24796812749
280.75    0.243410358566
280.875    0.246326693227
281.0    0.259569721116
281.125    0.260015936255
281.25    0.243824701195
281.375    0.240876494024
281.5    0.249896414343
281.625    0.249944223108
281.75    0.252892430279
281.875    0.249864541833
282.0    0.250390438247
282.125    0.249992031873
282.25    0.250310756972
282.375    0.249832669323
282.5    0.239203187251
282.625    0.235490039841
282.75    0.25971314741
282.875    0.260525896414
283.0    0.246852589641
283.125    0.24425498008
283.25    0.244446215139
283.375    0.244446215139
283.5    0.241976095618
283.625    0.241976095618
283.75    0.242103585657
283.875    0.244541832669
284.0    0.251059760956
284.125    0.245179282869
284.25    0.249418326693
284.375    0.251569721116
284.5    0.252669322709
284.625    0.252669322709
284.75    0.252908366534
284.875    0.253737051793
285.0    0.250231075697
285.125    0.251952191235
285.25    0.259697211155
285.375    0.271107569721
285.5    0.250247011952
285.625    0.251474103586
285.75    0.25180876494
285.875    0.251824701195
286.0    0.238278884462
286.125    0.263474103586
286.25    0.263760956175
286.375    0.262868525896
286.5    0.250613545817
286.625    0.239888446215
286.75    0.240111553785
286.875    0.239059760956
287.0    0.243107569721
287.125    0.249243027888
287.25    0.244796812749
287.375    0.242454183267
287.5    0.260494023904
287.625    0.260780876494
287.75    0.252812749004
287.875    0.252812749004
288.0    0.254294820717
288.125    0.254294820717
288.25    0.254294820717
288.375    0.250390438247
288.5    0.235171314741
288.625    0.245545816733
288.75    0.245274900398
288.875    0.245131474104
289.0    0.243792828685
289.125    0.244143426295
289.25    0.244111553785
289.375    0.248860557769
289.5    0.247059760956
289.625    0.247442231076
289.75    0.247442231076
289.875    0.244
290.0    0.245163346614
290.125    0.245163346614
290.25    0.247984063745
290.375    0.250709163347
290.5    0.242900398406
290.625    0.241577689243
290.75    0.241673306773
290.875    0.241705179283
291.0    0.246868525896
291.125    0.246868525896
291.25    0.246756972112
291.375    0.246804780877
291.5    0.248175298805
291.625    0.249019920319
291.75    0.249211155378
291.875    0.261896414343
292.0    0.260764940239
292.125    0.262374501992
292.25    0.261912350598
292.375    0.264653386454
292.5    0.244701195219
292.625    0.244669322709
292.75    0.260175298805
292.875    0.244621513944
293.0    0.249402390438
293.125    0.248812749004
293.25    0.243123505976
293.375    0.244780876494
293.5    0.251474103586
293.625    0.251474103586
293.75    0.251760956175
293.875    0.252334661355
294.0    0.247011952191
294.125    0.242836653386
294.25    0.23974501992
294.375    0.237003984064
294.5    0.249641434263
294.625    0.253498007968
294.75    0.253689243028
294.875    0.249992031873
295.0    0.246565737052
295.125    0.246756972112
295.25    0.250055776892
295.375    0.250247011952
295.5    0.245912350598
295.625    0.245322709163
295.75    0.245545816733
295.875    0.245466135458
296.0    0.250677290837
296.125    0.250677290837
296.25    0.250342629482
296.375    0.250741035857
296.5    0.236940239044
296.625    0.240876494024
296.75    0.245163346614
296.875    0.252446215139
297.0    0.250231075697
297.125    0.250581673307
297.25    0.250581673307
297.375    0.248621513944
297.5    0.246039840637
297.625    0.246039840637
297.75    0.246103585657
297.875    0.245529880478
298.0    0.244111553785
298.125    0.244111553785
298.25    0.244111553785
298.375    0.244239043825
298.5    0.253513944223
298.625    0.263665338645
298.75    0.24809561753
298.875    0.252111553785
299.0    0.243824701195
299.125    0.243601593625
299.25    0.243601593625
299.375    0.242358565737
