0.0    -0.576977632297
0.125    -0.576777595927
0.25    -0.576795781051
0.375    -0.576650300055
0.5    -0.576559374432
0.625    -0.576559374432
0.75    -0.578032369522
0.875    -0.578032369522
1.0    -0.578650663757
1.125    -0.579250772868
1.25    -0.579414438989
1.375    -0.579414438989
1.5    -0.580687397709
1.625    -0.576486633933
1.75    -0.577395890162
1.875    -0.576959447172
2.0    -0.579468994363
2.125    -0.579050736498
2.25    -0.578868885252
2.375    -0.578868885252
2.5    -0.578432442262
2.625    -0.577523186034
2.75    -0.577523186034
2.875    -0.577523186034
3.0    -0.576068376068
3.125    -0.576068376068
3.25    -0.576068376068
3.375    -0.576068376068
3.5    -0.575286415712
3.625    -0.577177668667
3.75    -0.577177668667
3.875    -0.577177668667
4.0    -0.578014184397
4.125    -0.578014184397
4.25    -0.578014184397
4.375    -0.576813966176
4.5    -0.575631933079
4.625    -0.575631933079
4.75    -0.575577377705
4.875    -0.575577377705
5.0    -0.575268230587
5.125    -0.577086743044
5.25    -0.577086743044
5.375    -0.577086743044
5.5    -0.57746863066
5.625    -0.577359519913
5.75    -0.577014002546
5.875    -0.577014002546
6.0    -0.577723222404
6.125    -0.577723222404
6.25    -0.577723222404
6.375    -0.577723222404
6.5    -0.578250591017
6.625    -0.578250591017
6.75    -0.578250591017
6.875    -0.577541371158
7.0    -0.575613747954
7.125    -0.575613747954
7.25    -0.575904709947
7.375    -0.575904709947
7.5    -0.576050190944
7.625    -0.575068194217
7.75    -0.575068194217
7.875    -0.575068194217
8.0    -0.575140934715
8.125    -0.575140934715
8.25    -0.575140934715
8.375    -0.575213675214
8.5    -0.575231860338
8.625    -0.575231860338
8.75    -0.575231860338
8.875    -0.575231860338
9.0    -0.575068194217
9.125    -0.574668121477
9.25    -0.574668121477
9.375    -0.576650300055
9.5    -0.574195308238
9.625    -0.574195308238
9.75    -0.574195308238
9.875    -0.575195490089
10.0    -0.575395526459
10.125    -0.575395526459
10.25    -0.575886524823
10.375    -0.575886524823
10.5    -0.575741043826
10.625    -0.575450081833
10.75    -0.575686488452
10.875    -0.575941080196
11.0    -0.575195490089
11.125    -0.575195490089
11.25    -0.575195490089
11.375    -0.575195490089
11.5    -0.574940898345
11.625    -0.574904528096
11.75    -0.574904528096
11.875    -0.574140752864
12.0    -0.573140571013
12.125    -0.572831423895
12.25    -0.573740680124
12.375    -0.57304964539
12.5    -0.575886524823
12.625    -0.574904528096
12.75    -0.574559010729
12.875    -0.574559010729
13.0    -0.573595199127
13.125    -0.573595199127
13.25    -0.573595199127
13.375    -0.573595199127
13.5    -0.57555919258
13.625    -0.57555919258
13.75    -0.57555919258
13.875    -0.575541007456
14.0    -0.5726132024
14.125    -0.5726132024
14.25    -0.5726132024
14.375    -0.5726132024
14.5    -0.571903982542
14.625    -0.571903982542
14.75    -0.572394980906
14.875    -0.572394980906
15.0    -0.57452264048
15.125    -0.57452264048
15.25    -0.57452264048
15.375    -0.574468085106
15.5    -0.573104200764
15.625    -0.573104200764
15.75    -0.57412256774
15.875    -0.572904164394
16.0    -0.572304055283
16.125    -0.575068194217
16.25    -0.575050009093
16.375    -0.575050009093
16.5    -0.573067830515
16.625    -0.573067830515
16.75    -0.573067830515
16.875    -0.573067830515
17.0    -0.573013275141
17.125    -0.573395162757
17.25    -0.573395162757
17.375    -0.572031278414
17.5    -0.57094017094
17.625    -0.571594835425
17.75    -0.571685761047
17.875    -0.571685761047
18.0    -0.574977268594
18.125    -0.574977268594
18.25    -0.572576832151
18.375    -0.572394980906
18.5    -0.573395162757
18.625    -0.572431351155
18.75    -0.571867612293
18.875    -0.573758865248
19.0    -0.575140934715
19.125    -0.575140934715
19.25    -0.575140934715
19.375    -0.57535915621
19.5    -0.574740861975
19.625    -0.574668121477
19.75    -0.574649936352
19.875    -0.574649936352
20.0    -0.574177123113
20.125    -0.574177123113
20.25    -0.573977086743
20.375    -0.573977086743
20.5    -0.574631751227
20.625    -0.574631751227
20.75    -0.572813238771
20.875    -0.572813238771
21.0    -0.574177123113
21.125    -0.574177123113
21.25    -0.574177123113
21.375    -0.574177123113
21.5    -0.571412984179
21.625    -0.572049463539
21.75    -0.572049463539
21.875    -0.572049463539
22.0    -0.572795053646
22.125    -0.574759047099
22.25    -0.574213493362
22.375    -0.574213493362
22.5    -0.573140571013
22.625    -0.573140571013
22.75    -0.573140571013
22.875    -0.573140571013
23.0    -0.573504273504
23.125    -0.573504273504
23.25    -0.573431533006
23.375    -0.571012911438
23.5    -0.574413529733
23.625    -0.574013456992
23.75    -0.574013456992
23.875    -0.574013456992
24.0    -0.575631933079
24.125    -0.575631933079
24.25    -0.571794871795
24.375    -0.574631751227
24.5    -0.575268230587
24.625    -0.573795235497
24.75    -0.573449718131
24.875    -0.573086015639
25.0    -0.571885797418
25.125    -0.57177668667
25.25    -0.571813056919
25.375    -0.571958537916
25.5    -0.573413347881
25.625    -0.573395162757
25.75    -0.573395162757
25.875    -0.573395162757
26.0    -0.573595199127
26.125    -0.573595199127
26.25    -0.573595199127
26.375    -0.573595199127
26.5    -0.572576832151
26.625    -0.572576832151
26.75    -0.57348608838
26.875    -0.573631569376
27.0    -0.572485906528
27.125    -0.572467721404
27.25    -0.572467721404
27.375    -0.572394980906
27.5    -0.573595199127
27.625    -0.573613384252
27.75    -0.573613384252
27.875    -0.572922349518
28.0    -0.571449354428
28.125    -0.570958356065
28.25    -0.570958356065
28.375    -0.571012911438
28.5    -0.57221312966
28.625    -0.573758865248
28.75    -0.573758865248
28.875    -0.573758865248
29.0    -0.572813238771
29.125    -0.57137661393
29.25    -0.572031278414
29.375    -0.573995271868
29.5    -0.573122385888
29.625    -0.573104200764
29.75    -0.573104200764
29.875    -0.573104200764
30.0    -0.572631387525
30.125    -0.572631387525
30.25    -0.572631387525
30.375    -0.572631387525
30.5    -0.57094017094
30.625    -0.57094017094
30.75    -0.57094017094
30.875    -0.571122022186
31.0    -0.571212947809
31.125    -0.571212947809
31.25    -0.570903800691
31.375    -0.571285688307
31.5    -0.573104200764
31.625    -0.57264957265
31.75    -0.572194944535
31.875    -0.572194944535
32.0    -0.572140389162
32.125    -0.572140389162
32.25    -0.572140389162
32.375    -0.572140389162
32.5    -0.5726132024
32.625    -0.570794689944
32.75    -0.5726132024
32.875    -0.5726132024
33.0    -0.572140389162
33.125    -0.572140389162
33.25    -0.572140389162
33.375    -0.572140389162
33.5    -0.570267321331
33.625    -0.569521731224
33.75    -0.569521731224
33.875    -0.569358065103
34.0    -0.57264957265
34.125    -0.57264957265
34.25    -0.57264957265
34.375    -0.572595017276
34.5    -0.573086015639
34.625    -0.573086015639
34.75    -0.573086015639
34.875    -0.573086015639
35.0    -0.572140389162
35.125    -0.572140389162
35.25    -0.572140389162
35.375    -0.572067648663
35.5    -0.570140025459
35.625    -0.572722313148
35.75    -0.572722313148
35.875    -0.56946717585
36.0    -0.572158574286
36.125    -0.572158574286
36.25    -0.572158574286
36.375    -0.572158574286
36.5    -0.570394617203
36.625    -0.570158210584
36.75    -0.570158210584
36.875    -0.57304964539
37.0    -0.572431351155
37.125    -0.572449536279
37.25    -0.572467721404
37.375    -0.572467721404
37.5    -0.570576468449
37.625    -0.569412620476
37.75    -0.570576468449
37.875    -0.570576468449
38.0    -0.568994362611
38.125    -0.568903436989
38.25    -0.571649390798
38.375    -0.568576104746
38.5    -0.569121658483
38.625    -0.568648845245
38.75    -0.568648845245
38.875    -0.569012547736
39.0    -0.570049099836
39.125    -0.571849427169
39.25    -0.571849427169
39.375    -0.571813056919
39.5    -0.570049099836
39.625    -0.570267321331
39.75    -0.570030914712
39.875    -0.572576832151
40.0    -0.568321513002
40.125    -0.570558283324
40.25    -0.569649027096
40.375    -0.567721403892
40.5    -0.570994726314
40.625    -0.570067284961
40.75    -0.570067284961
40.875    -0.571667575923
41.0    -0.568703400618
41.125    -0.568339698127
41.25    -0.568339698127
41.375    -0.568339698127
41.5    -0.568176032006
41.625    -0.567194035279
41.75    -0.570285506456
41.875    -0.571303873432
42.0    -0.570831060193
42.125    -0.56843062375
42.25    -0.570831060193
42.375    -0.570831060193
42.5    -0.569867248591
42.625    -0.56990361884
42.75    -0.56990361884
42.875    -0.56990361884
43.0    -0.569594471722
43.125    -0.569594471722
43.25    -0.569612656847
43.375    -0.569612656847
43.5    -0.567630478269
43.625    -0.567630478269
43.75    -0.567303146027
43.875    -0.567957810511
44.0    -0.568812511366
44.125    -0.568812511366
44.25    -0.568812511366
44.375    -0.568339698127
44.5    -0.57117657756
44.625    -0.57094017094
44.75    -0.56970358247
44.875    -0.570776504819
45.0    -0.568939807238
45.125    -0.568957992362
45.25    -0.568957992362
45.375    -0.568957992362
45.5    -0.568339698127
45.625    -0.567484997272
45.75    -0.567484997272
45.875    -0.567066739407
46.0    -0.56759410802
46.125    -0.567575922895
46.25    -0.567630478269
46.375    -0.567630478269
46.5    -0.568248772504
46.625    -0.568248772504
46.75    -0.568248772504
46.875    -0.568248772504
47.0    -0.567103109656
47.125    -0.567103109656
47.25    -0.566775777414
47.375    -0.566775777414
47.5    -0.565411893071
47.625    -0.565411893071
47.75    -0.567957810511
47.875    -0.567957810511
48.0    -0.565739225314
48.125    -0.565739225314
48.25    -0.565739225314
48.375    -0.565739225314
48.5    -0.568085106383
48.625    -0.568085106383
48.75    -0.568085106383
48.875    -0.568085106383
49.0    -0.565011820331
49.125    -0.565011820331
49.25    -0.565011820331
49.375    -0.565011820331
49.5    -0.566284779051
49.625    -0.565066375705
49.75    -0.566903073286
49.875    -0.566412074923
50.0    -0.565430078196
50.125    -0.565430078196
50.25    -0.565430078196
50.375    -0.565466448445
50.5    -0.569612656847
50.625    -0.569612656847
50.75    -0.569612656847
50.875    -0.569612656847
51.0    -0.568085106383
51.125    -0.568085106383
51.25    -0.568085106383
51.375    -0.568085106383
51.5    -0.567521367521
51.625    -0.567775959265
51.75    -0.565848336061
51.875    -0.564248045099
52.0    -0.565084560829
52.125    -0.565084560829
52.25    -0.564920894708
52.375    -0.564993635206
52.5    -0.563066012002
52.625    -0.564429896345
52.75    -0.564429896345
52.875    -0.564429896345
53.0    -0.564720858338
53.125    -0.564920894708
53.25    -0.56464811784
53.375    -0.564448081469
53.5    -0.564793598836
53.625    -0.564793598836
53.75    -0.563429714494
53.875    -0.566230223677
54.0    -0.567139479905
54.125    -0.566775777414
54.25    -0.566775777414
54.375    -0.56652118567
54.5    -0.565320967449
54.625    -0.563866157483
54.75    -0.563793416985
54.875    -0.563866157483
55.0    -0.562647754137
55.125    -0.562647754137
55.25    -0.562502273141
55.375    -0.562502273141
55.5    -0.562975086379
55.625    -0.562956901255
55.75    -0.562956901255
55.875    -0.562956901255
56.0    -0.565157301328
56.125    -0.564939079833
56.25    -0.563084197127
56.375    -0.563084197127
56.5    -0.562374977269
56.625    -0.562374977269
56.75    -0.562374977269
56.875    -0.562393162393
57.0    -0.560592835061
57.125    -0.562393162393
57.25    -0.562393162393
57.375    -0.565702855065
57.5    -0.561229314421
57.625    -0.561229314421
57.75    -0.561302054919
57.875    -0.5610656483
58.0    -0.563393344244
58.125    -0.563393344244
58.25    -0.563393344244
58.375    -0.562865975632
58.5    -0.562029459902
58.625    -0.562029459902
58.75    -0.562029459902
58.875    -0.562029459902
59.0    -0.561102018549
59.125    -0.560647390435
59.25    -0.562211311147
59.375    -0.562211311147
59.5    -0.561920349154
59.625    -0.561920349154
59.75    -0.561156573923
59.875    -0.561883978905
60.0    -0.560720130933
60.125    -0.56019276232
60.25    -0.560520094563
60.375    -0.55871976723
60.5    -0.560520094563
60.625    -0.559574468085
60.75    -0.559647208583
60.875    -0.559647208583
61.0    -0.559665393708
61.125    -0.559665393708
61.25    -0.559665393708
61.375    -0.559665393708
61.5    -0.561083833424
61.625    -0.561083833424
61.75    -0.561083833424
61.875    -0.561083833424
62.0    -0.560865611929
62.125    -0.561120203673
62.25    -0.5610656483
62.375    -0.561283869794
62.5    -0.5610656483
62.625    -0.559556282961
62.75    -0.559738134206
62.875    -0.559538097836
63.0    -0.559392616839
63.125    -0.559065284597
63.25    -0.559065284597
63.375    -0.56042916894
63.5    -0.558065102746
63.625    -0.557992362248
63.75    -0.55811965812
63.875    -0.558192398618
64.0    -0.559501727587
64.125    -0.559501727587
64.25    -0.559501727587
64.375    -0.559501727587
64.5    -0.559047099473
64.625    -0.559047099473
64.75    -0.55871976723
64.875    -0.558665211857
65.0    -0.562284051646
65.125    -0.560483724313
65.25    -0.560483724313
65.375    -0.560410983815
65.5    -0.559028914348
65.625    -0.559028914348
65.75    -0.559028914348
65.875    -0.559028914348
66.0    -0.557010365521
66.125    -0.557010365521
66.25    -0.557010365521
66.375    -0.559083469722
66.5    -0.556537552282
66.625    -0.556592107656
66.75    -0.556264775414
66.875    -0.55493726132
67.0    -0.55979268958
67.125    -0.559774504455
67.25    -0.559083469722
67.375    -0.559028914348
67.5    -0.556482996909
67.625    -0.556482996909
67.75    -0.556482996909
67.875    -0.556482996909
68.0    -0.55728314239
68.125    -0.55728314239
68.25    -0.556973995272
68.375    -0.557228587016
68.5    -0.55811965812
68.625    -0.55811965812
68.75    -0.556301145663
68.875    -0.556301145663
69.0    -0.556573922531
69.125    -0.556573922531
69.25    -0.556573922531
69.375    -0.556573922531
69.5    -0.55517366794
69.625    -0.55410074559
69.75    -0.556337515912
69.875    -0.556337515912
70.0    -0.5568466994
70.125    -0.556955810147
70.25    -0.556719403528
70.375    -0.5568466994
70.5    -0.554137115839
70.625    -0.554155300964
70.75    -0.555191853064
70.875    -0.556046553919
71.0    -0.555628296054
71.125    -0.554791780324
71.25    -0.556864884524
71.375    -0.556973995272
71.5    -0.557355882888
71.625    -0.55704673577
71.75    -0.55704673577
71.875    -0.55704673577
72.0    -0.554519003455
72.125    -0.5578832515
72.25    -0.555046372068
72.375    -0.556737588652
72.5    -0.554573558829
72.625    -0.554573558829
72.75    -0.554646299327
72.875    -0.554573558829
73.0    -0.553136933988
73.125    -0.553155119113
73.25    -0.554573558829
73.375    -0.555082742317
73.5    -0.554064375341
73.625    -0.554064375341
73.75    -0.554064375341
73.875    -0.554064375341
74.0    -0.552918712493
74.125    -0.556064739043
74.25    -0.555555555556
74.375    -0.55513729769
74.5    -0.551718494272
74.625    -0.554355337334
74.75    -0.554355337334
74.875    -0.553827968722
75.0    -0.554900891071
75.125    -0.551100200036
75.25    -0.556082924168
75.375    -0.556701218403
75.5    -0.552518639753
75.625    -0.555210038189
75.75    -0.555210038189
75.875    -0.552918712493
76.0    -0.555228223313
76.125    -0.554682669576
76.25    -0.554682669576
76.375    -0.554355337334
76.5    -0.552973267867
76.625    -0.554046190216
76.75    -0.554719039825
76.875    -0.553755228223
77.0    -0.55664666303
77.125    -0.552027641389
77.25    -0.55601018367
77.375    -0.55601018367
77.5    -0.552409529005
77.625    -0.552373158756
77.75    -0.552373158756
77.875    -0.553318785234
78.0    -0.549863611566
78.125    -0.550427350427
78.25    -0.550536461175
78.375    -0.550536461175
78.5    -0.552082196763
78.625    -0.552082196763
78.75    -0.552082196763
78.875    -0.554628114203
79.0    -0.552791416621
79.125    -0.552791416621
79.25    -0.552791416621
79.375    -0.552282233133
79.5    -0.551773049645
79.625    -0.552209492635
79.75    -0.55326422986
79.875    -0.552936897618
80.0    -0.547845062739
80.125    -0.550554646299
80.25    -0.551172940535
80.375    -0.552027641389
80.5    -0.550809238043
80.625    -0.550572831424
80.75    -0.550572831424
80.875    -0.550572831424
81.0    -0.549736315694
81.125    -0.549427168576
81.25    -0.549208947081
81.375    -0.546626659393
81.5    -0.549190761957
81.625    -0.551573013275
81.75    -0.551573013275
81.875    -0.551573013275
82.0    -0.551754864521
82.125    -0.551754864521
82.25    -0.551518457901
82.375    -0.551518457901
82.5    -0.550845608292
82.625    -0.550681942171
82.75    -0.550681942171
82.875    -0.552354973632
83.0    -0.552536824877
83.125    -0.551063829787
83.25    -0.551063829787
83.375    -0.552755046372
83.5    -0.549354428078
83.625    -0.55051827605
83.75    -0.553227859611
83.875    -0.553300600109
84.0    -0.550681942171
84.125    -0.549809056192
84.25    -0.549154391708
84.375    -0.54928168758
84.5    -0.548154209856
84.625    -0.547226768503
84.75    -0.547317694126
84.875    -0.547354064375
85.0    -0.552136752137
85.125    -0.548536097472
85.25    -0.548499727223
85.375    -0.549099836334
85.5    -0.548481542099
85.625    -0.548481542099
85.75    -0.548481542099
85.875    -0.548354246227
86.0    -0.546772140389
86.125    -0.546772140389
86.25    -0.546081105656
86.375    -0.548445171849
86.5    -0.548463356974
86.625    -0.546663029642
86.75    -0.5473722495
86.875    -0.549445353701
87.0    -0.546826695763
87.125    -0.546826695763
87.25    -0.547699581742
87.375    -0.550863793417
87.5    -0.549918166939
87.625    -0.549918166939
87.75    -0.549918166939
87.875    -0.549918166939
88.0    -0.547154028005
88.125    -0.548881614839
88.25    -0.548972540462
88.375    -0.548572467721
88.5    -0.546572104019
88.625    -0.546444808147
88.75    -0.546444808147
88.875    -0.546444808147
89.0    -0.54948172395
89.125    -0.548936170213
89.25    -0.548081469358
89.375    -0.547444989998
89.5    -0.545517366794
89.625    -0.545735588289
89.75    -0.546081105656
89.875    -0.546081105656
90.0    -0.545317330424
90.125    -0.544026186579
90.25    -0.543644298963
90.375    -0.546553918894
90.5    -0.545044553555
90.625    -0.545044553555
90.75    -0.544935442808
90.875    -0.54924531733
91.0    -0.544153482451
91.125    -0.544008001455
91.25    -0.544008001455
91.375    -0.544008001455
91.5    -0.546572104019
91.625    -0.54653573377
91.75    -0.547354064375
91.875    -0.545226404801
92.0    -0.543971631206
92.125    -0.543753409711
92.25    -0.548772504092
92.375    -0.543753409711
92.5    -0.543607928714
92.625    -0.543607928714
92.75    -0.547390434624
92.875    -0.547426804874
93.0    -0.546717585015
93.125    -0.546408437898
93.25    -0.546408437898
93.375    -0.546408437898
93.5    -0.543207855974
93.625    -0.544444444444
93.75    -0.544353518822
93.875    -0.544389889071
94.0    -0.546372067649
94.125    -0.546372067649
94.25    -0.546372067649
94.375    -0.545008183306
94.5    -0.542698672486
94.625    -0.541352973268
94.75    -0.543316966721
94.875    -0.542298599745
95.0    -0.544317148572
95.125    -0.544135297327
95.25    -0.5441898527
95.375    -0.544644480815
95.5    -0.544553555192
95.625    -0.544553555192
95.75    -0.545499181669
95.875    -0.545681032915
96.0    -0.543771594835
96.125    -0.543662484088
96.25    -0.545535551919
96.375    -0.543735224586
96.5    -0.544171667576
96.625    -0.544171667576
96.75    -0.543171485725
96.875    -0.542898708856
97.0    -0.544153482451
97.125    -0.544153482451
97.25    -0.544153482451
97.375    -0.545517366794
97.5    -0.54506273868
97.625    -0.545608292417
97.75    -0.544808146936
97.875    -0.543935260957
98.0    -0.546826695763
98.125    -0.546717585015
98.25    -0.546826695763
98.375    -0.546481178396
98.5    -0.544153482451
98.625    -0.544153482451
98.75    -0.544117112202
98.875    -0.545571922168
99.0    -0.54275322786
99.125    -0.544771776687
99.25    -0.547754137116
99.375    -0.545080923804
99.5    -0.54462629569
99.625    -0.544335333697
99.75    -0.544335333697
99.875    -0.544389889071
100.0    -0.54506273868
100.125    -0.545299145299
100.25    -0.545317330424
100.375    -0.540916530278
100.5    -0.542735042735
100.625    -0.541462084015
100.75    -0.54104382615
100.875    -0.542389525368
101.0    -0.543607928714
101.125    -0.542989634479
101.25    -0.541825786507
101.375    -0.541843971631
101.5    -0.543971631206
101.625    -0.54422622295
101.75    -0.542571376614
101.875    -0.544062556828
102.0    -0.541916712129
102.125    -0.541916712129
102.25    -0.542007637752
102.375    -0.542007637752
102.5    -0.544535370067
102.625    -0.544535370067
102.75    -0.544535370067
102.875    -0.544498999818
103.0    -0.541662120386
103.125    -0.541025641026
103.25    -0.541025641026
103.375    -0.541534824514
103.5    -0.542535006365
103.625    -0.542535006365
103.75    -0.540861974905
103.875    -0.540116384797
104.0    -0.540189125295
104.125    -0.541207492271
104.25    -0.539843607929
104.375    -0.539843607929
104.5    -0.540734679033
104.625    -0.540625568285
104.75    -0.54104382615
104.875    -0.54104382615
105.0    -0.540916530278
105.125    -0.540370976541
105.25    -0.540916530278
105.375    -0.542898708856
105.5    -0.537224949991
105.625    -0.539007092199
105.75    -0.537770503728
105.875    -0.538479723586
106.0    -0.542080378251
106.125    -0.5421167485
106.25    -0.542134933624
106.375    -0.541371158392
106.5    -0.538497908711
106.625    -0.538279687216
106.75    -0.537843244226
106.875    -0.537388616112
107.0    -0.538770685579
107.125    -0.538279687216
107.25    -0.537334060738
107.375    -0.537170394617
107.5    -0.539225313693
107.625    -0.53769776323
107.75    -0.537643207856
107.875    -0.537843244226
108.0    -0.538843426077
108.125    -0.535097290416
108.25    -0.535079105292
108.375    -0.536933987998
108.5    -0.537534097109
108.625    -0.537188579742
108.75    -0.536933987998
108.875    -0.535042735043
109.0    -0.535170030915
109.125    -0.534915439171
109.25    -0.533787961448
109.375    -0.534097108565
109.5    -0.533569739953
109.625    -0.533824331697
109.75    -0.533496999454
109.875    -0.533642480451
110.0    -0.536570285506
110.125    -0.534606292053
110.25    -0.53411529369
110.375    -0.532987815967
110.5    -0.532951445717
110.625    -0.534769958174
110.75    -0.532333151482
110.875    -0.532333151482
111.0    -0.533660665576
111.125    -0.532042189489
111.25    -0.532351336607
111.375    -0.53200581924
111.5    -0.532242225859
111.625    -0.532769594472
111.75    -0.529168939807
111.875    -0.532460447354
112.0    -0.529278050555
112.125    -0.529859974541
112.25    -0.531205673759
112.375    -0.532769594472
112.5    -0.530914711766
112.625    -0.532351336607
112.75    -0.533769776323
112.875    -0.533587925077
113.0    -0.531605746499
113.125    -0.531751227496
113.25    -0.53116930351
113.375    -0.530714675396
113.5    -0.532969630842
113.625    -0.533078741589
113.75    -0.531533006001
113.875    -0.531533006001
114.0    -0.531296599382
114.125    -0.529332605928
114.25    -0.529405346427
114.375    -0.528332424077
114.5    -0.530187306783
114.625    -0.529532642299
114.75    -0.529532642299
114.875    -0.529350791053
115.0    -0.526786688489
115.125    -0.526786688489
115.25    -0.527077650482
115.375    -0.526095653755
115.5    -0.528441534825
115.625    -0.529805419167
115.75    -0.529969085288
115.875    -0.530514639025
116.0    -0.529314420804
116.125    -0.52822331333
116.25    -0.528587015821
116.375    -0.528477905074
116.5    -0.530005455537
116.625    -0.530169121658
116.75    -0.530260047281
116.875    -0.530260047281
117.0    -0.529405346427
117.125    -0.530514639025
117.25    -0.529478086925
117.375    -0.528877977814
117.5    -0.528732496818
117.625    -0.528205128205
117.75    -0.530205491908
117.875    -0.529114384434
118.0    -0.528877977814
118.125    -0.528877977814
118.25    -0.527732314966
118.375    -0.528350609202
118.5    -0.528550645572
118.625    -0.531114748136
118.75    -0.52989634479
118.875    -0.533115111838
119.0    -0.528241498454
119.125    -0.527677759593
119.25    -0.532096744863
119.375    -0.527732314966
120.0    -0.529750863793
120.125    -0.530460083652
120.25    -0.529587197672
120.375    -0.529550827423
120.5    -0.529750863793
120.625    -0.528641571195
120.75    -0.528132387707
120.875    -0.529532642299
121.0    -0.529278050555
121.125    -0.528714311693
121.25    -0.531078377887
121.375    -0.532715039098
121.5    -0.530405528278
121.625    -0.530023640662
121.75    -0.530023640662
121.875    -0.529769048918
122.0    -0.529678123295
122.125    -0.529550827423
122.25    -0.528186943081
122.375    -0.527077650482
122.5    -0.530405528278
122.625    -0.52989634479
122.75    -0.529587197672
122.875    -0.529787234043
123.0    -0.531878523368
123.125    -0.532260410984
123.25    -0.528768867067
123.375    -0.52885979269
123.5    -0.533387888707
123.625    -0.534188034188
123.75    -0.532860520095
123.875    -0.531478450627
124.0    -0.531878523368
124.125    -0.531878523368
124.25    -0.53156937625
124.375    -0.529569012548
124.5    -0.530641934897
124.625    -0.53136933988
124.75    -0.531078377887
124.875    -0.528532460447
125.0    -0.531787597745
125.125    -0.531587561375
125.25    -0.531533006001
125.375    -0.534551736679
125.5    -0.533406073832
125.625    -0.533024186216
125.75    -0.532496817603
125.875    -0.531132933261
126.0    -0.531332969631
126.125    -0.531551191126
126.25    -0.531278414257
126.375    -0.530478268776
126.5    -0.530660120022
126.625    -0.530241862157
126.75    -0.531187488634
126.875    -0.530823786143
127.0    -0.531842153119
127.125    -0.53116930351
127.25    -0.531242044008
127.375    -0.531514820877
127.5    -0.530696490271
127.625    -0.530696490271
127.75    -0.530696490271
127.875    -0.532260410984
128.0    -0.532605928351
128.125    -0.53240589198
128.25    -0.53220585561
128.375    -0.530423713402
128.5    -0.533387888707
128.625    -0.533115111838
128.75    -0.532660483724
128.875    -0.532660483724
129.0    -0.530060010911
129.125    -0.528914348063
129.25    -0.528914348063
129.375    -0.530387343153
129.5    -0.531478450627
129.625    -0.530114566285
129.75    -0.529132569558
129.875    -0.530369158029
130.0    -0.530987452264
130.125    -0.530823786143
130.25    -0.530823786143
130.375    -0.533333333333
130.5    -0.531787597745
130.625    -0.533351518458
130.75    -0.531587561375
130.875    -0.531933078742
131.0    -0.53176941262
131.125    -0.533296963084
131.25    -0.533187852337
131.375    -0.532751409347
131.5    -0.533460629205
131.625    -0.533460629205
131.75    -0.531587561375
131.875    -0.532696853973
132.0    -0.530951082015
132.125    -0.531187488634
132.25    -0.531187488634
132.375    -0.531187488634
132.5    -0.532587743226
132.625    -0.532424077105
132.75    -0.533406073832
132.875    -0.533006001091
133.0    -0.532169485361
133.125    -0.53156937625
133.25    -0.53156937625
133.375    -0.531623931624
133.5    -0.532733224223
133.625    -0.532824149845
133.75    -0.532387706856
133.875    -0.532314966358
134.0    -0.533824331697
134.125    -0.529932715039
134.25    -0.532224040735
134.375    -0.532915075468
134.5    -0.529714493544
134.625    -0.531460265503
134.75    -0.529641753046
134.875    -0.530860156392
135.0    -0.532769594472
135.125    -0.532969630842
135.25    -0.5326422986
135.375    -0.534933624295
135.5    -0.531205673759
135.625    -0.531405710129
135.75    -0.531642116748
135.875    -0.530569194399
136.0    -0.532151300236
136.125    -0.533715220949
136.25    -0.533296963084
136.375    -0.535479178032
136.5    -0.533496999454
136.625    -0.533187852337
136.75    -0.532824149845
136.875    -0.531914893617
137.0    -0.530860156392
137.125    -0.530441898527
137.25    -0.532551372977
137.375    -0.530496453901
137.5    -0.530841971267
137.625    -0.533424258956
137.75    -0.53093289689
137.875    -0.53093289689
138.0    -0.533806146572
138.125    -0.532769594472
138.25    -0.532769594472
138.375    -0.533060556465
138.5    -0.532151300236
138.625    -0.532278596108
138.75    -0.533424258956
138.875    -0.532569558101
139.0    -0.53156937625
139.125    -0.530551009274
139.25    -0.530114566285
139.375    -0.531332969631
139.5    -0.531005637389
139.625    -0.530005455537
139.75    -0.53073286052
139.875    -0.529950900164
140.0    -0.531714857247
140.125    -0.531714857247
140.25    -0.531714857247
140.375    -0.531478450627
140.5    -0.531060192762
140.625    -0.531296599382
140.75    -0.530114566285
140.875    -0.529587197672
141.0    -0.532314966358
141.125    -0.531696672122
141.25    -0.531842153119
141.375    -0.530878341517
141.5    -0.53176941262
141.625    -0.531823967994
141.75    -0.531823967994
141.875    -0.531823967994
142.0    -0.532096744863
142.125    -0.530951082015
142.25    -0.530896526641
142.375    -0.530987452264
142.5    -0.532351336607
142.625    -0.532351336607
142.75    -0.53093289689
142.875    -0.530678305146
143.0    -0.529569012548
143.125    -0.529569012548
143.25    -0.529532642299
143.375    -0.529641753046
143.5    -0.528914348063
143.625    -0.529096199309
143.75    -0.528896162939
143.875    -0.532133115112
144.0    -0.528568830696
144.125    -0.528186943081
144.25    -0.528950718312
144.375    -0.528259683579
144.5    -0.531423895254
144.625    -0.531423895254
144.75    -0.528768867067
144.875    -0.529314420804
145.0    -0.530460083652
145.125    -0.530441898527
145.25    -0.530169121658
145.375    -0.530187306783
145.5    -0.528587015821
145.625    -0.530187306783
145.75    -0.530205491908
145.875    -0.528987088562
146.0    -0.530278232406
146.125    -0.529659938171
146.25    -0.52969630842
146.375    -0.528587015821
146.5    -0.529987270413
146.625    -0.529587197672
146.75    -0.529405346427
146.875    -0.531223858883
147.0    -0.5294599018
147.125    -0.529950900164
147.25    -0.529096199309
147.375    -0.53029641753
147.5    -0.528441534825
147.625    -0.527932351337
147.75    -0.529005273686
147.875    -0.528914348063
148.0    -0.528550645572
148.125    -0.528550645572
148.25    -0.528550645572
148.375    -0.528314238953
148.5    -0.531696672122
148.625    -0.531678486998
148.75    -0.530405528278
148.875    -0.529805419167
149.0    -0.529241680305
149.125    -0.529241680305
149.25    -0.527532278596
149.375    -0.527514093472
149.5    -0.529496272049
149.625    -0.529496272049
149.75    -0.529496272049
149.875    -0.528641571195
150.0    -0.531042007638
150.125    -0.531042007638
150.25    -0.529132569558
150.375    -0.527714129842
150.5    -0.528677941444
150.625    -0.528368794326
150.75    -0.528314238953
150.875    -0.528132387707
151.0    -0.528932533188
151.125    -0.528932533188
151.25    -0.527914166212
151.375    -0.528314238953
151.5    -0.527805055465
151.625    -0.527805055465
151.75    -0.52735042735
151.875    -0.528168757956
152.0    -0.527950536461
152.125    -0.526404800873
152.25    -0.526604837243
152.375    -0.526641207492
152.5    -0.526222949627
152.625    -0.526368430624
152.75    -0.530823786143
152.875    -0.526441171122
153.0    -0.528659756319
153.125    -0.532351336607
153.25    -0.52651391162
153.375    -0.52651391162
153.5    -0.531587561375
153.625    -0.530369158029
153.75    -0.527332242226
153.875    -0.525841062011
154.0    -0.530132751409
154.125    -0.529168939807
154.25    -0.528659756319
154.375    -0.528314238953
154.5    -0.528241498454
154.625    -0.528241498454
154.75    -0.529641753046
154.875    -0.529769048918
155.0    -0.529023458811
155.125    -0.527605019094
155.25    -0.528968903437
155.375    -0.528968903437
155.5    -0.52885979269
155.625    -0.528550645572
155.75    -0.528532460447
155.875    -0.528096017458
156.0    -0.52611383888
156.125    -0.52611383888
156.25    -0.526022913257
156.375    -0.527059465357
156.5    -0.526041098382
156.625    -0.526041098382
156.75    -0.526041098382
156.875    -0.527768685216
157.0    -0.530441898527
157.125    -0.529532642299
157.25    -0.528332424077
157.375    -0.528023276959
157.5    -0.525022731406
157.625    -0.525186397527
157.75    -0.525186397527
157.875    -0.525968357883
158.0    -0.525968357883
158.125    -0.525968357883
158.25    -0.525313693399
158.375    -0.524949990907
158.5    -0.525986543008
158.625    -0.529096199309
158.75    -0.52567739589
158.875    -0.525822876887
159.0    -0.527459538098
159.125    -0.527459538098
159.25    -0.527459538098
159.375    -0.526095653755
159.5    -0.527623204219
159.625    -0.527623204219
159.75    -0.527659574468
159.875    -0.529023458811
160.0    -0.527823240589
160.125    -0.527841425714
160.25    -0.528023276959
160.375    -0.528023276959
160.5    -0.526768503364
160.625    -0.526532096745
160.75    -0.525113657029
160.875    -0.526332060375
161.0    -0.526695762866
161.125    -0.526695762866
161.25    -0.523840698309
161.375    -0.525986543008
161.5    -0.526404800873
161.625    -0.528514275323
161.75    -0.526986724859
161.875    -0.523749772686
162.0    -0.524586288416
162.125    -0.522985997454
162.25    -0.52380432806
162.375    -0.525259138025
162.5    -0.526641207492
162.625    -0.526804873613
162.75    -0.526986724859
162.875    -0.527423167849
163.0    -0.524659028914
163.125    -0.524677214039
163.25    -0.524677214039
163.375    -0.524677214039
163.5    -0.525568285143
163.625    -0.524986361157
163.75    -0.525004546281
163.875    -0.525004546281
164.0    -0.526804873613
164.125    -0.526804873613
164.25    -0.526804873613
164.375    -0.524549918167
164.5    -0.526604837243
164.625    -0.526732133115
164.75    -0.526732133115
164.875    -0.526550281869
165.0    -0.525077286779
165.125    -0.524495362793
165.25    -0.525422804146
165.375    -0.524877250409
165.5    -0.524659028914
165.625    -0.524659028914
165.75    -0.524659028914
165.875    -0.524422622295
166.0    -0.52356792144
166.125    -0.523531551191
166.25    -0.523222404073
166.375    -0.523222404073
166.5    -0.524386252046
166.625    -0.524149845426
166.75    -0.524349881797
166.875    -0.524313511548
167.0    -0.524913620658
167.125    -0.523240589198
167.25    -0.523986179305
167.375    -0.523022367703
167.5    -0.523877068558
167.625    -0.523204218949
167.75    -0.522876886707
167.875    -0.522695035461
168.0    -0.523131478451
168.125    -0.524131660302
168.25    -0.522622294963
168.375    -0.522622294963
168.5    -0.522022185852
168.625    -0.522131296599
168.75    -0.523095108201
168.875    -0.523131478451
169.0    -0.526150209129
169.125    -0.522785961084
169.25    -0.522604109838
169.375    -0.524131660302
169.5    -0.524677214039
169.625    -0.524295326423
169.75    -0.52356792144
169.875    -0.524295326423
170.0    -0.523822513184
170.125    -0.523313329696
170.25    -0.523113293326
170.375    -0.523222404073
170.5    -0.522876886707
170.625    -0.520749227132
170.75    -0.521149299873
170.875    -0.522985997454
171.0    -0.521713038734
171.125    -0.521713038734
171.25    -0.522222222222
171.375    -0.523458810693
171.5    -0.522785961084
171.625    -0.522785961084
171.75    -0.522785961084
171.875    -0.522785961084
172.0    -0.52209492635
172.125    -0.521731223859
172.25    -0.521749408983
172.375    -0.521331151118
172.5    -0.521022004001
172.625    -0.520949263502
172.75    -0.521349336243
172.875    -0.521749408983
173.0    -0.520731042008
173.125    -0.520731042008
173.25    -0.520640116385
173.375    -0.520840152755
173.5    -0.520712856883
173.625    -0.520130932897
173.75    -0.520876523004
173.875    -0.522222222222
174.0    -0.520349154392
174.125    -0.520240043644
174.25    -0.520240043644
174.375    -0.519949081651
174.5    -0.522767775959
174.625    -0.522767775959
174.75    -0.523058737952
174.875    -0.523313329696
175.0    -0.521531187489
175.125    -0.521531187489
175.25    -0.520767412257
175.375    -0.520094562648
175.5    -0.522567739589
175.625    -0.519421713039
175.75    -0.522131296599
175.875    -0.522131296599
176.0    -0.520258228769
176.125    -0.520258228769
176.25    -0.520403709765
176.375    -0.519821785779
176.5    -0.520658301509
176.625    -0.520658301509
176.75    -0.520658301509
176.875    -0.520658301509
177.0    -0.521949445354
177.125    -0.52169485361
177.25    -0.52169485361
177.375    -0.52169485361
177.5    -0.51811238407
177.625    -0.517712311329
177.75    -0.519221676668
177.875    -0.519221676668
178.0    -0.518676122931
178.125    -0.518294235316
178.25    -0.518567012184
178.375    -0.518567012184
178.5    -0.52253136934
178.625    -0.52253136934
178.75    -0.521149299873
178.875    -0.519330787416
179.0    -0.518967084925
179.125    -0.518967084925
179.25    -0.518894344426
179.375    -0.519276232042
180.0    -0.517130387343
180.125    -0.515711947627
180.25    -0.516675759229
180.375    -0.518185124568
180.5    -0.518985270049
180.625    -0.518985270049
180.75    -0.518985270049
180.875    -0.518985270049
181.0    -0.516512093108
181.125    -0.516512093108
181.25    -0.51432987816
181.375    -0.521131114748
181.5    -0.516821240225
181.625    -0.5189488998
181.75    -0.518166939444
181.875    -0.519130751046
182.0    -0.519712675032
182.125    -0.519712675032
182.25    -0.519712675032
182.375    -0.51727586834
182.5    -0.514275322786
182.625    -0.51452991453
182.75    -0.513766139298
182.875    -0.516221131115
183.0    -0.51787597745
183.125    -0.51787597745
183.25    -0.51787597745
183.375    -0.51767594108
183.5    -0.514748136025
183.625    -0.514748136025
183.75    -0.514293507911
183.875    -0.514984542644
184.0    -0.516075650118
184.125    -0.515220949263
184.25    -0.516693944354
184.375    -0.516693944354
184.5    -0.518294235316
184.625    -0.516475722859
184.75    -0.516857610475
184.875    -0.51580287325
185.0    -0.517985088198
185.125    -0.517894162575
185.25    -0.517894162575
185.375    -0.518785233679
185.5    -0.515948354246
185.625    -0.515948354246
185.75    -0.51580287325
185.875    -0.515839243499
186.0    -0.521203855246
186.125    -0.521203855246
186.25    -0.520731042008
186.375    -0.520731042008
186.5    -0.514748136025
186.625    -0.514748136025
186.75    -0.514693580651
186.875    -0.51600290962
187.0    -0.515821058374
187.125    -0.515821058374
187.25    -0.515821058374
187.375    -0.515821058374
187.5    -0.513729769049
187.625    -0.515711947627
187.75    -0.513911620295
187.875    -0.515257319513
188.0    -0.516275686488
188.125    -0.516275686488
188.25    -0.516275686488
188.375    -0.515911983997
188.5    -0.516748499727
188.625    -0.516693944354
188.75    -0.516693944354
188.875    -0.516693944354
189.0    -0.515111838516
189.125    -0.515075468267
189.25    -0.515257319513
189.375    -0.51492998727
189.5    -0.513711583924
189.625    -0.513620658301
189.75    -0.513620658301
189.875    -0.513929805419
190.0    -0.518657937807
190.125    -0.517166757592
190.25    -0.517166757592
190.375    -0.517130387343
190.5    -0.516875795599
190.625    -0.515275504637
190.75    -0.515275504637
190.875    -0.513838879796
191.0    -0.515693762502
191.125    -0.515693762502
191.25    -0.515693762502
191.375    -0.515730132751
191.5    -0.515439170758
191.625    -0.515439170758
191.75    -0.513602473177
191.875    -0.513602473177
192.0    -0.516584833606
192.125    -0.516584833606
192.25    -0.516584833606
192.375    -0.516584833606
192.5    -0.514020731042
192.625    -0.51409347154
192.75    -0.51409347154
192.875    -0.51409347154
193.0    -0.515657392253
193.125    -0.515657392253
193.25    -0.515657392253
193.375    -0.515657392253
193.5    -0.518567012184
193.625    -0.518548827059
193.75    -0.517930532824
193.875    -0.517857792326
194.0    -0.515511911257
194.125    -0.515511911257
194.25    -0.515511911257
194.375    -0.515530096381
194.5    -0.514602655028
194.625    -0.51556646663
194.75    -0.514202582288
194.875    -0.513875250045
195.0    -0.516530278232
195.125    -0.516766684852
195.25    -0.516766684852
195.375    -0.516766684852
195.5    -0.516530278232
195.625    -0.516493907983
195.75    -0.515984724495
195.875    -0.515875613748
196.0    -0.515711947627
196.125    -0.517312238589
196.25    -0.515657392253
196.375    -0.517257683215
196.5    -0.513857064921
196.625    -0.513784324423
196.75    -0.513857064921
196.875    -0.512456810329
197.0    -0.514202582288
197.125    -0.514257137661
197.25    -0.515384615385
197.375    -0.515402800509
197.5    -0.514675395526
197.625    -0.514238952537
197.75    -0.514257137661
197.875    -0.513947990544
198.0    -0.515857428623
198.125    -0.515857428623
198.25    -0.515857428623
198.375    -0.515857428623
198.5    -0.516657574104
198.625    -0.517021276596
198.75    -0.517021276596
198.875    -0.517021276596
199.0    -0.512456810329
199.125    -0.512274959083
199.25    -0.512202218585
199.375    -0.512202218585
199.5    -0.513329696308
199.625    -0.513329696308
199.75    -0.51325695581
199.875    -0.513311511184
200.0    -0.515348245135
200.125    -0.515348245135
200.25    -0.515348245135
200.375    -0.515420985634
200.5    -0.512129478087
200.625    -0.512129478087
200.75    -0.512129478087
200.875    -0.512129478087
201.0    -0.514184397163
201.125    -0.514184397163
201.25    -0.514184397163
201.375    -0.513929805419
201.5    -0.514457174032
201.625    -0.514457174032
201.75    -0.51409347154
201.875    -0.514420803783
202.0    -0.514475359156
202.125    -0.512074922713
202.25    -0.512074922713
202.375    -0.512074922713
202.5    -0.512038552464
202.625    -0.512038552464
202.75    -0.51202036734
202.875    -0.512038552464
203.0    -0.51409347154
203.125    -0.513857064921
203.25    -0.51389343517
203.375    -0.51389343517
203.5    -0.514020731042
203.625    -0.514020731042
203.75    -0.51389343517
203.875    -0.51345699218
204.0    -0.514657210402
204.125    -0.514657210402
204.25    -0.513311511184
204.375    -0.51282051282
204.5    -0.511747590471
204.625    -0.511747590471
204.75    -0.511747590471
204.875    -0.511747590471
205.0    -0.511256592108
205.125    -0.511256592108
205.25    -0.511329332606
205.375    -0.511256592108
205.5    -0.515184579014
205.625    -0.515184579014
205.75    -0.515348245135
205.875    -0.515348245135
206.0    -0.512511365703
206.125    -0.513038734315
206.25    -0.513038734315
206.375    -0.513038734315
206.5    -0.512274959083
206.625    -0.51285688307
206.75    -0.51285688307
206.875    -0.512838697945
207.0    -0.515020912893
207.125    -0.515057283142
207.25    -0.515057283142
207.375    -0.51516639389
207.5    -0.512347699582
207.625    -0.511511183852
207.75    -0.511511183852
207.875    -0.511529368976
208.0    -0.514675395526
208.125    -0.514675395526
208.25    -0.51134751773
208.375    -0.512784142571
208.5    -0.514602655028
208.625    -0.51389343517
208.75    -0.51389343517
208.875    -0.51389343517
209.0    -0.514438988907
209.125    -0.514438988907
209.25    -0.514438988907
209.375    -0.514057101291
209.5    -0.512074922713
209.625    -0.51242044008
209.75    -0.511438443353
209.875    -0.512184033461
210.0    -0.514457174032
210.125    -0.514457174032
210.25    -0.514038916167
210.375    -0.514038916167
210.5    -0.514602655028
210.625    -0.514602655028
210.75    -0.514602655028
210.875    -0.514602655028
211.0    -0.51325695581
211.125    -0.513402436807
211.25    -0.513202400436
211.375    -0.512984178942
211.5    -0.513620658301
211.625    -0.513311511184
211.75    -0.513311511184
211.875    -0.513311511184
212.0    -0.513620658301
212.125    -0.513620658301
212.25    -0.513602473177
212.375    -0.513438807056
212.5    -0.511402073104
212.625    -0.511402073104
212.75    -0.511402073104
212.875    -0.511402073104
213.0    -0.510983815239
213.125    -0.511565739225
213.25    -0.511565739225
213.375    -0.511565739225
213.5    -0.510911074741
213.625    -0.510965630115
213.75    -0.510965630115
213.875    -0.510801963993
214.0    -0.51011092926
214.125    -0.51011092926
214.25    -0.51011092926
214.375    -0.511947626841
214.5    -0.511929441717
214.625    -0.511929441717
214.75    -0.512729587198
214.875    -0.512256773959
215.0    -0.510965630115
215.125    -0.510965630115
215.25    -0.51011092926
215.375    -0.51198399709
215.5    -0.510620112748
215.625    -0.510620112748
215.75    -0.510601927623
215.875    -0.510601927623
216.0    -0.510838334243
216.125    -0.511256592108
216.25    -0.511256592108
216.375    -0.510801963993
216.5    -0.510638297872
216.625    -0.510220040007
216.75    -0.510365521004
216.875    -0.510292780506
217.0    -0.509710856519
217.125    -0.509710856519
217.25    -0.509456264775
217.375    -0.509456264775
217.5    -0.509619930897
217.625    -0.509638116021
217.75    -0.509565375523
217.875    -0.509565375523
218.0    -0.510838334243
218.125    -0.51054737225
218.25    -0.510420076377
218.375    -0.507601382069
218.5    -0.507455901073
218.625    -0.507455901073
218.75    -0.507455901073
218.875    -0.507455901073
219.0    -0.50967448627
219.125    -0.50967448627
219.25    -0.5094744499
219.375    -0.509219858156
219.5    -0.510674668121
219.625    -0.510674668121
219.75    -0.510674668121
219.875    -0.510674668121
220.0    -0.509601745772
220.125    -0.509601745772
220.25    -0.508128750682
220.375    -0.509601745772
220.5    -0.510038188762
220.625    -0.510038188762
220.75    -0.510038188762
220.875    -0.508674304419
221.0    -0.506492089471
221.125    -0.506164757229
221.25    -0.506201127478
221.375    -0.506201127478
221.5    -0.508474268049
221.625    -0.507419530824
221.75    -0.507419530824
221.875    -0.507419530824
222.0    -0.50780141844
222.125    -0.50780141844
222.25    -0.50780141844
222.375    -0.50780141844
222.5    -0.506873977087
222.625    -0.508237861429
222.75    -0.508237861429
222.875    -0.508237861429
223.0    -0.507255864703
223.125    -0.507255864703
223.25    -0.507255864703
223.375    -0.508892525914
223.5    -0.508183306056
223.625    -0.505346426623
223.75    -0.508183306056
223.875    -0.507183124204
224.0    -0.508274231678
224.125    -0.508274231678
224.25    -0.508274231678
224.375    -0.508274231678
224.5    -0.505964720858
224.625    -0.505964720858
224.75    -0.505964720858
224.875    -0.505964720858
225.0    -0.506601200218
225.125    -0.505855610111
225.25    -0.505855610111
225.375    -0.505855610111
225.5    -0.505637388616
225.625    -0.505637388616
225.75    -0.505637388616
225.875    -0.505637388616
226.0    -0.507255864703
226.125    -0.50569194399
226.25    -0.50569194399
226.375    -0.506783051464
226.5    -0.504491725768
226.625    -0.502709583561
226.75    -0.50461902164
226.875    -0.504582651391
227.0    -0.50569194399
227.125    -0.50549190762
227.25    -0.50840152755
227.375    -0.507274049827
227.5    -0.507419530824
227.625    -0.506364793599
227.75    -0.506110201855
227.875    -0.506110201855
228.0    -0.506819421713
228.125    -0.506819421713
228.25    -0.506237497727
228.375    -0.506110201855
228.5    -0.503509729042
228.625    -0.503509729042
228.75    -0.503509729042
228.875    -0.504873613384
229.0    -0.50505546463
229.125    -0.50505546463
229.25    -0.50505546463
229.375    -0.504728132388
229.5    -0.505237315876
229.625    -0.505237315876
229.75    -0.505237315876
229.875    -0.505237315876
230.0    -0.504164393526
230.125    -0.504637206765
230.25    -0.503855246408
230.375    -0.504000727405
230.5    -0.503873431533
230.625    -0.503964357156
230.75    -0.503964357156
230.875    -0.503473358792
231.0    -0.501182033097
231.125    -0.503455173668
231.25    -0.503455173668
231.375    -0.504055282779
231.5    -0.504819058011
231.625    -0.504819058011
231.75    -0.504819058011
231.875    -0.504073467903
232.0    -0.505310056374
232.125    -0.505310056374
232.25    -0.505310056374
232.375    -0.502582287689
232.5    -0.502254955446
232.625    -0.502127659574
232.75    -0.502127659574
232.875    -0.501836697581
233.0    -0.503600654664
233.125    -0.503600654664
233.25    -0.503600654664
233.375    -0.503600654664
233.5    -0.502927805055
233.625    -0.502400436443
233.75    -0.502400436443
233.875    -0.502236770322
234.0    -0.504491725768
234.125    -0.504328059647
234.25    -0.504328059647
234.375    -0.504328059647
234.5    -0.503255137298
234.625    -0.502982360429
234.75    -0.502473176941
234.875    -0.504091653028
235.0    -0.503273322422
235.125    -0.503273322422
235.25    -0.503127841426
235.375    -0.50230951082
235.5    -0.50043644299
235.625    -0.500527368612
235.75    -0.500891071104
235.875    -0.500927441353
236.0    -0.500672849609
236.125    -0.500672849609
236.25    -0.500654664484
236.375    -0.501182033097
236.5    -0.500418257865
236.625    -0.500418257865
236.75    -0.50020003637
236.875    -0.503255137298
237.0    -0.503855246408
237.125    -0.503837061284
237.25    -0.503127841426
237.375    -0.503127841426
237.5    -0.502454991817
237.625    -0.502454991817
237.75    -0.502454991817
237.875    -0.501982178578
238.0    -0.501018366976
238.125    -0.501018366976
238.25    -0.501018366976
238.375    -0.501018366976
238.5    -0.501782142208
238.625    -0.501509365339
238.75    -0.501509365339
238.875    -0.501491180215
239.0    -0.500472813239
239.125    -0.498581560284
239.25    -0.500072740498
239.375    -0.500145480997
240.0    -0.500800145481
240.125    -0.500800145481
240.25    -0.500800145481
240.375    -0.499927259502
240.5    -0.499818148754
240.625    -0.499818148754
240.75    -0.498290598291
240.875    -0.499818148754
241.0    -0.502218585197
241.125    -0.499654482633
241.25    -0.501618476087
241.375    -0.501618476087
241.5    -0.503891616658
241.625    -0.503000545554
241.75    -0.503000545554
241.875    -0.503309692671
242.0    -0.500090925623
242.125    -0.497781414803
242.25    -0.500509183488
242.375    -0.498345153664
242.5    -0.500909256228
242.625    -0.499872704128
242.75    -0.499854519003
242.875    -0.5
243.0    -0.500072740498
243.125    -0.50020003637
243.25    -0.500290961993
243.375    -0.500290961993
243.5    -0.500563738862
243.625    -0.500563738862
243.75    -0.499527186761
243.875    -0.499527186761
244.0    -0.498836152028
244.125    -0.498817966903
244.25    -0.498817966903
244.375    -0.498817966903
244.5    -0.498545190035
244.625    -0.498545190035
244.75    -0.498654300782
244.875    -0.498745226405
245.0    -0.498490634661
245.125    -0.498490634661
245.25    -0.498308783415
245.375    -0.498308783415
245.5    -0.499272595017
245.625    -0.499272595017
245.75    -0.500036370249
245.875    -0.500036370249
246.0    -0.497726859429
246.125    -0.497726859429
246.25    -0.49809056192
246.375    -0.49809056192
246.5    -0.499090743772
246.625    -0.499090743772
246.75    -0.498617930533
246.875    -0.498617930533
247.0    -0.500036370249
247.125    -0.500036370249
247.25    -0.500036370249
247.375    -0.500036370249
247.5    -0.500309147118
247.625    -0.500290961993
247.75    -0.500290961993
247.875    -0.500527368612
248.0    -0.502091289325
248.125    -0.502091289325
248.25    -0.501636661211
248.375    -0.50107292235
248.5    -0.497926895799
248.625    -0.497708674304
248.75    -0.497708674304
248.875    -0.497344971813
249.0    -0.49936352064
249.125    -0.499254409893
249.25    -0.499254409893
249.375    -0.499836333879
249.5    -0.500581923986
249.625    -0.500581923986
249.75    -0.500581923986
249.875    -0.500290961993
250.0    -0.50040007274
250.125    -0.50040007274
250.25    -0.50020003637
250.375    -0.50020003637
250.5    -0.501618476087
250.625    -0.501618476087
250.75    -0.499599927259
250.875    -0.499454446263
251.0    -0.498072376796
251.125    -0.497672304055
251.25    -0.497235861066
251.375    -0.497435897436
251.5    -0.500163666121
251.625    -0.500163666121
251.75    -0.500163666121
251.875    -0.500163666121
252.0    -0.499527186761
252.125    -0.499527186761
252.25    -0.49789052555
252.375    -0.498763411529
252.5    -0.499181669394
252.625    -0.498599745408
252.75    -0.498545190035
252.875    -0.498545190035
253.0    -0.499636297509
253.125    -0.499636297509
253.25    -0.499636297509
253.375    -0.498145117294
253.5    -0.499818148754
253.625    -0.495799236225
253.75    -0.496526641207
253.875    -0.49621749409
254.0    -0.498290598291
254.125    -0.498908892526
254.25    -0.498908892526
254.375    -0.498890707401
254.5    -0.500181851246
254.625    -0.500181851246
254.75    -0.500181851246
254.875    -0.500181851246
255.0    -0.49916348427
255.125    -0.49916348427
255.25    -0.499509001637
255.375    -0.499527186761
255.5    -0.498490634661
255.625    -0.499381705765
255.75    -0.499381705765
255.875    -0.499381705765
256.0    -0.496944899073
256.125    -0.498545190035
256.25    -0.496944899073
256.375    -0.496944899073
256.5    -0.498072376796
256.625    -0.498072376796
256.75    -0.498072376796
256.875    -0.496708492453
257.0    -0.499509001637
257.125    -0.499509001637
257.25    -0.49601745772
257.375    -0.495526459356
257.5    -0.496144753592
257.625    -0.496144753592
257.75    -0.496144753592
257.875    -0.496144753592
258.0    -0.496963084197
258.125    -0.496963084197
258.25    -0.496963084197
258.375    -0.496799418076
258.5    -0.498254228041
258.625    -0.498254228041
258.75    -0.49769048918
258.875    -0.49685397345
259.0    -0.49832696854
259.125    -0.49832696854
259.25    -0.49832696854
259.375    -0.498163302419
259.5    -0.496744862702
259.625    -0.496744862702
259.75    -0.49621749409
259.875    -0.496162938716
260.0    -0.498981633024
260.125    -0.498981633024
260.25    -0.49892707765
260.375    -0.498872522277
260.5    -0.497326786688
260.625    -0.497344971813
260.75    -0.496744862702
260.875    -0.496653937079
261.0    -0.497945080924
261.125    -0.498399709038
261.25    -0.496890343699
261.375    -0.498072376796
261.5    -0.496890343699
261.625    -0.496890343699
261.75    -0.496890343699
261.875    -0.496890343699
262.0    -0.496799418076
262.125    -0.496799418076
262.25    -0.496799418076
262.375    -0.496181123841
262.5    -0.495871976723
262.625    -0.495871976723
262.75    -0.496308419713
262.875    -0.496308419713
263.0    -0.496908528823
263.125    -0.497035824695
263.25    -0.497035824695
263.375    -0.49852700491
263.5    -0.498636115657
263.625    -0.498636115657
263.75    -0.498636115657
263.875    -0.498636115657
264.0    -0.495090016367
264.125    -0.495090016367
264.25    -0.495090016367
264.375    -0.495090016367
264.5    -0.495817421349
264.625    -0.495726495726
264.75    -0.495726495726
264.875    -0.495726495726
265.0    -0.495344608111
265.125    -0.495344608111
265.25    -0.495344608111
265.375    -0.495344608111
265.5    -0.496253864339
265.625    -0.496253864339
265.75    -0.496253864339
265.875    -0.496235679214
266.0    -0.496362975086
266.125    -0.496362975086
266.25    -0.496362975086
266.375    -0.496362975086
266.5    -0.494471722131
266.625    -0.494035279142
266.75    -0.494980905619
266.875    -0.494980905619
267.0    -0.494780869249
267.125    -0.494708128751
267.25    -0.494999090744
267.375    -0.494999090744
267.5    -0.495744680851
267.625    -0.495853791598
267.75    -0.493798872522
267.875    -0.493798872522
268.0    -0.494580832879
268.125    -0.494180760138
268.25    -0.494035279142
268.375    -0.494035279142
268.5    -0.495035460993
268.625    -0.495199127114
268.75    -0.495199127114
268.875    -0.495071831242
269.0    -0.494471722131
269.125    -0.493726132024
269.25    -0.493726132024
269.375    -0.493817057647
269.5    -0.494289870886
269.625    -0.494289870886
269.75    -0.49430805601
269.875    -0.494162575014
270.0    -0.495944717221
270.125    -0.495944717221
270.25    -0.496181123841
270.375    -0.495090016367
270.5    -0.493235133661
270.625    -0.493235133661
270.75    -0.492853246045
270.875    -0.492853246045
271.0    -0.494653573377
271.125    -0.493871613021
271.25    -0.493871613021
271.375    -0.493744317149
271.5    -0.493526095654
271.625    -0.493526095654
271.75    -0.493526095654
271.875    -0.493526095654
272.0    -0.494708128751
272.125    -0.493544280778
272.25    -0.49327150391
272.375    -0.493216948536
272.5    -0.492816875796
272.625    -0.492816875796
272.75    -0.492762320422
272.875    -0.491889434443
273.0    -0.492798690671
273.125    -0.492471358429
273.25    -0.492471358429
273.375    -0.492471358429
273.5    -0.490943807965
273.625    -0.490634660847
273.75    -0.490634660847
273.875    -0.490634660847
274.0    -0.491725768322
274.125    -0.491725768322
274.25    -0.495126386616
274.375    -0.495308237861
274.5    -0.492253136934
274.625    -0.491925804692
274.75    -0.491925804692
274.875    -0.492144026187
275.0    -0.492325877432
275.125    -0.492325877432
275.25    -0.491743953446
275.375    -0.492271322059
275.5    -0.492744135297
275.625    -0.492889616294
275.75    -0.492889616294
275.875    -0.493780687398
276.0    -0.493144208038
276.125    -0.493144208038
276.25    -0.493144208038
276.375    -0.493144208038
276.5    -0.490052736861
276.625    -0.489634478996
276.75    -0.489579923622
276.875    -0.489579923622
277.0    -0.492816875796
277.125    -0.493216948536
277.25    -0.493216948536
277.375    -0.493489725405
277.5    -0.492944171668
277.625    -0.492944171668
277.75    -0.492944171668
277.875    -0.492944171668
278.0    -0.49008910711
278.125    -0.490871067467
278.25    -0.490871067467
278.375    -0.490034551737
278.5    -0.490943807965
278.625    -0.490943807965
278.75    -0.491707583197
278.875    -0.492053100564
279.0    -0.492271322059
279.125    -0.492271322059
279.25    -0.492162211311
279.375    -0.49136206583
279.5    -0.492162211311
279.625    -0.492162211311
279.75    -0.492162211311
279.875    -0.492162211311
280.0    -0.493307874159
280.125    -0.493307874159
280.25    -0.493107837789
280.375    -0.490816512093
280.5    -0.488943444263
280.625    -0.488943444263
280.75    -0.487543189671
280.875    -0.489634478996
281.0    -0.49008910711
281.125    -0.493489725405
281.25    -0.490343698854
281.375    -0.491543917076
281.5    -0.487852336789
281.625    -0.487852336789
281.75    -0.490707401346
281.875    -0.488452445899
282.0    -0.487215857429
282.125    -0.487288597927
282.25    -0.487288597927
282.375    -0.487361338425
282.5    -0.488452445899
282.625    -0.489270776505
282.75    -0.488779778141
282.875    -0.488688852519
283.0    -0.490634660847
283.125    -0.490361883979
283.25    -0.489943626114
283.375    -0.489998181488
283.5    -0.486633933442
283.625    -0.486633933442
283.75    -0.486633933442
283.875    -0.486633933442
284.0    -0.487706855792
284.125    -0.491416621204
284.25    -0.490361883979
284.375    -0.490361883979
284.5    -0.487706855792
284.625    -0.487706855792
284.75    -0.487706855792
284.875    -0.488143298782
285.0    -0.486688488816
285.125    -0.486688488816
285.25    -0.486233860702
285.375    -0.486233860702
285.5    -0.488834333515
285.625    -0.488834333515
285.75    -0.487961447536
285.875    -0.487961447536
286.0    -0.486197490453
286.125    -0.48567012184
286.25    -0.486288416076
286.375    -0.488197854155
286.5    -0.486615748318
286.625    -0.486833969813
286.75    -0.486833969813
286.875    -0.486670303692
287.0    -0.48610656483
287.125    -0.48610656483
287.25    -0.485997454083
287.375    -0.485997454083
287.5    -0.485524640844
287.625    -0.485524640844
287.75    -0.485615566467
287.875    -0.485306419349
288.0    -0.48777959629
288.125    -0.48757955992
288.25    -0.487288597927
288.375    -0.486852154937
288.5    -0.48443353337
288.625    -0.48443353337
288.75    -0.48443353337
288.875    -0.484360792871
289.0    -0.487124931806
289.125    -0.486924895436
289.25    -0.486833969813
289.375    -0.486833969813
289.5    -0.487525004546
289.625    -0.487488634297
289.75    -0.486888525186
289.875    -0.486888525186
290.0    -0.486724859065
290.125    -0.486724859065
290.25    -0.486724859065
290.375    -0.486724859065
290.5    -0.485397344972
290.625    -0.483851609384
290.75    -0.485724677214
290.875    -0.485433715221
291.0    -0.485888343335
291.125    -0.485888343335
291.25    -0.485888343335
291.375    -0.484724495363
291.5    -0.486615748318
291.625    -0.486615748318
291.75    -0.486615748318
291.875    -0.486561192944
292.0    -0.48232405892
292.125    -0.48232405892
292.25    -0.48232405892
292.375    -0.48232405892
292.5    -0.483087834152
292.625    -0.483015093653
292.75    -0.483015093653
292.875    -0.482996908529
293.0    -0.48503364248
293.125    -0.48503364248
293.25    -0.484397163121
293.375    -0.484397163121
293.5    -0.483196944899
293.625    -0.483196944899
293.75    -0.483196944899
293.875    -0.483196944899
294.0    -0.48359701764
294.125    -0.482233133297
294.25    -0.482269503546
294.375    -0.482196763048
294.5    -0.485015457356
294.625    -0.484506273868
294.75    -0.484506273868
294.875    -0.484506273868
295.0    -0.484397163121
295.125    -0.484397163121
295.25    -0.484397163121
295.375    -0.484178941626
295.5    -0.480996544826
295.625    -0.480996544826
295.75    -0.480996544826
295.875    -0.480669212584
296.0    -0.484233496999
296.125    -0.484251682124
296.25    -0.484251682124
296.375    -0.484069830878
296.5    -0.484233496999
296.625    -0.484397163121
296.75    -0.484360792871
296.875    -0.484415348245
297.0    -0.483978905255
297.125    -0.48379705401
297.25    -0.483778868885
297.375    -0.483087834152
297.5    -0.484342607747
297.625    -0.484342607747
297.75    -0.484342607747
297.875    -0.484233496999
298.0    -0.483578832515
298.125    -0.483578832515
298.25    -0.481105655574
298.375    -0.483178759775
298.5    -0.485579196217
298.625    -0.486124749955
298.75    -0.485761047463
298.875    -0.485524640844
299.0    -0.482833242408
299.125    -0.482833242408
299.25    -0.482851427532
299.375    -0.482869612657
