0.0    0.0759631713226
0.125    0.0645266436487
0.25    0.0719752758529
0.375    0.0685507561307
0.5    0.0661081198542
0.625    0.0654843824195
0.75    0.0676775237221
0.875    0.0661523850915
1.0    0.0677217889594
1.125    0.0653596349325
1.25    0.0617942712735
1.375    0.0613918600253
1.5    0.0645065230863
1.625    0.072184529702
1.75    0.064478354299
1.875    0.0652107427707
2.0    0.0656574192562
2.125    0.0659753241423
2.25    0.0639874125762
2.375    0.0618586570732
2.5    0.0797337647182
2.625    0.0628968780935
2.75    0.0687036724051
2.875    0.0672630401365
3.0    0.0605105793917
3.125    0.0638344963018
3.25    0.0674602216481
3.375    0.0699994366243
3.5    0.0803896950528
3.625    0.0661765297664
3.75    0.0631061319426
3.875    0.0758464720606
4.0    0.0641886182003
4.125    0.0595045512712
4.25    0.0675286315603
4.375    0.0619713322227
4.5    0.0637338934898
4.625    0.0679189704711
4.75    0.0654884065319
4.875    0.0648204038599
5.0    0.0669089182381
5.125    0.0631503971799
5.25    0.0638626650892
5.375    0.0641524011879
5.5    0.068269068257
5.625    0.0691463247781
5.75    0.0696815317382
5.875    0.0687640340923
6.0    0.0656372986938
6.125    0.0656614433687
6.25    0.0674642457606
6.375    0.0669692799253
6.5    0.0641926423127
6.625    0.0679994527207
6.75    0.0702006422484
6.875    0.0696211700509
7.0    0.0782327707624
7.125    0.0727921706868
7.25    0.0697016523006
7.375    0.0676050896975
7.5    0.0716774915292
7.625    0.0726955919872
7.75    0.0647117528229
7.875    0.0601645057183
8.0    0.0760275571223
8.125    0.0763052208835
8.25    0.06647431409
8.375    0.0761120634844
8.5    0.0737177165576
8.625    0.0671986543368
8.75    0.0636493871277
8.875    0.0662207950037
9.0    0.069504470789
9.125    0.0665185793273
9.25    0.0677056925095
9.375    0.0626715277945
9.5    0.0639632679013
9.625    0.069496422564
9.75    0.0774802617283
9.875    0.0781724090752
10.0    0.06311820428
10.125    0.0649652719093
10.25    0.0647882109601
10.375    0.0650819711713
10.5    0.0634401332786
10.625    0.0646312705733
10.75    0.0653153696952
10.875    0.0571263007944
11.0    0.0618224400608
11.125    0.0802528752284
11.25    0.0684702738811
11.375    0.0669934246002
11.5    0.0734078598965
11.625    0.0685346596808
11.75    0.0580800154526
11.875    0.0646634634731
12.0    0.0675849691351
12.125    0.0672026784493
12.25    0.0678988499086
12.375    0.0817055798344
12.5    0.0700839429864
12.625    0.0732468953972
12.75    0.0664099282903
12.875    0.0680477420705
13.0    0.0652026945457
13.125    0.0726633990873
13.25    0.0734641974713
13.375    0.0708203555706
13.5    0.0674199805233
13.625    0.0672268231242
13.75    0.0675246074478
13.875    0.0671986543368
14.0    0.0662610361285
14.125    0.070063822424
14.25    0.0712710561686
14.375    0.0772508873168
14.5    0.0670698827374
14.625    0.0657499738433
14.75    0.0661322645291
14.875    0.0771382121673
15.0    0.0598184320448
15.125    0.0602932773177
15.25    0.0800395972668
15.375    0.0718585765909
15.5    0.0779551070012
15.625    0.0667238090639
15.75    0.0685346596808
15.875    0.0666835679391
16.0    0.0693756991895
16.125    0.0688163475545
16.25    0.0583898721137
16.375    0.0599311071943
16.5    0.0660920234042
16.625    0.0641564253004
16.75    0.0649894165842
16.875    0.0637821828396
17.0    0.0682288271322
17.125    0.0682087065698
17.25    0.0811019629621
17.375    0.0585307160506
17.5    0.0684742979936
17.625    0.0689853602788
17.75    0.068603069593
17.875    0.0704098960974
18.0    0.0537058051847
18.125    0.0639149785515
18.25    0.0829007412415
18.375    0.0543295426194
18.5    0.0684783221061
18.625    0.0702368592607
18.75    0.0602892532052
18.875    0.0800235008169
19.0    0.0704179443224
19.125    0.0688767092418
19.25    0.0611544373888
19.375    0.0603737595673
19.5    0.067484366323
19.625    0.0672630401365
19.75    0.0672388954616
19.875    0.0658787454427
20.0    0.0610538345768
20.125    0.054961328279
20.25    0.0601886503931
20.375    0.0575206638176
20.5    0.0612711366508
20.625    0.0657821667431
20.75    0.065130260521
20.875    0.0656010816814
21.0    0.0675809450226
21.125    0.0662207950037
21.25    0.0680276215081
21.375    0.0609290870898
21.5    0.065255008008
21.625    0.073854536382
21.75    0.0729652075235
21.875    0.0818625202212
22.0    0.0608486048402
22.125    0.0596292987582
22.25    0.0655527923317
22.375    0.0662127467787
22.5    0.065814359643
22.625    0.0669089182381
22.75    0.0649411272344
22.875    0.0597017327828
23.0    0.0652590321205
23.125    0.0668928217881
23.25    0.061798295386
23.375    0.0603979042422
23.5    0.0714038518805
23.625    0.0595286959461
23.75    0.0605709410789
23.875    0.0600236617814
24.0    0.0653395143701
24.125    0.0721563609146
24.25    0.0689571914914
24.375    0.0731503166977
24.5    0.0661443368665
24.625    0.065914962455
24.75    0.0620719350347
24.875    0.0628445646313
25.0    0.0673918117359
25.125    0.0669692799253
25.25    0.0662167708912
25.375    0.0751824935011
25.5    0.0681845618949
25.625    0.0636493871277
25.75    0.0614441734875
25.875    0.061114196264
26.0    0.0565347562595
26.125    0.0688243957795
26.25    0.0587319216747
26.375    0.0616574514491
26.5    0.0691262042157
26.625    0.0717459014414
26.75    0.0625186115202
26.875    0.0752307828508
27.0    0.0664300488527
27.125    0.0674280287483
27.25    0.0693032651649
27.375    0.0711141157818
27.5    0.0746835035533
27.625    0.0694803261141
27.75    0.0758826890729
27.875    0.062458249833
28.0    0.0614039323627
28.125    0.0624019122583
28.25    0.062916998656
28.375    0.0627640823816
28.5    0.0696010494885
28.625    0.0603697354549
28.75    0.0607681225906
28.875    0.0551987509155
29.0    0.0630900354927
29.125    0.0648405244223
29.25    0.0642691004499
29.375    0.0634401332786
29.5    0.063677555915
29.625    0.0647761386226
29.75    0.0622691165463
29.875    0.0644662819615
30.0    0.0586232706377
30.125    0.0576977247668
30.25    0.0640035090261
30.375    0.0622650924339
30.5    0.0562369719358
30.625    0.0583013416391
30.75    0.0625950696574
30.875    0.0707117045336
31.0    0.0686755036177
31.125    0.0618385365108
31.25    0.0617178131363
31.375    0.0720557581026
31.5    0.0657338773933
31.625    0.0681966342323
31.75    0.069621170051
31.875    0.0714561653427
32.0    0.0630497943679
32.125    0.0745788766288
32.25    0.0745708284038
32.375    0.062784202944
32.5    0.0615850174244
32.625    0.064244955775
32.75    0.0666433268143
32.875    0.05865948765
33.0    0.0384262500905
33.125    0.074647286541
33.25    0.0638264480769
33.375    0.0652268392206
33.5    0.0655769370065
33.625    0.0801925135411
33.75    0.0714964064676
33.875    0.0653515867075
34.0    0.0581283048024
34.125    0.0621564413969
34.25    0.0682489476946
34.375    0.0642691004499
34.5    0.0704098960974
34.625    0.0561283208988
34.75    0.0638465686393
34.875    0.0785345791986
35.0    0.0648968619971
35.125    0.0746191177536
35.25    0.0725627962753
35.375    0.073411884009
35.5    0.0630135773555
35.625    0.0729209422862
35.75    0.0678062953216
35.875    0.066816363651
36.0    0.0707801144458
36.125    0.0627600582691
36.25    0.066140312754
36.375    0.0665105311024
36.5    0.0719430829531
36.625    0.0649169825595
36.75    0.0643898238244
36.875    0.0714642135677
37.0    0.0610417622393
37.125    0.0610216416769
37.25    0.057874785716
37.375    0.058550836613
37.5    0.0661443368665
37.625    0.0734641974712
37.75    0.0637620622772
37.875    0.0671543890995
38.0    0.0636695076901
38.125    0.0618063436109
38.25    0.0617459819237
38.375    0.0621765619593
38.5    0.0670698827374
38.625    0.0673555947236
38.75    0.0770094405679
38.875    0.072401831776
39.0    0.0749169020772
39.125    0.0733998116715
39.25    0.0631906383047
39.375    0.0642248352126
39.5    0.067259016024
39.625    0.0652107427707
39.75    0.0651865980958
39.875    0.0649612477968
40.0    0.0653998760573
40.125    0.0678223917715
40.25    0.0637419417148
40.375    0.063460253841
40.5    0.0742609717427
40.625    0.0660678787294
40.75    0.0656332745813
40.875    0.0664984587649
41.0    0.0681644413325
41.125    0.0680839590828
41.25    0.0659270347925
41.375    0.064921006672
41.5    0.0744179121295
41.625    0.0645548124361
41.75    0.0647801627351
41.875    0.0556977408633
42.0    0.0676815478346
42.125    0.063693652365
42.25    0.0534522860983
42.375    0.0642047146502
42.5    0.0556695720759
42.625    0.0555890898262
42.75    0.0620316939099
42.875    0.0708565725829
43.0    0.065589009344
43.125    0.0677459336343
43.25    0.0715527440423
43.375    0.0689732879413
43.5    0.0568848540454
43.625    0.0669572075879
43.75    0.0629330951059
43.875    0.0636735318026
44.0    0.0726151097375
44.125    0.0638224239644
44.25    0.0647278492728
44.375    0.05475207443
44.5    0.066707712614
44.625    0.0646393187982
44.75    0.0651906222083
44.875    0.0650175853715
45.0    0.057432133343
45.125    0.0663616389405
45.25    0.0643254380246
45.375    0.0590739712356
45.5    0.0651181881836
45.625    0.0650014889216
45.75    0.0637701105021
45.875    0.0651865980958
46.0    0.0653153696952
46.125    0.0654360930697
46.25    0.0655769370065
46.375    0.0699310267121
46.5    0.0720074687528
46.625    0.0722086743769
46.75    0.0801321518539
46.875    0.0577178453292
47.0    0.0591987187226
47.125    0.0600719511312
47.25    0.0645306677612
47.375    0.065705708606
47.5    0.0664662658651
47.625    0.0665869892395
47.75    0.069496422564
47.875    0.0672630401365
48.0    0.0719229623906
48.125    0.0699954125118
48.25    0.0700597983115
48.375    0.0626192143323
48.5    0.061665499674
48.625    0.0617137890238
48.75    0.0681926101198
48.875    0.0676614272722
49.0    0.0699350508245
49.125    0.0617741507111
49.25    0.0731664131476
49.375    0.0718223595786
49.5    0.067476318098
49.625    0.0549814488415
49.75    0.0681121278702
49.875    0.0732388471722
50.0    0.0711060675568
50.125    0.067943115146
50.25    0.0671141479747
50.375    0.0695326395763
50.5    0.068486370331
50.625    0.0688002511046
50.75    0.06704171395
50.875    0.0670618345124
51.0    0.0689531673789
51.125    0.0644501855116
51.25    0.0649652719093
51.375    0.0658183837555
51.5    0.0681805377824
51.625    0.0595488165085
51.75    0.0618465847357
51.875    0.0620880314846
52.0    0.0744098639045
52.125    0.0747156964531
52.25    0.0542611327072
52.375    0.0620035251225
52.5    0.0727116884371
52.625    0.0637379176023
52.75    0.0634159886037
52.875    0.0628123717314
53.0    0.0589693443111
53.125    0.0579874608655
53.25    0.0621483931719
53.375    0.0647882109601
53.5    0.073971235644
53.625    0.0723253736388
53.75    0.0644501855116
53.875    0.0651825739833
54.0    0.0669008700131
54.125    0.0669934246002
54.25    0.0663777353905
54.375    0.0679189704711
54.5    0.0631664936298
54.625    0.0639914366886
54.75    0.0651705016459
54.875    0.0638505927518
55.0    0.0694521573267
55.125    0.0732026301599
55.25    0.0685427079058
55.375    0.0662167708912
55.5    0.0656010816814
55.625    0.0658666731052
55.75    0.0680638385204
55.875    0.0686634312802
56.0    0.0614642940499
56.125    0.065697660381
56.25    0.0598385526072
56.375    0.0684541774312
56.5    0.0690497460785
56.625    0.0673877876234
56.75    0.0677217889594
56.875    0.0679672598208
57.0    0.0668686771133
57.125    0.0669853763752
57.25    0.0662972531408
57.375    0.0663817595029
57.5    0.0605467964041
57.625    0.0607278814658
57.75    0.064570908886
57.875    0.060454241817
58.0    0.0668485565509
58.125    0.0687881787672
58.25    0.0702771003855
58.375    0.0688726851293
58.5    0.0654320689572
58.625    0.0718062631287
58.75    0.0729370387361
58.875    0.0696573870633
59.0    0.0699068820372
59.125    0.0730416656606
59.25    0.0738867292819
59.375    0.074973239652
59.5    0.0716774915292
59.625    0.0714762859051
59.75    0.0718304078036
59.875    0.0690779148659
60.0    0.0703495344102
60.125    0.0544623383313
60.25    0.0711422845691
60.375    0.0693475304022
60.5    0.0757458692485
60.625    0.0695125190139
60.75    0.0698746891373
60.875    0.0668606288883
61.0    0.0697056764131
61.125    0.0799148497799
61.25    0.0711945980314
61.375    0.0694602055517
61.5    0.0694722778891
61.625    0.0704300166598
61.75    0.0701523528986
61.875    0.0701443046736
62.0    0.0699511472745
62.125    0.0700437018616
62.25    0.0704179443224
62.375    0.0703857514225
62.5    0.0715849369421
62.625    0.0722770842891
62.75    0.0727116884371
62.875    0.0582892693017
63.0    0.066808315426
63.125    0.0622288754215
63.25    0.06199950101
63.375    0.0590095854359
63.5    0.0720235652027
63.625    0.0621041279346
63.75    0.066039709942
63.875    0.0664984587649
64.0    0.069162421228
64.125    0.0791703889707
64.25    0.0690577943035
64.375    0.0672147507867
64.5    0.070172473461
64.625    0.0706553669588
64.75    0.0703414861852
64.875    0.0706352463964
65.0    0.0658224078679
65.125    0.066357614828
65.25    0.0635729289905
65.375    0.0675044868854
65.5    0.0704622095597
65.625    0.0766070293197
65.75    0.0622570442089
65.875    0.0710416817571
66.0    0.0624904427329
66.125    0.0624542257205
66.25    0.0626353107822
66.375    0.0624703221704
66.5    0.068152368995
66.625    0.0688123234421
66.75    0.0563456229729
66.875    0.0599391554193
67.0    0.0698424962375
67.125    0.0655849852315
67.25    0.0637620622772
67.375    0.0643737273744
67.5    0.0571142284569
67.625    0.0678505605589
67.75    0.0820798222952
67.875    0.0749531190896
68.0    0.0714038518805
68.125    0.0715326234799
68.25    0.0719028418282
68.375    0.0697016523006
68.5    0.0751140835889
68.625    0.0731261720228
68.75    0.0733676187717
68.875    0.0678465364464
69.0    0.0571826383691
69.125    0.0583134139765
69.25    0.0673958358484
69.375    0.0628485887437
69.5    0.0751784693886
69.625    0.0712589838311
69.75    0.0681201760952
69.875    0.0703736790851
70.0    0.0621483931719
70.125    0.0685064908934
70.25    0.0631624695174
70.375    0.0628646851937
70.5    0.0736935718827
70.625    0.0731905578225
70.75    0.0594804065963
70.875    0.0656775398186
71.0    0.0633355063541
71.125    0.0687559858673
71.25    0.0695688565887
71.375    0.0682288271322
71.5    0.0691865659029
71.625    0.0692026623528
71.75    0.0685145391184
71.875    0.0682529718071
72.0    0.0687237929675
72.125    0.0684380809812
72.25    0.0695608083637
72.375    0.0681282243201
72.5    0.0702771003855
72.625    0.0700758947614
72.75    0.0713314178558
72.875    0.0702167386983
73.0    0.0643053174622
73.125    0.0499915493638
73.25    0.0569089987203
73.375    0.063677555915
73.5    0.0568446129206
73.625    0.0666553991517
73.75    0.0666272303643
73.875    0.0666916161641
74.0    0.0686070937055
74.125    0.0714400688928
74.25    0.0716412745169
74.375    0.0706835357462
74.5    0.0712992249559
74.625    0.0767881143814
74.75    0.0679833562708
74.875    0.057206783044
75.0    0.0717700461163
75.125    0.0715768887172
75.25    0.0677620300843
75.375    0.0678706811213
75.5    0.0634924467409
75.625    0.0635045190783
75.75    0.0634039162663
75.875    0.0670215933876
76.0    0.0756774593363
76.125    0.076083894697
76.25    0.0761563287217
76.375    0.0760517017972
76.5    0.067717764847
76.625    0.0713193455183
76.75    0.068945119154
76.875    0.0675728967976
77.0    0.0612027267386
77.125    0.0719310106156
77.25    0.0719833240779
77.375    0.0718102872411
77.5    0.0691825417904
77.625    0.0718545524784
77.75    0.06704171395
77.875    0.0671342685371
78.0    0.0702569798231
78.125    0.0702086904733
78.25    0.0767961626063
78.375    0.0718183354661
78.5    0.0666473509267
78.625    0.0639471714513
78.75    0.062466298058
78.875    0.0665306516648
79.0    0.0655688887816
79.125    0.0654481654071
79.25    0.0656292504688
79.375    0.0676815478346
79.5    0.0648968619971
79.625    0.0656493710312
79.75    0.0657861908556
79.875    0.0658425284304
80.0    0.0666755197141
80.125    0.0691302283281
80.25    0.067818367659
80.375    0.0765144747326
80.5    0.0706634151838
80.625    0.0707358492085
80.75    0.0706795116337
80.875    0.0628646851937
81.0    0.0670658586249
81.125    0.0668123395385
81.25    0.0668566047758
81.375    0.0850536414194
81.5    0.0726633990873
81.625    0.0726955919872
81.75    0.0709330307201
81.875    0.0707438974334
82.0    0.0564261052225
82.125    0.06256690087
82.25    0.0613958841378
82.375    0.0613878359128
82.5    0.0725265792629
82.625    0.0669129423506
82.75    0.067367667061
82.875    0.0680155491706
83.0    0.0582248835019
83.125    0.0613194260006
83.25    0.0620920555971
83.375    0.0611705338388
83.5    0.0562289237109
83.625    0.0568607093706
83.75    0.0629773603432
83.875    0.0659069142301
84.0    0.0675326556728
84.125    0.0661564092039
84.25    0.0659431312424
84.375    0.0626433590072
84.5    0.0607198332408
84.625    0.0530659713
84.75    0.0598506249447
84.875    0.052055919067
85.0    0.0649894165842
85.125    0.0653797554949
85.25    0.0654119483948
85.375    0.0649612477968
85.5    0.0712952008435
85.625    0.0722529396142
85.75    0.0679793321583
85.875    0.0663415183781
86.0    0.0653918278324
86.125    0.0672992571488
86.25    0.0733474982093
86.375    0.0732710400721
86.5    0.068836468117
86.625    0.0681402966576
86.75    0.0666111339144
86.875    0.0667157608389
87.0    0.0675246074478
87.125    0.0573878681057
87.25    0.0460237744565
87.375    0.0553677636397
87.5    0.066140312754
87.625    0.0601926745056
87.75    0.0606111822038
87.875    0.0803011645781
88.0    0.0672268231242
88.125    0.0590498265608
88.25    0.0647922350726
88.375    0.0662449396786
88.5    0.0641725217503
88.625    0.0645024989739
88.75    0.0648244279724
88.875    0.0645185954238
89.0    0.0645427400987
89.125    0.0532068152369
89.25    0.0598385526072
89.375    0.0656051057939
89.5    0.0775205028531
89.625    0.0678223917715
89.75    0.0537822633218
89.875    0.0683656469566
90.0    0.0556333550635
90.125    0.0519915332673
90.25    0.0575609049424
90.375    0.0535488647979
90.5    0.0665226034398
90.625    0.0637379176023
90.75    0.0558546812501
90.875    0.0605588687415
91.0    0.0577902793539
91.125    0.0593878520092
91.25    0.0576534595295
91.375    0.0495770657781
91.5    0.0623938640333
91.625    0.0662167708912
91.75    0.0573677475433
91.875    0.0669209905755
92.0    0.0637862069521
92.125    0.0634924467409
92.25    0.064027653701
92.375    0.0642208111001
92.5    0.0692589999276
92.625    0.0687358653049
92.75    0.0649008861096
92.875    0.0571584936942
93.0    0.0643053174622
93.125    0.0638948579891
93.25    0.0658988660051
93.375    0.0664622417526
93.5    0.0588727656115
93.625    0.0649049102221
93.75    0.0631383248425
93.875    0.0638063275145
94.0    0.0696734835132
94.125    0.0715125029175
94.25    0.0702207628108
94.375    0.0702569798231
94.5    0.0572188553814
94.625    0.0590216577734
94.75    0.0591785981602
94.875    0.0591544534853
95.0    0.0608325083903
95.125    0.0472873457759
95.25    0.0550981481034
95.375    0.0668042913136
95.5    0.0628646851937
95.625    0.062908950431
95.75    0.0624220328207
95.875    0.0625990937699
96.0    0.062333502346
96.125    0.0617419578112
96.25    0.062458249833
96.375    0.05865948765
96.5    0.059995492994
96.625    0.0635286637532
96.75    0.0624260569331
96.875    0.0624904427329
97.0    0.0593113938721
97.125    0.0674441251982
97.25    0.057983436753
97.375    0.0571222766819
97.5    0.0660759269543
97.625    0.0621202243845
97.75    0.0623455746835
97.875    0.064128256513
98.0    0.0652590321205
98.125    0.0647801627351
98.25    0.0644018961618
98.375    0.0645226195363
98.5    0.0620880314846
98.625    0.0612993054382
98.75    0.0620477903598
98.875    0.0620638868098
99.0    0.0536897087347
99.125    0.0587922833619
99.25    0.0591262846979
99.375    0.0593999243467
99.5    0.0583214622015
99.625    0.0624019122583
99.75    0.0564582981224
99.875    0.0564019605476
100.0    0.0586554635375
100.125    0.0587882592494
100.25    0.0587721627995
100.375    0.0591061641355
100.5    0.0583737756638
100.625    0.059444189584
100.75    0.0584301132385
100.875    0.0594723583714
101.0    0.0557822472254
101.125    0.0622691165463
101.25    0.0628244440689
101.375    0.0646996804855
101.5    0.0582530522893
101.625    0.0586393670876
101.75    0.0707036563086
101.875    0.0707036563086
102.0    0.073403835784
102.125    0.0736050414081
102.25    0.0667881948636
102.375    0.0611021239266
102.5    0.0617620783736
102.625    0.0535971541477
102.75    0.0615689209745
102.875    0.0625145874077
103.0    0.0633033134542
103.125    0.0632147829796
103.25    0.0634964708534
103.375    0.0625186115202
103.5    0.0669209905755
103.625    0.0672147507867
103.75    0.0591222605854
103.875    0.0689330468165
104.0    0.0588566691616
104.125    0.0632469758795
104.25    0.0633153857917
104.375    0.0568164441332
104.5    0.0539190831462
104.625    0.0539512760461
104.75    0.0538788420214
104.875    0.0569613121826
105.0    0.0519392198051
105.125    0.0579190509533
105.25    0.0588124039243
105.375    0.0627962752815
105.5    0.0624019122583
105.625    0.0623737434709
105.75    0.05865948765
105.875    0.0590055613234
106.0    0.0626031178823
106.125    0.0632268553171
106.25    0.0627681064941
106.375    0.0630658908178
106.5    0.0598586731696
106.625    0.0501444656381
106.75    0.0534603343233
106.875    0.053182670562
107.0    0.0572953135186
107.125    0.0595125994962
107.25    0.0598345284947
107.375    0.0599109866319
107.5    0.059560888846
107.625    0.0596132023082
107.75    0.0580518466652
107.875    0.0563858640977
108.0    0.0637459658272
108.125    0.0641845940878
108.25    0.0657982631931
108.375    0.0664702899775
108.5    0.0563094059605
108.625    0.0562530683858
108.75    0.0561806343611
108.875    0.0561202726739
109.0    0.059335538547
109.125    0.0594884548213
109.25    0.0600437823438
109.375    0.0603093737676
109.5    0.0579955090905
109.625    0.0569854568575
109.75    0.0601081681435
109.875    0.0577138212167
110.0    0.060212795068
110.125    0.0603415666675
110.25    0.0598546490572
110.375    0.0606152063163
110.5    0.0601081681435
110.625    0.0499311876765
110.75    0.0518587375554
110.875    0.0583938962262
111.0    0.0603657113424
111.125    0.0603133978801
111.25    0.0605950857538
111.375    0.0602691326428
111.5    0.0638304721894
111.625    0.0640075331386
111.75    0.0641202082881
111.875    0.0661765297664
112.0    0.0596896604454
112.125    0.0507883236352
112.25    0.060228891518
112.375    0.057106180232
112.5    0.0592912733097
112.625    0.0593154179846
112.75    0.066808315426
112.875    0.0594482136965
113.0    0.0548888942544
113.125    0.0594200449091
113.25    0.0613556430129
113.375    0.0591303088104
113.5    0.0598345284947
113.625    0.0599230589693
113.75    0.0591826222726
113.875    0.0591946946101
114.0    0.0635246396407
114.125    0.0644582337365
114.25    0.0543295426194
114.375    0.0540438306332
114.5    0.0574361574555
114.625    0.059544792396
114.75    0.0587077769998
114.875    0.0587278975622
115.0    0.0613958841378
115.125    0.0591464052603
115.25    0.0565910938343
115.375    0.0587842351369
115.5    0.0700799188739
115.625    0.0569130228328
115.75    0.0566876725338
115.875    0.0572349518314
116.0    0.0600719511312
116.125    0.0593878520092
116.25    0.0608123878279
116.375    0.060454241817
116.5    0.068035669733
116.625    0.0613999082502
116.75    0.0553717877522
116.875    0.0597138051203
117.0    0.0618345123983
117.125    0.0562973336231
117.25    0.0620196215725
117.375    0.0621443690594
117.5    0.0591665258227
117.625    0.0590618988982
117.75    0.0593677314468
117.875    0.0597299015702
118.0    0.056414032885
118.125    0.0584502338009
118.25    0.0583093898641
118.375    0.05697338452
118.5    0.0520237261672
118.625    0.0591745740477
118.75    0.060562892854
118.875    0.0522490764662
119.0    0.0578425928162
119.125    0.0603496148924
119.25    0.0600075653315
119.375    0.0605709410789
120.0    0.0603335184425
120.125    0.0615206316247
120.25    0.0628526128562
120.375    0.0621081520471
120.5    0.0544623383313
120.625    0.0544422177689
120.75    0.052506619665
120.875    0.0590256818859
121.0    0.0497983919646
121.125    0.052063967292
121.25    0.0550900998785
121.375    0.0583295104265
121.5    0.0584301132385
121.625    0.0586232706377
121.75    0.0483939767084
121.875    0.0571625178067
122.0    0.0552510643777
122.125    0.0532390081367
122.25    0.0544703865562
122.375    0.0548084120047
122.5    0.0577782070164
122.625    0.0580478225527
122.75    0.0555931139387
122.875    0.0585186437131
123.0    0.0533959485236
123.125    0.0532953457115
123.25    0.0528687897884
123.375    0.0558506571376
123.5    0.0602047468431
123.625    0.0607037367908
123.75    0.0607198332408
123.875    0.054868773692
124.0    0.0584904749258
124.125    0.05865948765
124.25    0.0587963074744
124.375    0.0586876564374
124.5    0.0568164441332
124.625    0.0607761708155
124.75    0.0610779792517
124.875    0.0593838278968
125.0    0.0558466330251
125.125    0.0631423489549
125.25    0.0648767414347
125.375    0.0610498104643
125.5    0.067267064249
125.625    0.0672227990117
125.75    0.0678062953216
125.875    0.0594924789338
126.0    0.061222847301
126.125    0.0611262686015
126.25    0.0620035251225
126.375    0.0591665258227
126.5    0.0615166075122
126.625    0.0530096337253
126.75    0.058426089126
126.875    0.058667535875
127.0    0.0574965191427
127.125    0.0580035573154
127.25    0.0575649290549
127.375    0.0496494998028
127.5    0.0455127121713
127.625    0.0535448406854
127.75    0.0494523182912
127.875    0.0497420543899
128.0    0.0561685620237
128.125    0.0627801788316
128.25    0.0621644896218
128.375    0.0602530361929
128.5    0.0538989625838
128.625    0.0479996136852
128.75    0.0477420704864
128.875    0.0500961762883
129.0    0.0501243450757
129.125    0.0536856846223
129.25    0.0622168030841
129.375    0.0682932129319
129.5    0.0587520422371
129.625    0.057991484978
129.75    0.0639833884637
129.875    0.0610216416769
130.0    0.063693652365
130.125    0.0627640823816
130.25    0.0631463730674
130.375    0.0637781587271
130.5    0.0463738722425
130.625    0.0559110188248
130.75    0.0460479191314
130.875    0.0549492559416
131.0    0.059327490322
131.125    0.059544792396
131.25    0.0596132023082
131.375    0.0594683342589
131.5    0.0612872331007
131.625    0.0512430483457
131.75    0.0476092747744
131.875    0.0515207121069
132.0    0.0576373630796
132.125    0.0572228794939
132.25    0.0569532639576
132.375    0.0572349518314
132.5    0.0607077609033
132.625    0.061456245825
132.75    0.0610095693395
132.875    0.0700034607367
133.0    0.0555126316891
133.125    0.0555448245889
133.25    0.0439795253157
133.375    0.0474080691503
133.5    0.0572470241688
133.625    0.0617379336987
133.75    0.0658344802054
133.875    0.051512663882
134.0    0.0634441573911
134.125    0.0578345445912
134.25    0.0577339417791
134.375    0.0579270991783
134.5    0.0600920716936
134.625    0.0561725861361
134.75    0.0561846584736
134.875    0.0583898721137
135.0    0.0590095854359
135.125    0.0594924789338
135.25    0.0595085753837
135.375    0.059560888846
135.5    0.0501726344255
135.625    0.0501967791004
135.75    0.056196730811
135.875    0.0564623222348
136.0    0.0568244923582
136.125    0.057098132007
136.25    0.0566957207588
136.375    0.0565991420592
136.5    0.0628767575311
136.625    0.063677555915
136.75    0.0607117850158
136.875    0.0717821184538
137.0    0.0603214461051
137.125    0.0603657113424
137.25    0.0606433751036
137.375    0.0614924628373
137.5    0.0695326395763
137.625    0.0697016523006
137.75    0.0700115089617
137.875    0.0699350508245
138.0    0.0622047307466
138.125    0.0601806021682
138.25    0.060788243153
138.375    0.057983436753
138.5    0.048498603633
138.625    0.0498547295394
138.75    0.0508527094349
138.875    0.051512663882
139.0    0.0529130550257
139.125    0.0464503303796
139.25    0.048490555408
139.375    0.0466837289036
139.5    0.0649371031219
139.625    0.0592590804098
139.75    0.0592993215346
139.875    0.0590297059983
140.0    0.0491384375176
140.125    0.0498466813144
140.25    0.0509009987847
140.375    0.051613266694
140.5    0.0510458668341
140.625    0.0512993859204
140.75    0.0515166879945
140.875    0.0511424455336
141.0    0.0514362057448
141.125    0.0513436511577
141.25    0.0517903276432
141.375    0.0517903276432
141.5    0.0588727656115
141.625    0.059110188248
141.75    0.0571021561195
141.875    0.0571303249068
142.0    0.0590981159105
142.125    0.059001537211
142.25    0.059327490322
142.375    0.0552108232529
142.5    0.0573798198807
142.625    0.0575287120426
142.75    0.0581122083525
142.875    0.0568405888081
143.0    0.0604904588293
143.125    0.0589693443111
143.25    0.0488768702063
143.375    0.0575609049424
143.5    0.0616413549992
143.625    0.0624220328207
143.75    0.0631383248425
143.875    0.0619914527851
144.0    0.0616775720115
144.125    0.0614964869498
144.25    0.0605789893039
144.375    0.0603214461051
144.5    0.0563456229729
144.625    0.0560116216368
144.75    0.0542651568197
144.875    0.0542893014946
145.0    0.0536534917224
145.125    0.0562651407232
145.25    0.0503054301374
145.375    0.0616373308867
145.5    0.0645668847736
145.625    0.0478587697483
145.75    0.0525991742521
145.875    0.0526796565018
146.0    0.0516736283813
146.125    0.0518627616679
146.25    0.0523697998406
146.375    0.0600719511312
146.5    0.0461686425059
146.625    0.0560518627617
146.75    0.0521243289792
146.875    0.0533798520736
147.0    0.0601806021682
147.125    0.0606956885659
147.25    0.0604180248046
147.375    0.0587198493372
147.5    0.0582409799519
147.625    0.054868773692
147.75    0.048949304231
147.875    0.0588445968242
148.0    0.055194726803
148.125    0.0494442700662
148.25    0.0503657918246
148.375    0.0508245406476
148.5    0.0610176175644
148.625    0.0610337140144
148.75    0.0610457863518
148.875    0.0591262846979
149.0    0.0595206477211
149.125    0.0576655318669
149.25    0.0580437984403
149.375    0.0581202565774
149.5    0.0542410121448
149.625    0.0525669813523
149.75    0.0526555118269
149.875    0.0526796565018
150.0    0.0616574514491
150.125    0.0668525806633
150.25    0.0607399538032
150.375    0.0600799993561
150.5    0.0626514072321
150.625    0.0518788581178
150.75    0.0606836162284
150.875    0.0569935050824
151.0    0.0594280931341
151.125    0.0502571407876
151.25    0.0500680075009
151.375    0.0582128111645
151.5    0.053975420721
151.625    0.0532148634619
151.75    0.0592952974222
151.875    0.0575729772799
152.0    0.0610256657894
152.125    0.0617178131363
152.25    0.049375860154
152.375    0.0521283530917
152.5    0.0539995653958
152.625    0.0581967147146
152.75    0.0581725700397
152.875    0.054526724131
153.0    0.0529291514756
153.125    0.0521685942165
153.25    0.0647077287104
153.375    0.062341550571
153.5    0.0673716911735
153.625    0.0666473509267
153.75    0.0663817595029
153.875    0.0554884870142
154.0    0.0584140167886
154.125    0.057548832605
154.25    0.0541967469075
154.375    0.0561122244489
154.5    0.0588808138365
154.625    0.0584220650136
154.75    0.0583898721137
154.875    0.0591423811478
155.0    0.064027653701
155.125    0.052740018189
155.25    0.0532872974865
155.375    0.0462732694304
155.5    0.0471827188514
155.625    0.0555810416013
155.75    0.055536776364
155.875    0.0536736122848
156.0    0.0567601065585
156.125    0.0564945151347
156.25    0.054627326943
156.375    0.055194726803
156.5    0.0599995171065
156.625    0.060104144031
156.75    0.0529693926005
156.875    0.0529251273632
157.0    0.0562208754859
157.125    0.0566715760839
157.25    0.0575810255048
157.375    0.0579753885281
157.5    0.0535649612478
157.625    0.0540921199829
157.75    0.0581403771398
157.875    0.0582973175266
158.0    0.0535609371353
158.125    0.0541323611078
158.25    0.053975420721
158.375    0.0605749651914
158.5    0.0575890737298
158.625    0.0437501509042
158.75    0.0426515681966
158.875    0.0514402298573
159.0    0.0514764468696
159.125    0.050736010173
159.25    0.0499553323515
159.375    0.052397968628
159.5    0.0633717233664
159.625    0.0567963235708
159.75    0.0652026945457
159.875    0.0551182686658
160.0    0.0592067669476
160.125    0.0563898882101
160.25    0.0509613604719
160.375    0.0585025472632
160.5    0.0561524655737
160.625    0.054526724131
160.75    0.0568244923582
160.875    0.0568929022704
161.0    0.0542410121448
161.125    0.0538828661339
161.25    0.0544824588937
161.375    0.0586272947501
161.5    0.0452994342098
161.625    0.0513557234952
161.75    0.0517702070808
161.875    0.0515690014567
162.0    0.054526724131
162.125    0.0544784347812
162.25    0.0464543544921
162.375    0.0524301615279
162.5    0.0512993859204
162.625    0.0521122566418
162.75    0.0557902954504
162.875    0.0555568969264
163.0    0.0535206960105
163.125    0.0537983597717
163.25    0.0541524816702
163.375    0.0535448406854
163.5    0.0499271635641
163.625    0.0583214622015
163.75    0.0571786142566
163.875    0.0575287120426
164.0    0.0587520422371
164.125    0.0589532478612
164.25    0.0583737756638
164.375    0.056305381848
164.5    0.0507440583979
164.625    0.0508124683101
164.75    0.0507038172731
164.875    0.0508607576599
165.0    0.0522611488036
165.125    0.0506917449356
165.25    0.0507601548479
165.375    0.050603214461
165.5    0.069939074937
165.625    0.0414644550144
165.75    0.0516454595939
165.875    0.0541243128828
166.0    0.0568888781579
166.125    0.0593516349969
166.25    0.0589089826239
166.375    0.0509412399095
166.5    0.0536454434974
166.625    0.0665507722272
166.75    0.0521927388914
166.875    0.0519271474676
167.0    0.0530458507376
167.125    0.0530981641999
167.25    0.0550981481034
167.375    0.0564582981224
167.5    0.0517621588559
167.625    0.0578949062784
167.75    0.0517943517557
167.875    0.0510579391715
168.0    0.0514724227572
168.125    0.0497581508398
168.25    0.0518265446556
168.375    0.0532712010366
168.5    0.0479835172353
168.625    0.0481847228594
168.75    0.0478748661983
168.875    0.0547681708799
169.0    0.0464382580422
169.125    0.0609653041022
169.25    0.0550377864162
169.375    0.0550820516535
169.5    0.0568607093705
169.625    0.0446394797627
169.75    0.0476535400118
169.875    0.0477662151612
170.0    0.0546756162928
170.125    0.0567077930962
170.25    0.0546313510555
170.375    0.0547842673299
170.5    0.0394966640108
170.625    0.0464261857047
170.75    0.0456213632083
170.875    0.0348367417566
171.0    0.0540719994205
171.125    0.054518675906
171.25    0.0609009183025
171.375    0.060663495666
171.5    0.0530217060627
171.625    0.0403497758569
171.75    0.0428930149456
171.875    0.043798440254
172.0    0.0536816605098
172.125    0.0546595198429
172.25    0.0545870858182
172.375    0.0498104643021
172.5    0.0539834689459
172.625    0.0503255506998
172.75    0.0504060329494
172.875    0.0413678763149
173.0    0.0499472841265
173.125    0.0513838922826
173.25    0.0500116699262
173.375    0.0425590136095
173.5    0.0463014382178
173.625    0.0483376391337
173.75    0.0469774891148
173.875    0.0438467296038
174.0    0.0530860918624
174.125    0.0624300810456
174.25    0.0523255346033
174.375    0.0521967630039
174.5    0.0479794931228
174.625    0.047713901699
174.75    0.0476293953369
174.875    0.0558063919003
175.0    0.0520840878544
175.125    0.0468970068651
175.25    0.0467843317156
175.375    0.0468809104152
175.5    0.0329735776774
175.625    0.0431103170196
175.75    0.0470177302396
175.875    0.0422612292859
176.0    0.0459392680944
176.125    0.0489291836685
176.25    0.0337301108241
176.375    0.045927195757
176.5    0.0615367280746
176.625    0.0455891703085
176.75    0.0534200931984
176.875    0.0535367924604
177.0    0.0439111154035
177.125    0.0449694569863
177.25    0.0603496148924
177.375    0.0525025955526
177.5    0.0578023516913
177.625    0.0439392841909
177.75    0.0498668018768
177.875    0.0460479191314
178.0    0.0488044361816
178.125    0.0414201897771
178.25    0.0414644550144
178.375    0.0454644228215
178.5    0.0409131516044
178.625    0.0502933577999
178.75    0.0455368568462
178.875    0.0398709064716
179.0    0.0356375401405
179.125    0.0318749949699
179.25    0.0371747511087
179.375    0.0368487979976
180.0    0.0322693579931
180.125    0.0387803719889
180.25    0.0407199942053
180.375    0.0380842005296
180.5    0.0350178268183
180.625    0.0384906358903
180.75    0.0352472012298
180.875    0.0409896097416
181.0    0.0347683318444
181.125    0.0355168167661
181.25    0.0352311047798
181.375    0.0360319031638
181.5    0.0265349977063
181.625    0.0350097785933
181.75    0.0354403586289
181.875    0.0377823920934
182.0    0.0356013231282
182.125    0.0365791824613
182.25    0.0269011919421
182.375    0.0346717531448
182.5    0.0249454732759
182.625    0.0371425582088
182.75    0.0328085890657
182.875    0.0331023492769
183.0    0.021331820267
183.125    0.0148932402959
183.25    0.0272714102905
183.375    0.0264424431192
183.5    0.0313317397848
183.625    0.037995670055
183.75    0.0317743921578
183.875    0.031508800734
184.0    0.021907268352
184.125    0.0269293607295
184.25    0.0244303868782
184.375    0.0244827003404
184.5    0.0168288383997
184.625    0.0169535858866
184.75    0.0178509629701
184.875    0.0180441203693
185.0    0.0230823091967
185.125    0.022466619987
185.25    0.030382049239
185.375    0.0134807768147
185.5    0.0303579045642
185.625    0.0278629548253
185.75    0.0179435175572
185.875    0.0223539448375
186.0    0.0252311852621
186.125    0.0257462716598
186.25    0.0265712147186
186.375    0.0264867083565
186.5    0.0254967766859
186.625    0.0252513058245
186.75    0.0152554104192
186.875    0.0181205785064
187.0    -0.00318307297326
187.125    -0.00188328464158
187.25    -0.00265591423812
187.375    0.00397179901972
187.5    0.00988322025577
187.625    0.0042897039058
187.75    0.00447481307998
187.875    0.0161890045151
188.0    0.0126196167435
188.125    0.0118671077094
188.25    0.011512985811
188.375    0.0148288544961
188.5    0.0167523802625
188.625    0.0166638497879
188.75    0.0164465477139
188.875    0.0123178083074
189.0    0.0187000507038
189.125    0.0189455215652
189.25    0.0190622208272
189.375    0.0191467271893
189.5    0.019887163886
189.625    0.0251627753499
189.75    0.02624928572
189.875    0.0212030486676
190.0    0.0160159676783
190.125    0.0167523802625
190.25    0.020772468632
190.375    0.0327965167282
190.5    0.0171588156232
190.625    0.0131306790287
190.75    0.0137141753386
190.875    0.00234203346452
191.0    0.0129697145295
191.125    0.0135411385019
191.25    0.0138952604003
191.375    0.0220722569637
191.5    0.0155330741805
191.625    0.0137463682385
191.75    0.0141367071492
191.875    0.0175652509839
192.0    0.00963774939436
192.125    0.00950495368247
192.25    0.029388093456
192.375    0.0294202863558
192.5    0.0113681177616
192.625    0.0174968410717
192.75    0.0177825530579
192.875    0.0205591906705
193.0    0.0333759889256
193.125    0.0333759889256
193.25    0.0323820331426
193.375    0.0325590940918
193.5    0.0201366588599
193.625    0.0201970205471
193.75    0.0141165865868
193.875    0.0196457171371
194.0    0.0179636381196
194.125    0.0160602329156
194.25    0.0164545959389
194.375    0.0217744726401
194.5    0.0258790673717
194.625    0.0263257438572
194.75    0.0141689000491
194.875    0.0152996756565
195.0    0.0210098912685
195.125    0.0211185423055
195.25    0.0201165382975
195.375    0.0207201551698
195.5    0.00655125512068
195.625    0.0193439087009
195.75    0.0225108852243
195.875    0.0219837264891
196.0    0.00557339578755
196.125    0.016321800227
196.25    0.0197946092989
196.375    0.0195893795623
196.5    0.0113359248618
196.625    0.0178187700703
196.75    0.0236295884943
196.875    0.0186115202292
197.0    0.00675246074479
197.125    0.0350580679431
197.25    0.0354645033038
197.375    0.0252674022744
197.5    0.0150421324577
197.625    0.0175250098591
197.75    0.0279112441751
197.875    0.0179032764324
198.0    0.0197221752742
198.125    0.023794577106
198.25    0.0236537331692
198.375    0.0239233487054
198.5    0.0237623842062
198.625    0.0239072522555
198.75    0.0284343787978
198.875    0.024361976966
199.0    0.0198992362235
199.125    0.0310259072362
199.25    0.0302854705395
199.375    0.0204062743962
199.5    0.0199113085609
199.625    0.0318910914198
199.75    0.0242774706039
199.875    0.0183419046929
200.0    0.0258187056845
200.125    0.0360761684011
200.25    0.0443980330138
200.375    0.020221165222
200.5    0.0449412881989
200.625    0.0354081657291
200.75    0.0367803880854
200.875    0.0384021054156
201.0    0.0283337759857
201.125    0.0148972644083
201.25    0.0340882568349
201.375    0.035190863655
201.5    0.0447521549122
201.625    0.0435368729427
201.75    0.0321405863937
201.875    0.0297784323667
202.0    0.0212352415675
202.125    0.0295490579553
202.25    0.0305510619633
202.375    0.0305309414009
202.5    0.0460680396938
202.625    0.0460117021191
202.75    0.0460398709065
202.875    0.0369896419345
203.0    0.036426266187
203.125    0.0370821965216
203.25    0.0486635922447
203.375    0.0362733499127
203.5    0.0210903735181
203.625    0.020547118333
203.75    0.0248931598136
203.875    0.0256456688477
204.0    0.0355651061158
204.125    0.0357180223902
204.25    0.0275973634015
204.375    0.0280923292368
204.5    0.0417099258758
204.625    0.0407562112176
204.75    0.0366636888234
204.875    0.0475328166373
205.0    0.0424342661226
205.125    0.0428246050334
205.25    0.0433759084434
205.375    0.0318629226324
205.5    0.0300601202405
205.625    0.0192433058889
205.75    0.0283901135604
205.875    0.0353236593669
206.0    0.036534917224
206.125    0.0368970873474
206.25    0.0413879968773
206.375    0.0408970551545
206.5    0.0292552977441
206.625    0.0187402918286
206.75    0.0284907163725
206.875    0.0306114236505
207.0    0.0444785152634
207.125    0.0446233833128
207.25    0.0427481468962
207.375    0.0522007871164
207.5    0.0361807953256
207.625    0.035975565589
207.75    0.0369614731471
207.875    0.0389614570506
208.0    0.0361445783133
208.125    0.0363980973996
208.25    0.0368729426725
208.375    0.0444141294637
208.5    0.0515368085569
208.625    0.0499150912266
208.75    0.048265205109
208.875    0.0446596003251
209.0    0.0478788903107
209.125    0.0419151556124
209.25    0.0432793297438
209.375    0.0466636083412
209.5    0.0459473163194
209.625    0.0557862713379
209.75    0.0496655962527
209.875    0.0477018293615
210.0    0.0343297035839
210.125    0.0464221615923
210.25    0.0471746706264
210.375    0.0530176819503
210.5    0.055311426065
210.625    0.0590216577734
210.75    0.0498144884146
210.875    0.0510579391715
211.0    0.0488446773064
211.125    0.0429010631705
211.25    0.0500921521758
211.375    0.0515649773442
211.5    0.0466515360037
211.625    0.0465428849667
211.75    0.0346958978197
211.875    0.0478829144232
212.0    0.0490177141431
212.125    0.0493959807165
212.25    0.0485790858826
212.375    0.049500607641
212.5    0.0468487175153
212.625    0.0466716565661
212.75    0.0464302098172
212.875    0.0475931783245
213.0    0.0380439594048
213.125    0.0538225044466
213.25    0.0467481147033
213.375    0.047146501839
213.5    0.03967372496
213.625    0.0467159218034
213.75    0.0401727149077
213.875    0.040216980145
214.0    0.0526877047267
214.125    0.0443779124514
214.25    0.0458587858448
214.375    0.0548647495795
214.5    0.0447602031372
214.625    0.0453356512221
214.75    0.0454603987091
214.875    0.0495086558659
215.0    0.0476092747744
215.125    0.0531705982246
215.25    0.0539351795961
215.375    0.0457581830327
215.5    0.0358789868894
215.625    0.0478708420858
215.75    0.0474965996249
215.875    0.0472149117512
216.0    0.0451143250356
216.125    0.0511183008587
216.25    0.0513637717201
216.375    0.0516897248312
216.5    0.045033842786
216.625    0.0482933738964
216.75    0.0495408487658
216.875    0.0396817731849
217.0    0.0503617677121
217.125    0.0446716726626
217.25    0.0622449718715
217.375    0.050393960612
217.5    0.0505066357615
217.625    0.06032949433
217.75    0.0484462901707
217.875    0.0549049907043
218.0    0.0493154984668
218.125    0.0592832250847
218.25    0.0632670964419
218.375    0.0622449718715
218.5    0.0602731567553
218.625    0.0517581347434
218.75    0.0617741507111
218.875    0.0654602377446
219.0    0.0440720799028
219.125    0.0482933738964
219.25    0.0483859284835
219.375    0.0507601548479
219.5    0.0486998092571
219.625    0.0469774891148
219.75    0.047830600961
219.875    0.0477621910488
220.0    0.053408020861
220.125    0.0615890415369
220.25    0.0578264963662
220.375    0.0550699793161
220.5    0.0588003315869
220.625    0.0405871984934
220.75    0.0415046961393
220.875    0.0536293470475
221.0    0.062800299394
221.125    0.0533275386114
221.25    0.0539553001585
221.375    0.0530176819503
221.5    0.0504100570619
221.625    0.0503979847245
221.75    0.0550659552036
221.875    0.0549452318291
222.0    0.0525267402274
222.125    0.060446193592
222.25    0.0564059846601
222.375    0.0558707777
222.5    0.0467320182534
222.625    0.0510941561839
222.75    0.0512671930206
222.875    0.0497018132651
223.0    0.0490217382556
223.125    0.0450942044732
223.25    0.0340359433727
223.375    0.0400841844331
223.5    0.0541162646578
223.625    0.0539794448334
223.75    0.0526595359393
223.875    0.0524824749901
224.0    0.0536695881723
224.125    0.0428447255958
224.25    0.0437783196916
224.375    0.049717909715
224.5    0.0516172908065
224.625    0.0519030027927
224.75    0.0516776524937
224.875    0.0527681869764
225.0    0.0556212827261
225.125    0.0549814488414
225.25    0.0549894970664
225.375    0.0544703865562
225.5    0.0486837128071
225.625    0.0491505098551
225.75    0.0488406531939
225.875    0.0489211354436
226.0    0.0546313510555
226.125    0.0570136256449
226.25    0.0609451835398
226.375    0.0569452157327
226.5    0.0428165568084
226.625    0.0429775213077
226.75    0.0552792331651
226.875    0.0470660195894
227.0    0.0497299820525
227.125    0.0559311393872
227.25    0.0576896765418
227.375    0.0562329478233
227.5    0.0516333872564
227.625    0.0517460624059
227.75    0.0517943517557
227.875    0.0500358146011
228.0    0.0579230750658
228.125    0.0585749812879
228.25    0.0589371514113
228.375    0.0580478225527
228.5    0.0548003637798
228.625    0.0545709893683
228.75    0.0546313510555
228.875    0.0544462418814
229.0    0.0541363852202
229.125    0.0545991581557
229.25    0.0546715921803
229.375    0.0564784186848
229.5    0.0436736927671
229.625    0.056538780372
229.75    0.055078027541
229.875    0.0552752090527
230.0    0.0486354234574
230.125    0.0263941537694
230.25    0.0381727310042
230.375    0.0563094059605
230.5    0.0482531327716
230.625    0.0476253712244
230.75    0.0485509170952
230.875    0.0488084602941
231.0    0.0551383892283
231.125    0.0554039806521
231.25    0.0562852612856
231.375    0.0553919083146
231.5    0.0503496953747
231.625    0.0521283530917
231.75    0.0523416310533
231.875    0.0548567013545
232.0    0.0565830456093
232.125    0.0524744267652
232.25    0.0555247040265
232.375    0.0557259096506
232.5    0.0533074180489
232.625    0.0534281414234
232.75    0.0534965513356
232.875    0.0539553001585
233.0    0.057991484978
233.125    0.0576695559794
233.25    0.057766134679
233.375    0.0580236778778
233.5    0.0486313993449
233.625    0.0529774408254
233.75    0.0568768058205
233.875    0.0567601065585
234.0    0.0415207925892
234.125    0.0455610015211
234.25    0.0456857490081
234.375    0.0456173390959
234.5    0.0534885031106
234.625    0.0539190831462
234.75    0.0538386008966
234.875    0.0535045995606
235.0    0.0534965513356
235.125    0.0556253068386
235.25    0.0595246718336
235.375    0.0578305204787
235.5    0.0537903115468
235.625    0.0539150590337
235.75    0.0495931622281
235.875    0.0540237100708
236.0    0.0439111154035
236.125    0.0619834045601
236.25    0.0580196537654
236.375    0.0577621105665
236.5    0.0578425928162
236.625    0.0560277180868
236.75    0.0561122244489
236.875    0.0555971380512
237.0    0.0503577435996
237.125    0.0496334033529
237.25    0.0499271635641
237.375    0.0495207282034
237.5    0.044357791889
237.625    0.0523657757282
237.75    0.0524864991026
237.875    0.0545066035686
238.0    0.0502973819124
238.125    0.0503014060249
238.25    0.0506394314734
238.375    0.0463859445799
238.5    0.0551907026905
238.625    0.0553315466274
238.75    0.0558788259249
238.875    0.0546997609677
239.0    0.053625322935
239.125    0.0537058051847
239.25    0.0526877047267
239.375    0.0532712010366
240.0    0.0579270991783
240.125    0.0579431956282
240.25    0.0581041601275
240.375    0.05810818424
240.5    0.0551907026905
240.625    0.0542691809322
240.75    0.055979428737
240.875    0.0566112143967
241.0    0.0563496470853
241.125    0.0557339578756
241.25    0.0575206638176
241.375    0.0552752090527
241.5    0.0409292480543
241.625    0.0445227805008
241.75    0.0441767068273
241.875    0.0450418910109
242.0    0.0595327200586
242.125    0.0585830295128
242.25    0.046587150204
242.375    0.0592510321848
242.5    0.0537138534096
242.625    0.0536373952725
242.75    0.0617741507111
242.875    0.0562812371732
243.0    0.0456777007831
243.125    0.0458990269696
243.25    0.0516816766062
243.375    0.059218839285
243.5    0.0580277019903
243.625    0.0582731728517
243.75    0.057214831269
243.875    0.0436133310798
244.0    0.0482209398717
244.125    0.0482450845466
244.25    0.0522611488036
244.375    0.0542571085947
244.5    0.0550297381913
244.625    0.0548888942544
244.75    0.0552993537275
244.875    0.0556172586136
245.0    0.0433960290058
245.125    0.0509251434596
245.25    0.0515327844444
245.375    0.0517017971686
245.5    0.0554884870142
245.625    0.0554804387892
245.75    0.0554844629017
245.875    0.054760122655
246.0    0.0617379336987
246.125    0.0617379336987
246.25    0.0584381614635
246.375    0.0580156296529
246.5    0.0599995171065
246.625    0.0599069625194
246.75    0.054067975308
246.875    0.0548567013545
247.0    0.0515166879945
247.125    0.0520679914045
247.25    0.0520679914045
247.375    0.0515810737942
247.5    0.0432109198316
247.625    0.0540076136208
247.75    0.0526957529517
247.875    0.0527038011766
248.0    0.0573476269809
248.125    0.0519392198051
248.25    0.0542369880323
248.375    0.0544019766441
248.5    0.0573838439932
248.625    0.0564743945723
248.75    0.0572872652936
248.875    0.0573637234308
249.0    0.0533879002986
249.125    0.0541162646578
249.25    0.0534643584357
249.375    0.0426113270718
249.5    0.0523416310533
249.625    0.0521404254292
249.75    0.0514925433196
249.875    0.0543536872943
250.0    0.0516052184691
250.125    0.051629363144
250.25    0.0577943034664
250.375    0.0550900998785
250.5    0.0540880958705
250.625    0.0542812532696
250.75    0.0519955573798
250.875    0.052072015517
251.0    0.0566635278589
251.125    0.057532736155
251.25    0.0572349518314
251.375    0.0573194581935
251.5    0.0552389920403
251.625    0.0552430161528
251.75    0.054635375168
251.875    0.0541283369953
252.0    0.0551504615657
252.125    0.0552269197028
252.25    0.0553074019525
252.375    0.0553758118647
252.5    0.0527762352013
252.625    0.0525871019147
252.75    0.0525629572398
252.875    0.0405348850311
253.0    0.054860725467
253.125    0.0548285325671
253.25    0.0528285486636
253.375    0.0528084281012
253.5    0.0564542740099
253.625    0.0566595037465
253.75    0.0567681547835
253.875    0.0565951179467
254.0    0.056080031549
254.125    0.0562329478233
254.25    0.057198734819
254.375    0.0574763985803
254.5    0.0443054784267
254.625    0.0502088514378
254.75    0.0565065874721
254.875    0.0626715277945
255.0    0.070832427908
255.125    0.0491424616301
255.25    0.0393115548366
255.375    0.0393920370862
255.5    0.0573114099685
255.625    0.0577862552414
255.75    0.057774182904
255.875    0.0568526611456
256.0    0.0587118011123
256.125    0.0588687414991
256.25    0.0583697515513
256.375    0.0587118011123
256.5    0.0587238734497
256.625    0.0591906704976
256.75    0.0594723583714
256.875    0.0534925272231
257.0    0.055653475626
257.125    0.0559029705998
257.25    0.0611665097263
257.375    0.0571263007944
257.5    0.0561725861361
257.625    0.0561725861361
257.75    0.0561725861361
257.875    0.0562651407232
258.0    0.0479593725604
258.125    0.0479593725604
258.25    0.0477098775865
258.375    0.0476495158993
258.5    0.0497903437397
258.625    0.0498627777644
258.75    0.0500800798384
258.875    0.050393960612
259.0    0.0411505742408
259.125    0.0535528889103
259.25    0.0415932266139
259.375    0.0538949384713
259.5    0.0553315466274
259.625    0.0553758118647
259.75    0.0564180569975
259.875    0.0555005593516
260.0    0.058325486314
260.125    0.0583013416391
260.25    0.057532736155
260.375    0.0586272947501
260.5    0.0517903276432
260.625    0.0681402966576
260.75    0.0583536551014
260.875    0.0564381775599
261.0    0.0511746384335
261.125    0.0513798681701
261.25    0.0516937489437
261.375    0.0516696042688
261.5    0.055412028877
261.625    0.0554643423393
261.75    0.0577621105665
261.875    0.0579713644156
262.0    0.0582047629395
262.125    0.0564904910222
262.25    0.0565186598096
262.375    0.0557782231129
262.5    0.0577822311289
262.625    0.0577902793539
262.75    0.0580277019903
262.875    0.0586755840999
263.0    0.0575971219548
263.125    0.0497138856025
263.25    0.055637379176
263.375    0.0449614087613
263.5    0.0464141133673
263.625    0.0465428849667
263.75    0.0488688219813
263.875    0.048715905707
264.0    0.0454000370218
264.125    0.0455207603963
264.25    0.0469332238775
264.375    0.0469573685524
264.5    0.0611665097263
264.625    0.0611665097263
264.75    0.0549251112667
264.875    0.0549653523915
265.0    0.0589250790738
265.125    0.0591383570354
265.25    0.0595206477211
265.375    0.0600639029062
265.5    0.0508527094349
265.625    0.0511504937586
265.75    0.0636614594651
265.875    0.0637701105021
266.0    0.0551142445534
266.125    0.0551424133407
266.25    0.0441968273897
266.375    0.0568607093705
266.5    0.0585991259628
266.625    0.0586152224127
266.75    0.0575890737298
266.875    0.0570538667697
267.0    0.0557178614257
267.125    0.0557178614257
267.25    0.0558385848001
267.375    0.0553476430773
267.5    0.0553677636397
267.625    0.0553919083146
267.75    0.0412833699528
267.875    0.0552188714779
268.0    0.0619954768976
268.125    0.0619954768976
268.25    0.0624099604832
268.375    0.0620558385848
268.5    0.0625427561951
268.625    0.0625347079702
268.75    0.0604421694795
268.875    0.0600558546812
269.0    0.0494603665162
269.125    0.0615850174244
269.25    0.0515931461316
269.375    0.061556848637
269.5    0.0558908982624
269.625    0.0554241012145
269.75    0.0558144401252
269.875    0.0563496470853
270.0    0.064244955775
270.125    0.0501162968507
270.25    0.0465469090792
270.375    0.0468285969529
270.5    0.0578224722537
270.625    0.0581524494773
270.75    0.0583013416391
270.875    0.0589773925361
271.0    0.0499311876766
271.125    0.0493476913667
271.25    0.0499915493638
271.375    0.0500156940387
271.5    0.0644300649492
271.625    0.0624984909578
271.75    0.0627198171443
271.875    0.0628284681813
272.0    0.0579351474032
272.125    0.0569935050824
272.25    0.0571705660317
272.375    0.056981432745
272.5    0.0621886342967
272.625    0.060337542555
272.75    0.0603053496551
272.875    0.0603697354548
273.0    0.0639672920137
273.125    0.0580840395651
273.25    0.0575770013923
273.375    0.0515649773442
273.5    0.0568687575955
273.625    0.056764130671
273.75    0.0530257301752
273.875    0.0531343812122
274.0    0.0582932934141
274.125    0.0593234662095
274.25    0.059452237809
274.375    0.0597741668075
274.5    0.0491384375176
274.625    0.0491384375176
274.75    0.0491987992048
274.875    0.049166606305
275.0    0.0579673403031
275.125    0.0577138212167
275.25    0.0676050896975
275.375    0.0535528889103
275.5    0.0457903759326
275.625    0.0458829305197
275.75    0.0459312198695
275.875    0.0459312198695
276.0    0.0578586892661
276.125    0.0578586892661
276.25    0.0582932934141
276.375    0.0579552679657
276.5    0.0647922350726
276.625    0.056981432745
276.75    0.0568285164707
276.875    0.0575810255048
277.0    0.0511665902085
277.125    0.0514965674321
277.25    0.0517460624059
277.375    0.0640437501509
277.5    0.0512269518958
277.625    0.0492470885546
277.75    0.0492913537919
277.875    0.0475609854247
278.0    0.057866737491
278.125    0.0578103999163
278.25    0.0579351474032
278.375    0.0579351474032
278.5    0.0515770496817
278.625    0.0514764468696
278.75    0.051512663882
278.875    0.0460197503441
279.0    0.0580518466652
279.125    0.0586433912001
279.25    0.0591343329229
279.375    0.0591343329229
279.5    0.0552269197028
279.625    0.0548084120047
279.75    0.054744026205
279.875    0.0549090148168
280.0    0.0548325566796
280.125    0.0551424133407
280.25    0.0554039806521
280.375    0.0554039806521
280.5    0.0485267724203
280.625    0.0485267724203
280.75    0.0605508205165
280.875    0.0605830134164
281.0    0.0542249156948
281.125    0.0543657596317
281.25    0.0546595198429
281.375    0.054643423393
281.5    0.0531303570997
281.625    0.0535327683479
281.75    0.0532631528117
281.875    0.0532631528117
282.0    0.0562088031485
282.125    0.0562088031485
282.25    0.056196730811
282.375    0.056196730811
282.5    0.0556051862762
282.625    0.0556051862762
282.75    0.0556051862762
282.875    0.0558587053625
283.0    0.0518225205431
283.125    0.0518225205431
283.25    0.0519190992427
283.375    0.0516414354814
283.5    0.0557862713379
283.625    0.0559271152747
283.75    0.0559271152747
283.875    0.0559271152747
284.0    0.0557259096506
284.125    0.0560760074366
284.25    0.0559633322871
284.375    0.0559754046245
284.5    0.0541283369953
284.625    0.0541283369953
284.75    0.0543617355192
284.875    0.0541283369953
285.0    0.0555890898262
285.125    0.0557339578756
285.25    0.0556816444133
285.375    0.0548164602297
285.5    0.0521243289792
285.625    0.0521243289792
285.75    0.0521404254292
285.875    0.060104144031
286.0    0.0527963557637
286.125    0.0527963557637
286.25    0.0527963557637
286.375    0.0532229116868
286.5    0.0670175692751
286.625    0.0513597476077
286.75    0.0545911099307
286.875    0.0527359940765
287.0    0.0560558868741
287.125    0.0563657435353
287.25    0.0564462257849
287.375    0.0565186598096
287.5    0.0545911099307
287.625    0.054627326943
287.75    0.0548245084547
287.875    0.0548245084547
288.0    0.0557741990004
288.125    0.0558707777
288.25    0.0558707777
288.375    0.0548808460294
288.5    0.0533838761861
288.625    0.0526434394894
288.75    0.0526072224771
288.875    0.0538386008966
289.0    0.0547239056426
289.125    0.0547802432174
289.25    0.0548365807921
289.375    0.0548365807921
289.5    0.0557057890882
289.625    0.0547641467674
289.75    0.0547641467674
289.875    0.055536776364
290.0    0.0555850657138
290.125    0.0555931139387
290.25    0.0555931139387
290.375    0.055979428737
290.5    0.0552872813901
290.625    0.0553677636397
290.75    0.0556615238509
290.875    0.0556856685258
291.0    0.0535408165729
291.125    0.049609258678
291.25    0.0491022205053
291.375    0.0495287764283
291.5    0.047589154212
291.625    0.0515850979067
291.75    0.0516052184691
291.875    0.0516172908065
292.0    0.0569693604076
292.125    0.0569693604076
292.25    0.0569693604076
292.375    0.0567681547835
292.5    0.0577379658916
292.625    0.0577379658916
292.75    0.0586111983002
292.875    0.058667535875
293.0    0.0555609210389
293.125    0.0555609210389
293.25    0.0555931139387
293.375    0.0555931139387
293.5    0.0540317582957
293.625    0.0548043878922
293.75    0.0535850818102
293.875    0.0535488647979
294.0    0.05418467457
294.125    0.0541726022326
294.25    0.0546192787181
294.375    0.0542852773821
294.5    0.0545709893683
294.625    0.0545709893683
294.75    0.0543778319692
294.875    0.0543416149568
295.0    0.0503537194872
295.125    0.050393960612
295.25    0.050393960612
295.375    0.0504342017368
295.5    0.0557701748879
295.625    0.0568003476833
295.75    0.0566071902842
295.875    0.0566071902842
296.0    0.0557138373132
296.125    0.0557339578756
296.25    0.0557339578756
296.375    0.0559995492994
296.5    0.0537943356593
296.625    0.0537943356593
296.75    0.0538305526716
296.875    0.0538868902464
297.0    0.0513436511577
297.125    0.0513919405075
297.25    0.0513919405075
297.375    0.0534039967485
297.5    0.0529734167129
297.625    0.0528285486636
297.75    0.0529734167129
297.875    0.0529814649379
298.0    0.0542651568197
298.125    0.0537017810722
298.25    0.0537379980845
298.375    0.0539271313712
298.5    0.0544864830062
298.625    0.0544864830062
298.75    0.0545146517936
298.875    0.0545146517936
299.0    0.0543496631818
299.125    0.0542410121448
299.25    0.0543577114067
299.375    0.0543577114067
