0    448    317
1    678    258
2    702    217
3    708    397
4    776    620
5    457    158
6    460    467
7    535    230
8    537    392
9    697    66
10    710    547
11    786    144
12    627    306
13    538    89
14    548    539
15    636    466
16    627    149
17    944    456
18    935    150
19    548    90
20    416    248
21    421    383
22    489    313
23    771    21
24    784    591
25    489    170
26    495    452
27    639    587
28    625    34
29    566    107
30    573    512
31    645    311
32    975    499
33    972    110
34    797    167
